PFRMAT local QA
AUTHOR LAW-CASP14
af2-standard_T1178_1.pdb local_accuracy_only 15.0 15.0 15.0 15.0 15.0 15.0 15.0 15.0 15.0 15.0 15.0 
15.0 15.0 15.0 12.343 12.044 3.549 1.961 1.699 1.568 1.248 
1.376 1.379 1.036 1.499 1.44 1.217 0.99 0.855 0.855 1.013 
1.11 1.509 1.128 1.313 1.586 1.322 1.609 2.248 2.624 2.417 
4.435 5.098 5.048 5.703 5.916 5.436 4.745 3.582 2.435 2.421 
1.572 1.645 1.25 1.364 1.56 1.705 2.595 2.958 3.788 6.501 
6.903 6.322 6.716 5.636 3.868 1.522 1.318 1.061 1.399 1.102 
1.1 0.945 0.951 0.938 1.075 1.167 1.354 1.411 1.154 1.072 
1.027 0.979 0.928 0.812 0.905 0.989 0.895 0.865 0.89 0.933 
1.109 1.196 1.504 1.222 1.104 1.021 0.845 0.86 0.996 1.235 
1.461 2.143 1.866 1.575 1.154 1.058 1.033 1.107 0.941 1.195 
1.079 1.409 1.641 1.303 1.809 1.612 1.589 1.688 1.306 1.593 
1.405 1.794 2.281 2.004 2.582 2.746 4.401 3.371 3.787 3.456 
3.705 3.607 3.039 2.245 2.21 1.386 1.212 1.054 0.982 0.94 
0.956 0.933 1.04 1.283 1.985 3.684 4.202 5.772 3.484 4.014 
3.519 2.78 2.025 1.267 1.254 1.062 0.933 0.876 0.845 0.774 
0.868 0.844 0.95 1.101 1.192 1.867 2.203 1.955 2.482 2.738 
2.301 1.85 1.483 1.378 1.473 1.433 1.707 1.706 1.606 1.649 
1.545 1.84 3.179 3.275 5.06 5.239 8.823 9.631 10.072 10.73 
11.929 13.174 11.754 9.775 8.269 6.973 5.234 4.692 4.893 3.1 
2.764 1.893 1.668 1.895 1.771 2.726 3.03 5.481 6.047 4.211 
3.234 2.219 1.833 1.618 1.454 1.529 1.562 1.722 1.749 1.607 
2.039 1.173 1.473 1.409 1.179 0.967 0.864 0.784 0.76 0.78 
0.823 0.853 0.95 1.054 1.204 1.225 1.463 1.416 1.797 1.452 
1.824 1.768 1.453 1.537 1.501 1.359 1.317 1.557 2.999 3.174 
2.511 2.524 2.631 1.971 3.479 3.968 3.577 4.859 6.029 4.885 
7.342 3.752 3.728 1.831 1.681 1.259 1.347 1.388 1.548 1.249 
1.601 1.698 2.288 3.869 3.041 4.762 3.719 3.527 2.894 1.92 
1.389 1.151 1.103 1.158 0.888 1.159 1.163 1.563 2.184 3.235 
3.827 4.706 4.389 4.675 4.488 4.641 4.828 5.063 5.198 5.261 
5.298 5.091 5.207 6.206 5.774 
END
