PFRMAT local QA
AUTHOR MASS-CASP14
af2-standard_T1178_1.pdb local_accuracy_only 15.0 13.424 12.099 12.442 12.838 12.239 13.163 12.276 13.461 11.289 12.846 
12.174 11.992 8.921 8.072 6.047 4.451 3.617 2.972 2.956 2.761 
2.959 2.772 3.599 2.885 2.802 2.136 1.692 1.275 1.341 1.48 
1.906 2.83 3.243 3.335 4.737 5.618 7.483 8.414 9.366 10.357 
10.974 11.03 12.332 12.953 12.58 11.138 9.89 8.088 7.378 5.789 
5.339 4.265 3.723 3.846 4.77 6.01 7.622 8.548 9.453 10.894 
11.079 11.441 10.93 10.32 8.928 7.418 4.782 3.968 3.138 2.172 
1.425 1.112 1.041 1.071 1.353 1.671 1.89 1.967 1.495 1.237 
1.183 1.154 1.229 1.216 1.114 1.096 0.946 1.046 1.012 1.055 
1.276 1.663 1.864 1.528 1.253 1.192 1.045 1.038 1.117 1.288 
1.635 1.911 1.834 1.444 1.374 1.32 1.245 1.08 1.166 1.167 
1.297 1.713 2.11 1.841 2.424 2.736 2.825 2.682 2.031 1.488 
1.561 1.374 1.164 1.265 1.465 1.973 2.318 2.232 2.192 2.098 
2.901 2.647 2.067 2.642 2.302 2.113 2.053 1.831 1.651 1.892 
2.054 2.536 2.915 3.512 4.431 7.08 8.758 9.907 7.951 8.483 
7.637 6.182 4.16 2.712 1.785 1.464 1.261 1.26 1.179 1.084 
1.132 1.062 1.105 1.228 1.178 1.338 1.656 2.081 2.962 3.541 
4.398 4.81 4.423 4.094 3.963 3.332 3.558 3.182 2.987 3.23 
3.927 4.57 6.586 6.836 8.198 9.216 12.246 15.0 14.256 13.337 
14.785 15.0 15.0 14.189 13.006 11.503 10.977 10.141 8.426 8.937 
8.829 7.911 8.158 7.073 8.163 8.009 7.63 8.819 9.466 8.713 
8.038 6.844 6.219 5.409 5.231 4.804 4.812 4.948 4.574 3.941 
3.133 2.534 2.307 2.053 1.739 1.358 1.181 1.27 1.237 1.146 
1.081 1.035 1.178 1.347 1.491 1.82 1.8 1.772 2.124 2.676 
3.173 3.444 2.629 2.486 2.281 2.525 2.448 2.361 2.686 2.772 
2.468 2.444 1.957 1.748 1.652 1.523 2.078 2.273 2.349 2.146 
2.374 2.009 1.975 1.874 1.592 1.369 1.456 1.663 1.569 1.898 
1.705 2.092 2.461 2.784 2.877 3.13 2.892 2.853 2.474 1.957 
1.692 1.51 1.505 1.414 1.326 1.274 1.539 1.914 3.233 4.202 
6.746 6.685 7.431 7.982 8.059 8.219 9.93 9.728 9.741 11.054 
12.975 14.418 14.344 15.0 15.0 
END
