PFRMAT local QA
AUTHOR LAW-CASP14
af2-standard_T1137s1_2.pdb local_accuracy_only 15.0 15.0 15.0 15.0 15.0 15.0 15.0 15.0 15.0 15.0 15.0 
15.0 15.0 15.0 15.0 15.0 5.195 15.0 6.467 13.956 9.471 
9.776 7.886 7.683 5.959 9.294 7.916 9.894 6.57 6.796 4.818 
4.468 4.965 4.385 3.354 3.081 2.82 2.569 2.137 2.404 2.297 
2.188 2.047 2.062 1.989 1.621 1.434 1.254 1.216 1.153 1.209 
1.134 1.074 1.184 1.277 1.575 1.441 1.271 1.257 1.278 1.286 
1.229 1.229 1.224 1.267 1.042 1.083 0.963 1.086 1.194 1.396 
1.494 1.335 1.23 1.097 1.056 1.108 1.064 1.21 1.203 1.215 
1.229 1.657 1.612 2.692 2.471 3.29 3.352 2.94 2.285 1.595 
1.396 1.198 1.105 1.069 1.094 1.137 1.112 1.287 1.366 1.547 
1.378 1.517 1.655 1.663 1.545 1.687 1.625 1.552 1.311 1.233 
1.027 1.073 1.016 1.032 1.345 1.446 1.832 2.076 1.86 1.611 
1.341 1.099 1.005 0.912 1.032 1.062 1.161 1.647 1.637 2.624 
2.656 1.921 2.085 1.787 1.783 1.753 1.706 1.809 1.559 1.996 
1.647 1.345 1.214 1.263 1.266 1.378 1.357 1.392 1.385 2.743 
2.905 5.045 7.597 6.058 6.258 8.199 9.335 10.419 9.326 12.2 
10.011 8.261 8.117 7.912 8.406 4.748 3.663 3.482 3.42 3.405 
2.925 3.096 3.135 3.035 2.641 2.966 2.869 2.818 3.333 3.554 
3.213 3.356 3.407 4.096 4.106 4.304 4.274 4.387 4.073 4.298 
5.006 4.952 4.642 5.146 4.457 4.263 5.064 6.48 5.102 4.816 
4.709 4.47 4.065 4.151 4.388 3.564 3.287 3.05 2.676 2.587 
2.631 2.752 2.683 2.786 3.099 3.161 3.03 3.451 3.659 3.433 
3.335 3.624 3.411 3.452 3.633 3.834 3.532 3.513 3.618 3.469 
3.244 3.388 3.356 3.126 3.157 3.341 3.241 2.887 2.934 2.979 
2.793 2.72 2.837 2.752 2.74 2.708 3.04 3.042 3.16 3.413 
3.318 3.298 3.963 4.265 4.024 4.318 4.953 7.443 8.965 11.33 
12.256 13.427 14.792 15.0 15.0 15.0 15.0 13.433 13.224 12.233 
10.919 9.412 7.961 6.413 5.59 4.599 4.063 3.536 3.534 3.411 
3.285 3.148 3.191 3.303 3.48 3.777 3.771 3.703 3.715 3.821 
3.895 3.497 3.32 2.697 2.554 2.279 2.146 1.871 1.859 1.819 
1.791 1.804 1.864 1.95 2.015 2.189 2.202 2.279 2.407 2.578 
2.865 3.046 3.659 4.74 5.911 6.648 8.097 8.47 10.435 11.805 
11.479 11.679 11.866 11.415 15.0 15.0 15.0 15.0 15.0 15.0 
13.655 11.754 10.276 8.867 7.295 5.698 6.361 5.575 4.51 5.207 
4.718 4.75 3.949 3.821 4.054 4.139 5.17 6.63 6.948 6.838 
7.403 9.663 8.271 7.115 3.691 3.376 3.718 6.761 9.762 15.0 
15.0 15.0 15.0 15.0 15.0 15.0 15.0 15.0 15.0 12.713 
8.563 10.275 5.003 3.84 4.242 3.995 5.137 5.488 5.091 5.673 
6.73 8.142 7.745 8.37 8.589 11.189 9.658 8.656 7.11 6.296 
6.735 4.839 4.756 5.028 4.52 5.916 4.429 4.279 4.929 5.313 
7.317 7.208 7.852 7.194 6.398 5.704 7.629 7.054 
END
