PFRMAT local QA
AUTHOR MASS-CASP14
af2-standard_T1137s1_2.pdb local_accuracy_only 15.0 15.0 15.0 15.0 15.0 15.0 15.0 15.0 15.0 15.0 15.0 
15.0 15.0 15.0 15.0 15.0 13.033 12.119 11.308 8.247 8.409 
6.885 6.774 6.411 5.899 6.215 5.893 5.477 4.96 4.863 5.083 
4.489 4.837 4.484 3.92 3.598 3.481 3.451 3.551 3.5 3.674 
3.893 3.592 3.875 3.714 3.935 3.04 2.126 1.698 1.497 1.476 
1.195 1.07 1.162 1.317 1.689 1.925 1.979 2.131 2.202 2.395 
2.009 2.18 2.51 2.461 1.774 1.745 1.485 1.573 1.926 1.992 
2.216 1.912 1.71 1.718 1.625 1.546 1.629 2.14 2.245 2.434 
2.871 3.796 4.644 6.516 8.108 8.787 9.601 7.752 6.347 4.2 
3.249 2.316 1.934 1.845 1.937 1.82 1.832 1.791 2.677 2.785 
3.149 3.313 3.309 3.044 2.22 2.227 2.34 2.047 1.679 1.458 
1.515 1.435 1.33 1.279 1.356 1.547 1.835 2.339 2.338 2.258 
1.911 1.456 1.241 1.137 1.166 1.129 1.408 2.162 3.93 7.043 
7.959 9.342 9.775 9.925 8.113 7.539 7.064 10.448 12.179 10.862 
7.666 7.042 5.582 6.648 9.267 8.62 7.725 5.822 6.279 6.46 
6.173 6.022 6.169 5.838 5.097 5.598 6.588 6.36 6.536 7.147 
6.849 6.442 5.598 5.791 4.894 4.711 3.795 4.417 4.697 4.316 
3.961 3.982 4.74 4.297 4.449 5.497 5.35 6.229 6.305 7.862 
7.912 6.6 6.913 7.524 6.94 8.431 9.741 10.178 7.948 8.948 
9.067 8.677 8.918 9.604 9.444 8.738 8.039 9.667 7.883 8.441 
8.862 9.7 8.122 6.861 8.005 7.306 7.792 6.789 7.508 6.247 
6.204 6.095 6.247 5.19 5.686 5.868 5.713 5.569 5.429 5.046 
5.74 5.57 6.688 5.639 6.644 7.19 8.087 6.534 6.996 5.916 
5.413 5.909 6.675 6.486 6.881 8.052 8.922 8.63 8.714 8.781 
8.023 7.038 6.643 6.412 6.065 5.928 6.805 6.391 7.235 7.33 
6.398 5.14 6.003 5.623 5.66 6.714 7.65 7.333 6.991 6.401 
7.045 6.635 6.815 6.447 7.118 6.715 7.035 6.972 7.159 7.542 
8.42 9.25 10.866 10.887 11.471 10.791 9.223 9.546 8.205 9.013 
9.001 9.812 9.17 8.256 7.778 7.762 6.284 6.735 6.214 6.114 
5.132 5.391 4.979 4.699 4.434 4.197 3.779 3.079 2.72 2.962 
3.019 3.317 3.404 3.74 4.404 4.612 4.814 4.632 5.198 4.38 
5.618 5.691 7.528 9.81 11.914 10.641 12.942 13.16 15.0 13.617 
14.068 12.908 11.551 11.915 13.572 12.349 13.095 10.794 12.133 10.465 
10.672 10.54 10.239 8.685 8.164 6.465 5.393 4.838 5.069 4.45 
4.097 4.167 3.964 4.391 4.424 5.5 5.688 5.633 5.679 4.885 
5.467 5.669 5.935 5.437 5.039 5.067 5.144 5.141 5.967 6.079 
6.784 6.427 6.792 7.759 6.28 6.089 6.243 6.087 7.365 7.026 
7.519 7.8 6.395 7.085 6.968 8.214 7.498 7.286 6.503 6.563 
6.678 7.532 7.49 7.472 6.618 6.989 6.418 6.475 6.177 6.802 
6.622 5.939 5.978 6.225 6.142 6.207 6.092 7.494 8.739 9.719 
10.541 9.369 9.09 8.849 9.87 10.006 11.548 14.443 
END
