PFRMAT local QA
AUTHOR LAW-CASP14
af2-standard_T1169_4.pdb local_accuracy_only 15.0 15.0 15.0 15.0 15.0 15.0 15.0 15.0 15.0 15.0 15.0 
15.0 15.0 15.0 15.0 15.0 15.0 15.0 15.0 15.0 15.0 
15.0 15.0 15.0 15.0 15.0 15.0 15.0 15.0 15.0 15.0 
11.996 9.771 6.753 4.249 4.448 2.598 1.963 2.062 2.516 2.84 
3.669 6.461 6.985 8.891 13.594 12.33 11.859 11.445 10.581 6.91 
4.498 5.217 3.971 2.722 2.598 2.104 1.713 7.762 7.661 4.765 
1.122 0.825 0.979 1.439 2.488 3.395 4.254 7.917 8.566 9.055 
6.744 6.339 6.648 3.777 4.376 4.28 7.068 7.803 9.96 13.174 
13.339 10.261 15.0 15.0 15.0 15.0 15.0 15.0 12.904 15.0 
15.0 15.0 15.0 15.0 15.0 15.0 15.0 15.0 15.0 15.0 
15.0 15.0 15.0 15.0 15.0 15.0 15.0 15.0 15.0 15.0 
15.0 15.0 15.0 15.0 15.0 15.0 15.0 15.0 14.844 15.0 
15.0 14.361 15.0 15.0 14.959 15.0 15.0 15.0 15.0 15.0 
15.0 15.0 15.0 15.0 15.0 15.0 15.0 15.0 15.0 15.0 
15.0 15.0 15.0 15.0 15.0 15.0 15.0 15.0 15.0 15.0 
15.0 15.0 11.271 9.887 10.552 13.261 13.622 15.0 15.0 15.0 
15.0 15.0 15.0 15.0 15.0 12.976 11.107 8.569 5.616 3.914 
2.843 1.941 1.2 1.072 1.237 2.946 4.255 6.569 6.897 5.963 
5.239 3.996 4.758 5.222 9.765 10.816 12.015 15.0 15.0 15.0 
15.0 15.0 15.0 15.0 15.0 15.0 15.0 15.0 15.0 15.0 
15.0 15.0 15.0 15.0 15.0 15.0 15.0 15.0 15.0 15.0 
15.0 15.0 12.645 11.143 8.813 8.612 6.927 3.651 2.699 2.673 
2.697 3.287 3.178 2.827 2.222 1.984 1.668 1.339 1.248 1.192 
1.214 1.191 1.242 1.211 1.301 1.588 1.762 2.55 3.596 5.755 
7.477 7.243 6.774 5.007 4.705 3.722 4.404 4.654 4.827 6.29 
5.291 6.121 5.891 5.765 5.791 5.962 4.859 4.193 1.979 2.575 
2.031 1.99 2.164 2.039 1.942 2.147 2.332 2.878 3.538 4.146 
7.219 8.734 10.069 9.789 9.375 8.603 5.313 4.172 3.379 3.195 
2.827 2.679 2.768 2.601 3.052 3.108 3.326 3.466 4.215 11.132 
11.4 15.0 15.0 15.0 15.0 15.0 14.636 11.334 8.793 6.751 
2.987 2.334 2.48 2.103 3.8 4.466 7.668 8.714 9.334 8.675 
8.112 5.131 4.288 3.262 2.952 2.688 2.605 3.519 6.328 8.111 
13.73 15.0 15.0 15.0 15.0 15.0 15.0 15.0 15.0 15.0 
15.0 15.0 15.0 15.0 15.0 15.0 15.0 15.0 15.0 15.0 
15.0 15.0 15.0 15.0 15.0 15.0 15.0 15.0 15.0 15.0 
15.0 15.0 15.0 15.0 15.0 15.0 15.0 15.0 15.0 15.0 
15.0 15.0 15.0 15.0 15.0 15.0 15.0 15.0 15.0 15.0 
12.089 11.196 9.423 7.689 5.072 4.257 2.429 2.673 2.246 2.801 
3.186 2.736 3.248 3.107 2.646 5.337 7.896 9.55 11.763 11.177 
10.698 4.615 5.898 4.027 1.92 1.761 0.963 1.051 0.955 1.005 
1.1 1.218 1.173 1.104 1.033 1.102 1.064 1.145 1.929 3.059 
2.356 3.042 1.859 5.94 4.991 7.312 8.826 9.744 6.796 1.971 
2.833 3.323 2.44 1.214 1.446 1.253 2.472 3.033 5.987 3.843 
5.476 7.661 4.393 10.909 9.405 8.661 6.425 9.249 9.129 2.82 
1.607 1.814 2.621 2.269 2.719 3.516 1.221 1.298 1.347 1.435 
1.866 2.354 3.846 3.105 2.608 2.401 2.455 2.791 3.078 3.203 
2.342 1.983 1.568 1.849 6.767 9.089 14.683 3.392 13.456 14.848 
12.248 11.249 15.0 7.471 15.0 14.833 10.163 15.0 15.0 15.0 
15.0 15.0 7.132 15.0 15.0 5.593 15.0 4.732 1.949 15.0 
15.0 15.0 15.0 15.0 9.851 3.326 1.509 1.621 1.32 1.716 
2.219 2.756 6.41 5.65 2.85 2.492 1.652 1.339 1.359 1.261 
3.949 2.725 4.602 5.518 4.806 5.539 1.397 1.315 1.315 1.345 
1.655 1.59 1.505 2.044 1.453 1.328 1.306 1.481 1.362 1.716 
1.665 2.003 2.231 2.649 2.169 2.302 2.324 2.0 2.222 2.026 
1.811 2.005 1.94 1.954 1.912 1.876 1.488 1.471 1.185 1.288 
1.294 1.22 1.434 1.709 1.711 2.128 1.873 3.742 9.866 7.939 
9.199 12.75 12.511 11.999 14.205 11.618 13.03 11.535 10.154 9.827 
10.36 10.788 11.258 11.606 9.878 9.966 8.727 4.95 4.378 6.598 
9.541 9.889 10.616 11.749 11.642 11.021 13.089 14.425 14.926 15.0 
15.0 15.0 14.443 14.818 12.754 12.494 12.95 14.834 6.227 6.499 
9.329 12.692 15.0 13.905 12.06 12.327 15.0 15.0 15.0 15.0 
15.0 14.186 10.095 10.487 8.643 11.012 5.752 5.471 3.823 8.162 
7.159 9.381 8.039 6.005 4.609 6.502 8.465 10.947 9.079 10.741 
12.046 10.92 10.946 8.929 6.56 8.136 4.361 9.535 6.171 9.354 
9.839 9.479 11.424 13.814 15.0 15.0 15.0 15.0 14.499 14.767 
11.459 10.535 10.751 9.27 5.519 5.842 8.246 8.994 9.475 9.376 
10.732 7.098 7.035 7.711 4.263 6.79 6.965 8.554 6.684 6.027 
6.797 5.889 5.341 4.722 4.972 3.971 4.155 2.928 4.034 5.445 
7.803 8.734 8.787 7.64 7.706 9.537 9.122 11.72 11.169 8.836 
6.445 4.443 4.296 4.16 5.221 5.848 5.807 11.103 9.609 8.694 
11.716 15.0 12.869 12.264 11.303 11.126 9.711 9.574 7.414 5.338 
7.851 2.992 2.303 2.38 2.06 2.586 2.443 2.648 1.769 1.728 
1.566 1.424 1.215 1.496 1.493 2.163 2.928 3.388 3.22 2.254 
2.412 1.89 1.571 1.401 1.327 1.258 1.244 1.494 1.654 2.067 
1.989 2.003 2.284 2.078 3.318 2.901 2.423 1.791 1.689 1.372 
1.642 1.857 2.027 1.771 2.789 3.035 4.073 5.104 3.046 5.461 
7.221 2.84 3.152 3.569 4.544 6.277 4.931 4.088 3.656 2.766 
3.25 2.141 1.677 1.697 1.624 1.88 1.567 1.668 1.882 1.883 
2.176 2.075 2.794 2.344 2.304 2.1 1.794 1.638 1.388 1.565 
1.481 1.701 1.83 1.451 1.403 1.423 1.544 2.18 1.732 1.547 
1.547 1.358 1.623 2.11 3.526 3.897 6.981 9.141 13.105 15.0 
15.0 15.0 15.0 15.0 15.0 15.0 15.0 15.0 15.0 15.0 
15.0 15.0 15.0 15.0 15.0 10.904 10.172 5.286 3.205 2.005 
1.597 1.664 1.679 2.006 1.691 1.54 1.38 1.582 2.66 4.028 
8.923 7.815 11.58 10.805 10.715 9.586 7.822 5.393 3.896 1.642 
1.582 1.781 2.184 2.192 2.09 2.228 2.417 4.112 4.646 4.903 
4.026 2.981 2.786 2.535 2.894 2.406 1.914 2.311 1.966 2.852 
3.67 4.17 4.018 2.409 2.073 1.638 1.645 1.506 1.622 1.914 
1.936 2.951 2.891 2.765 2.488 1.944 1.635 1.726 1.766 1.914 
2.116 3.092 3.07 3.301 4.079 3.638 2.574 1.819 1.42 1.408 
1.403 1.515 1.478 1.444 1.505 1.497 1.619 2.009 1.751 1.91 
2.472 3.227 4.507 6.215 12.634 15.0 15.0 15.0 15.0 15.0 
15.0 15.0 13.294 10.248 9.236 6.519 4.038 3.107 2.297 2.409 
1.969 2.009 1.713 2.458 3.313 15.0 15.0 12.162 14.416 14.803 
12.55 7.245 2.109 1.729 1.493 1.375 1.494 1.172 1.167 1.201 
1.397 1.543 1.538 1.55 1.904 2.11 2.575 2.795 3.654 5.007 
3.249 2.689 2.27 2.017 1.488 1.414 1.279 1.281 1.13 1.119 
0.998 1.14 1.237 1.745 1.41 1.357 1.319 1.079 1.086 1.104 
1.197 1.224 1.242 1.254 1.367 1.534 2.178 2.47 3.086 2.63 
4.165 4.035 3.663 3.78 4.457 2.532 3.107 1.655 1.721 1.644 
2.785 7.057 13.576 15.0 15.0 15.0 15.0 15.0 15.0 15.0 
13.592 12.862 6.636 5.438 2.246 3.149 2.691 5.976 5.918 7.054 
10.157 9.728 14.115 13.692 9.647 9.125 11.147 9.743 15.0 14.698 
15.0 15.0 15.0 11.585 8.737 10.373 10.231 4.437 15.0 15.0 
15.0 11.772 15.0 15.0 15.0 10.085 15.0 15.0 15.0 15.0 
15.0 15.0 15.0 3.98 15.0 15.0 11.908 6.571 10.251 2.823 
3.617 5.707 4.061 6.515 7.191 6.57 6.611 7.688 7.537 9.212 
10.809 13.594 12.166 13.941 12.2 7.567 6.39 5.693 6.281 6.842 
11.004 11.383 11.396 13.835 12.855 8.914 12.123 12.644 10.192 11.998 
14.833 15.0 15.0 15.0 15.0 15.0 15.0 13.478 13.355 12.391 
12.632 10.269 8.004 8.825 6.511 7.337 3.876 4.84 5.14 6.14 
7.532 9.581 6.439 6.612 4.508 5.0 5.566 6.356 5.901 6.153 
6.101 4.643 6.765 6.424 5.813 6.491 6.683 8.644 10.611 13.952 
15.0 14.29 14.3 15.0 14.729 12.596 12.196 10.716 8.262 8.888 
9.796 10.327 8.25 8.718 6.143 7.012 8.119 7.908 10.076 12.77 
13.912 13.574 15.0 15.0 15.0 15.0 14.311 12.517 11.32 10.894 
13.785 9.667 10.082 10.511 11.174 11.692 13.024 13.978 14.695 15.0 
14.963 15.0 15.0 15.0 15.0 13.689 11.651 10.713 9.445 11.945 
12.224 10.519 9.501 8.33 8.536 8.577 10.02 12.794 14.285 15.0 
14.379 12.316 13.099 13.367 13.331 13.5 14.373 15.0 15.0 15.0 
15.0 15.0 15.0 15.0 15.0 15.0 15.0 15.0 15.0 15.0 
15.0 15.0 15.0 15.0 15.0 15.0 15.0 15.0 15.0 15.0 
13.256 8.835 10.361 8.331 8.713 5.684 4.809 2.745 2.69 2.455 
2.879 3.563 4.401 5.165 5.418 4.1 3.168 2.328 2.112 1.882 
2.124 2.367 2.497 3.274 2.375 2.488 2.137 2.338 2.524 2.901 
5.28 3.58 3.243 2.514 2.519 2.191 2.0 1.861 1.648 1.591 
1.627 1.983 2.629 3.247 3.056 3.369 3.237 3.517 3.64 3.16 
2.348 1.777 1.513 1.417 1.453 1.438 1.781 1.761 2.162 2.149 
2.095 2.361 2.098 1.824 1.632 1.43 1.5 1.459 1.879 2.255 
3.01 2.747 2.618 2.692 3.06 2.915 8.592 9.482 13.041 13.425 
14.556 15.0 15.0 15.0 15.0 15.0 15.0 15.0 15.0 15.0 
15.0 15.0 15.0 15.0 15.0 12.26 11.567 9.777 3.875 1.794 
1.389 1.033 0.94 0.94 0.999 0.916 1.006 0.966 1.089 1.184 
1.248 1.207 1.162 1.039 0.909 0.977 1.158 0.931 1.012 1.026 
0.913 0.853 0.863 0.839 1.007 0.896 0.903 0.852 0.929 1.011 
1.096 1.053 1.123 0.849 1.329 1.028 0.887 1.068 1.337 1.673 
1.807 1.701 2.429 2.517 3.009 9.948 4.301 5.241 5.769 9.186 
5.443 11.71 9.043 3.817 3.022 1.718 5.139 1.5 1.203 1.055 
1.083 0.902 0.916 0.974 1.174 1.494 2.146 4.301 6.365 10.21 
10.827 7.047 10.355 2.802 1.929 1.91 1.546 1.586 1.621 5.397 
8.076 6.713 6.709 4.816 4.068 1.735 1.222 0.983 0.983 0.949 
0.978 1.139 1.011 1.122 1.215 1.588 1.753 2.486 2.275 3.114 
4.453 3.658 2.075 8.486 11.875 2.241 8.27 1.615 1.363 1.447 
1.387 2.713 2.516 5.659 8.217 9.875 9.128 2.11 2.535 1.685 
1.812 1.204 1.695 1.398 1.619 1.595 1.41 1.365 1.191 1.156 
0.939 0.887 0.786 0.97 1.03 1.691 1.077 1.617 1.755 2.596 
2.171 3.77 4.303 6.136 9.257 7.64 7.638 8.551 8.981 7.985 
3.762 2.066 1.705 1.379 1.538 1.474 1.841 5.976 4.113 9.603 
12.02 10.786 9.752 6.034 2.479 2.867 2.854 2.214 1.805 1.211 
1.073 1.013 1.041 0.988 1.245 1.421 1.625 1.232 1.208 0.963 
0.876 0.775 0.784 0.943 1.027 1.291 1.203 1.105 0.916 0.85 
0.76 0.689 0.851 0.943 1.116 1.337 0.929 1.063 1.68 1.271 
1.084 0.89 0.863 1.036 1.081 1.18 1.545 1.29 1.314 1.287 
1.138 0.88 0.825 0.826 0.986 0.929 1.556 2.579 1.108 0.947 
0.832 1.067 0.912 0.799 0.776 0.738 0.847 0.945 1.127 1.434 
2.11 3.08 9.133 10.848 14.556 14.498 15.0 15.0 15.0 11.641 
10.452 7.147 5.184 1.667 1.351 0.92 0.854 0.697 0.726 0.698 
0.806 0.829 0.788 0.955 1.186 1.34 2.393 1.808 1.484 2.463 
1.726 1.564 1.494 1.41 1.636 1.833 2.161 3.238 2.083 2.437 
2.112 1.635 1.286 1.363 1.096 1.126 1.01 0.992 1.16 1.015 
0.882 1.029 1.033 1.067 1.053 1.082 1.159 1.121 1.64 2.194 
2.475 2.66 2.675 2.334 2.127 1.597 1.495 1.149 0.776 0.666 
0.682 0.668 0.718 0.839 0.989 1.172 1.401 1.528 1.64 1.477 
1.214 1.051 0.96 0.942 1.11 1.334 2.269 3.606 4.382 2.22 
1.529 1.177 1.056 1.102 1.324 1.618 2.134 1.769 1.485 1.661 
1.47 1.814 2.132 1.838 2.061 1.755 2.295 1.931 2.543 2.35 
1.609 1.255 0.848 0.769 0.678 0.653 0.748 1.212 2.03 9.643 
6.526 2.26 1.563 0.949 0.794 0.804 0.912 0.806 0.828 0.973 
1.065 1.086 1.089 1.349 1.84 12.5 15.0 15.0 14.895 12.64 
13.027 10.91 2.389 3.639 3.523 5.488 2.155 1.511 0.998 0.988 
1.023 1.021 1.217 1.19 1.033 1.05 0.937 0.838 0.819 0.833 
0.776 0.818 0.714 0.843 0.851 0.671 0.828 0.722 0.848 0.837 
1.034 1.131 1.336 1.553 1.554 1.31 1.591 1.784 1.709 1.65 
1.351 1.474 1.1 1.401 1.349 1.419 1.352 3.205 2.64 1.786 
1.662 1.386 1.311 1.345 1.418 1.727 1.483 1.421 1.366 1.471 
1.486 1.472 1.442 1.457 1.18 1.397 1.438 1.395 1.342 1.217 
1.233 1.498 1.834 3.413 3.511 9.209 10.668 15.0 15.0 15.0 
11.585 11.807 4.952 2.156 2.458 1.312 2.113 1.664 2.075 1.77 
1.815 1.464 1.455 1.647 1.807 2.077 2.455 2.708 3.695 2.898 
2.567 2.272 2.193 2.02 1.841 2.367 2.739 2.228 1.956 1.369 
1.57 1.557 1.645 1.27 1.402 1.631 1.736 1.63 1.727 2.516 
1.706 1.481 1.592 1.356 1.328 1.218 1.287 1.252 1.114 1.212 
1.156 1.824 1.799 2.185 2.156 2.494 2.492 2.823 2.36 1.85 
1.425 1.359 1.155 1.115 1.177 1.325 1.253 1.511 2.082 1.262 
1.244 1.144 1.355 1.574 1.902 1.184 1.086 1.143 1.274 1.521 
1.658 2.558 3.029 2.869 4.009 3.628 3.788 3.093 2.895 2.728 
3.049 3.185 2.251 2.438 2.225 2.548 2.262 2.003 1.691 1.461 
1.263 1.148 1.161 1.077 1.124 0.954 0.771 0.749 0.936 0.843 
0.934 0.777 0.716 0.694 0.782 0.957 1.062 1.356 1.27 1.379 
1.138 0.834 0.709 0.67 0.679 0.711 0.691 0.868 0.892 1.222 
1.242 1.255 1.093 0.878 0.871 0.807 0.756 0.744 0.766 0.88 
0.962 1.212 1.537 1.468 1.592 1.247 0.998 0.916 0.869 0.849 
0.896 1.05 1.141 2.083 1.374 1.609 2.168 2.702 2.46 2.732 
3.009 3.041 3.194 3.318 3.515 3.662 3.485 3.229 2.679 1.886 
1.336 1.368 1.236 1.153 1.093 0.978 0.974 0.805 0.832 0.921 
0.891 1.036 1.11 1.856 1.494 1.321 1.343 1.17 0.977 0.858 
0.895 0.865 0.852 0.833 0.852 0.757 0.881 0.861 0.919 0.739 
0.748 0.725 0.772 0.859 1.018 1.17 1.083 1.279 1.057 0.796 
0.778 0.694 0.639 0.712 0.766 0.975 1.048 1.244 1.347 1.352 
1.219 1.053 0.964 0.951 0.811 0.718 0.705 0.738 0.921 0.972 
1.322 1.858 1.786 1.63 1.478 0.94 0.958 0.793 0.806 0.834 
1.159 1.093 1.428 1.482 1.661 2.199 2.13 1.778 1.628 2.332 
2.387 1.838 2.299 2.721 2.83 1.485 2.06 2.641 3.134 3.731 
3.219 2.526 1.462 1.429 1.173 1.249 1.017 0.981 0.898 1.032 
0.953 1.054 0.832 0.841 0.808 0.866 0.775 0.939 0.914 0.814 
0.898 0.938 0.773 1.057 0.904 1.037 0.975 1.257 1.121 1.534 
2.06 2.16 1.88 2.015 2.26 1.954 2.1 1.311 1.221 0.913 
0.913 1.041 1.071 1.097 1.06 1.069 1.149 1.154 1.164 1.178 
1.148 1.091 1.029 0.911 0.982 0.972 1.395 1.363 2.001 2.071 
1.642 1.412 1.154 0.997 1.057 0.946 1.089 1.108 1.176 1.176 
1.193 1.082 1.194 1.234 1.098 1.198 1.002 0.975 0.987 1.065 
1.129 1.311 1.919 1.543 2.018 1.754 1.841 1.318 1.13 1.053 
0.831 0.906 0.748 0.784 0.688 0.747 0.894 1.027 0.899 0.828 
0.735 0.746 0.734 0.714 0.82 1.105 1.4 2.157 3.371 5.613 
5.249 4.239 5.325 3.62 1.715 1.782 1.568 1.31 0.911 0.797 
0.773 0.832 0.791 0.814 0.849 0.864 0.982 0.974 0.904 0.915 
0.814 0.824 0.809 0.781 0.868 0.822 0.972 1.055 1.312 1.343 
1.327 1.151 1.095 0.935 0.844 0.941 0.848 0.96 0.986 1.18 
1.123 1.077 1.089 1.016 0.977 0.87 0.939 0.865 1.04 1.049 
1.336 1.046 1.117 1.057 0.848 0.874 0.838 0.842 0.8 1.101 
1.234 1.094 0.93 0.856 1.097 0.88 0.925 1.059 0.924 0.811 
0.706 0.837 0.799 0.777 0.863 0.82 0.796 0.905 0.982 1.102 
1.214 1.216 0.961 1.173 1.124 1.002 0.999 1.587 1.708 2.47 
2.287 2.468 2.531 2.493 2.691 2.906 3.213 2.862 2.784 3.682 
3.831 4.143 3.747 3.274 3.447 3.302 3.385 2.764 2.749 2.743 
2.375 2.113 2.269 1.944 1.871 1.602 1.505 1.614 1.514 1.397 
1.311 1.348 1.342 1.533 1.635 1.62 1.614 1.302 1.313 1.305 
1.205 1.455 2.029 2.248 4.092 7.433 3.755 3.956 2.445 2.375 
2.176 2.419 2.53 2.222 2.499 2.722 2.761 2.857 2.513 2.169 
2.139 1.998 1.817 1.544 1.608 2.158 1.761 1.523 1.912 2.387 
2.256 1.857 1.368 1.329 1.184 0.904 0.776 0.726 0.759 0.808 
0.9 1.182 3.202 3.21 1.276 4.187 1.848 3.51 1.177 0.814 
0.763 0.766 0.816 1.005 1.171 1.571 2.394 1.848 2.094 3.289 
4.072 2.778 3.672 5.298 6.79 7.77 4.501 2.396 2.938 3.649 
2.9 2.624 3.215 4.571 3.535 2.165 2.512 1.905 2.295 2.113 
1.852 2.086 2.066 3.06 2.541 3.315 5.811 6.177 6.883 8.24 
10.489 10.952 12.672 12.94 13.127 14.082 13.379 13.47 12.545 13.232 
12.417 12.141 8.696 12.897 14.028 14.957 15.0 15.0 15.0 15.0 
15.0 15.0 15.0 15.0 15.0 15.0 15.0 15.0 15.0 15.0 
15.0 15.0 15.0 15.0 15.0 15.0 15.0 15.0 15.0 15.0 
15.0 15.0 15.0 15.0 15.0 15.0 15.0 15.0 15.0 15.0 
15.0 15.0 15.0 15.0 15.0 15.0 15.0 15.0 15.0 15.0 
15.0 15.0 15.0 15.0 15.0 15.0 15.0 15.0 15.0 15.0 
15.0 15.0 11.694 15.0 15.0 15.0 15.0 15.0 15.0 15.0 
15.0 15.0 15.0 14.19 15.0 15.0 15.0 14.801 15.0 15.0 
13.964 15.0 15.0 14.289 11.835 13.107 10.658 6.913 6.659 1.737 
1.144 1.696 1.102 0.983 0.772 0.787 0.698 0.764 0.924 1.064 
1.414 1.461 1.794 1.765 1.652 1.397 1.338 1.219 1.287 1.001 
0.863 0.79 0.821 0.855 1.106 1.083 1.074 1.058 1.07 1.043 
1.052 0.928 0.873 1.267 1.106 0.826 0.857 0.709 0.915 0.975 
1.268 1.234 1.854 1.931 1.917 2.748 3.591 3.477 3.478 2.219 
1.505 1.199 0.973 0.89 0.789 0.864 0.965 0.908 0.808 0.845 
0.857 0.888 0.925 0.983 1.157 1.194 1.467 1.537 1.234 1.312 
1.208 1.137 1.04 1.103 1.075 0.987 0.92 1.059 1.103 1.045 
1.2 1.256 1.34 1.315 2.134 1.865 4.208 4.467 2.75 4.383 
1.844 1.762 1.333 1.257 1.191 1.146 1.046 1.044 1.203 1.052 
1.013 1.026 0.936 0.935 1.015 1.083 1.261 1.277 1.425 1.454 
2.332 2.122 1.88 1.634 1.49 1.33 1.492 1.262 1.14 1.085 
1.0 0.971 0.998 1.074 1.19 1.263 1.112 1.176 1.0 1.203 
1.025 1.196 1.296 1.593 1.649 1.976 1.938 4.207 9.651 15.0 
15.0 4.619 12.905 4.212 6.946 2.623 2.679 2.38 1.497 1.442 
1.076 1.12 1.012 1.033 0.951 0.931 1.15 1.336 1.211 0.98 
0.813 0.813 0.895 0.981 1.062 1.305 1.142 0.986 0.927 0.805 
0.719 0.67 0.65 0.676 0.636 0.704 0.829 0.951 0.863 0.847 
0.683 0.642 0.68 0.68 0.76 0.987 0.918 0.865 0.689 0.781 
0.912 0.803 0.893 0.987 1.113 0.884 0.884 1.025 1.328 1.216 
1.401 1.259 1.384 1.615 1.275 1.693 2.205 1.678 2.205 1.712 
1.304 1.799 3.811 5.327 4.831 3.714 2.722 2.128 3.959 3.812 
4.864 4.79 4.886 5.135 6.435 3.372 2.288 1.789 1.509 1.464 
1.258 1.137 1.133 1.033 1.206 1.101 1.133 1.104 1.025 0.97 
0.979 1.019 0.947 1.024 0.885 0.929 1.011 1.208 1.291 1.21 
1.193 1.303 1.234 1.115 0.981 0.96 1.086 0.976 0.978 1.124 
1.126 1.233 1.011 0.928 0.914 1.099 1.263 1.19 1.419 1.242 
1.199 1.293 1.365 1.293 1.276 1.678 1.174 1.07 1.252 1.43 
1.055 1.154 1.54 1.574 1.395 1.572 1.782 1.681 1.551 1.564 
1.598 1.358 1.311 1.457 1.427 1.251 1.623 1.327 1.452 1.311 
1.324 1.458 1.519 1.232 1.439 1.468 1.722 1.469 1.489 1.341 
1.272 1.354 1.474 1.459 1.45 1.804 2.131 1.969 1.937 2.661 
2.987 2.565 2.539 4.62 5.931 4.105 4.936 6.9 5.32 3.707 
4.87 4.286 3.903 3.211 4.79 6.66 6.609 6.336 6.828 7.719 
7.867 7.793 8.835 10.047 10.387 10.656 10.42 10.879 11.529 11.617 
9.708 10.261 9.914 8.08 7.031 7.362 6.641 4.911 4.269 4.608 
2.988 2.092 2.613 2.554 1.808 1.807 2.101 1.864 2.489 2.464 
3.696 3.309 3.624 3.178 2.232 1.595 1.364 1.223 1.509 1.353 
2.05 1.834 1.984 2.214 2.756 3.18 4.4 4.629 4.414 6.048 
7.589 8.031 7.828 9.523 10.372 10.221 11.773 13.81 13.618 13.451 
13.0 12.85 12.066 11.114 10.42 9.671 7.564 8.289 7.823 7.361 
6.922 7.157 6.93 5.475 5.96 7.67 7.882 7.082 9.18 9.502 
10.734 11.394 12.657 11.844 11.565 10.364 9.551 7.594 7.157 6.161 
4.636 3.312 3.349 3.409 1.873 2.365 2.625 2.205 1.679 2.939 
2.972 2.015 2.03 1.647 1.657 1.519 1.394 1.254 1.1 1.048 
1.128 1.051 1.129 1.231 1.384 1.346 1.537 2.197 2.235 3.341 
7.644 5.689 8.114 9.954 10.572 12.021 11.575 13.409 14.442 15.0 
15.0 15.0 15.0 15.0 15.0 3.99 3.547 6.799 2.16 3.366 
1.878 1.217 1.546 1.215 1.552 2.971 15.0 15.0 15.0 14.019 
11.143 10.984 7.357 9.484 7.713 9.071 9.803 12.683 14.36 15.0 
15.0 15.0 15.0 15.0 15.0 15.0 15.0 15.0 15.0 15.0 
15.0 15.0 15.0 15.0 15.0 15.0 15.0 15.0 15.0 15.0 
15.0 15.0 15.0 15.0 15.0 15.0 15.0 15.0 15.0 15.0 
15.0 15.0 15.0 15.0 15.0 15.0 15.0 15.0 15.0 15.0 
15.0 15.0 15.0 15.0 15.0 15.0 15.0 15.0 15.0 15.0 
15.0 15.0 15.0 15.0 15.0 15.0 15.0 15.0 15.0 15.0 
15.0 15.0 15.0 15.0 15.0 15.0 15.0 15.0 15.0 15.0 
15.0 15.0 15.0 15.0 15.0 15.0 15.0 15.0 15.0 15.0 
15.0 15.0 15.0 15.0 15.0 15.0 15.0 15.0 15.0 15.0 
15.0 15.0 15.0 15.0 15.0 15.0 15.0 15.0 15.0 15.0 
15.0 15.0 15.0 15.0 15.0 15.0 11.893 9.924 8.339 9.684 
10.279 10.352 10.578 9.526 9.713 10.654 11.589 15.0 15.0 15.0 
15.0 15.0 13.511 15.0 15.0 15.0 14.576 15.0 15.0 14.096 
13.732 15.0 15.0 15.0 15.0 15.0 15.0 15.0 15.0 15.0 
15.0 15.0 15.0 15.0 15.0 15.0 15.0 15.0 15.0 15.0 
15.0 15.0 15.0 15.0 15.0 15.0 15.0 15.0 15.0 15.0 
15.0 15.0 15.0 15.0 15.0 15.0 15.0 15.0 15.0 15.0 
15.0 15.0 15.0 15.0 15.0 15.0 15.0 15.0 15.0 15.0 
15.0 14.298 13.598 12.162 10.133 9.087 7.808 7.544 9.444 11.326 
13.312 15.0 15.0 15.0 14.628 15.0 15.0 15.0 15.0 15.0 
15.0 15.0 15.0 15.0 15.0 15.0 15.0 15.0 15.0 15.0 
15.0 15.0 15.0 15.0 15.0 15.0 15.0 15.0 15.0 15.0 
15.0 15.0 15.0 15.0 15.0 15.0 15.0 15.0 15.0 15.0 
15.0 13.976 11.28 10.808 8.404 9.186 11.16 13.548 11.81 15.0 
14.275 14.567 14.271 10.604 10.548 8.717 11.237 8.412 11.13 10.027 
10.844 6.033 5.907 5.752 6.373 7.053 9.805 14.507 14.675 15.0 
15.0 15.0 15.0 15.0 15.0 15.0 15.0 15.0 15.0 15.0 
13.83 15.0 11.55 12.691 12.967 15.0 15.0 15.0 13.383 12.427 
11.529 9.448 8.163 7.37 6.097 6.831 5.922 4.384 5.171 7.032 
7.252 3.098 9.7 10.473 7.261 10.953 10.382 9.202 4.762 9.716 
10.04 10.576 10.747 2.619 8.254 6.207 4.332 7.035 3.732 5.758 
5.24 6.506 3.676 6.905 6.77 4.816 3.897 5.839 4.422 3.89 
3.061 3.481 2.889 2.638 2.671 2.55 2.406 2.479 2.586 2.662 
2.735 3.01 2.558 2.452 2.369 2.312 2.18 2.147 2.211 2.422 
2.208 2.461 3.591 3.023 3.203 5.849 7.827 3.82 2.492 3.252 
2.495 2.408 2.217 2.344 3.151 3.617 6.635 8.347 12.898 15.0 
15.0 15.0 15.0 15.0 15.0 15.0 15.0 15.0 15.0 15.0 
15.0 15.0 15.0 15.0 15.0 15.0 15.0 15.0 15.0 15.0 
15.0 15.0 15.0 15.0 15.0 15.0 15.0 15.0 15.0 15.0 
15.0 15.0 15.0 15.0 15.0 14.405 11.376 6.324 4.303 2.235 
2.241 1.839 2.186 
END
