PFRMAT local QA
AUTHOR MASS-CASP14
af2-standard_T1169_4.pdb local_accuracy_only 15.0 15.0 15.0 15.0 15.0 15.0 15.0 15.0 15.0 15.0 15.0 
15.0 15.0 15.0 15.0 15.0 15.0 15.0 15.0 15.0 15.0 
15.0 15.0 15.0 15.0 15.0 15.0 15.0 15.0 15.0 15.0 
15.0 15.0 15.0 15.0 15.0 15.0 15.0 15.0 15.0 15.0 
15.0 15.0 15.0 15.0 15.0 15.0 15.0 15.0 15.0 15.0 
15.0 15.0 15.0 14.09 10.761 8.45 5.533 5.873 4.836 4.559 
3.49 3.582 4.129 5.04 6.399 6.906 8.85 10.228 11.998 13.901 
14.913 15.0 15.0 15.0 15.0 15.0 15.0 15.0 15.0 15.0 
15.0 15.0 15.0 15.0 15.0 15.0 15.0 15.0 15.0 15.0 
15.0 15.0 15.0 15.0 15.0 15.0 15.0 15.0 15.0 15.0 
15.0 15.0 15.0 15.0 15.0 15.0 15.0 15.0 15.0 15.0 
15.0 15.0 15.0 15.0 15.0 15.0 15.0 15.0 15.0 15.0 
15.0 15.0 15.0 15.0 15.0 15.0 15.0 15.0 15.0 15.0 
15.0 15.0 15.0 15.0 15.0 15.0 15.0 15.0 15.0 15.0 
15.0 15.0 15.0 15.0 15.0 15.0 15.0 15.0 15.0 15.0 
15.0 15.0 15.0 15.0 15.0 15.0 15.0 15.0 15.0 15.0 
15.0 15.0 15.0 15.0 15.0 15.0 15.0 14.525 12.141 8.588 
6.554 6.169 6.022 6.883 7.651 8.657 10.382 9.454 11.171 11.071 
11.298 11.335 14.206 15.0 15.0 15.0 15.0 15.0 15.0 15.0 
15.0 15.0 15.0 15.0 15.0 15.0 15.0 15.0 15.0 15.0 
15.0 15.0 15.0 15.0 15.0 15.0 12.549 8.737 8.962 8.521 
7.473 7.066 7.134 5.848 5.796 4.497 3.846 3.76 3.852 3.858 
3.891 4.621 4.171 3.217 2.29 1.78 1.717 1.834 1.719 1.901 
2.321 2.381 1.989 1.707 1.596 1.452 1.393 1.568 1.651 2.56 
3.608 4.334 5.537 5.965 5.58 4.768 5.44 5.856 6.978 7.129 
6.813 8.144 7.063 8.214 7.837 7.498 6.98 5.492 4.094 4.355 
4.309 4.657 3.131 2.958 2.778 2.557 2.19 2.242 2.366 2.581 
2.927 3.156 3.826 3.798 4.161 3.278 2.562 2.276 1.869 1.985 
1.901 2.004 2.285 3.001 2.929 3.329 3.115 3.477 4.069 4.108 
5.437 5.037 6.367 7.575 8.08 9.683 10.02 8.709 9.369 9.142 
8.631 7.633 8.571 8.791 10.086 10.283 12.094 11.233 11.922 12.03 
11.4 10.303 10.744 11.193 10.586 9.123 8.034 6.759 6.965 6.249 
5.958 5.342 5.101 5.287 5.993 7.029 7.544 7.817 9.693 9.48 
9.847 8.116 7.058 6.09 5.494 4.228 4.409 5.263 6.339 6.158 
5.77 5.906 5.932 6.237 6.196 6.218 6.045 5.733 6.127 6.732 
7.822 9.894 11.194 15.0 15.0 15.0 15.0 15.0 15.0 15.0 
15.0 15.0 15.0 15.0 15.0 15.0 15.0 15.0 15.0 15.0 
13.271 12.944 9.962 7.747 9.344 8.122 7.154 4.614 3.656 2.838 
2.337 2.448 2.232 2.507 2.917 2.982 2.847 2.87 2.989 2.716 
2.498 2.317 2.267 2.533 2.344 1.929 1.969 2.029 2.654 2.549 
2.392 2.024 1.875 1.904 1.724 1.945 1.643 2.028 2.146 2.272 
2.865 3.262 4.703 5.991 8.142 8.961 9.025 9.094 9.619 6.552 
5.634 3.995 3.123 2.426 2.626 2.653 3.73 4.399 5.058 5.886 
5.252 5.991 5.336 5.787 5.196 4.708 3.681 3.522 2.945 2.598 
2.125 2.19 1.991 1.798 1.908 1.817 1.575 1.451 1.663 1.827 
2.135 2.749 3.3 3.106 3.369 3.27 3.142 3.666 4.611 4.855 
4.785 4.169 3.27 3.288 3.484 3.579 3.95 4.097 3.948 3.599 
3.658 2.663 3.004 2.443 2.821 3.129 3.533 4.283 5.897 8.568 
9.628 12.455 11.279 12.711 11.288 10.743 7.92 6.706 5.808 5.789 
5.335 5.436 5.994 6.135 7.556 6.925 5.336 5.331 4.337 4.561 
4.028 5.189 5.811 4.529 4.343 3.858 2.833 2.555 2.589 2.583 
2.674 3.431 3.854 4.085 3.321 3.229 2.742 2.64 2.566 2.825 
3.815 4.006 3.955 3.165 2.424 1.725 1.533 1.553 1.633 1.691 
1.957 2.084 2.571 2.701 2.552 2.847 2.922 3.415 3.74 4.203 
4.469 4.245 4.381 3.827 3.631 2.76 2.675 2.53 2.193 2.342 
2.423 1.934 2.426 2.457 2.632 2.963 4.24 4.611 5.224 6.087 
6.709 7.551 9.743 8.882 7.287 6.652 5.864 5.418 5.461 6.713 
7.143 7.73 9.544 10.408 12.908 14.563 15.0 15.0 15.0 11.123 
7.404 6.952 6.664 5.821 5.478 5.036 5.903 6.193 8.311 9.359 
7.963 7.414 6.518 6.086 5.318 5.77 5.353 5.394 4.216 4.576 
5.212 6.598 10.104 11.073 9.168 10.21 11.56 15.0 12.448 14.361 
10.506 9.987 8.979 7.566 5.799 5.599 6.008 5.035 4.408 5.544 
5.773 7.4 6.576 5.72 5.305 5.886 5.06 3.941 4.783 3.921 
4.975 4.789 4.998 3.904 4.178 4.921 4.91 5.344 5.51 6.065 
5.528 5.385 5.311 6.495 7.644 8.756 8.634 6.326 5.013 5.073 
4.526 4.42 4.644 5.143 4.013 4.668 4.956 6.369 8.155 7.101 
6.935 5.165 5.064 4.498 4.711 4.838 5.013 5.348 5.426 6.488 
9.854 10.036 11.453 8.541 7.374 6.87 5.983 5.994 5.679 5.998 
5.121 4.573 5.572 5.536 5.532 6.13 5.271 4.538 4.15 3.393 
3.728 4.13 4.13 5.26 6.147 8.026 9.639 12.714 13.88 15.0 
13.752 15.0 14.537 15.0 11.761 11.661 8.62 8.612 8.146 8.816 
5.681 4.282 2.626 1.984 1.792 1.713 1.853 2.063 1.63 1.606 
1.238 1.304 1.398 1.657 2.271 3.071 3.591 4.427 4.173 3.049 
2.816 2.513 2.143 1.837 1.651 1.527 1.416 1.584 1.827 2.121 
2.704 3.077 3.609 4.441 4.492 4.676 6.131 5.259 5.416 4.48 
3.744 3.291 2.848 2.883 3.085 3.284 4.09 4.372 4.917 4.46 
2.465 1.9 2.379 2.128 1.913 2.224 2.401 2.642 2.729 2.755 
2.491 2.657 2.135 1.732 1.956 1.996 1.989 1.974 2.349 2.797 
3.042 3.145 2.921 2.561 2.424 2.05 1.93 2.085 2.254 2.256 
2.032 2.073 1.838 1.838 2.216 2.879 3.803 4.298 4.286 3.814 
3.409 3.092 4.168 6.466 6.711 9.605 10.588 15.0 15.0 15.0 
15.0 15.0 15.0 15.0 15.0 15.0 15.0 15.0 15.0 15.0 
15.0 15.0 15.0 15.0 15.0 13.865 11.327 10.631 10.212 9.955 
10.457 9.148 8.054 7.105 4.924 4.42 3.676 3.501 3.955 3.913 
4.593 6.59 7.339 9.667 8.897 8.297 7.76 8.555 5.436 5.517 
5.141 5.077 4.207 4.806 4.819 4.86 3.928 3.588 3.406 2.683 
2.218 2.5 3.073 3.146 2.999 2.811 2.5 2.04 1.895 2.074 
2.136 2.284 2.71 2.308 1.654 1.47 1.382 1.449 1.404 1.53 
1.994 2.858 3.782 3.338 2.791 2.091 2.416 2.379 2.65 3.084 
3.588 4.884 5.408 6.883 6.669 7.954 7.89 6.0 5.978 4.575 
4.72 4.27 3.868 3.824 3.835 3.501 3.199 3.129 3.576 3.59 
4.794 4.949 5.814 7.443 8.83 8.63 9.931 9.171 7.417 5.852 
6.064 4.645 4.229 3.592 3.611 2.964 2.452 3.137 3.524 3.454 
3.818 4.155 5.645 4.819 6.191 7.288 7.571 7.047 7.849 8.027 
6.402 5.915 4.513 3.752 3.187 3.001 2.783 2.351 1.938 1.841 
1.944 1.973 1.93 2.008 2.187 2.577 2.961 3.7 4.883 4.411 
3.222 1.883 1.607 1.272 1.209 1.216 1.338 1.21 1.316 1.329 
1.446 1.456 2.048 2.828 3.177 3.11 2.368 1.954 1.888 1.672 
1.7 2.02 1.81 1.758 1.878 1.843 1.932 2.373 2.401 2.673 
2.343 3.076 3.002 2.348 1.913 1.67 1.861 1.758 2.027 2.856 
3.291 4.416 6.536 7.631 8.193 8.304 9.053 9.717 9.688 9.189 
9.547 7.948 7.381 5.189 4.087 3.934 4.174 4.412 4.546 4.575 
4.978 5.407 6.468 4.97 4.041 2.862 2.747 2.587 2.659 2.611 
2.897 3.245 2.58 3.375 3.852 5.493 6.256 5.795 6.167 4.466 
4.199 5.142 5.133 5.042 5.394 7.489 8.107 9.668 10.787 9.145 
9.943 9.646 8.56 8.296 7.858 7.244 5.732 4.893 4.868 4.488 
4.615 5.178 5.497 4.964 5.505 5.356 6.646 7.475 6.782 6.724 
7.175 6.824 9.547 9.092 7.922 6.184 7.111 6.607 6.648 4.456 
3.743 3.493 2.477 2.579 2.585 2.445 2.627 2.915 2.619 2.22 
2.517 2.769 3.373 4.418 3.987 6.106 7.678 8.999 7.721 5.015 
4.052 2.754 2.44 2.094 1.795 1.731 1.545 1.864 1.631 2.077 
2.504 2.326 2.014 1.724 1.451 1.642 2.239 2.651 3.566 3.4 
3.29 2.592 2.212 1.755 1.488 1.304 1.271 1.529 1.979 3.134 
4.472 5.089 5.339 4.999 4.231 3.533 3.06 2.609 2.51 2.918 
2.892 3.383 3.786 3.857 4.505 4.325 5.342 4.919 4.52 4.025 
3.719 3.614 2.982 2.636 2.322 2.011 1.716 1.639 1.727 2.305 
3.333 3.937 3.138 2.298 1.971 1.688 1.469 1.569 1.652 1.696 
2.213 3.073 3.959 5.764 6.808 6.555 5.367 5.734 5.983 5.744 
6.075 5.275 6.007 7.271 8.035 9.518 10.615 11.23 12.671 10.991 
11.208 9.156 8.058 7.224 7.011 6.356 6.081 8.049 9.544 11.592 
15.0 15.0 15.0 13.207 14.614 11.854 10.843 10.183 9.582 9.565 
9.729 11.034 12.604 10.481 14.122 13.018 15.0 15.0 14.514 12.394 
10.518 9.073 7.316 6.846 6.294 5.572 4.976 3.988 3.689 3.365 
3.172 3.72 3.977 5.567 5.416 4.504 3.644 2.901 2.355 2.614 
2.341 2.581 2.855 3.209 3.305 3.041 2.938 3.108 3.212 3.293 
3.931 3.63 3.91 4.136 4.819 4.038 2.922 2.218 1.686 1.378 
1.268 1.345 1.864 2.243 3.17 3.588 4.712 5.319 5.945 4.547 
3.709 2.869 2.423 2.237 2.106 1.953 2.145 2.156 3.062 3.952 
4.284 4.394 3.027 2.485 2.17 2.096 1.839 1.557 1.543 1.776 
2.462 3.078 3.532 3.946 4.042 4.286 5.36 7.054 7.642 8.974 
9.355 10.527 11.634 11.91 12.376 11.618 13.098 12.903 12.655 12.077 
11.455 11.3 10.491 11.158 10.685 11.093 10.217 7.355 6.198 3.905 
3.444 2.615 2.05 1.845 1.643 1.447 1.441 1.646 1.975 2.444 
2.41 2.452 1.932 1.341 1.054 1.223 1.379 1.309 1.411 1.462 
1.326 1.465 1.503 1.947 1.818 1.772 1.506 1.739 1.838 1.651 
1.631 1.883 1.739 1.961 2.21 2.441 3.25 3.843 4.844 5.369 
5.383 3.392 3.726 3.806 4.315 5.227 5.299 5.186 4.674 6.277 
7.196 8.26 7.814 7.446 8.283 8.937 9.589 9.382 6.13 8.06 
9.74 9.188 8.603 10.237 7.106 6.427 6.612 7.257 6.733 7.401 
7.979 9.174 9.729 7.36 5.734 6.511 6.486 6.206 4.928 5.919 
7.141 7.985 8.062 5.755 5.217 5.387 4.486 3.371 3.351 4.432 
3.767 4.841 5.195 4.88 5.971 5.765 7.414 7.309 9.004 8.111 
10.762 11.865 12.776 12.409 15.0 15.0 11.761 9.28 8.065 9.132 
9.83 10.316 11.094 10.892 10.208 11.49 10.449 11.914 11.722 11.304 
10.892 9.192 9.013 7.416 7.038 6.899 6.039 5.067 4.411 4.289 
4.225 4.116 4.036 3.906 4.003 3.603 3.643 3.39 3.587 4.254 
5.342 5.648 7.685 8.433 9.744 9.113 8.427 8.612 6.166 6.053 
4.523 3.699 3.329 2.919 3.467 3.448 4.651 6.449 7.121 8.65 
9.634 9.122 8.257 7.689 6.31 4.636 3.804 3.055 2.423 1.92 
1.599 1.762 1.697 1.658 1.838 1.661 1.918 1.575 1.512 1.208 
1.221 1.242 1.311 1.579 1.981 2.557 2.701 2.98 2.185 2.033 
1.688 1.544 1.597 1.584 2.007 2.535 2.523 3.261 2.561 2.395 
2.169 2.214 2.04 2.138 2.553 3.807 5.301 5.493 4.215 3.474 
2.753 2.492 2.414 2.889 2.439 2.716 3.819 4.241 4.056 2.923 
2.092 1.859 1.566 1.311 1.249 1.332 1.367 1.527 1.577 2.299 
2.886 4.481 5.38 6.908 8.363 9.928 12.297 12.099 8.62 8.229 
6.83 6.328 4.701 3.117 2.095 2.166 1.72 1.681 1.566 1.661 
1.971 2.713 3.435 4.25 4.328 5.468 5.219 7.442 7.499 6.313 
5.492 6.063 6.389 7.376 6.446 7.71 7.645 8.59 7.408 7.464 
5.768 6.288 5.765 5.392 5.065 4.6 3.93 5.182 5.344 4.716 
4.618 4.017 3.159 2.803 2.586 2.286 2.49 2.09 2.713 3.228 
3.946 4.582 4.513 3.874 4.477 4.341 4.903 3.817 2.826 1.874 
1.593 1.383 1.26 1.16 1.209 1.3 1.617 2.219 2.658 2.889 
2.464 1.699 1.454 1.313 1.466 1.614 2.137 3.004 3.705 4.568 
4.382 3.6 3.117 2.646 2.945 3.359 3.029 3.056 2.609 2.974 
3.25 4.621 6.375 6.357 5.332 4.773 4.585 4.561 3.97 3.454 
2.79 2.036 1.645 1.489 1.453 1.588 1.814 2.169 3.257 5.208 
5.099 3.937 3.012 2.158 1.548 1.218 1.027 0.992 1.201 1.014 
1.034 1.243 1.434 2.129 3.164 4.253 5.195 6.385 8.836 9.729 
7.683 5.113 4.827 4.364 3.809 2.544 1.99 1.816 1.464 1.482 
1.747 1.953 2.184 1.861 1.478 1.318 1.371 1.478 1.451 1.339 
1.434 1.678 1.954 2.821 2.429 2.368 1.942 1.555 1.469 1.486 
1.488 1.711 1.59 1.944 2.431 2.986 3.111 2.563 2.413 2.067 
1.91 1.762 1.579 1.674 1.721 2.094 3.069 3.706 3.445 2.727 
2.114 1.878 1.684 1.702 1.831 1.718 1.806 1.916 2.239 2.982 
3.399 2.747 2.235 1.919 1.724 1.492 1.544 1.381 1.34 1.203 
1.303 1.477 1.583 2.162 2.067 2.891 3.837 4.329 5.495 6.631 
5.611 4.209 3.101 2.508 2.109 1.884 1.772 1.854 2.186 2.285 
1.884 1.457 1.456 1.756 2.482 2.82 3.041 4.25 4.987 5.154 
5.389 4.449 4.194 3.481 3.959 4.274 4.263 4.339 3.956 3.347 
3.224 3.012 2.768 2.833 2.767 3.675 3.239 3.063 3.08 3.141 
2.675 2.208 2.053 1.774 1.46 1.46 1.325 1.376 1.307 1.33 
1.4 1.531 1.965 2.567 2.428 2.973 2.652 3.186 3.092 2.33 
1.827 1.4 1.264 1.187 1.426 1.245 1.18 1.581 1.908 1.65 
1.755 1.818 2.295 2.787 3.527 2.73 2.548 2.515 2.371 2.168 
2.339 3.093 4.13 4.328 3.714 2.969 3.008 2.466 2.138 2.142 
2.09 2.136 1.738 1.932 2.318 2.735 2.474 1.986 1.578 1.748 
1.52 1.53 1.377 1.414 1.397 1.556 1.552 1.582 1.557 1.473 
1.326 1.188 1.212 1.157 1.128 1.348 1.757 2.163 3.011 3.186 
2.153 1.78 1.46 1.229 1.095 1.106 1.221 1.272 1.292 1.744 
2.241 2.331 2.325 1.718 1.584 1.304 1.12 1.114 1.172 1.261 
1.204 1.518 1.933 2.316 2.122 1.868 1.561 1.254 1.109 1.043 
1.13 1.46 1.63 1.59 1.511 1.616 2.196 2.744 3.031 3.12 
3.076 3.454 4.889 5.425 5.882 6.561 6.607 6.899 7.067 5.828 
4.492 3.779 3.225 2.832 2.422 1.921 1.664 1.512 1.362 1.493 
1.348 1.347 1.748 2.781 3.567 4.824 4.06 2.548 1.83 1.548 
1.392 1.267 1.209 1.047 1.359 1.481 1.875 1.779 1.487 1.389 
1.334 1.201 1.233 1.276 1.652 2.398 2.35 2.376 1.74 1.657 
1.325 1.288 1.146 1.045 1.201 1.543 2.302 3.754 4.896 6.026 
6.134 5.659 4.417 2.575 2.023 1.689 1.458 1.53 1.624 1.506 
1.981 2.09 2.534 2.404 2.11 1.558 1.622 1.611 1.56 1.566 
1.711 1.431 1.881 2.211 3.086 3.945 3.981 3.839 3.317 3.414 
3.416 2.943 3.924 4.402 5.754 6.268 8.359 8.735 8.484 6.206 
5.187 3.625 3.791 3.82 3.04 2.929 2.287 1.779 1.611 1.51 
1.64 1.769 1.575 1.864 2.455 3.07 3.317 3.268 2.661 2.052 
2.098 2.044 2.191 2.447 3.071 3.319 4.357 5.24 6.236 6.732 
7.325 8.76 8.94 8.104 8.678 6.181 4.803 4.002 4.334 3.612 
3.414 2.867 2.498 2.868 3.585 4.026 4.231 4.049 3.559 2.464 
1.836 1.705 1.559 1.422 1.308 1.276 1.64 2.033 3.159 3.888 
3.918 3.003 2.44 2.147 1.955 1.8 1.726 1.775 2.084 2.621 
3.368 4.213 4.839 4.161 3.412 3.47 2.713 2.44 2.421 2.589 
2.681 3.011 3.756 4.322 4.804 4.611 3.08 2.002 1.697 1.605 
1.532 1.321 1.493 1.441 1.667 1.971 2.54 2.333 2.314 1.925 
1.615 1.463 1.463 1.292 1.568 1.945 2.856 4.318 5.762 8.31 
10.47 9.437 8.353 6.004 3.714 2.782 2.014 1.954 1.515 1.316 
1.348 1.285 1.359 1.396 1.672 1.495 1.836 1.661 1.902 1.465 
1.358 1.526 1.469 1.359 1.437 1.708 2.333 3.215 4.159 4.523 
4.509 3.364 2.507 2.241 2.133 1.815 1.704 1.576 1.691 2.05 
2.297 2.541 2.556 2.3 1.926 1.928 2.005 1.741 1.968 2.106 
2.19 1.768 1.431 1.53 1.612 1.555 1.265 1.216 1.611 2.316 
2.898 3.173 2.888 2.895 3.335 3.539 4.112 4.726 3.968 3.357 
2.954 2.826 2.81 2.004 2.059 1.727 1.703 1.392 1.313 1.461 
1.516 1.741 1.608 1.813 2.116 1.857 1.935 2.138 2.596 2.969 
2.886 2.395 2.568 1.985 2.386 2.493 2.616 2.557 2.006 2.198 
2.845 4.188 5.15 4.092 4.979 5.886 6.317 4.783 3.648 4.633 
3.848 2.91 2.718 2.606 2.349 1.873 2.171 2.293 2.286 1.983 
1.722 1.659 1.875 2.51 2.071 1.76 1.492 1.603 1.757 1.974 
2.001 2.061 2.435 2.906 3.316 3.101 3.047 2.821 2.955 2.388 
1.974 2.351 2.253 2.21 2.452 2.999 3.929 4.343 3.976 3.471 
3.648 3.332 2.808 2.93 3.382 3.538 3.198 3.365 4.485 4.171 
3.926 3.529 2.895 2.244 1.813 1.288 1.233 1.067 1.035 1.021 
1.016 1.055 1.456 1.758 2.112 2.696 2.439 1.957 1.965 1.694 
1.475 1.577 1.744 1.787 2.26 3.019 4.821 5.575 5.951 6.39 
5.393 3.998 3.94 3.971 3.857 3.719 2.97 2.832 3.178 2.468 
2.035 2.346 2.687 2.988 2.975 2.423 3.008 4.182 4.824 4.241 
3.621 3.85 3.43 2.633 2.976 3.206 3.551 3.3 3.616 4.648 
5.282 5.716 6.469 8.194 7.41 7.927 7.345 6.435 5.386 4.392 
4.482 4.03 4.756 5.254 6.686 8.525 7.256 8.631 10.033 12.675 
13.844 15.0 13.331 12.795 12.046 11.762 11.276 11.614 10.569 9.914 
9.205 11.399 11.622 11.778 12.703 13.073 13.419 15.0 15.0 15.0 
15.0 15.0 15.0 15.0 15.0 15.0 15.0 15.0 15.0 15.0 
15.0 15.0 15.0 13.975 11.392 9.683 10.594 10.051 10.815 10.079 
9.985 10.52 9.557 11.869 11.371 12.112 10.621 11.913 10.609 12.319 
11.368 8.975 7.311 7.176 6.703 6.108 5.639 6.308 7.553 6.447 
6.998 7.953 8.53 6.602 6.202 6.279 4.961 3.73 3.712 3.793 
4.516 4.012 5.063 6.106 6.608 6.373 7.265 6.157 6.086 4.831 
4.441 3.575 2.424 1.938 1.635 1.301 1.184 1.273 1.28 1.344 
1.459 1.355 1.74 2.189 2.364 2.4 2.384 2.412 2.249 1.458 
1.181 1.256 1.326 1.808 1.942 1.856 1.699 1.618 1.444 1.184 
1.166 1.252 1.499 1.902 1.919 1.641 1.595 1.353 1.409 1.506 
1.519 1.437 1.916 2.654 4.267 6.184 7.047 7.774 5.072 3.43 
2.253 1.843 1.449 1.42 1.444 1.636 1.781 1.768 1.471 1.393 
1.279 1.407 1.671 1.904 1.87 1.915 1.758 1.541 1.263 1.507 
1.49 1.347 1.347 1.211 1.365 1.563 1.508 1.709 1.894 1.598 
1.493 1.746 1.878 1.889 2.261 2.713 3.58 4.847 5.426 4.84 
3.372 2.872 1.913 1.78 1.612 1.422 1.555 1.946 1.781 1.839 
1.905 1.983 1.634 1.35 1.141 1.306 1.147 1.074 1.194 1.441 
1.691 1.825 2.061 1.771 1.498 1.412 1.38 1.464 1.4 1.293 
1.232 1.188 1.246 1.516 1.865 1.941 1.989 1.543 1.393 1.144 
1.294 1.264 1.263 1.415 1.313 1.683 1.612 2.4 3.537 6.432 
6.425 5.531 5.994 4.28 3.161 2.382 2.346 2.681 2.486 2.098 
1.923 1.536 1.483 1.521 1.738 1.943 2.321 2.483 1.895 1.633 
1.515 1.485 1.247 1.34 1.781 2.522 2.609 1.96 1.65 1.589 
1.392 1.195 1.193 1.332 1.377 1.522 1.6 1.548 1.33 1.212 
1.165 1.058 0.973 0.964 1.479 1.648 1.775 1.504 1.155 1.208 
1.363 1.311 1.325 1.425 1.288 1.458 1.642 1.648 1.7 1.911 
1.708 1.445 1.676 1.761 1.632 1.809 2.12 2.349 2.053 2.207 
1.992 1.886 1.668 1.999 1.831 1.922 2.037 2.428 2.683 2.349 
2.279 1.961 2.484 2.482 2.339 2.143 1.927 1.474 1.584 1.741 
1.717 1.981 1.704 1.672 1.19 1.384 1.387 1.573 1.828 1.53 
1.7 1.466 1.266 1.31 1.366 1.292 1.418 1.771 2.041 1.938 
1.873 1.962 2.064 1.824 1.701 1.682 1.714 1.622 1.713 1.961 
2.038 1.767 1.903 1.651 1.987 1.881 1.689 1.921 2.463 2.557 
3.058 3.315 2.816 3.294 4.12 4.057 4.206 3.868 4.098 4.533 
4.241 4.427 4.192 4.001 3.407 3.941 4.053 3.721 3.362 2.598 
2.546 2.285 2.049 1.953 1.979 2.261 2.25 1.762 2.122 2.027 
1.915 2.016 1.866 1.714 2.108 2.003 2.761 3.083 3.07 3.37 
3.069 3.287 3.279 4.073 4.433 4.544 5.306 7.117 7.594 6.696 
8.08 9.052 8.897 8.68 9.2 9.192 9.792 11.312 11.322 11.743 
12.055 13.816 13.481 13.245 12.194 12.112 12.535 12.949 14.085 12.887 
15.0 15.0 15.0 15.0 15.0 15.0 15.0 14.926 13.664 14.445 
12.997 11.228 10.145 8.941 8.76 7.683 7.439 6.645 5.454 4.817 
3.501 3.747 3.224 2.752 2.246 2.137 2.202 2.414 1.966 1.566 
2.059 2.171 2.386 2.233 1.68 1.851 1.775 2.182 2.618 2.852 
3.238 3.084 3.078 3.129 3.988 4.287 4.436 5.559 6.886 7.799 
8.728 8.855 9.609 10.137 10.111 9.113 10.367 11.668 10.577 8.433 
8.985 8.483 7.669 8.267 8.342 8.235 7.559 7.871 8.002 8.533 
9.299 9.172 10.167 10.471 10.209 10.595 11.013 11.174 10.067 11.597 
11.139 11.581 11.057 11.713 11.759 12.34 9.934 9.366 8.376 7.376 
5.834 5.396 5.245 6.043 5.818 6.681 6.021 6.047 4.786 3.977 
3.388 2.851 2.282 2.281 1.935 2.24 2.303 1.76 1.934 1.793 
2.127 2.41 2.759 2.72 2.814 2.903 3.328 3.692 4.203 4.109 
5.313 5.948 7.168 8.015 8.648 9.496 10.207 11.082 12.027 13.287 
12.628 11.043 9.966 9.489 10.91 11.695 10.161 8.298 6.669 4.86 
3.82 3.801 3.429 3.798 4.627 5.713 7.444 7.099 7.252 7.349 
7.272 7.743 7.426 8.339 8.794 9.895 9.716 9.506 10.251 10.903 
11.689 15.0 14.105 14.584 15.0 15.0 15.0 15.0 15.0 15.0 
14.469 14.857 14.239 12.898 13.463 12.045 12.623 13.06 12.513 12.255 
11.989 11.098 9.104 7.911 5.972 4.596 3.976 3.553 3.397 3.685 
4.624 5.681 6.747 7.069 7.815 7.112 7.269 7.925 8.541 9.786 
11.83 12.873 15.0 15.0 15.0 15.0 15.0 15.0 15.0 15.0 
15.0 15.0 14.224 12.845 13.337 11.71 12.53 12.671 15.0 15.0 
15.0 15.0 15.0 15.0 15.0 15.0 15.0 15.0 13.181 10.465 
9.513 7.668 6.347 6.82 7.892 6.767 9.403 9.209 11.288 11.16 
11.705 13.109 15.0 15.0 15.0 15.0 15.0 15.0 15.0 15.0 
15.0 15.0 15.0 15.0 15.0 15.0 15.0 15.0 15.0 15.0 
15.0 15.0 15.0 15.0 15.0 15.0 15.0 14.304 12.044 12.331 
11.148 10.8 11.204 10.51 12.611 13.92 13.683 12.585 12.069 12.509 
10.813 8.79 6.641 5.687 4.203 4.254 4.774 4.751 4.704 6.373 
7.471 8.463 9.684 9.328 11.099 13.341 15.0 15.0 15.0 15.0 
15.0 15.0 15.0 15.0 15.0 15.0 15.0 15.0 15.0 15.0 
15.0 15.0 15.0 15.0 14.988 15.0 12.912 11.127 8.705 9.201 
6.908 5.524 4.124 3.537 3.855 4.569 5.606 8.172 8.669 8.967 
7.565 6.414 6.076 4.921 5.313 5.619 7.801 10.237 12.075 14.296 
13.254 14.405 13.437 14.252 12.328 15.0 15.0 15.0 15.0 15.0 
14.079 15.0 14.103 13.725 13.895 13.218 14.294 13.106 14.894 12.512 
12.88 11.484 9.565 8.1 7.636 8.052 7.709 7.053 7.927 7.953 
9.801 7.745 7.427 6.403 5.691 6.191 6.629 8.691 9.95 12.097 
13.407 15.0 15.0 15.0 15.0 15.0 15.0 15.0 15.0 15.0 
15.0 14.045 9.432 5.852 4.277 3.33 3.48 3.03 3.227 3.489 
3.063 3.205 3.172 3.845 4.004 4.26 4.501 4.142 5.464 6.651 
8.218 10.261 11.495 12.678 14.801 15.0 15.0 15.0 15.0 15.0 
15.0 15.0 15.0 15.0 15.0 15.0 15.0 15.0 15.0 15.0 
15.0 15.0 15.0 15.0 15.0 15.0 12.927 12.808 7.721 5.952 
4.787 4.159 4.006 3.639 4.053 4.642 4.584 4.465 5.39 5.892 
6.252 5.461 6.884 7.552 6.757 8.325 8.846 9.444 10.619 11.346 
10.401 8.665 8.179 6.782 5.831 4.159 3.283 3.196 2.671 2.945 
3.201 2.907 2.684 2.756 3.194 3.61 3.228 3.413 3.958 3.803 
3.089 3.771 3.715 3.495 3.966 4.762 5.204 5.719 5.778 5.256 
4.821 4.75 4.07 3.046 2.849 3.261 2.984 2.638 2.976 3.242 
3.26 3.005 4.217 4.228 4.107 5.258 6.29 6.516 5.738 7.479 
9.311 10.49 12.581 15.0 15.0 15.0 15.0 15.0 15.0 15.0 
15.0 15.0 15.0 15.0 15.0 15.0 15.0 15.0 15.0 15.0 
15.0 15.0 15.0 15.0 15.0 15.0 15.0 15.0 15.0 15.0 
15.0 15.0 15.0 15.0 15.0 14.493 15.0 15.0 15.0 15.0 
15.0 15.0 15.0 15.0 15.0 15.0 15.0 15.0 15.0 15.0 
15.0 15.0 15.0 
END
