PFRMAT local QA
AUTHOR LAW-CASP14
af2-standard_T1158v4_3.pdb local_accuracy_only 13.356 13.49 12.866 12.742 10.048 9.314 6.772 3.089 1.432 1.695 1.437 
3.821 6.353 6.8 9.519 8.59 9.231 8.318 6.503 7.372 2.651 
1.364 1.048 0.893 1.064 1.602 0.824 1.07 1.2 1.16 0.976 
1.471 1.406 1.252 1.385 2.045 1.587 1.39 1.03 1.085 1.004 
1.166 1.089 0.837 1.15 1.001 0.809 1.315 1.246 1.279 0.983 
0.974 0.709 0.798 1.066 0.763 0.706 0.868 0.993 0.857 0.914 
1.168 1.239 1.231 1.491 1.75 1.928 2.238 2.589 2.823 3.145 
3.601 4.649 4.746 5.433 4.19 3.894 2.526 1.898 1.347 1.684 
1.76 1.413 1.364 1.74 1.772 1.455 1.977 2.357 2.915 3.148 
2.316 4.069 4.504 2.595 4.266 5.781 3.115 2.926 4.059 3.32 
2.434 2.153 2.183 2.017 1.423 1.197 1.413 1.469 1.12 1.352 
1.454 1.163 1.024 1.294 1.252 0.931 0.982 1.163 0.905 0.907 
1.122 1.278 2.577 3.475 5.083 3.879 3.995 3.577 2.77 2.694 
2.745 2.729 2.174 2.293 2.24 1.863 1.756 2.38 2.216 1.943 
1.746 2.162 1.851 1.594 1.527 1.688 1.478 0.943 1.036 1.188 
1.113 0.719 0.877 1.011 0.774 0.615 0.742 0.744 0.655 0.578 
0.669 0.662 0.57 0.596 0.564 0.573 0.53 0.572 0.531 0.495 
0.52 0.528 0.528 0.47 0.551 0.56 0.516 0.545 0.593 0.637 
0.752 0.87 1.151 0.957 1.08 1.43 1.627 1.35 1.423 1.084 
1.233 1.178 0.91 0.896 1.207 1.044 0.809 1.318 1.195 1.051 
0.78 0.894 0.881 0.715 0.739 0.841 0.855 0.794 0.835 1.083 
0.988 1.417 1.371 1.476 1.519 1.793 1.497 1.392 1.217 1.204 
0.995 0.898 0.845 0.783 0.737 0.778 0.816 0.761 0.832 0.949 
0.961 0.82 0.875 0.828 0.848 0.754 0.842 0.857 0.94 0.892 
1.095 1.1 1.285 1.398 1.616 1.82 1.939 1.768 2.166 1.755 
1.615 1.354 1.359 1.157 1.103 0.991 0.944 0.976 0.969 0.834 
0.885 0.941 0.923 0.787 0.861 0.868 0.79 0.779 0.83 0.764 
0.733 0.717 0.766 0.748 0.689 0.793 0.839 0.746 0.77 0.886 
0.873 0.752 0.795 0.779 0.728 0.731 0.661 0.654 0.74 0.797 
0.864 1.007 0.974 0.888 0.893 0.902 0.807 0.742 0.803 0.805 
0.746 0.719 0.758 0.742 0.688 0.651 0.711 0.75 0.72 0.728 
0.793 0.824 0.909 0.946 1.024 1.051 1.132 1.257 1.343 1.408 
1.407 1.439 1.532 1.54 1.401 1.234 1.246 1.648 1.312 1.047 
1.04 1.288 1.046 0.991 1.062 1.502 1.052 1.044 1.236 1.397 
1.266 1.403 1.414 1.436 1.239 1.26 0.978 0.978 0.932 1.034 
0.954 0.985 0.854 0.996 0.979 0.889 0.934 1.078 1.11 1.076 
1.413 1.505 1.576 1.713 2.082 2.227 1.779 1.943 2.423 2.145 
1.454 2.073 1.841 1.222 1.251 1.502 1.205 1.006 1.319 1.363 
1.1 1.189 1.321 1.172 0.928 1.125 1.036 0.866 0.79 0.95 
0.839 0.847 0.803 0.981 1.902 8.149 8.666 10.392 10.86 7.395 
11.127 9.677 6.671 8.113 5.281 3.612 1.339 1.108 1.058 1.114 
1.15 1.353 1.438 1.32 1.391 1.249 1.428 1.273 1.829 2.908 
4.617 3.437 3.858 2.725 1.457 1.426 1.335 1.424 1.57 1.328 
1.286 1.107 1.084 0.86 0.963 0.89 0.898 0.863 0.783 0.778 
0.766 0.696 0.842 1.295 1.866 6.032 2.617 1.705 1.313 0.913 
0.86 1.028 0.947 0.776 0.902 0.97 0.961 0.826 1.206 0.865 
1.011 1.149 1.25 1.344 1.394 1.58 1.358 1.238 1.25 1.23 
1.447 1.045 0.808 0.665 0.715 0.766 0.809 1.22 1.28 1.833 
1.28 0.896 0.801 0.718 0.851 0.827 0.848 0.851 0.865 0.962 
0.841 0.911 1.094 1.145 1.613 1.407 2.062 1.896 2.249 1.927 
1.73 1.349 1.289 1.204 1.145 0.986 1.008 1.014 0.988 0.94 
1.041 0.992 1.088 1.176 1.094 1.095 1.3 1.377 1.116 1.277 
1.025 1.139 0.898 0.926 0.956 0.925 0.902 1.024 1.028 1.176 
1.039 1.046 1.121 1.173 1.347 1.504 1.432 1.148 1.041 1.291 
1.057 0.918 0.957 0.958 0.962 0.988 0.83 0.901 0.942 0.916 
0.825 0.71 0.68 0.565 0.587 0.599 0.731 0.779 0.908 1.107 
1.112 1.765 1.593 1.391 1.426 1.329 1.312 1.178 1.129 1.158 
1.088 0.956 0.971 1.123 1.014 1.021 0.955 1.071 1.249 1.071 
0.927 1.055 0.922 0.713 0.691 0.656 0.554 0.647 0.695 0.997 
1.611 2.511 2.452 2.885 2.297 1.971 2.281 2.005 1.382 1.149 
1.019 0.988 0.978 1.069 1.193 1.528 1.66 1.485 1.567 1.554 
1.499 1.322 1.357 1.451 1.644 1.896 5.706 5.147 6.739 10.032 
9.697 11.268 13.655 13.635 14.463 15.0 15.0 15.0 15.0 15.0 
15.0 15.0 15.0 15.0 15.0 15.0 15.0 15.0 15.0 15.0 
15.0 15.0 15.0 15.0 15.0 15.0 15.0 15.0 15.0 15.0 
15.0 15.0 15.0 11.733 11.44 5.455 8.871 9.042 8.344 7.184 
6.899 5.198 5.767 6.038 5.004 5.487 6.376 6.646 9.23 11.58 
15.0 15.0 15.0 15.0 15.0 15.0 15.0 15.0 15.0 15.0 
15.0 15.0 12.71 10.978 8.833 9.571 11.134 10.536 11.089 10.52 
9.592 8.307 5.097 5.225 3.146 2.463 1.802 1.485 1.359 1.21 
1.194 1.09 0.84 0.947 1.112 0.815 0.87 1.271 2.221 2.91 
4.331 3.551 3.287 4.945 4.809 3.327 4.479 4.672 3.09 3.088 
2.738 3.225 2.213 1.686 2.627 2.682 2.287 2.315 3.149 2.679 
2.54 2.565 2.485 2.067 1.668 2.253 2.817 1.693 4.593 5.164 
6.31 9.006 10.515 11.025 11.59 13.28 14.939 15.0 15.0 15.0 
15.0 15.0 15.0 15.0 15.0 15.0 15.0 11.394 12.795 12.18 
10.542 9.323 7.999 6.904 8.156 6.925 5.649 5.609 3.97 4.024 
2.435 4.268 4.158 2.669 2.056 2.327 2.215 1.777 1.601 2.04 
1.942 1.315 1.187 1.254 1.04 0.9 0.855 0.847 0.77 0.7 
0.722 0.705 0.666 0.626 0.637 0.637 0.591 0.62 0.629 0.634 
0.626 0.682 0.75 0.644 0.63 0.757 0.784 0.827 0.796 1.021 
0.898 0.919 1.031 1.268 1.01 1.005 0.899 0.894 0.876 0.814 
0.727 0.755 0.811 0.703 0.729 0.795 0.793 0.749 0.796 0.842 
0.814 0.785 0.863 0.865 0.864 0.805 0.809 0.775 0.679 0.709 
0.634 0.638 0.589 0.721 0.613 0.605 0.757 0.774 0.679 0.795 
1.031 0.883 0.921 1.094 1.147 1.175 1.456 1.376 1.08 1.606 
1.823 4.926 3.74 5.851 6.937 5.974 5.565 5.751 3.956 2.305 
2.187 1.896 1.483 1.169 1.297 1.173 0.915 0.935 1.008 0.906 
0.754 0.874 0.943 0.857 0.727 0.792 0.772 0.59 0.659 0.741 
0.679 0.624 0.937 0.959 0.64 0.692 0.812 0.679 0.581 0.642 
0.647 0.575 0.55 0.686 0.648 0.61 0.57 0.703 0.613 0.581 
0.632 0.702 0.636 0.689 0.68 0.678 0.821 0.822 0.833 1.051 
1.012 0.871 0.797 0.866 0.764 0.561 0.621 0.645 0.574 0.558 
0.572 0.549 0.521 0.514 0.569 0.521 0.51 0.481 0.508 0.539 
0.522 0.552 0.573 0.569 0.56 0.597 0.59 0.605 0.632 0.608 
0.654 0.741 0.746 0.856 0.804 0.956 1.053 1.281 1.195 1.463 
1.826 1.499 1.802 2.082 2.05 1.666 1.868 1.867 1.539 1.284 
1.479 1.23 1.031 0.902 0.876 1.03 0.981 0.896 0.942 1.12 
0.972 1.089 1.067 1.028 0.967 1.029 0.963 0.823 0.849 0.842 
0.74 0.695 0.778 0.747 0.641 0.8 0.929 0.777 0.966 1.352 
1.315 1.096 2.084 2.339 1.464 1.778 2.734 1.632 1.228 1.988 
1.439 0.94 1.021 1.297 0.944 0.854 1.244 1.204 1.195 1.174 
1.055 1.267 1.285 1.183 1.799 3.338 5.484 4.28 3.194 2.065 
2.234 1.873 1.412 1.064 0.779 0.8 0.729 0.647 0.65 0.65 
0.69 0.748 0.791 0.992 0.903 1.209 1.168 1.73 1.764 4.307 
6.919 7.155 5.31 3.741 1.815 1.607 1.168 1.191 1.209 1.01 
0.924 0.776 0.757 0.617 0.681 0.663 0.67 0.561 0.545 0.542 
0.621 0.598 0.706 0.972 1.606 2.476 1.633 1.197 1.004 0.845 
0.932 1.099 0.875 0.765 0.798 0.834 0.746 0.678 0.796 0.783 
0.97 0.936 0.984 0.991 0.969 0.832 0.76 0.745 0.757 0.771 
0.894 0.956 1.032 1.0 1.632 1.685 2.011 1.976 0.983 0.846 
1.075 0.775 0.661 0.659 0.683 0.618 0.654 0.604 0.693 0.842 
1.076 1.615 1.397 1.397 1.409 1.132 1.25 1.735 1.862 2.212 
1.625 1.604 1.537 1.285 1.478 1.15 1.593 1.874 2.318 1.659 
1.842 1.388 1.346 1.266 1.197 1.172 1.142 1.073 1.074 1.163 
1.14 1.134 1.24 1.287 1.283 1.609 1.974 1.73 2.033 2.489 
2.792 3.084 2.664 2.466 2.39 2.711 2.441 2.397 1.737 1.839 
1.323 1.381 1.643 2.545 4.206 3.23 3.593 2.976 2.35 1.571 
1.466 1.172 1.132 1.069 0.925 0.941 0.987 0.989 0.803 0.981 
0.996 0.911 0.922 0.752 0.691 0.55 0.565 0.525 0.581 0.677 
0.871 1.075 1.43 1.854 2.681 2.828 3.203 3.202 2.55 2.247 
1.865 1.792 1.454 1.218 1.283 1.291 1.159 1.149 1.173 1.2 
1.162 0.816 1.036 0.846 0.627 0.581 0.487 0.514 0.571 0.615 
0.839 1.241 1.753 1.446 1.721 1.445 0.882 1.271 1.487 0.801 
0.724 0.661 0.716 0.697 0.78 0.823 0.935 1.075 1.041 1.035 
0.93 0.918 0.939 0.862 0.888 1.015 1.14 2.069 1.519 1.461 
2.234 2.559 3.286 4.865 4.991 3.081 2.787 2.462 3.931 5.341 
4.997 4.489 6.687 7.158 8.263 10.971 11.548 10.798 9.2 8.585 
9.194 8.783 4.235 4.729 6.544 4.228 3.11 5.42 7.248 5.291 
3.987 8.354 8.829 8.743 10.055 12.588 13.313 15.0 15.0 15.0 
15.0 15.0 15.0 15.0 15.0 15.0 15.0 15.0 15.0 15.0 
15.0 15.0 15.0 15.0 15.0 15.0 15.0 15.0 15.0 15.0 
15.0 15.0 15.0 15.0 15.0 15.0 15.0 15.0 15.0 15.0 
15.0 15.0 15.0 15.0 15.0 15.0 15.0 15.0 15.0 
END
