PFRMAT local QA
AUTHOR MASS-CASP14
af2-standard_T1158v4_3.pdb local_accuracy_only 12.368 11.602 9.44 7.036 5.652 5.523 3.581 2.477 1.838 1.868 1.601 
1.964 1.928 3.001 3.381 4.397 4.504 4.524 4.754 4.378 3.988 
3.563 3.449 3.102 2.996 2.627 2.628 2.863 2.946 2.429 2.488 
2.735 3.3 3.73 4.918 4.77 5.091 4.776 4.225 4.87 5.253 
5.012 4.057 3.659 3.572 3.688 3.585 3.684 5.476 5.506 5.95 
4.391 3.433 3.197 2.364 1.794 1.71 1.91 2.033 1.839 2.178 
2.522 2.487 2.278 2.589 2.869 3.12 2.827 3.116 3.431 3.592 
4.174 4.353 5.301 5.125 4.709 4.497 3.767 2.988 2.549 2.581 
2.361 2.575 2.295 2.587 3.085 3.074 3.572 4.498 5.321 5.239 
4.418 5.21 4.458 4.829 4.846 5.1 4.479 4.621 4.626 4.49 
4.15 3.727 2.811 2.464 2.394 2.156 1.671 1.544 1.585 1.387 
1.232 1.35 1.419 1.655 1.438 1.442 1.831 1.917 2.069 2.359 
2.812 2.942 3.579 3.612 3.993 3.493 3.3 3.136 2.786 2.534 
2.911 2.797 2.548 2.825 2.767 2.613 2.666 2.907 2.975 2.541 
2.576 2.665 2.487 2.468 2.443 2.532 2.568 2.462 2.334 2.172 
2.342 2.467 2.025 2.265 2.264 2.208 1.923 1.707 1.62 1.52 
1.545 1.335 1.432 1.394 1.319 1.307 1.238 1.269 1.099 1.1 
1.178 1.307 1.105 1.239 1.545 1.413 1.288 1.308 1.239 1.196 
1.275 1.634 1.88 2.283 2.42 3.668 4.292 4.467 4.892 5.296 
4.688 3.183 2.503 2.779 2.704 2.206 2.093 2.248 2.844 2.303 
2.08 2.462 2.549 2.216 3.04 3.041 2.923 3.502 3.47 4.218 
4.351 3.865 3.775 3.663 3.703 3.601 3.189 3.09 2.757 2.348 
2.466 2.565 2.287 2.418 2.344 2.79 2.642 2.331 2.457 3.096 
3.098 3.126 3.564 4.27 3.893 4.323 4.343 5.431 4.738 5.228 
5.075 5.032 5.134 5.555 5.667 6.182 6.178 6.435 5.926 5.756 
4.948 4.564 3.848 3.917 3.31 3.217 3.119 3.535 3.617 2.996 
3.105 4.832 4.603 4.391 4.313 4.672 3.824 3.859 3.284 2.713 
2.562 2.141 2.261 2.654 2.313 2.565 2.448 2.244 2.097 2.545 
2.626 2.008 2.27 2.055 2.115 2.281 2.405 2.888 3.155 2.957 
2.842 2.741 2.086 1.816 2.033 2.158 2.322 1.877 2.678 3.113 
2.658 2.453 2.434 2.637 2.449 1.889 1.967 2.546 2.276 1.838 
2.114 2.635 2.614 2.53 2.176 2.612 3.288 3.164 2.92 2.999 
3.292 3.096 3.698 3.781 3.472 3.641 3.786 3.707 3.55 3.535 
4.057 4.317 4.31 4.067 3.924 3.981 3.623 3.867 4.174 4.021 
3.796 3.003 3.154 2.948 2.429 2.473 2.503 2.15 1.996 1.717 
1.854 1.871 1.923 2.126 1.91 1.892 2.289 2.752 3.111 2.61 
2.512 2.573 2.787 2.708 3.235 3.517 3.369 3.319 3.843 3.261 
2.681 2.708 2.655 2.567 2.179 2.251 2.547 2.182 2.622 2.266 
2.302 2.357 2.287 2.208 1.781 1.984 2.042 1.853 1.838 1.881 
2.08 2.297 2.404 2.632 3.454 4.426 4.771 4.89 5.834 7.247 
8.197 8.186 7.872 8.559 6.766 4.725 3.244 2.189 1.615 1.267 
1.42 1.532 1.567 1.529 1.773 1.858 2.51 3.019 3.832 4.721 
4.879 4.053 4.263 3.518 2.821 2.326 2.041 2.129 1.909 1.926 
1.69 1.562 1.422 1.306 1.419 1.74 1.643 1.476 1.283 1.143 
1.119 1.072 1.038 1.255 1.62 1.916 2.19 2.107 2.089 1.94 
2.16 2.07 1.757 1.6 1.672 1.827 1.857 1.601 1.861 1.966 
1.936 2.273 2.606 2.635 2.55 2.201 1.873 1.557 1.411 1.558 
1.514 1.55 1.398 1.384 1.397 1.591 1.876 2.445 3.154 3.387 
2.85 2.456 2.207 1.981 1.78 1.398 1.244 1.102 1.222 1.353 
1.426 1.46 1.653 1.853 2.413 3.303 3.596 3.338 3.298 3.401 
3.304 2.428 2.344 2.382 2.192 2.013 1.733 1.971 2.369 2.103 
2.475 2.637 3.325 3.663 3.436 2.897 2.93 3.127 2.872 3.229 
2.979 2.604 2.391 2.044 1.963 1.877 1.889 2.153 2.654 2.863 
2.682 2.209 2.132 1.793 1.747 2.064 2.345 2.244 2.057 2.021 
2.058 1.798 1.771 1.936 2.04 2.042 2.148 2.07 1.944 2.389 
2.033 1.803 1.439 1.125 1.032 1.067 1.147 1.391 1.481 1.766 
1.767 2.19 2.703 2.351 2.319 2.481 2.282 1.88 1.921 2.243 
1.886 1.8 1.815 2.188 2.148 2.157 2.304 2.338 2.6 2.524 
2.116 2.256 2.357 1.964 1.641 1.578 1.534 1.545 1.778 2.258 
2.743 2.867 3.065 2.949 2.749 2.551 2.589 2.752 2.198 1.971 
1.598 1.452 1.333 1.258 1.348 1.735 1.846 1.629 1.743 1.595 
1.634 1.598 1.791 1.631 1.724 1.954 2.681 2.817 2.57 2.652 
2.941 2.734 2.798 2.649 2.14 2.148 2.183 2.153 2.282 2.276 
3.236 4.601 6.23 6.431 7.706 8.162 7.69 8.972 8.49 7.918 
9.85 10.494 10.875 10.581 11.512 12.373 13.577 13.736 15.0 15.0 
15.0 15.0 15.0 15.0 15.0 14.653 14.818 11.763 15.0 12.762 
15.0 15.0 15.0 15.0 15.0 14.767 15.0 14.782 15.0 15.0 
15.0 15.0 15.0 15.0 15.0 15.0 15.0 15.0 15.0 15.0 
11.448 12.937 9.82 8.975 10.964 9.292 10.484 10.223 10.653 10.074 
10.079 8.289 6.52 5.622 3.373 2.901 2.781 2.252 1.837 1.747 
2.163 2.32 2.378 2.977 3.457 4.32 6.197 6.857 7.185 8.25 
8.741 8.098 6.635 7.094 7.087 7.333 6.337 6.335 5.943 5.102 
4.698 4.331 4.051 3.33 2.695 2.23 2.438 2.067 2.137 2.257 
2.319 2.384 2.173 2.477 2.32 2.727 2.095 2.502 2.812 3.765 
4.004 4.672 5.521 6.103 7.258 10.19 12.818 14.492 15.0 15.0 
15.0 14.548 15.0 9.167 5.945 4.678 3.781 3.091 2.297 2.58 
2.139 2.191 1.76 2.203 2.255 2.347 2.341 2.576 3.002 2.641 
2.831 2.866 3.064 3.2 2.84 2.765 3.378 3.895 3.857 3.508 
3.5 3.408 3.597 3.618 3.303 3.468 3.684 3.022 2.714 3.05 
2.684 2.238 1.857 1.916 1.585 1.362 1.32 1.655 1.646 1.474 
1.444 1.705 1.628 1.572 1.682 2.031 2.523 2.494 2.41 2.371 
2.454 2.313 2.236 2.37 2.653 2.341 1.929 2.175 1.859 1.578 
1.548 1.787 1.779 1.859 1.746 2.02 1.936 1.553 1.939 1.922 
1.621 2.018 2.074 1.831 1.713 1.872 1.859 1.584 1.477 1.799 
1.738 1.543 1.7 1.628 1.574 1.545 1.678 1.759 1.823 1.749 
2.299 2.246 2.44 2.667 2.912 2.903 2.976 3.043 3.205 3.137 
4.04 4.166 4.134 4.728 5.04 5.247 5.091 4.997 4.679 3.809 
4.633 4.134 3.644 4.18 4.778 4.391 3.545 4.072 3.898 3.814 
3.458 3.336 3.516 3.028 2.698 2.888 2.702 2.135 2.225 2.623 
2.673 3.254 4.078 4.276 4.377 4.205 5.161 4.413 2.769 2.326 
2.443 2.279 2.004 2.053 2.537 2.72 2.337 2.541 2.982 2.769 
3.223 2.825 2.546 2.636 2.848 2.844 2.851 2.341 2.543 2.672 
2.326 1.972 2.251 2.459 2.278 2.223 2.853 2.529 2.641 2.571 
2.501 2.14 2.162 2.343 2.721 2.805 2.96 3.214 3.172 3.217 
3.054 3.152 2.852 2.978 2.665 2.508 2.229 2.534 2.424 2.107 
1.97 1.97 1.881 1.989 2.016 2.247 2.415 2.428 2.45 2.403 
2.608 2.53 2.289 2.282 2.433 2.448 2.428 2.682 2.969 3.126 
3.043 2.537 2.256 2.091 2.23 2.564 2.38 1.979 2.371 2.283 
2.576 2.19 2.116 2.278 2.189 2.039 2.37 2.201 2.307 2.653 
2.146 2.064 2.116 2.169 2.066 1.938 2.369 2.483 2.585 2.78 
2.696 2.211 2.606 2.987 2.93 2.976 3.021 3.605 3.424 3.826 
3.579 3.259 3.129 3.187 3.281 3.784 4.11 3.662 3.957 3.237 
3.333 3.311 3.254 3.094 3.023 3.399 3.682 3.655 3.373 3.017 
2.853 3.098 2.766 2.509 2.324 2.499 2.12 1.851 1.515 1.249 
1.211 1.203 1.462 1.526 1.71 1.584 1.806 2.212 3.024 3.091 
4.056 4.273 4.691 4.505 3.668 3.496 3.007 2.868 2.494 2.389 
2.357 2.378 2.511 2.25 2.397 3.146 3.106 2.65 2.09 2.154 
1.994 2.16 1.969 2.108 2.289 2.843 2.747 2.54 2.324 2.092 
2.053 1.849 1.63 1.386 1.542 1.854 1.791 1.66 1.561 1.653 
1.849 1.898 1.708 1.696 1.687 1.52 1.211 1.316 1.294 1.505 
2.067 2.081 2.059 2.423 3.154 4.14 3.123 2.829 2.344 2.566 
2.371 2.238 2.1 2.035 1.811 1.551 1.404 1.381 1.297 1.764 
2.298 2.958 2.861 2.446 2.25 2.372 2.343 2.207 1.992 1.672 
1.496 1.639 1.266 1.036 1.207 1.506 1.83 2.196 2.709 2.549 
2.512 2.355 2.532 2.232 1.736 1.875 1.955 2.108 1.914 2.114 
2.239 2.201 2.255 2.356 2.672 3.109 3.274 2.711 2.967 3.467 
3.902 4.104 4.132 4.637 4.343 4.731 4.951 5.156 3.847 4.519 
4.692 4.835 4.131 3.985 3.695 2.794 2.303 2.281 2.346 2.121 
1.986 2.192 2.084 1.938 2.006 2.137 2.203 2.314 2.57 2.293 
2.428 2.94 3.121 2.571 2.29 1.816 1.443 1.517 1.6 1.863 
2.051 2.297 2.627 2.838 3.147 2.617 2.471 2.926 3.121 2.923 
2.557 2.902 2.314 2.064 2.07 2.347 2.382 1.872 2.473 3.203 
3.01 2.813 3.167 3.201 2.463 2.05 1.923 1.748 1.695 1.671 
2.124 2.213 2.273 2.12 2.031 2.087 1.818 1.894 2.075 2.006 
1.776 1.352 1.204 1.195 1.214 1.356 1.805 1.855 1.499 1.487 
1.359 1.439 1.274 1.337 1.56 1.582 1.631 1.769 2.124 1.901 
2.322 3.145 3.328 4.033 3.897 3.155 3.116 3.065 3.169 3.734 
3.934 3.875 4.616 5.784 5.354 6.017 5.989 6.53 4.715 4.559 
4.925 4.476 3.617 3.911 4.135 4.015 3.571 3.827 4.329 4.502 
4.196 5.135 5.512 6.834 6.49 7.301 8.317 7.761 9.304 9.559 
10.8 12.291 14.264 14.4 14.992 14.562 15.0 14.348 15.0 14.074 
15.0 15.0 15.0 15.0 15.0 15.0 15.0 15.0 15.0 15.0 
15.0 15.0 15.0 15.0 14.856 15.0 14.584 11.642 12.651 11.569 
13.079 15.0 15.0 15.0 15.0 15.0 15.0 15.0 15.0 
END
