PFRMAT local QA
AUTHOR LAW-CASP14
af2-standard_T1193_5.pdb local_accuracy_only 15.0 15.0 15.0 15.0 15.0 15.0 15.0 15.0 15.0 15.0 15.0 
15.0 15.0 15.0 15.0 15.0 15.0 15.0 15.0 15.0 15.0 
15.0 15.0 15.0 15.0 15.0 15.0 15.0 15.0 15.0 15.0 
15.0 15.0 15.0 15.0 15.0 14.117 12.574 10.512 8.236 5.974 
3.862 2.108 0.942 0.807 0.829 1.44 1.352 2.138 1.7 1.025 
1.276 1.809 1.148 1.712 2.115 2.108 1.596 0.867 1.12 0.983 
0.641 0.7 0.78 0.655 0.619 0.704 0.67 0.563 0.597 0.603 
0.594 0.609 0.6 0.603 0.701 0.715 0.642 0.706 0.724 0.685 
0.715 0.707 0.675 0.704 0.661 0.643 0.68 0.74 0.771 0.785 
0.902 1.258 1.68 3.115 3.225 7.258 9.212 10.569 12.12 14.429 
15.0 15.0 15.0 15.0 15.0 15.0 15.0 15.0 15.0 15.0 
13.793 11.09 7.402 6.498 3.554 2.019 1.246 0.928 0.976 0.953 
0.826 0.855 0.913 0.894 0.787 0.911 0.877 0.821 0.813 0.844 
0.755 0.71 0.697 0.615 0.569 0.572 0.532 0.481 0.488 0.486 
0.474 0.457 0.498 0.458 0.468 0.469 0.488 0.456 0.489 0.534 
0.463 0.517 0.5 0.551 0.473 0.569 0.57 0.521 0.504 0.585 
0.525 0.465 0.493 0.507 0.506 0.454 0.483 0.576 0.624 0.631 
0.589 0.714 0.708 0.737 0.853 0.917 0.95 1.116 0.978 1.19 
1.089 0.854 0.78 0.82 0.628 0.559 0.657 0.626 0.522 0.485 
0.575 0.557 0.47 0.519 0.589 0.609 0.534 0.543 0.519 0.638 
0.557 0.563 0.538 0.571 0.523 0.53 0.57 0.524 0.533 0.568 
0.55 0.51 0.549 0.581 0.562 0.567 0.596 0.693 0.692 0.722 
0.748 0.778 0.835 0.821 0.855 0.749 0.779 0.796 0.791 0.827 
0.838 0.851 0.95 0.965 0.922 0.826 0.994 0.898 0.821 0.802 
0.913 0.827 0.739 0.857 0.883 0.715 0.736 0.84 0.83 0.671 
0.804 0.83 0.771 0.701 0.777 0.761 0.655 0.665 0.71 0.683 
0.574 0.651 0.656 0.59 0.53 0.683 0.635 0.523 0.582 0.642 
0.553 0.477 0.499 0.464 0.432 0.438 0.457 0.458 0.474 0.491 
0.497 0.599 0.614 0.578 0.555 0.68 0.639 0.556 0.614 0.715 
0.65 0.566 0.674 0.665 0.665 0.584 0.618 0.583 0.626 0.552 
0.596 0.612 0.581 0.57 0.649 0.617 0.615 0.643 0.719 0.677 
0.688 0.721 0.729 0.705 0.741 0.744 0.75 0.765 0.812 0.845 
0.829 0.965 0.977 0.869 0.909 0.979 1.027 0.974 1.083 1.1 
1.104 1.023 1.265 1.188 1.394 1.389 0.915 0.911 0.791 0.706 
0.743 0.809 0.71 0.69 0.678 0.666 0.658 0.637 0.676 0.764 
0.687 0.683 0.855 1.027 0.842 0.962 1.473 1.471 1.299 2.112 
1.981 1.051 1.165 1.304 0.875 0.675 0.712 0.604 0.538 0.646 
0.637 0.507 0.501 0.571 0.543 0.491 0.544 0.647 0.552 0.538 
0.877 0.867 1.201 0.766 0.855 0.669 0.742 0.732 0.792 0.916 
0.948 0.915 0.938 0.934 0.992 1.023 1.155 1.049 0.785 0.73 
0.579 0.578 0.543 0.595 0.625 0.671 0.742 0.674 0.715 0.721 
0.962 0.956 0.959 1.072 1.355 1.293 1.531 1.24 0.914 0.696 
0.658 0.69 0.706 0.646 0.705 0.634 0.618 0.513 0.556 0.574 
0.726 0.51 0.528 0.457 0.508 0.455 0.506 0.599 0.638 0.67 
0.622 0.585 0.571 0.493 0.558 0.573 0.558 0.506 0.554 0.558 
0.542 0.553 0.613 0.573 0.613 0.717 0.679 0.812 0.741 0.717 
0.698 0.576 0.643 0.639 0.668 0.737 0.789 0.738 0.665 0.785 
0.838 0.821 0.849 0.788 0.757 0.789 0.682 0.651 0.694 0.684 
0.591 0.663 0.651 0.7 1.184 1.829 2.762 0.858 0.759 0.757 
0.757 0.888 0.698 0.687 0.627 0.642 0.581 0.591 0.56 0.631 
0.6 0.671 0.689 0.731 0.8 0.766 0.95 0.92 1.105 0.907 
0.713 0.867 0.876 0.706 0.682 0.777 0.83 0.717 0.833 0.692 
0.758 0.852 0.775 0.769 0.946 1.054 0.972 1.31 1.028 0.936 
0.718 0.784 0.901 0.869 1.044 1.262 1.17 1.104 1.156 2.911 
4.354 2.419 4.897 4.228 2.351 0.917 0.803 0.836 0.674 0.561 
0.608 0.621 0.619 0.619 0.685 0.701 0.699 0.778 0.802 0.671 
0.628 0.499 0.547 0.503 0.556 0.647 0.814 1.4 1.85 1.862 
4.994 6.417 7.793 8.616 6.179 3.236 2.76 2.635 1.652 1.139 
1.456 1.378 0.995 1.012 1.333 1.266 0.996 0.923 1.864 1.615 
0.68 0.556 0.491 0.417 0.452 0.481 0.787 0.889 1.251 1.363 
1.87 1.471 0.957 1.486 1.492 0.747 0.638 0.535 0.522 0.501 
0.573 0.538 0.654 0.622 0.6 0.646 0.611 0.628 0.654 0.624 
0.634 0.727 0.827 1.247 1.069 0.912 1.274 1.709 1.489 1.251 
1.046 0.777 0.785 1.259 1.396 1.541 2.409 5.035 7.142 8.873 
10.69 12.183 12.462 11.984 13.729 14.752 14.298 15.0 15.0 15.0 
15.0 15.0 15.0 15.0 15.0 15.0 15.0 15.0 15.0 15.0 
15.0 15.0 15.0 15.0 15.0 15.0 15.0 15.0 15.0 15.0 
15.0 15.0 15.0 15.0 15.0 15.0 15.0 15.0 15.0 15.0 
15.0 15.0 15.0 15.0 15.0 15.0 15.0 15.0 15.0 15.0 
15.0 15.0 15.0 15.0 15.0 15.0 15.0 15.0 15.0 15.0 
15.0 15.0 15.0 14.782 11.955 8.597 8.752 6.083 2.6 1.336 
1.063 1.046 1.323 1.301 1.678 1.652 1.494 1.764 2.153 2.095 
2.641 3.047 3.462 2.683 2.959 2.049 1.16 1.125 1.406 0.932 
0.762 0.833 0.857 0.672 0.681 0.761 0.745 0.77 0.789 0.871 
0.889 1.001 0.929 1.15 1.017 0.994 1.016 1.004 0.91 0.874 
0.871 0.885 0.82 0.833 0.897 0.907 1.102 1.448 1.769 1.771 
1.692 1.665 1.552 1.209 1.186 1.166 1.046 1.024 1.107 1.009 
0.958 0.98 0.974 0.921 0.879 0.883 0.918 0.826 0.775 0.827 
0.725 0.712 0.652 0.644 0.612 0.598 0.585 0.601 0.602 0.599 
0.55 0.631 0.672 0.625 0.585 0.684 0.677 0.562 0.527 0.571 
0.525 0.515 0.557 0.498 0.534 0.524 0.621 0.518 0.486 0.515 
0.579 0.442 0.461 0.524 0.562 0.586 0.592 0.8 0.636 0.649 
0.845 0.948 0.866 0.919 0.734 0.774 0.702 0.772 0.741 0.641 
0.642 0.603 0.552 0.498 0.552 0.529 0.524 0.506 0.543 0.611 
0.585 0.639 0.791 0.815 0.876 0.822 0.816 0.889 0.801 0.718 
0.737 0.763 0.705 0.731 0.807 0.813 0.785 0.85 0.91 0.891 
0.87 0.926 0.979 0.936 0.848 0.905 0.91 0.923 0.981 0.977 
0.992 1.002 0.91 0.881 0.9 0.914 0.905 0.995 1.193 1.015 
1.154 1.234 1.236 1.085 1.302 1.246 1.099 1.167 1.286 1.091 
0.988 1.163 1.187 1.041 1.075 1.316 1.472 1.196 1.422 1.431 
1.287 0.999 0.964 0.9 0.837 0.733 0.708 0.701 0.605 0.619 
0.625 0.537 0.505 0.575 0.595 0.52 0.571 0.709 0.58 0.516 
0.538 0.528 0.507 0.54 0.542 0.516 0.592 0.539 0.554 0.631 
0.615 0.52 0.585 0.653 0.641 0.606 0.743 0.778 0.811 0.743 
0.95 1.017 0.927 0.761 0.975 0.922 0.76 0.662 0.762 0.726 
0.529 0.593 0.651 0.613 0.552 0.64 0.788 0.65 0.658 0.744 
0.911 0.726 0.731 0.828 0.855 0.833 0.884 0.929 0.973 0.98 
1.058 0.99 1.026 1.148 1.09 1.061 0.989 1.079 1.011 0.986 
1.06 1.126 1.054 1.027 1.022 0.892 0.859 0.835 0.907 0.876 
0.83 0.891 0.898 0.94 0.984 0.899 0.968 1.073 1.052 1.006 
1.238 1.232 1.081 1.281 1.93 1.894 2.303 3.059 3.15 2.524 
2.931 2.267 1.527 1.317 1.267 0.921 0.747 0.837 0.752 0.599 
0.613 0.779 0.664 0.557 0.764 0.965 0.708 0.798 1.595 1.306 
1.809 0.751 1.037 0.61 0.757 0.577 0.768 0.963 1.238 1.256 
1.232 1.495 1.887 5.949 6.846 7.486 3.797 1.51 0.774 0.682 
0.647 0.671 0.768 0.845 1.063 0.866 0.997 0.981 2.671 1.901 
2.641 3.006 5.296 5.697 6.509 3.999 1.256 0.791 0.722 0.767 
0.873 0.773 0.778 0.67 0.654 0.534 0.636 0.687 0.697 0.549 
0.556 0.486 0.516 0.452 0.494 0.577 0.661 0.741 0.674 0.564 
0.555 0.505 0.608 0.623 0.622 0.565 0.641 0.639 0.63 0.601 
0.656 0.618 0.639 0.789 0.828 1.289 1.044 1.013 0.888 0.704 
0.727 0.741 0.853 0.767 0.788 0.782 0.716 0.764 0.855 0.87 
0.953 0.789 0.677 0.721 0.695 0.546 0.639 0.662 0.62 0.663 
0.633 0.669 0.945 1.172 1.223 0.875 0.748 0.768 0.696 0.786 
0.631 0.703 0.679 0.669 0.61 0.637 0.613 0.701 0.6 0.696 
0.786 0.726 1.405 1.233 1.407 0.94 1.08 0.919 1.006 0.894 
0.741 0.837 0.824 0.704 0.694 0.781 0.778 0.738 0.895 0.762 
0.878 1.081 1.098 0.989 1.337 1.598 1.271 1.727 1.259 1.392 
0.853 0.849 0.921 0.761 0.771 0.791 0.827 0.845 0.79 0.898 
0.864 0.873 0.971 1.326 1.138 0.873 0.747 0.78 0.758 0.647 
0.656 0.67 0.669 0.709 0.698 0.723 0.735 0.801 0.754 0.667 
0.72 0.564 0.576 0.529 0.535 0.658 0.764 0.833 1.252 1.527 
2.38 2.087 2.391 2.23 1.866 1.566 1.461 1.376 1.18 0.961 
1.095 0.989 0.852 0.817 0.928 0.876 0.772 0.795 0.959 0.953 
0.666 0.613 0.507 0.444 0.467 0.49 0.782 0.974 1.616 1.35 
2.009 1.469 0.966 1.273 1.43 0.728 0.653 0.552 0.512 0.472 
0.493 0.478 0.556 0.562 0.567 0.573 0.543 0.521 0.597 0.588 
0.664 0.735 0.799 1.048 1.142 1.006 1.611 1.98 2.21 1.942 
1.518 1.018 0.994 2.07 1.638 1.327 1.692 2.662 2.706 2.994 
7.79 10.036 11.641 14.411 15.0 15.0 
END
