PFRMAT local QA
AUTHOR MASS-CASP14
af2-standard_T1193_5.pdb local_accuracy_only 8.419 7.655 9.009 8.231 11.621 11.952 14.44 14.248 15.0 15.0 15.0 
15.0 15.0 15.0 15.0 15.0 15.0 15.0 15.0 15.0 15.0 
15.0 15.0 11.588 15.0 12.975 15.0 13.329 15.0 15.0 15.0 
15.0 15.0 15.0 15.0 15.0 15.0 15.0 15.0 13.01 11.683 
9.023 8.294 6.07 5.139 4.394 4.03 4.307 3.944 3.158 2.673 
2.85 2.737 2.588 3.073 2.717 3.068 3.013 2.75 2.618 3.377 
3.196 3.179 3.377 3.81 3.648 3.789 3.573 3.701 3.462 3.875 
3.25 3.28 2.829 2.789 2.503 2.87 2.472 2.26 2.006 1.979 
1.861 1.719 1.605 1.637 1.627 1.356 1.545 1.597 1.743 1.583 
1.786 2.421 3.664 4.3 5.529 6.512 8.156 9.189 9.986 10.191 
11.027 11.176 11.757 15.0 15.0 15.0 15.0 15.0 15.0 15.0 
15.0 15.0 13.825 12.237 9.492 6.67 4.466 2.968 2.628 2.519 
2.016 1.773 1.969 1.63 1.692 1.938 2.021 2.08 2.514 2.418 
2.638 2.814 3.399 3.936 4.183 3.872 4.018 4.146 3.257 2.853 
2.507 2.433 2.053 2.173 1.917 1.894 1.745 1.784 2.051 1.979 
2.167 2.25 2.133 1.892 1.763 2.061 1.881 1.492 1.582 1.849 
1.784 1.552 1.676 1.786 1.788 1.467 1.628 1.91 2.105 1.735 
1.584 1.804 1.534 1.777 1.997 1.989 2.412 2.944 2.799 3.17 
2.581 2.231 2.0 1.979 1.556 1.668 1.611 1.852 1.549 1.356 
1.501 1.577 1.405 1.487 1.973 1.822 1.459 1.639 1.805 1.602 
1.373 1.454 1.474 1.363 1.413 1.533 1.532 1.622 1.595 1.704 
1.639 1.706 1.629 1.689 1.939 1.888 2.067 3.056 3.549 3.733 
3.92 4.62 4.206 3.692 3.649 3.996 3.912 3.812 3.376 3.765 
3.591 3.095 2.313 2.624 2.422 2.321 2.437 2.416 1.956 2.573 
2.694 2.506 2.467 2.987 3.09 2.784 2.695 3.266 3.245 2.742 
2.813 2.569 2.413 2.227 1.955 2.182 2.106 1.891 2.277 2.096 
2.178 2.195 2.561 2.404 2.341 2.835 2.46 2.086 2.195 2.406 
2.315 2.224 2.277 2.489 2.488 2.631 3.133 3.008 3.317 2.999 
2.472 2.428 2.356 2.304 1.73 1.928 2.131 1.88 1.895 2.032 
1.892 1.499 1.781 2.142 1.963 2.455 2.016 2.643 2.578 2.237 
2.128 2.268 2.068 1.916 1.867 2.374 2.298 2.182 2.433 2.603 
2.699 2.529 2.674 2.52 2.394 2.521 2.276 2.352 2.315 2.145 
2.408 2.604 2.514 2.551 2.675 2.434 2.152 2.414 2.352 2.516 
2.349 2.539 2.758 2.945 2.968 2.606 2.118 1.863 1.631 1.811 
1.846 1.643 1.63 1.81 1.738 1.806 1.896 1.727 1.864 1.932 
2.066 2.16 2.4 2.574 2.657 2.752 3.707 3.338 3.762 3.986 
4.753 3.839 3.256 3.229 2.166 2.141 1.957 1.938 1.689 1.666 
1.931 1.865 1.602 1.891 1.592 1.376 1.362 1.694 1.58 1.466 
2.057 2.833 3.708 4.13 4.444 4.696 4.884 3.877 3.814 3.482 
3.482 3.677 3.447 3.332 3.118 3.519 3.497 3.099 2.764 2.235 
1.987 1.636 1.39 1.098 1.065 1.349 1.536 1.304 1.266 1.322 
1.401 1.762 2.025 2.499 2.906 3.347 3.313 3.242 2.695 1.999 
1.578 2.015 2.218 2.001 1.898 1.919 1.96 1.878 1.852 2.443 
2.204 1.637 1.261 1.017 1.066 0.999 0.785 1.018 1.343 1.759 
1.855 1.513 1.747 1.901 2.201 2.218 2.03 1.772 1.718 1.72 
1.653 1.933 1.853 1.718 1.721 1.923 1.968 1.994 1.745 1.53 
1.155 1.09 1.098 1.091 1.426 1.678 2.025 1.767 1.453 1.783 
1.845 1.603 1.637 2.118 2.474 2.623 2.333 2.577 2.465 2.352 
1.748 1.783 1.87 1.826 1.981 2.632 2.826 2.838 2.499 2.226 
2.015 2.126 1.756 1.645 1.314 1.434 1.453 1.407 1.25 1.268 
1.39 1.526 2.008 2.601 2.938 2.182 2.394 2.185 2.466 2.15 
1.612 1.957 2.208 2.048 1.864 2.019 2.36 2.09 1.755 2.18 
2.43 2.739 2.611 2.269 2.308 2.659 2.638 2.76 2.639 2.091 
1.892 1.543 1.686 1.642 1.576 1.914 2.465 2.948 3.095 3.012 
3.041 2.69 2.671 3.103 2.965 2.302 2.036 1.816 1.639 1.303 
1.543 1.495 1.624 1.774 1.793 1.797 1.944 2.299 2.486 2.169 
1.841 1.599 1.477 1.623 1.663 2.04 2.173 2.497 2.902 3.339 
3.864 3.56 3.507 3.909 4.064 3.755 3.753 4.169 4.11 3.784 
3.379 3.842 3.416 3.38 3.783 4.143 3.5 3.443 4.101 3.426 
2.829 2.551 2.287 1.981 2.146 2.158 2.603 2.814 2.718 2.639 
2.498 2.647 1.896 2.12 2.403 2.045 1.634 1.12 0.913 1.052 
0.95 0.893 1.137 1.286 1.181 1.301 1.334 1.057 1.087 1.047 
1.09 1.406 1.788 2.15 2.4 2.147 2.473 2.741 3.259 3.292 
3.195 3.109 2.829 3.022 3.397 2.939 2.708 3.238 4.44 4.668 
4.627 5.209 5.597 5.883 6.487 7.853 8.165 9.744 8.785 11.518 
10.234 13.115 10.922 11.93 15.0 15.0 15.0 15.0 15.0 15.0 
15.0 15.0 15.0 15.0 15.0 15.0 15.0 15.0 15.0 15.0 
13.283 15.0 15.0 15.0 14.268 15.0 15.0 15.0 15.0 15.0 
15.0 15.0 15.0 15.0 15.0 15.0 15.0 13.799 15.0 13.701 
14.791 15.0 14.176 15.0 15.0 15.0 15.0 15.0 15.0 15.0 
15.0 15.0 15.0 15.0 15.0 15.0 14.041 13.782 11.021 9.723 
9.031 7.833 5.942 5.978 5.597 4.231 3.586 3.568 3.585 3.66 
4.292 3.956 4.041 4.336 3.774 3.593 3.019 3.3 3.036 3.091 
3.027 2.852 2.583 2.364 2.217 2.139 1.839 1.932 1.937 1.829 
1.692 1.883 1.921 1.56 1.454 1.729 1.631 1.399 1.577 1.547 
1.531 1.5 1.693 1.904 2.274 1.765 1.959 2.396 2.864 2.234 
2.479 2.252 1.781 1.516 1.751 1.589 1.429 1.538 1.649 1.576 
1.549 1.653 1.69 1.559 1.525 1.728 1.683 1.51 1.666 1.918 
1.914 1.765 1.631 1.607 1.397 1.437 1.473 1.383 1.325 1.485 
1.527 1.545 1.429 1.886 1.715 1.683 1.573 1.788 1.839 1.436 
1.387 1.368 1.36 1.26 1.236 1.43 1.62 1.561 1.479 1.543 
1.489 1.258 1.143 1.284 1.418 1.427 1.395 1.604 1.46 1.621 
2.473 2.908 3.653 3.438 2.983 2.506 2.862 2.75 2.526 2.032 
2.147 1.959 1.853 1.746 1.777 1.973 2.005 1.982 2.08 2.339 
2.207 2.594 3.606 4.093 4.584 4.285 4.16 3.394 3.23 2.739 
2.52 2.562 2.343 2.3 2.293 1.947 1.848 2.078 1.976 2.009 
2.104 2.105 2.423 2.408 2.83 3.409 4.115 4.305 4.426 5.603 
5.633 5.352 4.494 5.656 5.436 4.938 4.745 5.321 5.983 5.569 
4.972 5.853 6.261 6.107 7.031 6.46 6.929 7.573 6.192 5.969 
5.192 6.132 4.71 4.082 4.025 4.598 4.691 4.49 3.825 3.604 
3.362 3.305 2.513 2.534 2.199 1.72 1.799 2.107 1.932 2.293 
2.35 2.345 2.29 2.755 2.697 2.418 2.119 2.562 2.26 2.231 
2.123 2.387 2.194 2.628 2.609 3.113 2.81 2.946 3.332 3.775 
2.636 2.127 2.221 2.299 2.006 1.948 2.091 2.912 2.719 2.514 
3.399 3.999 4.587 3.714 4.27 4.316 3.687 2.888 2.676 2.12 
1.895 2.039 1.872 1.963 2.166 2.5 2.748 2.52 2.406 2.392 
2.196 2.017 1.794 1.981 1.967 2.2 2.298 2.104 1.758 1.794 
1.936 1.81 1.813 1.747 1.824 1.862 1.771 2.068 2.007 1.86 
2.361 2.652 2.575 2.337 2.205 2.292 2.525 2.654 2.618 2.304 
2.763 3.003 2.752 2.447 2.482 2.752 2.577 2.195 2.749 2.734 
2.564 2.525 2.433 2.359 3.305 2.96 2.914 3.385 3.381 3.047 
3.639 4.209 4.111 3.731 3.913 3.48 3.43 3.026 2.898 2.467 
2.694 2.519 2.642 2.348 2.237 2.36 2.419 2.416 2.674 3.364 
3.526 3.353 3.651 3.231 3.414 2.976 2.698 2.724 3.501 4.102 
4.291 3.819 4.224 3.837 4.248 3.575 2.993 2.28 2.003 1.79 
1.373 1.132 1.311 1.301 1.253 1.127 1.22 1.247 1.522 1.958 
2.76 3.313 3.782 4.342 4.293 4.319 3.712 2.956 2.413 2.433 
2.392 2.311 2.113 2.023 1.935 1.579 1.588 2.02 1.775 1.406 
1.241 1.076 1.131 1.066 0.927 1.1 1.47 1.829 1.98 1.751 
2.026 2.187 2.647 2.818 2.39 1.792 1.859 1.923 1.902 2.257 
2.126 1.963 1.854 1.895 1.917 1.81 1.579 1.453 1.316 1.061 
1.117 1.076 1.309 1.781 1.864 2.025 2.007 2.299 2.27 1.974 
1.947 2.198 2.539 2.635 2.319 2.155 1.858 1.732 1.386 1.423 
1.485 1.491 1.907 2.938 3.911 3.622 3.312 2.947 3.188 2.858 
2.36 2.375 1.899 1.921 1.63 1.478 1.165 1.189 1.338 1.715 
2.127 2.372 3.377 3.736 3.448 2.47 2.348 2.254 2.391 1.895 
1.563 1.71 1.986 1.871 1.725 1.637 1.859 1.922 1.769 2.015 
2.325 2.706 2.961 2.528 2.885 2.707 2.393 2.091 2.146 1.935 
1.861 1.978 2.152 2.596 2.473 2.834 3.354 3.826 4.073 4.132 
3.844 2.914 2.836 3.073 3.208 2.679 2.24 1.993 1.823 1.581 
1.682 1.632 1.816 1.834 1.934 1.9 1.987 2.832 3.191 2.785 
2.024 1.65 1.376 1.395 1.311 1.527 1.796 2.197 2.729 3.311 
4.356 3.9 4.233 5.716 5.759 5.018 4.73 4.234 3.496 2.477 
2.446 2.531 2.264 2.147 2.62 2.872 2.946 2.845 3.69 3.311 
2.579 1.889 1.79 1.711 1.76 1.671 2.247 2.51 2.639 2.8 
2.742 2.808 2.15 2.727 2.937 2.536 2.048 1.508 1.457 1.498 
1.37 1.462 1.662 1.619 1.477 1.518 1.409 1.432 1.509 1.635 
1.545 1.805 2.27 2.798 2.901 2.522 2.676 3.307 3.302 3.244 
2.569 2.086 2.074 2.098 2.442 2.187 2.421 2.759 4.143 4.422 
6.292 7.819 11.893 13.638 15.0 15.0 
END
