PFRMAT local QA
AUTHOR MASS-CASP14
af2-standard_T1146_2.pdb local_accuracy_only 15.0 15.0 15.0 15.0 15.0 15.0 15.0 15.0 15.0 15.0 15.0 
15.0 15.0 15.0 15.0 15.0 15.0 14.651 13.348 14.226 13.014 
12.59 12.269 9.637 10.242 8.153 7.821 6.263 5.815 5.231 4.539 
4.181 4.246 3.782 3.066 3.499 3.394 2.796 3.229 3.419 4.608 
5.8 4.831 4.609 4.343 4.5 3.233 3.052 2.947 2.655 1.903 
1.736 1.656 1.691 1.501 1.344 1.377 1.28 1.146 1.206 1.356 
1.438 1.347 1.322 1.321 1.329 1.261 1.207 1.408 2.095 2.339 
1.882 1.729 2.261 2.754 2.811 3.257 2.809 2.663 2.122 2.033 
1.862 2.193 1.801 1.624 1.555 1.561 1.708 1.503 1.545 1.301 
1.02 0.951 0.98 1.02 1.066 0.998 1.014 0.998 1.024 1.054 
1.039 1.087 0.946 1.057 1.046 1.18 1.252 1.386 1.617 1.566 
1.312 1.092 1.234 1.3 1.182 1.055 1.184 1.31 1.261 1.252 
1.188 1.386 1.72 1.876 1.73 1.508 1.556 1.561 1.852 1.498 
1.409 1.562 1.41 1.278 1.54 1.672 1.803 1.539 1.597 2.13 
2.541 2.552 2.525 2.095 2.034 1.87 1.853 1.54 1.38 1.44 
1.485 1.295 1.305 1.53 2.052 1.814 2.349 3.103 3.669 3.205 
2.502 2.429 2.28 2.711 2.584 2.517 2.343 2.195 2.365 2.475 
2.516 2.721 2.346 2.494 3.18 4.093 4.535 5.473 7.285 8.103 
7.5 7.083 5.795 4.751 4.041 3.646 3.304 2.892 2.644 3.048 
2.722 2.681 3.219 3.436 3.131 3.661 4.14 4.25 3.798 3.954 
4.01 3.609 3.676 3.106 2.743 2.066 1.844 1.791 1.396 1.442 
1.257 1.175 1.366 1.506 1.735 1.654 1.568 2.402 2.704 3.124 
3.074 3.356 2.54 2.316 2.531 2.199 1.57 1.612 1.55 1.382 
1.113 0.987 1.089 1.098 1.071 1.146 1.41 2.412 3.58 3.988 
4.422 4.336 4.691 5.574 4.99 4.618 5.387 5.509 4.125 2.416 
1.841 1.578 1.267 1.319 1.227 1.316 1.236 1.313 1.506 1.868 
2.55 3.205 3.101 2.121 1.321 1.131 1.164 1.09 1.143 1.251 
1.359 1.917 2.649 3.707 5.54 6.183 4.906 3.751 3.046 2.664 
2.374 2.42 2.025 1.683 2.13 2.285 2.594 2.39 3.497 4.749 
4.757 5.341 5.318 5.08 4.063 2.149 1.49 1.498 1.271 0.994 
1.061 0.98 0.976 1.015 1.118 1.427 2.134 2.908 3.821 
END
