PFRMAT local QA
AUTHOR LAW-CASP14
af2-standard_T1146_2.pdb local_accuracy_only 15.0 15.0 15.0 15.0 15.0 15.0 15.0 15.0 15.0 15.0 15.0 
15.0 15.0 15.0 15.0 15.0 15.0 15.0 15.0 15.0 15.0 
15.0 15.0 15.0 15.0 14.059 12.307 10.235 9.551 8.795 2.159 
5.976 6.896 3.851 3.645 4.515 5.054 4.504 3.363 5.6 5.936 
7.047 5.599 3.997 6.918 5.97 3.852 4.79 5.21 2.647 1.938 
1.255 1.137 1.265 1.168 0.818 0.971 1.039 0.856 0.826 1.034 
1.064 0.919 0.893 0.794 0.721 0.746 0.744 0.91 1.686 1.028 
0.788 0.756 0.942 1.141 1.648 3.303 3.555 2.872 4.268 3.46 
2.929 4.01 0.938 0.967 0.856 0.904 0.961 1.073 0.939 0.777 
0.679 0.687 0.548 0.519 0.558 0.525 0.523 0.584 0.607 0.581 
0.605 0.633 0.664 0.71 0.792 0.771 1.244 1.284 1.291 1.062 
0.93 0.78 0.81 0.9 0.748 0.716 0.841 0.914 0.773 0.78 
0.867 0.944 1.04 0.975 1.039 0.911 1.097 1.106 1.475 1.019 
0.926 0.928 0.913 0.925 0.931 1.104 1.115 0.97 0.931 0.948 
1.026 0.925 0.898 0.914 0.977 0.952 1.054 1.045 0.884 0.876 
0.819 0.838 0.954 1.151 1.255 1.217 1.46 1.943 2.509 1.709 
1.482 1.372 1.717 1.833 2.393 2.157 2.145 1.905 2.553 2.585 
3.595 3.943 3.451 3.621 4.466 4.062 4.955 6.477 5.446 4.458 
3.964 6.125 5.01 5.609 8.236 10.913 15.0 11.519 12.304 12.844 
9.306 9.146 11.265 10.826 5.616 6.986 6.961 5.46 3.838 4.307 
4.167 2.92 2.996 2.565 1.999 2.135 1.794 1.98 1.458 1.205 
0.956 1.005 0.974 0.97 1.185 1.196 1.1 1.205 1.299 1.33 
1.278 1.526 1.318 1.333 1.48 1.298 1.048 0.784 0.827 0.776 
0.647 0.544 0.567 0.588 0.659 0.753 0.969 1.611 2.297 2.028 
3.832 3.149 3.516 4.336 4.732 3.507 3.746 3.052 2.575 1.414 
1.336 0.721 0.701 0.561 0.554 0.537 0.58 0.634 0.785 1.146 
1.427 2.578 1.973 1.629 0.973 0.886 0.706 0.7 0.592 0.647 
0.812 1.344 3.431 4.14 4.758 2.49 1.851 0.767 0.754 0.853 
0.887 0.93 0.976 0.816 1.0 0.982 0.926 0.998 1.06 1.139 
1.206 1.425 2.156 2.105 2.26 1.955 1.125 1.009 0.864 0.72 
0.747 0.665 0.698 0.755 0.894 1.238 1.353 1.54 1.309 
END
