PFRMAT local QA
AUTHOR LAW-CASP14
af2-standard_T1188_3.pdb local_accuracy_only 15.0 15.0 15.0 15.0 15.0 15.0 15.0 15.0 15.0 15.0 15.0 
15.0 15.0 15.0 15.0 15.0 15.0 15.0 15.0 14.057 11.296 
4.655 4.622 1.508 1.152 0.951 0.6 0.612 0.522 0.547 0.604 
0.616 0.761 0.828 1.046 1.226 1.42 1.604 2.299 2.936 1.501 
2.135 1.973 1.331 1.389 1.155 1.246 1.175 0.98 0.855 0.751 
0.801 0.708 0.606 0.6 0.509 0.512 0.497 0.53 0.534 0.625 
0.564 0.643 0.716 0.783 0.877 0.832 0.753 0.824 0.77 0.844 
0.831 0.877 1.027 1.141 1.264 1.125 1.082 1.366 1.633 1.503 
2.22 1.999 3.768 3.26 4.738 3.864 2.451 1.95 2.026 1.687 
1.774 1.948 1.482 1.521 1.222 1.123 1.093 1.144 1.159 1.01 
1.224 1.163 1.076 0.874 1.216 1.043 0.883 0.933 0.832 0.657 
0.618 0.552 0.526 0.507 0.505 0.52 0.591 0.594 0.722 1.273 
0.836 0.813 1.201 0.969 0.797 0.911 0.939 0.84 0.715 0.823 
0.892 0.888 0.937 0.836 0.748 0.858 0.76 0.692 0.647 0.697 
0.688 0.652 0.705 0.81 0.866 0.689 0.887 1.178 1.044 1.016 
0.638 0.65 0.585 0.49 0.544 0.527 0.587 0.564 0.666 0.747 
0.693 0.888 0.883 1.258 1.316 1.84 2.172 3.847 7.258 12.019 
9.405 8.251 8.889 6.33 5.609 3.241 2.344 1.584 1.467 1.231 
0.958 0.96 0.964 0.845 0.73 0.738 0.75 0.665 0.608 0.743 
0.73 0.638 0.696 0.781 0.802 0.668 0.766 0.842 0.781 0.702 
0.878 0.897 0.863 0.939 1.04 1.04 1.12 1.175 1.026 0.984 
0.78 0.633 0.557 0.519 0.5 0.547 0.535 0.707 0.739 1.013 
1.029 1.178 0.92 0.919 1.032 0.96 0.877 0.842 0.949 1.016 
1.207 1.092 0.93 0.855 1.142 0.875 0.664 0.634 0.571 0.523 
0.525 0.523 0.585 0.648 0.668 0.641 0.703 0.786 0.853 1.441 
1.762 1.415 1.84 1.447 1.045 0.916 0.664 0.672 0.668 0.773 
0.724 0.861 1.305 1.227 2.074 3.268 2.584 3.178 2.905 2.911 
1.458 2.11 1.376 1.169 0.901 0.735 0.814 0.969 0.847 0.782 
0.882 0.927 0.891 0.94 1.024 1.08 1.03 0.893 0.835 0.929 
0.865 0.673 0.6 0.539 0.55 0.592 0.591 0.651 0.68 0.668 
0.693 0.722 0.886 0.949 1.283 1.181 1.169 1.599 1.832 2.982 
2.596 3.672 2.654 4.228 2.808 1.478 2.191 1.342 1.676 1.914 
1.735 1.905 1.393 1.586 2.673 2.797 3.274 8.343 8.475 13.5 
15.0 15.0 12.731 6.631 3.354 1.915 1.674 1.416 2.154 2.701 
2.253 4.905 5.762 7.71 12.005 14.497 11.224 12.955 9.914 10.951 
7.726 2.656 1.417 1.111 1.122 1.118 0.919 0.785 1.125 1.354 
1.461 2.172 2.437 2.148 2.412 2.956 2.952 2.262 2.762 1.907 
1.285 1.187 0.938 0.852 0.805 0.733 0.751 1.004 0.759 0.71 
0.624 0.656 0.615 0.772 0.895 1.195 1.571 1.709 1.394 1.14 
0.965 0.812 0.647 0.613 0.603 0.627 0.637 0.811 0.698 0.636 
0.726 0.853 0.753 0.679 0.864 0.952 1.02 0.888 1.271 1.446 
1.712 1.504 0.956 0.734 0.66 0.565 0.538 0.628 0.646 0.702 
0.748 0.877 0.799 0.952 1.102 1.698 1.952 3.051 2.236 2.196 
1.426 1.23 1.189 1.221 0.927 0.923 1.062 1.069 0.936 0.957 
1.448 1.195 1.043 1.475 1.734 2.289 1.955 1.625 0.935 1.106 
1.005 1.131 1.256 1.438 1.567 1.687 1.901 2.054 2.607 2.33 
1.854 1.86 1.823 3.086 6.955 10.703 15.0 15.0 15.0 15.0 
15.0 15.0 15.0 15.0 15.0 15.0 15.0 14.529 10.971 5.784 
3.483 2.816 2.615 3.192 2.508 2.714 6.869 11.98 12.112 10.632 
9.327 7.119 4.704 1.557 4.281 9.118 4.289 3.371 8.309 9.98 
9.96 10.532 9.988 8.124 7.62 8.986 11.829 11.57 2.114 1.874 
1.513 1.525 1.755 3.174 4.318 7.743 12.835 14.76 15.0 15.0 
15.0 14.544 14.622 15.0 14.775 12.74 13.56 10.201 9.468 5.401 
3.644 3.23 4.02 3.002 2.184 3.691 2.558 3.01 7.13 13.009 
13.529 14.048 15.0 15.0 15.0 15.0 13.133 12.58 8.109 8.126 
5.232 3.712 4.252 4.06 4.228 7.805 7.874 13.648 15.0 15.0 
15.0 15.0 15.0 15.0 15.0 15.0 13.366 11.195 9.373 8.316 
2.158 1.851 1.711 1.121 1.036 1.05 1.117 1.215 1.225 1.195 
2.021 3.656 1.893 1.505 1.236 1.092 1.23 1.351 1.081 0.97 
1.048 1.039 1.265 1.782 4.821 12.948 15.0 15.0 15.0 15.0 
15.0 15.0 15.0 15.0 15.0 15.0 15.0 15.0 15.0 15.0 
15.0 15.0 15.0 15.0 15.0 15.0 15.0 15.0 15.0 15.0 
15.0 15.0 15.0 15.0 15.0 15.0 15.0 15.0 15.0 
END
