PFRMAT local QA
AUTHOR MASS-CASP14
af2-standard_T1188_3.pdb local_accuracy_only 15.0 14.716 13.561 12.983 12.256 13.205 13.4 13.336 13.73 15.0 15.0 
15.0 15.0 15.0 15.0 15.0 15.0 15.0 15.0 15.0 15.0 
11.128 7.12 4.312 3.218 1.974 1.416 1.173 0.974 0.989 0.913 
0.985 1.164 1.254 1.185 1.405 1.491 1.7 2.446 2.797 2.588 
2.627 2.177 1.708 1.789 1.847 1.738 1.69 1.479 1.746 2.04 
2.081 1.609 1.221 1.304 0.68 0.039 0.08 0.462 1.002 0.938 
1.017 1.084 1.087 1.404 1.749 1.732 1.66 1.551 1.48 1.471 
1.435 1.931 2.358 2.755 3.052 2.922 2.677 2.865 3.079 2.895 
2.88 3.075 3.194 3.3 3.429 3.109 2.141 2.437 2.47 2.47 
2.425 2.464 2.436 1.999 1.703 1.315 1.394 1.553 1.559 1.443 
1.56 1.619 1.353 1.772 1.826 1.974 1.905 2.283 1.718 1.642 
1.307 1.226 1.185 1.114 1.08 1.141 1.19 1.337 1.603 2.118 
2.396 2.824 3.231 2.512 1.822 1.971 1.85 1.39 1.357 1.587 
1.6 1.562 1.811 1.478 1.386 1.472 1.32 1.216 1.107 1.236 
1.201 1.188 1.219 1.379 1.153 1.377 1.751 1.773 1.928 1.813 
1.504 1.477 1.244 1.308 1.148 1.213 1.347 1.352 1.723 2.113 
2.697 3.081 3.564 3.901 3.79 4.37 4.616 5.011 5.621 5.126 
5.213 5.634 6.358 5.664 5.458 4.67 4.159 3.811 3.895 3.771 
2.675 2.605 2.73 2.438 2.018 1.87 2.063 1.759 1.595 1.681 
1.671 1.539 1.368 1.55 1.48 1.322 1.545 1.7 1.621 1.525 
1.767 1.742 1.86 2.053 2.137 2.366 2.344 2.591 2.254 1.981 
1.524 1.066 0.9 0.909 1.07 1.486 1.385 2.045 2.601 2.674 
2.649 2.707 2.383 2.235 2.942 3.019 3.237 2.517 2.549 2.241 
2.131 1.76 1.319 1.265 1.467 1.47 1.387 1.283 1.371 1.319 
1.299 1.393 1.769 1.917 2.175 2.618 2.936 3.401 4.528 5.779 
5.682 7.017 6.605 7.284 7.665 6.967 5.99 5.134 5.404 4.299 
3.861 3.936 3.451 4.08 4.783 4.598 4.589 5.116 5.214 4.985 
3.532 3.304 3.41 2.393 1.714 1.478 1.608 1.667 1.309 1.171 
1.187 1.252 1.086 1.392 1.789 1.806 1.663 1.475 1.326 1.26 
1.266 1.102 0.972 0.931 1.021 1.176 1.311 1.313 1.367 1.283 
1.38 1.265 1.388 1.389 1.769 2.056 2.359 3.404 4.179 5.111 
5.241 4.778 5.461 5.608 6.477 6.02 6.256 6.262 6.499 6.176 
6.493 7.008 7.127 6.658 8.65 7.858 8.105 7.189 7.651 6.5 
5.84 5.952 5.503 5.426 5.439 4.845 4.897 4.526 4.378 3.845 
3.531 3.666 3.232 2.903 2.566 2.533 2.426 2.424 2.809 2.434 
2.652 2.651 2.492 2.341 1.848 1.712 1.633 1.769 1.993 1.991 
1.976 2.418 2.251 2.096 2.515 2.628 2.605 2.522 2.541 2.142 
1.673 1.787 1.647 1.524 1.538 1.659 1.65 1.654 1.3 1.124 
1.293 1.285 1.21 1.081 1.3 1.654 2.584 3.056 2.389 1.819 
1.222 0.015 0.0 0.0 0.0 0.118 0.955 1.186 1.263 1.175 
1.195 1.247 1.331 1.237 1.33 1.298 1.252 1.139 1.567 2.008 
1.649 1.426 0.377 0.0 0.0 0.0 0.0 0.0 0.006 0.538 
0.954 1.007 1.117 1.271 1.599 2.131 2.676 3.42 3.271 2.931 
2.566 2.313 2.476 1.907 1.585 1.627 1.747 1.612 1.378 1.328 
1.637 1.671 1.653 1.662 1.987 2.282 2.448 2.414 2.106 2.46 
2.353 2.173 2.428 2.547 2.656 2.869 3.268 3.124 2.686 2.02 
1.677 1.556 1.487 1.351 1.373 1.396 1.734 1.745 2.799 3.171 
4.986 4.428 4.793 4.5 3.541 2.184 1.527 1.371 1.285 0.969 
1.023 0.927 1.12 1.376 1.799 2.744 4.068 6.72 8.523 8.031 
7.11 7.009 6.124 4.966 4.751 6.156 5.174 4.985 5.444 6.512 
7.162 7.175 4.94 3.84 2.85 2.91 2.853 2.41 2.459 2.21 
2.383 2.296 2.889 3.51 4.046 4.288 3.486 3.164 2.648 3.034 
3.47 3.702 3.841 3.676 3.851 3.579 3.969 4.121 3.488 3.401 
3.614 3.869 3.748 2.655 2.064 1.686 1.328 1.378 1.556 1.711 
2.281 2.436 2.939 3.757 4.351 4.192 3.253 2.619 2.097 2.201 
2.295 1.924 1.608 1.521 1.438 1.406 1.358 1.247 1.167 1.247 
1.49 1.851 2.707 3.213 4.305 4.503 4.371 3.856 3.781 2.934 
2.094 2.003 1.506 1.118 1.026 1.049 1.129 1.145 1.291 1.414 
2.15 2.794 2.67 1.943 1.802 1.581 1.382 1.373 1.284 1.373 
1.147 1.003 1.108 1.632 2.185 3.48 4.219 6.218 7.54 11.711 
15.0 15.0 15.0 15.0 15.0 15.0 15.0 15.0 15.0 15.0 
15.0 15.0 15.0 15.0 15.0 15.0 15.0 15.0 15.0 15.0 
15.0 15.0 15.0 15.0 15.0 15.0 15.0 15.0 15.0 
END
