PFRMAT local QA
AUTHOR LAW-CASP14
af2-standard_T1114s2_5.pdb local_accuracy_only 15.0 15.0 15.0 15.0 15.0 15.0 15.0 15.0 15.0 15.0 15.0 
15.0 15.0 15.0 15.0 15.0 15.0 15.0 15.0 15.0 15.0 
15.0 15.0 15.0 15.0 15.0 15.0 15.0 15.0 15.0 15.0 
15.0 15.0 15.0 15.0 15.0 15.0 15.0 15.0 12.185 11.466 
9.211 9.209 9.663 8.037 5.714 2.145 1.173 1.019 0.84 0.824 
0.914 0.89 1.043 0.936 1.05 1.069 1.153 1.077 1.105 0.938 
1.108 1.092 1.139 1.085 1.263 1.675 2.121 3.039 3.484 2.007 
1.809 1.507 1.583 1.59 1.287 1.454 1.551 1.562 1.491 1.597 
1.183 1.348 1.237 1.241 1.588 1.397 1.762 2.444 2.943 3.006 
4.327 4.131 4.76 4.639 4.142 3.328 2.268 2.259 1.826 1.404 
1.344 1.368 1.348 1.183 1.275 1.345 1.301 1.381 1.258 1.071 
0.891 0.84 0.727 0.742 0.666 0.737 0.797 0.831 0.89 0.925 
1.262 1.593 2.962 3.379 5.796 5.242 4.796 3.07 2.886 2.367 
1.65 3.55 2.452 4.42 4.17 1.86 1.589 1.139 1.089 1.124 
1.085 0.933 1.13 1.11 0.953 0.925 1.2 1.125 0.837 0.846 
0.833 0.737 0.709 0.741 0.739 0.774 0.82 0.836 0.804 0.867 
1.098 1.032 1.034 1.194 1.364 1.421 1.569 3.693 3.602 2.944 
3.912 2.854 2.134 2.184 1.206 1.367 1.035 2.133 2.132 2.083 
1.925 3.016 3.132 3.509 2.921 1.771 1.665 1.866 2.22 3.057 
2.542 2.141 1.733 1.282 1.317 1.353 1.581 1.351 1.282 1.067 
1.068 1.035 0.855 0.889 0.832 0.835 0.891 0.833 1.059 1.174 
1.458 1.093 0.878 1.082 1.052 0.901 0.906 1.034 1.229 1.045 
1.285 1.37 1.687 1.812 2.255 3.169 2.977 3.146 3.806 3.346 
3.564 4.278 4.107 2.939 2.221 2.596 2.997 3.202 2.073 2.0 
1.854 1.628 1.288 1.226 1.326 1.498 1.795 1.61 2.288 2.38 
2.618 3.487 5.178 4.422 5.348 6.552 7.012 8.509 7.086 9.236 
11.162 12.748 11.806 11.379 10.605 7.766 4.61 9.89 9.213 7.376 
3.585 2.482 2.854 4.334 4.496 3.185 2.201 1.348 1.177 1.124 
1.375 1.322 0.998 1.349 1.308 1.443 1.313 1.498 1.493 1.466 
1.717 1.656 2.587 2.02 2.144 1.939 1.601 1.642 1.642 1.993 
2.01 2.489 1.412 1.574 1.034 1.255 1.134 0.9 0.927 0.953 
1.001 1.54 1.106 1.576 3.133 5.782 6.278 7.049 7.563 7.601 
7.05 6.946 6.354 5.585 6.989 8.35 12.065 15.0 15.0 15.0 
15.0 15.0 15.0 13.175 13.712 11.18 8.573 7.285 7.539 7.836 
7.637 7.313 7.489 7.647 7.092 6.917 7.581 6.876 5.949 5.593 
5.973 6.102 5.673 5.936 6.313 6.434 6.823 9.627 11.825 12.976 
10.082 11.605 13.469 13.163 12.528 14.25 13.258 15.0 
END
