PFRMAT local QA
AUTHOR MASS-CASP14
af2-standard_T1114s2_5.pdb local_accuracy_only 15.0 15.0 15.0 15.0 15.0 15.0 15.0 15.0 15.0 15.0 15.0 
15.0 15.0 15.0 15.0 15.0 15.0 15.0 15.0 15.0 15.0 
15.0 15.0 15.0 15.0 15.0 15.0 15.0 15.0 15.0 15.0 
15.0 15.0 15.0 15.0 15.0 15.0 15.0 15.0 15.0 15.0 
15.0 15.0 15.0 15.0 8.629 4.379 1.915 1.517 1.204 1.064 
0.912 1.0 1.16 1.012 1.111 1.23 1.28 1.4 1.489 1.366 
1.667 1.803 1.665 1.458 1.534 1.875 2.38 2.802 2.65 2.628 
1.893 1.77 1.895 1.703 1.426 1.683 2.296 2.386 2.339 2.121 
2.112 1.966 1.764 1.608 1.48 1.678 2.282 2.586 2.395 3.032 
3.115 3.113 3.132 3.099 2.991 2.46 2.023 2.092 2.09 1.662 
1.429 1.731 1.585 1.683 1.737 2.103 2.362 2.359 2.145 2.13 
1.822 1.348 0.998 0.912 0.822 0.903 1.073 1.178 1.235 1.332 
1.769 2.384 3.742 5.343 6.715 7.273 6.247 5.64 3.54 2.896 
2.788 2.346 2.191 2.592 2.826 1.833 1.71 1.514 1.624 1.61 
1.318 1.292 1.304 1.272 1.216 1.268 1.397 1.502 1.252 1.178 
1.189 1.071 0.98 0.942 0.31 0.818 0.916 1.286 1.385 1.286 
1.589 1.476 1.575 1.832 2.046 2.261 2.632 3.109 3.812 3.882 
4.966 5.391 6.11 6.554 6.052 5.762 4.942 5.147 4.675 4.891 
5.241 6.351 7.705 7.863 7.133 5.761 5.319 4.388 4.341 4.469 
3.818 2.591 2.518 2.333 2.351 2.321 2.432 1.89 1.898 1.448 
1.285 1.405 1.171 1.294 1.206 1.271 1.444 1.62 2.135 2.131 
2.003 1.694 1.388 1.608 1.747 1.752 1.588 1.682 1.692 1.62 
1.963 2.082 2.424 2.602 3.181 3.755 3.719 3.102 2.894 2.902 
3.326 3.352 2.543 2.453 2.268 2.932 3.215 3.463 2.513 2.522 
2.586 2.197 1.853 1.715 1.865 2.154 2.296 1.775 2.105 2.339 
3.013 3.066 2.85 3.929 4.528 5.777 6.697 8.189 9.863 12.231 
12.47 13.249 11.085 14.74 15.0 15.0 13.396 12.373 9.555 6.976 
4.43 3.696 3.153 3.21 2.794 2.24 1.807 1.508 1.439 1.466 
1.702 1.786 1.536 1.71 1.62 1.8 1.638 1.935 2.284 2.517 
2.383 2.431 2.736 2.551 2.25 1.827 1.857 1.784 1.626 2.332 
2.503 2.422 2.008 1.782 1.459 1.418 1.611 1.51 1.823 1.786 
1.903 2.038 1.974 2.384 3.143 4.35 4.86 4.775 4.976 4.164 
3.692 4.32 3.772 4.241 4.991 5.287 7.498 7.613 8.425 9.334 
10.082 8.975 8.428 8.262 9.673 8.84 7.57 8.073 8.281 8.34 
6.671 6.534 6.167 6.163 6.343 6.881 6.904 7.706 7.44 8.624 
9.217 9.208 9.223 10.255 10.895 11.413 12.469 14.207 14.823 13.287 
12.313 13.084 12.491 12.539 12.987 13.845 15.0 15.0 
END
