PFRMAT local QA
AUTHOR LAW-CASP14
af2-standard_T1159_5.pdb local_accuracy_only 2.776 4.643 5.091 4.676 6.153 5.664 5.217 5.599 5.488 4.782 2.37 
4.624 2.884 2.231 1.499 1.658 1.646 1.375 1.255 1.385 1.361 
1.09 1.283 1.316 1.357 1.414 1.074 1.367 1.534 1.785 1.873 
1.992 1.795 2.609 2.876 2.918 2.029 1.938 1.335 0.94 0.794 
0.841 0.856 0.766 0.702 0.694 0.726 0.73 0.861 0.851 0.953 
1.006 1.133 1.036 1.148 0.973 0.942 1.075 1.079 1.021 0.914 
1.352 1.283 1.219 1.3 1.082 1.241 1.568 1.088 1.503 2.194 
2.102 1.611 2.517 1.545 2.494 2.62 2.138 1.738 1.526 1.114 
1.569 1.22 1.347 1.29 1.225 0.971 0.973 0.951 0.864 0.903 
0.782 0.753 0.756 0.774 0.901 1.434 1.868 3.012 3.793 3.449 
3.06 0.985 0.853 0.777 0.784 0.739 0.747 0.813 0.884 0.996 
1.11 0.989 0.847 0.801 0.847 0.864 0.895 1.089 0.964 1.173 
1.02 0.877 0.932 1.088 1.152 1.069 1.335 1.021 0.855 0.827 
0.896 0.889 1.087 1.041 0.966 1.106 1.264 1.392 1.408 1.398 
1.539 1.51 1.416 1.16 1.134 1.399 1.253 1.846 1.855 1.578 
1.414 0.966 0.986 0.797 0.901 0.966 1.133 1.715 1.314 
END
