PFRMAT local QA
AUTHOR MASS-CASP14
af2-standard_T1159_5.pdb local_accuracy_only 3.223 2.681 1.907 2.237 2.754 3.707 3.672 3.786 4.336 3.926 3.095 
3.481 3.261 3.28 3.416 3.531 2.904 2.519 2.451 2.352 2.218 
2.304 2.487 2.238 1.961 1.653 1.83 2.073 2.628 2.743 2.396 
2.137 1.675 2.147 2.136 1.54 1.514 1.275 1.387 1.107 0.97 
1.042 1.111 1.035 1.169 1.014 0.95 0.895 0.964 1.021 1.08 
1.222 1.291 1.244 1.44 1.151 1.22 1.508 1.636 1.221 1.033 
1.304 1.58 1.527 1.736 2.179 2.138 1.874 1.482 1.636 1.689 
1.544 1.399 1.337 1.372 1.833 2.083 2.012 1.76 1.431 1.224 
1.365 1.398 1.52 1.323 1.335 1.117 1.408 1.403 1.118 0.972 
0.88 0.917 0.899 0.892 0.907 1.091 1.352 2.088 2.643 2.425 
1.532 1.253 1.128 1.128 1.033 0.919 0.821 0.826 0.909 1.038 
1.153 1.152 1.06 0.849 1.005 1.115 1.225 1.416 1.364 1.695 
1.367 1.317 1.438 1.805 1.923 1.643 1.676 1.764 1.432 1.202 
1.238 1.217 1.38 1.638 1.531 1.439 1.65 1.891 1.809 1.867 
2.157 2.31 1.905 1.428 1.533 1.758 1.82 2.638 2.833 2.419 
1.521 1.295 1.169 1.166 1.035 1.045 1.137 1.518 1.624 
END
