PFRMAT local QA
AUTHOR LAW-CASP14
af2-standard_T1145_2.pdb local_accuracy_only 7.646 7.483 4.858 2.79 1.661 1.217 0.967 0.97 0.907 0.991 1.149 
1.448 2.929 2.772 2.996 3.364 1.862 1.76 1.184 0.966 0.973 
0.863 1.119 1.286 1.537 3.205 3.133 3.143 2.967 1.855 2.011 
2.443 2.482 1.574 1.453 1.194 1.179 0.986 1.11 1.308 1.52 
2.295 2.251 1.594 1.234 0.938 0.908 0.891 1.005 1.173 1.417 
1.893 1.899 1.726 2.339 1.606 1.349 1.149 0.923 0.994 0.911 
0.945 1.088 1.36 1.61 2.624 3.667 3.992 4.983 3.868 2.432 
1.314 1.14 1.377 2.167 2.577 4.262 5.56 2.518 1.127 1.318 
1.093 1.473 1.745 1.917 1.168 1.169 1.029 1.054 1.073 1.252 
1.721 1.751 1.515 1.28 1.134 1.135 1.176 1.279 1.225 1.521 
1.496 2.078 1.967 1.738 1.607 1.277 1.314 1.145 1.037 1.109 
1.095 1.105 0.955 0.846 0.844 0.808 0.826 0.976 0.846 0.788 
0.826 0.782 0.854 0.815 0.969 0.965 1.087 1.295 1.333 1.655 
1.504 1.599 1.393 1.225 1.056 0.907 0.847 0.764 0.792 0.926 
1.136 1.331 1.052 1.015 1.137 1.093 1.201 1.251 1.044 0.983 
0.903 0.84 0.822 0.691 0.752 0.788 0.81 0.868 0.882 0.931 
1.067 0.99 0.916 0.749 0.799 0.743 0.912 1.005 1.092 1.295 
1.606 1.87 2.139 2.106 2.07 1.927 1.526 1.462 1.172 1.147 
0.964 0.862 0.836 0.767 0.874 0.867 1.044 1.229 2.406 2.713 
5.632 4.053 3.887 3.828 5.179 2.989 2.825 2.329 2.657 1.526 
1.537 1.329 1.246 1.162 1.202 1.125 1.359 1.705 2.316 1.575 
1.171 1.19 1.036 0.987 1.129 1.848 1.595 1.107 1.015 1.009 
1.048 1.106 1.02 1.107 1.067 2.35 1.969 2.996 1.736 2.815 
1.814 1.805 1.645 1.068 1.209 1.199 1.172 0.976 0.917 0.812 
0.801 0.894 0.877 0.936 0.877 1.018 1.027 1.013 1.358 1.641 
1.824 3.042 5.41 5.666 7.413 2.818 2.948 6.843 2.174 4.175 
1.361 1.027 0.891 0.856 0.809 0.783 0.741 0.754 0.798 0.924 
0.979 0.996 1.067 1.065 0.946 0.844 0.775 0.725 0.717 0.711 
0.798 0.851 0.897 1.066 1.081 1.46 1.425 1.376 1.569 1.67 
1.724 5.026 2.346 5.844 6.656 3.16 5.016 6.124 6.299 6.783 
6.709 5.138 7.807 8.907 8.321 9.496 9.96 3.958 1.196 0.843 
0.715 0.608 0.596 0.617 0.738 0.782 1.039 1.22 3.014 1.64 
2.383 2.665 4.029 4.655 4.515 4.146 3.902 4.541 6.079 7.521 
7.567 7.508 7.504 7.697 7.308 5.9 5.469 5.438 5.862 6.599 
6.433 7.047 5.822 7.059 12.095 12.094 11.785 11.627 12.507 13.33 
13.066 12.001 9.333 6.68 4.027 3.939 2.004 1.244 1.894 0.948 
0.929 0.777 0.72 0.699 0.898 1.297 1.695 1.881 6.05 3.565 
10.175 6.525 7.784 6.875 3.129 1.377 1.162 1.156 1.4 2.276 
2.529 3.113 4.537 4.183 5.689 6.257 4.584 3.428 2.435 2.726 
1.943 2.423 2.563 3.017 2.025 2.019 1.834 4.394 5.091 7.926 
10.905 12.551 14.599 13.338 15.0 15.0 13.696 11.408 8.337 7.297 
4.685 3.927 2.727 1.587 1.476 1.486 1.477 1.312 1.721 1.424 
1.367 1.406 1.301 1.559 1.133 0.94 0.907 0.922 1.272 1.648 
5.829 2.031 5.468 5.879 6.882 8.126 8.017 7.789 5.776 2.88 
4.937 2.677 2.792 2.236 1.562 1.967 1.419 1.012 0.9 0.934 
1.026 1.152 1.034 1.105 1.254 1.201 1.59 1.775 1.86 1.198 
1.174 1.055 0.938 0.878 1.032 0.935 0.976 1.055 1.283 1.24 
1.687 1.631 1.703 2.001 1.545 1.359 1.044 1.091 1.113 1.06 
1.082 1.152 1.323 1.005 0.742 0.682 0.604 0.586 0.613 0.673 
0.845 1.156 2.048 2.493 3.783 10.519 2.217 1.154 0.932 0.804 
0.816 0.886 1.008 1.009 1.362 1.64 1.281 1.699 1.847 5.63 
5.138 10.003 11.121 15.0 14.84 15.0 15.0 15.0 15.0 15.0 
15.0 14.821 13.4 13.022 12.978 12.544 12.241 9.811 3.11 3.625 
1.47 1.312 1.077 1.166 0.947 0.786 0.925 0.882 1.089 1.463 
6.673 7.277 8.229 4.684 6.51 5.728 7.972 8.821 10.376 9.158 
8.508 2.347 1.804 1.199 1.0 0.908 0.846 0.932 1.062 1.574 
0.854 0.989 1.71 2.197 2.532 2.611 2.83 2.728 2.246 1.719 
1.36 1.115 1.024 1.071 1.151 1.36 1.422 3.347 2.287 2.527 
2.402 2.558 1.68 1.494 1.132 1.21 1.019 1.216 1.202 1.248 
1.559 1.714 1.771 1.498 1.499 1.916 2.976 3.196 2.923 1.633 
1.413 1.329 1.705 1.73 2.664 2.131 2.807 1.896 1.745 1.271 
1.17 1.025 1.062 0.946 0.879 0.886 0.893 0.978 1.04 1.457 
1.882 1.863 1.575 1.363 1.208 1.009 0.997 0.855 0.949 0.794 
0.977 0.905 1.108 1.267 
END
