PFRMAT local QA
AUTHOR MASS-CASP14
af2-standard_T1145_2.pdb local_accuracy_only 9.374 7.85 6.446 4.606 2.904 1.794 1.463 1.29 1.19 1.163 1.499 
1.923 2.574 2.776 2.399 2.177 2.126 2.373 1.88 1.32 1.209 
1.143 1.21 1.285 1.415 2.136 2.9 3.846 3.747 3.209 2.995 
2.823 2.268 2.105 2.369 2.366 2.691 2.783 3.059 3.772 3.903 
4.277 3.677 3.082 2.075 1.69 1.483 1.557 1.609 1.502 1.864 
2.484 3.259 3.446 4.094 4.198 2.786 1.887 1.336 1.065 1.001 
1.209 1.402 1.713 2.559 3.354 5.393 5.574 5.637 4.379 3.0 
2.253 1.995 1.659 2.128 2.838 3.576 2.453 1.963 1.615 1.605 
1.493 1.906 2.229 2.159 1.87 1.69 1.521 1.697 1.639 2.014 
2.923 3.536 3.187 2.173 1.662 1.914 1.968 1.652 1.817 2.296 
2.725 4.037 5.189 5.821 5.434 5.464 4.669 4.122 3.395 3.455 
3.768 4.756 3.553 2.923 2.261 1.775 1.629 2.187 2.209 2.106 
1.442 1.564 1.301 1.342 1.192 1.165 1.222 1.384 1.797 2.18 
2.388 2.641 1.936 1.409 1.01 1.053 1.062 1.093 1.398 1.831 
1.908 2.036 1.577 1.433 1.215 1.145 1.487 1.704 1.602 1.51 
1.36 1.217 1.207 1.161 1.256 1.403 1.152 1.482 1.338 2.022 
2.32 1.897 1.328 1.293 1.092 1.014 0.936 1.009 0.939 1.034 
1.251 2.14 4.136 5.76 6.622 8.038 7.781 7.741 7.512 4.816 
3.977 3.485 3.45 3.028 3.31 3.616 4.527 6.126 7.225 9.001 
7.228 7.091 5.816 4.768 4.212 4.538 4.846 6.086 6.704 7.538 
6.614 5.819 4.383 3.818 3.329 3.195 3.15 2.869 2.532 1.82 
1.714 1.613 1.836 2.032 2.556 3.736 4.217 4.068 4.381 4.221 
3.816 2.809 2.452 2.094 1.883 2.028 2.296 1.992 2.018 1.836 
1.801 1.982 1.963 1.154 1.59 1.459 1.449 1.238 1.189 1.142 
1.302 1.4 1.34 1.326 1.274 1.535 2.039 2.064 2.181 3.062 
3.947 4.031 5.838 7.384 7.258 6.78 6.048 5.076 4.371 3.29 
2.819 2.366 2.222 1.931 1.444 1.386 1.175 1.25 1.218 1.324 
1.511 1.87 2.277 2.203 1.882 1.66 1.913 2.084 1.871 1.819 
1.962 2.299 2.883 3.747 4.318 4.879 5.598 6.441 8.552 7.867 
8.332 8.401 8.416 8.352 6.645 6.804 5.842 7.586 8.521 7.074 
5.955 5.232 4.915 4.409 4.655 4.686 4.064 2.787 2.201 1.529 
1.327 1.286 1.103 1.146 1.202 1.412 2.08 4.133 6.096 6.741 
7.093 6.34 5.816 5.028 4.89 4.602 4.809 6.003 6.829 7.238 
9.407 8.501 6.465 4.173 3.439 2.469 2.556 2.237 2.191 2.027 
2.265 2.284 2.582 3.064 4.28 5.245 6.093 5.696 5.77 6.735 
7.645 7.316 8.221 7.205 6.304 4.93 4.464 3.648 2.75 2.293 
1.92 1.856 1.743 2.023 1.959 1.997 2.665 3.167 3.658 4.332 
4.555 3.96 2.968 2.185 1.475 1.246 1.068 1.002 1.227 1.572 
2.277 2.711 3.231 3.883 4.384 4.639 3.786 2.671 1.914 1.508 
1.331 1.21 1.259 1.493 1.225 1.18 1.117 1.239 1.234 1.491 
1.809 2.211 2.68 4.351 5.21 7.3 7.751 7.173 5.828 5.292 
3.857 2.981 1.933 1.454 1.47 1.433 1.251 1.327 1.611 1.717 
1.923 2.124 2.221 2.325 1.935 1.285 1.219 1.274 1.286 1.72 
2.702 3.318 4.19 4.767 4.154 4.269 3.669 4.287 3.438 3.397 
2.992 2.612 3.457 3.386 3.053 2.208 1.761 1.306 1.364 1.29 
1.306 1.724 1.888 2.176 2.646 2.291 3.543 3.837 3.821 2.709 
2.054 1.664 1.255 1.285 1.047 0.945 1.008 0.96 1.206 1.336 
1.728 1.543 1.38 1.507 1.444 1.744 1.785 1.845 1.679 1.269 
1.923 2.356 2.037 1.738 1.34 1.179 1.025 1.018 0.882 0.874 
1.065 1.274 1.63 2.374 2.905 2.631 2.466 1.683 1.623 1.273 
1.288 1.342 1.587 1.521 1.705 1.685 2.122 2.187 3.303 3.258 
3.547 3.693 4.099 5.284 5.133 6.684 7.717 8.256 9.33 9.545 
9.106 8.983 8.785 8.042 7.703 6.822 5.316 4.23 3.436 2.379 
1.702 1.599 1.52 1.691 1.414 1.224 1.317 1.302 1.566 1.845 
2.712 3.139 4.124 4.886 4.392 4.792 3.882 3.711 3.519 3.274 
2.407 1.784 1.31 1.474 1.198 1.181 1.156 1.308 1.731 2.317 
2.074 2.221 2.365 2.527 2.498 2.79 2.489 2.352 1.973 1.6 
1.4 1.209 1.268 1.289 1.295 1.495 1.525 1.93 2.618 3.339 
3.621 2.995 2.059 1.45 1.394 1.148 0.922 0.868 0.981 1.127 
1.524 1.67 1.653 1.367 1.665 2.206 2.209 2.632 2.46 2.014 
1.74 1.492 1.432 1.276 1.373 1.56 1.871 1.847 1.625 1.283 
1.208 1.23 1.205 1.065 0.883 0.892 0.866 0.847 0.908 1.197 
1.523 2.029 1.839 1.838 1.595 1.538 1.331 1.341 1.278 1.25 
1.11 1.037 1.208 1.364 
END
