PFRMAT local QA
AUTHOR MASS-CASP14
af2-standard_T1115_2.pdb local_accuracy_only 15.0 15.0 15.0 15.0 15.0 15.0 15.0 15.0 15.0 15.0 15.0 
15.0 15.0 15.0 12.807 12.265 10.318 11.989 11.324 9.918 9.049 
9.003 8.05 7.012 5.859 4.456 4.094 4.195 4.27 4.289 4.588 
4.864 4.261 4.878 4.543 4.426 4.928 5.258 5.179 5.316 6.522 
7.016 7.637 8.382 8.142 8.358 8.441 6.642 5.892 4.906 4.656 
3.62 2.454 2.417 2.417 2.223 2.019 2.42 3.153 3.698 3.643 
3.584 3.676 3.525 3.118 3.229 3.104 3.418 3.786 3.693 3.355 
4.378 5.327 7.01 8.509 7.34 8.644 8.807 8.254 7.303 6.886 
6.852 6.213 6.293 5.393 6.627 7.652 7.109 6.566 5.098 3.689 
3.414 3.043 2.894 2.981 2.946 2.47 2.093 1.764 1.261 1.23 
1.07 1.09 1.22 1.197 1.102 1.202 1.255 1.2 1.069 1.251 
1.376 1.34 1.311 1.167 1.065 0.486 0.191 0.002 0.0 0.0 
0.0 0.012 0.351 1.136 1.16 1.457 1.551 1.789 1.666 1.558 
1.36 1.443 1.548 1.607 1.238 1.562 1.422 1.464 1.443 1.242 
1.151 1.121 1.277 1.322 1.183 1.173 1.073 1.024 0.998 1.032 
1.101 1.112 1.094 0.961 1.199 1.283 1.223 1.228 1.193 1.284 
1.225 1.265 1.303 1.41 1.28 1.403 1.509 1.255 0.067 0.003 
0.0 0.0 0.0 0.0 0.0 0.0 0.0 0.021 1.202 1.343 
1.311 1.263 1.148 0.0 0.0 0.0 0.0 0.0 0.0 0.0 
0.0 0.76 1.256 1.468 1.378 1.431 1.534 1.664 2.336 2.826 
2.349 2.063 2.041 2.171 1.977 2.534 2.703 3.319 3.108 2.874 
2.873 2.708 2.461 2.508 2.661 2.806 2.743 3.045 3.259 3.911 
4.022 4.734 4.19 4.725 5.453 5.018 5.434 4.865 4.838 4.843 
4.329 4.433 4.803 4.249 4.203 3.943 4.312 4.477 4.554 4.335 
4.351 5.346 5.337 5.569 5.638 6.477 5.672 5.222 5.436 5.224 
5.581 5.718 7.484 6.702 6.779 8.066 8.352 8.461 9.947 10.644 
13.452 14.46 12.936 11.355 8.592 8.499 8.164 7.379 7.194 7.083 
8.006 7.553 7.985 8.672 8.477 8.688 8.8 8.95 9.07 9.406 
11.089 12.268 14.4 14.602 14.88 15.0 15.0 
END
