PFRMAT local QA
AUTHOR LAW-CASP14
af2-standard_T1115_2.pdb local_accuracy_only 15.0 15.0 15.0 15.0 15.0 15.0 15.0 15.0 15.0 15.0 15.0 
15.0 15.0 15.0 15.0 15.0 15.0 15.0 15.0 15.0 15.0 
15.0 15.0 15.0 15.0 15.0 15.0 15.0 15.0 15.0 15.0 
15.0 15.0 15.0 15.0 15.0 15.0 15.0 15.0 15.0 15.0 
15.0 15.0 14.248 14.653 15.0 15.0 15.0 14.918 13.494 14.654 
12.835 10.741 6.876 4.381 2.537 1.983 1.733 1.832 1.554 1.557 
1.599 1.828 1.888 3.02 5.393 4.91 9.477 5.882 4.343 3.359 
3.249 3.416 3.118 2.596 1.98 2.078 1.978 1.865 2.097 3.158 
3.38 6.554 6.721 11.832 11.229 12.86 12.451 8.69 8.637 4.412 
2.631 2.021 1.394 1.372 1.178 1.123 1.089 0.976 1.005 0.935 
1.153 0.96 1.12 1.081 1.039 1.061 0.949 0.994 0.946 1.014 
0.992 1.023 0.983 1.026 0.956 1.03 1.006 1.069 1.006 0.915 
0.822 0.772 0.759 0.796 0.866 0.859 0.96 1.126 1.296 1.088 
1.033 1.362 1.366 1.308 1.303 1.653 1.314 1.165 1.122 1.099 
1.019 0.91 0.911 0.903 0.834 0.788 0.897 0.856 0.853 0.823 
0.911 0.92 0.917 0.899 0.973 1.014 0.967 0.96 1.001 1.056 
1.055 0.977 1.077 1.102 1.201 1.075 1.217 1.232 1.02 1.024 
1.071 1.075 0.876 0.888 1.013 0.982 0.858 0.897 1.043 1.052 
0.855 0.928 1.161 0.965 0.893 0.77 0.782 0.74 0.785 0.854 
0.867 0.993 0.988 1.072 1.125 1.083 1.075 1.227 1.319 1.851 
1.803 1.632 1.78 1.856 1.845 1.886 2.099 2.432 3.099 4.86 
7.664 10.546 13.171 15.0 15.0 15.0 15.0 15.0 15.0 15.0 
15.0 14.471 11.144 10.846 7.742 6.629 6.623 4.896 5.636 4.541 
3.767 3.985 3.913 4.928 5.185 4.818 4.315 4.286 4.265 5.469 
6.741 4.875 5.286 4.698 4.816 4.328 4.536 6.261 8.189 11.846 
8.28 8.917 10.572 13.498 15.0 15.0 15.0 15.0 15.0 15.0 
15.0 15.0 15.0 15.0 15.0 15.0 15.0 14.231 7.196 6.996 
6.223 4.606 4.668 4.153 4.305 5.636 7.196 6.742 6.886 6.761 
7.097 8.255 10.204 11.363 12.245 11.804 11.975 
END
