PFRMAT local QA
AUTHOR MASS-CASP14
af2-standard_T1114s1_5.pdb local_accuracy_only 15.0 15.0 15.0 15.0 15.0 15.0 15.0 15.0 15.0 15.0 15.0 
15.0 15.0 15.0 14.42 12.821 10.136 8.677 8.968 7.593 7.285 
7.218 8.293 8.326 8.075 8.398 9.239 9.876 10.258 11.475 11.147 
11.83 11.931 9.345 7.989 7.631 6.371 7.066 6.952 6.118 6.184 
5.901 7.539 7.928 8.623 8.448 8.37 6.724 7.059 7.42 7.106 
6.262 6.96 7.014 5.967 6.676 7.178 7.045 6.687 5.723 5.85 
6.272 5.646 6.362 5.689 6.047 6.266 5.686 5.32 5.537 6.563 
6.121 6.86 7.587 8.021 8.637 9.893 9.931 9.225 7.698 10.314 
10.526 12.214 11.872 12.484 12.82 14.768 13.67 13.133 14.048 12.89 
11.626 10.866 9.822 9.861 9.096 8.579 8.77 7.829 8.148 8.335 
8.381 8.134 8.809 8.638 9.16 9.796 10.139 10.549 11.258 12.526 
11.854 12.413 11.535 10.061 11.013 8.769 8.562 6.596 8.242 5.811 
6.96 6.686 6.932 6.646 6.407 5.995 5.625 4.842 4.755 5.258 
5.233 5.29 5.307 6.205 5.998 5.836 6.283 7.388 7.587 7.23 
7.57 6.7 6.45 7.234 7.451 7.547 7.855 8.067 9.86 9.835 
10.365 10.327 10.545 8.667 9.402 7.548 7.977 7.652 8.46 8.265 
7.711 7.042 6.067 6.397 5.632 5.942 5.179 5.374 5.007 5.098 
5.015 4.712 4.347 4.039 4.483 4.989 4.964 5.309 5.477 5.37 
5.649 6.718 7.511 8.594 9.439 10.444 13.618 13.858 
END
