PFRMAT local QA
AUTHOR LAW-CASP14
af2-standard_T1114s1_5.pdb local_accuracy_only 15.0 15.0 15.0 15.0 15.0 15.0 15.0 15.0 15.0 15.0 15.0 
15.0 15.0 15.0 13.504 12.461 8.658 7.306 3.775 2.905 2.612 
2.24 2.345 2.249 1.981 1.804 1.825 1.929 1.878 1.809 1.745 
1.782 1.748 1.974 1.764 1.861 1.836 1.982 2.004 2.115 2.001 
2.111 2.439 2.172 2.093 2.389 2.238 2.372 2.916 2.641 2.617 
2.86 2.978 2.64 2.695 2.5 2.414 2.625 2.385 2.396 2.357 
2.461 2.758 2.94 3.053 3.23 3.448 3.565 3.971 5.045 7.611 
7.76 9.142 10.263 11.426 11.958 13.054 14.484 15.0 14.767 15.0 
15.0 15.0 15.0 15.0 15.0 15.0 15.0 15.0 15.0 14.142 
11.029 10.234 11.337 7.033 3.933 3.258 2.309 2.18 2.23 2.047 
2.277 2.245 2.138 2.108 2.276 2.191 2.372 2.78 2.934 2.881 
3.055 3.436 3.651 3.767 3.698 3.937 3.576 3.747 3.741 3.383 
3.163 3.177 3.251 3.305 3.241 2.899 3.158 3.288 2.95 2.902 
3.036 3.379 3.562 3.103 2.966 3.798 2.651 3.061 2.871 2.648 
2.231 2.303 2.234 2.333 2.281 2.31 2.511 3.194 2.93 2.956 
2.801 2.835 2.721 2.584 2.733 2.698 2.533 2.258 2.708 2.347 
2.271 2.461 2.476 2.205 2.225 2.196 2.093 1.919 1.843 1.885 
1.846 1.63 1.564 1.396 1.502 1.479 1.41 1.353 1.48 1.41 
1.495 1.647 1.97 2.102 2.426 2.892 3.365 3.612 
END
