PFRMAT local QA
AUTHOR LAW-CASP14
af2-standard_T1179_4.pdb local_accuracy_only 4.869 3.535 2.958 2.069 1.897 1.704 1.684 2.141 2.821 3.156 3.655 
3.733 6.298 7.333 9.249 9.29 9.99 10.181 7.483 7.572 3.787 
3.768 3.575 3.478 4.012 2.571 5.022 5.05 5.756 6.719 7.906 
10.268 10.302 10.094 8.182 7.29 7.417 5.541 7.913 7.576 6.221 
6.875 4.891 6.753 6.873 8.638 9.399 9.145 8.288 5.035 6.159 
2.483 2.058 1.469 1.712 1.983 1.655 1.581 1.414 1.53 2.072 
2.386 2.359 2.085 2.345 2.864 3.935 4.351 3.811 3.187 2.668 
2.589 2.333 3.029 2.746 3.022 3.188 4.058 3.809 4.624 4.998 
4.422 2.92 3.038 2.514 2.953 2.82 3.455 3.532 3.437 3.898 
3.024 3.061 2.648 2.576 2.517 2.202 4.763 4.243 3.42 1.984 
1.835 1.464 1.814 1.509 1.634 2.218 4.215 4.218 5.5 5.701 
6.064 5.269 5.176 2.118 1.736 1.416 1.31 1.161 1.215 1.128 
1.107 1.138 1.327 1.706 1.8 2.792 2.972 3.969 4.727 5.578 
6.146 7.423 7.836 9.473 9.746 9.13 8.085 6.718 6.292 5.063 
3.191 4.156 3.097 3.269 3.065 3.047 3.393 4.043 5.558 6.217 
8.8 10.153 14.259 15.0 15.0 15.0 15.0 15.0 12.519 9.882 
7.407 6.055 5.022 4.532 3.881 3.706 3.601 4.208 5.328 6.285 
7.199 8.048 8.401 9.892 10.418 9.342 7.836 6.698 5.332 5.046 
3.194 2.825 2.517 2.032 1.608 1.254 1.137 1.049 1.077 1.133 
1.183 1.195 1.423 1.568 1.703 1.86 2.799 3.309 2.684 2.471 
2.361 2.314 2.412 2.933 2.648 2.696 2.143 2.21 1.944 1.954 
2.226 2.542 1.999 2.274 4.874 6.32 7.871 9.215 7.968 7.35 
5.22 4.907 5.08 4.792 5.085 3.862 2.833 2.813 2.081 2.06 
2.239 1.955 1.732 1.665 2.273 2.406 2.194 2.501 2.289 2.049 
1.712 1.709 1.449 2.211 3.025 3.339 3.556 3.928 3.568 8.481 
12.223 13.933 15.0 15.0 15.0 15.0 15.0 15.0 15.0 15.0 

END
