PFRMAT local QA
AUTHOR MASS-CASP14
af2-standard_T1179_4.pdb local_accuracy_only 11.348 9.132 6.092 4.018 3.516 3.2 3.121 3.572 4.407 5.546 5.647 
7.231 7.387 8.517 9.831 10.057 9.749 9.628 7.342 6.519 5.221 
3.446 2.649 2.712 1.993 1.963 2.366 2.953 3.911 5.767 7.414 
9.581 11.403 13.332 13.828 14.628 15.0 15.0 14.855 15.0 14.131 
15.0 15.0 15.0 15.0 15.0 15.0 15.0 15.0 7.615 4.097 
2.668 1.818 1.568 1.433 1.45 1.369 1.302 1.553 1.519 2.384 
3.277 2.99 2.562 2.9 3.345 3.703 4.104 4.013 3.517 3.384 
3.988 4.508 4.9 6.096 6.781 8.219 8.597 8.656 9.197 9.659 
11.666 12.362 15.0 13.536 12.578 12.789 14.995 15.0 15.0 15.0 
15.0 15.0 15.0 15.0 15.0 15.0 15.0 15.0 13.955 12.242 
10.877 15.0 15.0 15.0 15.0 15.0 15.0 15.0 15.0 15.0 
15.0 10.493 6.031 3.085 2.084 1.556 1.356 1.315 1.239 1.321 
1.321 1.246 1.311 1.675 2.366 3.173 5.03 6.545 7.661 9.453 
9.393 10.229 11.494 14.007 13.079 14.459 13.614 12.81 13.024 12.355 
11.142 10.215 9.521 9.428 8.326 9.183 9.927 10.158 10.297 11.455 
14.298 15.0 15.0 15.0 15.0 15.0 15.0 15.0 15.0 13.621 
12.958 11.279 10.517 10.413 8.404 10.106 10.843 11.839 11.706 11.591 
12.913 11.833 9.132 8.943 8.326 7.568 5.487 4.269 3.367 2.497 
1.88 1.93 2.282 1.93 1.25 1.089 1.039 1.177 1.107 1.214 
1.204 1.265 1.482 1.827 2.266 3.05 3.558 3.166 2.683 2.418 
2.5 3.254 4.472 5.059 3.585 2.843 2.54 2.133 2.222 2.062 
1.898 2.466 3.306 3.528 4.667 4.657 5.559 5.712 6.718 6.8 
6.237 5.45 4.792 3.709 4.211 4.472 4.358 4.512 4.731 3.911 
3.283 3.9 3.785 4.173 4.185 3.796 4.957 5.389 4.939 3.906 
3.507 2.713 2.207 2.537 2.809 3.444 4.29 4.177 4.949 5.677 
8.988 10.773 12.781 12.617 15.0 15.0 15.0 15.0 15.0 15.0 

END
