PFRMAT local QA
AUTHOR LAW-CASP14
af2-standard_T1181_2.pdb local_accuracy_only 12.612 11.934 11.711 10.587 8.379 8.518 7.688 4.901 3.302 3.712 3.621 
2.106 2.316 2.64 2.867 2.038 2.156 2.609 2.583 2.265 1.718 
1.503 1.324 1.092 1.425 1.152 1.15 0.99 1.081 1.344 1.342 
1.281 1.534 1.348 1.845 2.217 1.995 2.138 1.543 0.981 0.891 
0.937 0.868 1.066 1.13 1.087 1.082 0.978 0.917 0.853 1.073 
1.29 1.794 1.727 1.588 1.672 1.657 1.341 1.382 1.191 1.332 
1.307 1.264 1.199 0.958 0.976 1.306 1.312 1.128 1.423 1.352 
1.514 1.831 1.92 1.933 1.778 1.448 1.468 1.283 1.236 3.016 
4.854 6.325 3.429 6.385 6.464 6.129 4.02 5.859 5.133 3.707 
3.658 1.793 1.291 1.08 0.887 0.822 0.958 1.342 1.842 2.6 
3.356 1.782 1.58 0.984 0.961 1.009 0.908 0.842 0.838 0.768 
0.813 1.034 1.084 0.805 0.991 0.827 0.798 0.922 1.071 1.346 
1.897 1.124 0.934 0.899 0.95 0.986 1.281 1.214 1.294 1.002 
1.457 1.202 1.147 0.878 0.914 0.904 1.068 1.393 1.385 1.461 
1.403 1.504 1.62 1.32 1.353 1.875 1.784 1.445 1.54 1.157 
1.234 1.198 1.163 1.742 1.698 1.826 2.592 2.884 2.907 3.29 
3.131 2.755 1.936 1.673 1.698 1.364 1.413 1.305 1.198 1.391 
1.277 1.234 1.241 1.378 1.265 1.217 1.29 1.442 1.363 1.399 
1.592 1.379 1.417 1.382 1.556 1.365 1.303 1.155 1.091 1.102 
1.139 1.159 1.111 1.175 1.173 1.293 1.315 1.499 1.468 1.424 
1.306 1.292 1.37 1.337 1.436 1.592 1.713 1.78 1.607 1.284 
1.22 1.117 1.184 1.263 1.354 1.313 1.103 1.23 1.201 1.386 
1.494 1.657 2.048 2.623 3.768 5.28 7.612 8.373 8.329 7.529 
6.642 3.579 2.895 1.798 1.727 1.415 1.409 1.3 1.188 1.179 
1.177 1.218 1.225 1.442 1.274 1.451 1.302 4.628 5.287 7.521 
7.678 8.917 8.342 10.037 10.504 9.895 10.111 8.336 7.267 4.653 
2.937 2.064 2.506 1.582 1.715 1.666 1.668 1.287 1.166 1.096 
1.058 1.01 1.075 1.137 1.13 1.152 1.127 1.267 1.488 1.762 
2.219 2.789 2.041 1.325 1.223 1.897 1.096 1.371 1.371 1.162 
1.106 0.965 0.873 0.925 0.947 1.02 1.197 1.111 1.15 1.175 
1.232 1.416 1.368 1.662 1.942 2.801 2.587 2.966 5.368 6.598 
7.997 8.953 6.196 6.954 4.585 1.884 1.961 1.435 1.116 1.058 
0.962 0.947 0.879 1.084 1.13 0.985 1.037 0.885 0.853 0.865 
0.985 1.113 1.328 1.268 1.699 2.035 2.182 2.285 1.565 1.653 
1.304 1.222 1.124 0.952 0.927 0.95 1.058 1.155 1.51 1.537 
1.373 1.222 1.238 1.035 1.099 0.976 0.924 0.982 1.02 1.296 
1.386 1.394 1.504 1.337 1.324 1.356 1.257 1.235 1.103 1.001 
1.018 0.981 1.017 1.042 1.079 1.32 1.792 2.458 9.137 10.493 
8.925 9.978 11.837 12.398 10.836 8.966 9.379 1.61 1.405 1.289 
1.024 1.078 1.081 0.99 1.096 1.176 1.346 1.545 1.42 1.598 
1.159 1.115 1.111 1.04 1.063 1.004 0.937 0.962 0.918 1.077 
1.091 1.28 1.143 1.215 1.208 1.215 1.239 1.303 1.487 1.519 
1.498 1.297 1.07 0.987 1.007 0.922 0.924 0.803 0.87 0.897 
0.944 1.125 1.273 1.342 1.254 1.282 1.263 1.207 1.335 1.276 
1.4 1.429 1.255 1.123 0.941 0.876 0.905 0.812 0.774 0.776 
0.799 0.809 0.908 1.095 1.349 1.696 1.616 1.555 4.124 2.353 
1.962 1.357 1.218 1.115 1.185 1.29 1.519 1.408 1.221 1.083 
0.875 0.889 0.937 0.863 0.938 0.889 0.806 0.766 0.838 0.871 
1.053 1.235 1.564 2.163 4.356 6.535 5.018 7.389 7.15 5.155 
5.477 1.59 1.094 1.072 0.993 0.869 1.016 1.127 1.317 1.417 
1.255 1.127 0.852 0.927 0.915 1.029 1.139 1.271 1.37 0.939 
0.856 0.799 0.798 0.896 0.912 0.956 1.008 1.428 5.783 6.028 
7.239 5.575 1.808 1.101 0.849 0.793 0.761 0.899 1.003 1.179 
1.341 1.25 1.277 1.002 1.089 1.187 1.093 1.493 1.53 1.929 
3.726 2.712 2.469 2.107 1.466 1.17 1.041 0.955 0.861 0.919 
0.996 0.823 0.909 0.846 0.759 0.907 1.037 1.142 1.332 1.244 
1.454 1.435 1.863 4.015 6.18 7.201 4.609 5.866 2.771 4.021 
5.918 2.654 3.222 1.407 1.1 1.112 1.064 1.512 1.213 1.063 
0.973 0.983 1.08 1.165 1.282 1.335 1.571 2.105 3.006 8.254 
7.646 8.757 8.398 8.576 6.212 7.802 5.435 6.208 3.282 3.112 
1.505 1.708 2.362 4.141 1.322 1.86 1.376 1.301 1.522 1.5 
2.153 2.396 1.667 4.071 7.05 9.135 11.763 11.469 10.196 10.241 
9.149 6.819 5.993 4.807 4.971 6.609 8.349 8.583 10.824 9.948 
4.978 5.85 4.406 5.14 5.053 5.361 7.047 8.777 11.275 10.846 
10.939 12.716 15.0 15.0 15.0 15.0 15.0 15.0 15.0 15.0 
15.0 15.0 15.0 15.0 15.0 15.0 15.0 15.0 15.0 15.0 
15.0 15.0 15.0 15.0 15.0 15.0 15.0 14.627 12.647 11.328 
9.892 7.788 7.829 6.306 4.621 3.813 3.703 3.407 3.225 3.335 
3.037 3.135 3.289 4.014 8.085 10.159 12.501 
END
