PFRMAT local QA
AUTHOR MASS-CASP14
af2-standard_T1181_2.pdb local_accuracy_only 8.198 6.955 6.545 5.786 5.807 5.786 5.147 4.164 3.779 3.737 3.297 
2.823 2.975 2.622 2.508 2.048 2.328 2.879 3.168 2.62 2.4 
1.969 2.227 2.187 2.352 2.057 1.762 1.677 2.178 2.697 3.098 
3.123 3.154 3.185 3.549 3.386 3.534 3.015 2.265 1.937 1.764 
1.636 1.781 2.023 2.369 1.933 1.705 1.201 1.013 1.179 1.186 
1.286 1.508 1.867 2.476 2.589 2.482 1.959 1.763 1.663 1.806 
2.177 2.232 1.898 1.901 1.677 1.902 1.913 1.558 1.771 1.658 
1.792 1.89 2.455 2.571 1.991 1.641 2.108 2.416 2.535 3.402 
3.805 4.697 5.303 6.591 7.001 8.169 8.823 7.919 8.102 6.273 
4.605 3.312 2.37 1.672 1.282 1.324 1.488 1.657 2.575 2.585 
2.578 2.127 1.772 1.382 1.551 1.657 1.491 1.385 1.21 1.115 
1.375 1.388 1.314 1.06 0.917 0.965 0.956 0.994 1.246 1.67 
1.965 1.507 1.233 1.065 1.1 1.205 1.975 1.616 1.435 1.257 
1.581 1.717 1.642 1.338 1.251 1.328 1.634 1.669 1.676 1.827 
1.648 1.584 1.399 1.284 1.556 2.15 2.255 2.049 1.806 1.352 
1.451 1.493 1.478 1.728 1.627 1.69 2.031 2.402 2.486 2.43 
2.569 2.516 2.149 2.122 1.947 2.349 2.913 2.891 3.41 3.207 
2.5 2.037 1.874 1.842 1.517 1.438 1.65 1.808 1.58 1.462 
1.286 1.143 1.08 1.181 1.647 1.358 1.511 1.349 1.2 1.33 
1.619 1.641 1.498 1.281 1.444 1.574 1.834 2.211 2.123 2.095 
1.837 1.987 1.935 2.261 2.203 2.416 3.069 3.289 2.62 2.338 
2.121 2.179 2.735 2.347 2.033 1.557 1.265 1.201 1.139 1.432 
1.357 1.492 1.562 1.986 2.363 3.302 5.134 5.278 5.472 4.156 
3.184 2.482 2.255 1.761 1.969 2.001 2.022 1.625 1.358 1.63 
1.838 1.904 2.4 2.312 2.475 2.252 2.864 4.043 4.385 5.999 
7.192 7.872 8.965 8.434 9.127 8.304 8.629 7.697 8.989 8.095 
6.265 6.293 6.602 5.926 5.448 3.877 3.337 2.819 2.24 1.97 
1.666 1.477 1.546 1.502 1.359 1.558 1.566 1.732 1.837 1.629 
2.031 2.209 2.605 2.44 1.886 1.982 1.72 2.11 2.194 1.915 
1.966 1.864 1.603 1.451 1.426 1.612 1.488 1.157 1.34 1.315 
1.585 1.74 1.238 1.567 1.508 1.73 1.794 1.944 1.982 2.244 
2.562 2.325 2.47 2.387 2.39 2.113 2.084 1.833 1.545 1.497 
1.33 1.28 1.249 1.284 1.505 1.22 1.16 1.001 1.0 0.938 
0.896 1.087 1.063 0.961 1.139 1.259 1.483 1.776 1.454 1.456 
1.432 1.436 1.221 1.092 1.007 0.995 1.237 1.41 1.75 1.774 
2.042 1.895 1.909 1.964 2.054 1.995 1.667 1.528 1.455 1.823 
1.71 1.728 2.041 1.85 2.21 2.768 2.49 2.582 2.315 1.81 
1.265 1.123 1.085 1.047 1.226 1.384 1.813 2.197 2.557 3.709 
4.178 4.869 4.776 4.899 4.852 3.771 2.938 2.294 1.811 1.485 
1.186 1.332 1.091 0.977 0.969 0.919 1.116 1.173 1.125 1.133 
1.031 1.574 1.818 1.614 2.371 2.139 2.543 2.094 1.852 1.832 
1.947 1.857 1.441 1.554 1.636 1.361 1.268 1.082 1.419 1.423 
1.252 1.032 1.031 1.274 1.517 1.472 1.636 1.399 1.273 1.256 
1.325 1.368 1.519 1.866 1.708 1.79 1.653 1.369 1.236 1.226 
1.476 1.368 1.031 0.991 0.959 1.228 1.285 1.029 1.2 1.238 
1.288 1.132 1.143 1.124 1.521 1.826 2.022 2.538 2.658 2.892 
2.457 2.005 1.67 1.384 1.128 1.144 1.297 1.209 0.957 0.997 
0.95 1.202 1.56 1.558 1.866 1.5 1.338 1.349 1.143 1.188 
1.265 1.521 2.007 2.897 4.08 4.496 5.087 5.462 5.277 4.424 
3.289 2.519 1.659 1.633 1.185 1.117 0.974 0.954 1.194 1.177 
1.059 1.016 0.937 1.059 1.111 1.646 2.379 2.577 2.476 1.947 
1.864 1.515 1.457 1.306 1.344 1.446 1.469 1.934 2.859 3.079 
4.043 3.164 2.341 1.805 1.552 1.373 1.095 1.107 1.07 1.276 
1.269 1.045 1.12 1.05 1.184 1.284 1.593 2.292 2.995 4.117 
4.855 4.556 3.47 2.597 1.807 1.141 1.046 0.95 0.901 1.02 
1.123 1.005 1.132 1.081 0.928 1.031 0.994 1.189 1.409 1.084 
1.214 1.07 1.302 1.535 1.667 2.169 2.266 2.922 2.847 2.684 
2.677 1.943 1.666 1.645 1.884 1.83 1.961 1.704 1.596 1.164 
1.096 1.226 1.226 1.178 1.184 1.191 1.201 1.287 1.589 2.185 
2.748 3.078 3.34 2.948 2.887 2.856 2.462 2.113 1.685 1.798 
1.663 1.828 2.294 2.935 2.91 2.549 1.797 1.454 1.41 1.318 
1.578 1.861 1.947 2.517 2.771 3.434 4.733 4.833 4.787 4.216 
3.768 2.754 2.839 2.552 3.403 3.764 4.446 4.131 3.704 3.366 
3.15 3.153 3.389 3.575 3.746 3.71 3.897 3.72 4.731 5.486 
6.396 7.88 7.52 8.06 8.667 9.34 7.631 7.751 7.403 8.019 
7.931 8.206 9.592 7.381 7.28 6.761 6.474 7.058 7.256 7.224 
7.522 7.733 6.875 7.941 8.115 8.539 7.935 7.639 8.431 8.331 
7.614 7.927 7.712 7.962 7.499 7.993 7.796 8.191 8.541 8.678 
10.128 10.665 12.96 14.958 15.0 15.0 15.0 
END
