PFRMAT local QA
AUTHOR LAW-CASP14
af2-standard_T1134s2_1.pdb local_accuracy_only 15.0 15.0 15.0 15.0 15.0 15.0 15.0 15.0 15.0 15.0 15.0 
8.79 3.295 2.52 2.69 2.317 2.0 2.081 2.076 1.937 1.683 
1.624 1.698 1.453 1.47 1.685 1.618 1.503 1.579 1.797 1.718 
1.779 1.664 1.699 1.576 1.429 1.569 1.5 1.286 1.337 1.509 
1.211 1.167 1.536 1.63 1.118 1.585 1.835 1.237 1.202 1.282 
1.014 0.884 1.117 1.004 0.818 1.068 1.29 0.955 1.091 1.998 
4.359 5.042 5.797 3.027 7.652 7.702 6.278 4.447 3.305 2.365 
2.03 1.659 2.233 2.821 2.147 2.274 2.592 2.124 2.343 6.674 
2.454 2.469 2.481 2.217 1.976 2.229 2.33 2.026 2.203 1.835 
1.949 1.964 1.758 1.643 1.28 1.506 1.647 2.46 4.024 4.209 
4.478 1.891 1.57 1.21 0.998 0.876 1.027 1.404 1.554 1.85 
2.732 3.196 5.008 3.912 3.256 3.688 5.327 5.528 4.708 3.19 
1.909 1.502 1.006 0.874 0.745 0.703 0.797 0.796 1.03 1.588 
3.636 3.874 3.228 3.014 3.946 3.642 2.545 2.734 1.81 1.513 
1.773 1.775 1.814 1.708 2.285 2.918 3.201 4.954 5.809 6.055 
6.675 7.755 6.392 5.556 5.156 3.202 1.705 1.446 1.755 1.466 
1.033 1.295 1.382 1.213 1.297 1.476 1.635 1.615 1.905 2.419 
2.745 3.282 2.806 2.288 1.411 1.17 0.836 0.756 0.75 0.771 
0.817 0.832 0.772 0.769 0.924 0.804 0.762 0.949 1.02 0.982 
1.077 1.413 1.471 1.577 1.855 1.474 1.254 0.954 0.871 0.83 
0.787 0.857 0.971 1.098 2.396 1.861 2.848 2.669 3.222 2.119 
1.968 2.685 2.746 1.949 2.208 1.902 1.968 2.214 2.021 2.083 
2.205 2.131 2.406 1.732 1.418 1.486 1.32 0.982 1.067 1.005 
1.192 1.011 0.993 0.985 0.97 1.097 1.125 1.427 2.087 2.061 
5.078 6.243 8.025 9.534 9.912 8.972 12.48 13.075 13.145 12.794 
14.267 14.027 14.241 15.0 15.0 15.0 14.726 15.0 15.0 15.0 
13.419 13.322 10.225 10.103 8.926 8.946 5.804 4.923 4.373 3.796 
3.772 3.037 3.023 2.259 1.911 1.656 1.342 1.937 2.248 2.052 
3.089 2.82 2.175 1.376 1.592 1.778 1.204 0.971 1.211 0.949 
1.275 1.24 0.934 1.015 1.167 1.012 0.901 0.914 0.883 0.853 
0.938 0.97 0.975 1.036 1.143 1.255 1.344 1.438 1.497 1.646 
1.574 1.806 
END
