PFRMAT local QA
AUTHOR MASS-CASP14
af2-standard_T1134s2_1.pdb local_accuracy_only 15.0 15.0 15.0 15.0 15.0 15.0 15.0 15.0 15.0 13.329 11.541 
8.431 8.651 6.494 5.907 4.214 3.713 3.332 3.558 3.468 3.382 
2.97 3.0 2.251 2.815 3.319 5.248 4.874 5.038 5.039 4.34 
3.835 3.695 3.764 3.786 3.247 3.431 3.334 2.755 2.305 2.017 
1.921 1.586 1.876 1.976 2.186 2.13 1.711 1.896 1.791 1.791 
1.567 1.513 1.513 1.449 1.467 1.736 1.715 1.564 1.78 2.386 
2.992 4.187 4.492 4.933 5.605 5.333 5.732 4.855 5.19 5.072 
4.065 4.258 3.593 3.095 2.391 2.404 2.361 1.983 2.457 2.505 
2.419 2.371 2.358 1.905 1.665 2.102 2.322 2.043 2.14 2.277 
2.632 2.812 2.905 2.427 2.185 2.568 3.097 3.726 5.151 6.003 
6.242 6.774 5.755 4.307 3.105 2.525 2.455 2.196 2.252 2.649 
3.076 4.038 5.033 5.704 5.372 5.481 6.122 6.338 4.881 3.194 
2.444 1.69 1.16 0.858 0.457 0.208 0.996 1.299 1.476 1.91 
2.537 3.596 3.679 2.943 3.214 3.621 3.204 3.02 2.722 2.22 
2.268 2.36 1.789 1.975 2.219 2.545 2.961 3.556 4.08 4.681 
4.792 6.135 4.968 3.506 3.275 2.436 1.855 1.567 1.738 1.636 
1.376 1.476 1.539 1.376 1.525 1.571 1.581 1.523 1.715 2.073 
2.583 3.144 2.683 1.933 1.332 0.964 0.775 0.801 0.824 0.814 
0.889 1.016 1.131 1.093 1.068 1.072 1.041 1.159 1.112 1.069 
1.007 1.2 1.553 1.933 2.448 2.147 1.471 1.046 0.114 0.027 
0.031 0.248 0.939 1.424 1.61 1.431 1.966 2.363 2.247 1.887 
1.714 2.153 2.248 2.028 2.426 2.673 2.542 2.462 2.45 2.816 
3.13 3.273 2.857 2.071 1.686 1.727 1.631 1.295 1.27 1.267 
1.696 1.937 1.791 1.481 1.584 1.962 2.03 2.254 2.839 3.974 
4.959 5.195 6.785 8.348 8.205 10.029 9.722 10.091 10.46 11.534 
12.44 12.181 12.568 11.921 10.832 12.566 10.797 11.327 10.086 10.023 
10.108 10.459 8.874 9.647 9.354 9.541 8.26 7.479 8.737 8.151 
7.95 7.97 7.773 7.141 7.849 8.05 8.444 8.91 9.362 7.901 
6.636 5.02 4.09 2.713 2.242 1.996 1.794 1.823 1.681 1.573 
1.823 1.908 1.551 1.558 1.701 1.894 1.721 2.108 2.352 2.242 
2.11 1.965 2.05 1.723 1.537 1.631 1.647 1.487 1.727 1.869 
2.167 2.902 
END
