PFRMAT local QA
AUTHOR LAW-CASP14
af2-standard_T1105v1_5.pdb local_accuracy_only 8.147 4.197 3.786 3.956 2.594 0.979 1.7 0.762 0.85 0.612 0.644 
0.805 0.679 0.587 0.677 0.865 0.69 0.698 1.024 1.157 0.838 
0.923 0.713 0.609 0.705 0.65 0.869 1.012 1.341 0.997 0.879 
1.063 1.108 0.914 0.917 1.068 1.085 1.069 1.115 1.235 1.224 
1.228 1.115 1.061 0.892 0.996 1.238 1.083 1.407 1.106 1.162 
1.028 1.109 0.924 1.22 1.316 1.272 1.056 0.83 0.876 0.793 
0.726 0.7 0.704 0.673 0.669 0.692 0.704 0.68 0.789 0.857 
0.818 1.344 1.591 1.384 1.513 1.873 1.982 1.955 1.628 1.429 
1.25 1.161 1.605 1.242 2.426 2.191 1.856 1.4 1.106 1.136 
1.145 0.958 0.98 0.979 0.859 0.85 0.876 0.887 0.775 0.851 
0.852 0.861 0.839 0.98 1.005 1.049 0.999 0.909 0.759 0.792 
0.86 0.858 0.962 0.875 0.841 0.899 0.946 0.945 1.174 1.21 
1.281 1.181 1.115 1.23 1.293 0.988 1.072 1.225 1.422 1.426 
1.583 1.548 1.497 1.545 1.533 1.259 1.306 1.356 1.008 1.086 
1.098 1.013 0.835 0.926 1.014 0.847 0.883 0.945 0.978 0.909 
1.021 1.129 1.097 0.965 1.155 1.004 0.847 0.767 0.828 0.888 
0.771 0.822 0.892 0.802 0.764 0.848 1.033 0.877 0.792 0.813 
0.725 0.721 0.66 0.743 0.742 0.738 0.879 0.975 0.961 1.027 
1.297 1.778 0.905 1.215 0.864 0.873 0.802 1.301 0.898 1.985 
1.921 1.451 1.03 0.694 0.748 0.617 0.723 0.663 0.747 0.685 
0.66 0.683 0.659 0.683 0.751 0.745 0.814 1.064 1.064 1.106 
1.368 1.535 1.821 2.189 2.58 1.619 1.765 2.589 1.851 1.632 
1.281 1.033 1.006 0.973 0.788 0.718 0.661 0.651 0.551 0.692 
0.721 0.679 0.63 0.564 0.707 0.693 0.652 0.674 0.772 0.76 
0.801 0.741 0.657 0.703 0.697 0.819 0.923 0.92 0.79 0.915 
1.072 1.037 1.045 1.11 1.141 1.132 1.044 1.061 0.747 0.789 
0.853 0.749 0.623 0.601 0.537 0.566 0.531 0.497 0.477 0.497 
0.519 0.517 0.537 0.553 0.609 0.619 0.659 0.694 0.735 0.763 
0.786 0.897 0.93 0.956 1.071 1.268 1.165 1.265 1.185 1.144 
0.844 0.831 0.726 0.699 0.69 0.679 0.631 0.727 0.74 0.682 
0.741 0.908 0.862 0.834 1.067 1.265 1.38 2.334 2.451 2.327 
1.666 1.148 1.11 0.97 1.149 1.1 1.242 1.346 2.753 3.024 
2.467 5.851 8.835 9.918 10.724 8.844 6.761 5.525 4.593 5.959 

END
