PFRMAT local QA
AUTHOR MASS-CASP14
af2-standard_T1105v1_5.pdb local_accuracy_only 5.554 3.511 2.801 2.873 2.551 1.654 1.806 1.622 1.37 1.14 1.12 
1.21 1.063 1.026 1.057 1.247 1.24 1.458 1.805 1.946 1.908 
1.776 1.353 1.092 1.024 0.876 0.949 1.117 1.213 0.807 0.008 
0.0 0.0 0.0 0.052 1.148 1.167 1.109 1.333 1.643 1.67 
1.652 1.511 1.623 1.644 1.698 1.662 1.657 2.196 2.358 2.257 
1.987 1.861 1.781 2.239 2.536 2.25 1.904 1.78 1.561 1.307 
1.359 1.283 1.241 1.077 1.072 1.128 1.247 1.202 1.304 1.414 
1.292 1.407 1.466 1.648 1.655 2.349 3.058 2.965 1.917 1.572 
1.527 1.705 1.815 2.042 2.653 2.968 2.259 1.897 1.59 1.754 
1.653 1.302 1.306 1.165 1.051 1.156 1.21 1.101 1.018 1.101 
1.207 1.254 1.2 1.596 1.724 1.696 1.302 1.215 1.098 1.341 
1.312 1.252 1.33 1.145 1.072 1.286 1.4 1.085 1.213 1.405 
1.599 1.278 0.98 1.276 1.242 0.975 1.007 1.294 1.682 1.682 
1.998 1.678 1.434 1.689 1.595 1.541 1.548 1.413 1.33 1.244 
1.349 1.153 0.939 1.182 1.275 1.151 1.249 1.306 1.078 1.091 
1.546 1.873 1.694 1.639 1.65 1.581 1.428 1.329 1.576 1.46 
1.322 1.275 1.49 1.596 1.574 1.841 1.606 1.401 1.287 1.276 
1.357 1.114 1.09 1.27 1.203 1.042 1.283 1.244 1.332 1.176 
1.337 1.433 1.231 1.608 1.547 1.508 1.618 1.953 2.044 2.433 
2.762 1.893 1.329 1.199 1.132 1.114 1.082 1.139 1.197 1.16 
1.176 1.216 1.183 1.285 1.479 1.613 1.45 1.557 1.956 2.189 
2.103 2.305 2.566 2.91 3.137 2.916 3.866 3.737 2.934 3.47 
2.615 2.145 2.435 1.973 1.495 1.476 1.556 1.457 1.46 1.403 
1.428 1.361 1.247 1.116 1.226 1.069 1.259 1.466 1.671 1.657 
1.627 1.299 1.177 1.158 1.17 1.291 1.511 1.586 1.387 1.401 
1.731 1.658 1.568 1.813 1.949 1.895 2.087 1.785 1.535 1.774 
1.939 1.447 1.227 1.217 1.232 1.098 1.051 1.093 1.027 0.986 
1.116 1.145 1.144 1.17 1.195 0.871 0.717 0.389 1.458 1.363 
1.624 1.663 1.593 1.428 1.648 2.026 2.147 2.31 2.017 1.763 
1.687 1.405 1.252 1.268 1.171 1.026 1.257 1.294 1.34 1.311 
1.415 1.812 2.119 2.475 2.111 2.573 2.881 3.603 4.533 4.875 
4.513 3.997 3.919 3.4 3.913 3.943 3.641 3.45 2.901 2.24 
2.291 2.226 2.327 3.245 3.685 4.543 5.825 6.744 7.909 9.321 

END
