PFRMAT local QA
AUTHOR MASS-CASP14
af2-standard_T1163_5.pdb local_accuracy_only 10.98 11.779 10.981 11.878 12.455 11.151 10.062 9.245 8.729 7.321 6.429 
5.368 4.329 2.764 1.971 1.746 1.608 1.557 1.218 1.426 1.307 
0.988 0.947 1.13 1.301 1.126 1.213 0.976 1.341 1.446 1.203 
1.421 1.685 2.303 3.314 4.557 5.626 6.397 6.294 7.462 6.764 
7.201 7.504 8.346 8.244 9.141 8.502 7.183 5.624 4.383 4.637 
3.229 2.544 2.207 2.616 2.371 1.866 1.809 2.184 2.377 2.514 
3.038 3.904 5.169 5.906 5.534 7.062 8.94 8.663 10.198 8.004 
6.311 3.562 2.51 1.677 1.544 1.231 1.13 1.029 1.013 1.123 
1.42 1.88 2.945 3.842 3.616 3.006 1.994 1.493 1.226 1.236 
1.213 1.033 1.041 1.192 1.162 1.138 1.3 1.523 1.52 1.399 
1.645 1.622 1.63 1.827 1.71 1.48 1.225 1.434 1.516 1.671 
2.148 2.995 4.313 4.113 4.119 4.402 4.64 5.577 6.142 5.619 
4.78 3.764 3.885 3.012 2.583 2.189 2.119 1.803 1.579 1.674 
2.03 2.101 2.5 2.03 1.518 1.186 1.044 0.958 1.067 0.986 
1.037 0.959 1.151 1.276 1.801 2.764 3.173 4.963 6.357 8.734 
11.08 11.128 10.573 6.642 5.442 3.932 2.678 2.144 1.813 1.461 
1.375 1.387 1.363 1.683 1.671 2.136 2.316 2.269 2.194 2.905 
3.008 2.272 1.88 2.017 1.718 1.398 1.594 1.647 1.48 1.206 
0.893 1.228 1.198 1.187 1.269 1.579 1.739 1.653 1.996 3.004 

END
