PFRMAT local QA
AUTHOR LAW-CASP14
af2-standard_T1163_5.pdb local_accuracy_only 15.0 15.0 15.0 15.0 15.0 15.0 11.718 5.124 4.367 3.734 2.389 
2.322 1.414 1.514 1.132 1.16 1.506 1.033 0.906 1.11 1.19 
0.991 1.034 1.157 1.363 1.302 1.286 1.421 1.523 1.277 1.048 
1.09 1.257 1.483 2.644 3.108 3.091 2.037 1.322 1.456 1.134 
2.819 3.865 6.574 7.787 9.435 8.889 6.451 4.148 2.887 2.304 
1.915 1.572 1.406 1.311 1.114 0.895 0.955 1.009 0.976 0.897 
1.04 1.119 1.26 1.132 0.976 1.08 2.477 3.836 4.695 4.015 
3.856 3.695 1.877 1.215 1.115 0.953 0.872 0.837 0.734 0.673 
0.784 0.868 1.754 2.106 2.853 1.886 1.088 0.854 0.777 0.79 
0.761 0.675 0.724 0.764 0.738 0.754 0.768 0.925 0.966 0.98 
1.195 1.159 1.31 1.617 1.758 1.734 1.535 1.515 1.517 1.545 
1.878 2.915 3.909 3.306 3.589 2.333 2.407 3.303 2.141 1.724 
1.242 1.43 1.19 1.113 1.02 1.17 1.053 0.873 1.103 1.27 
1.667 1.833 2.354 1.598 1.286 1.064 0.885 1.005 0.817 0.849 
0.926 0.889 1.179 1.17 2.734 2.705 8.09 8.555 9.223 11.116 
10.703 9.457 7.894 5.226 3.399 1.639 1.08 0.923 0.81 0.669 
0.691 0.73 0.834 0.962 1.035 1.124 1.101 1.146 1.236 1.496 
1.638 1.643 1.482 1.553 1.38 1.525 1.674 1.764 2.092 1.619 
1.574 1.629 1.527 1.508 1.66 1.737 1.618 1.705 2.253 2.586 

END
