PFRMAT local QA
AUTHOR LAW-CASP14
af2-standard_T1122_1.pdb local_accuracy_only 15.0 15.0 15.0 15.0 15.0 15.0 15.0 15.0 15.0 15.0 15.0 
15.0 15.0 15.0 15.0 15.0 15.0 15.0 15.0 15.0 15.0 
15.0 15.0 15.0 15.0 15.0 15.0 15.0 15.0 15.0 15.0 
15.0 15.0 15.0 15.0 15.0 15.0 15.0 15.0 15.0 15.0 
15.0 12.926 11.285 10.637 8.984 7.506 6.359 5.945 4.24 4.343 
3.197 2.08 2.343 2.129 1.857 1.467 1.546 1.647 1.464 1.311 
1.349 1.397 1.278 1.31 1.519 1.376 1.609 1.633 1.78 1.915 
2.29 2.253 1.899 2.347 2.357 2.228 2.088 2.45 2.35 2.586 
2.913 3.546 3.791 3.305 4.57 5.636 5.894 7.027 7.938 8.343 
8.403 9.935 12.593 9.332 9.74 9.116 8.398 6.457 4.809 3.363 
3.365 3.713 3.211 2.378 3.261 3.565 2.702 2.848 3.125 3.167 
2.743 3.682 3.086 3.207 2.573 3.078 2.145 2.436 2.614 2.702 
2.506 2.424 2.512 3.127 2.482 2.68 3.501 3.222 2.088 2.42 
2.798 2.862 2.08 2.235 2.206 2.082 2.37 2.557 2.607 2.17 
3.069 2.765 2.582 2.664 2.183 2.336 2.256 1.988 1.939 1.947 
1.757 1.698 1.639 1.637 1.609 1.551 1.653 1.687 1.626 1.704 
1.894 1.592 1.454 2.55 2.008 1.615 4.521 4.687 6.788 7.885 
7.288 6.825 8.758 9.12 7.607 9.063 9.781 7.1 11.467 10.372 
15.0 15.0 15.0 14.932 12.055 10.363 10.232 8.432 7.237 6.654 
4.259 3.632 2.394 2.052 1.921 1.738 1.485 1.51 1.43 1.335 
1.238 1.273 1.199 1.142 1.115 1.107 1.201 1.126 1.067 1.168 
1.262 1.027 1.065 1.131 1.284 1.12 1.165 1.174 1.252 1.692 
1.493 1.879 3.579 4.001 5.576 5.235 4.681 5.349 4.379 3.258 
3.283 3.014 2.363 2.342 2.213 2.323 2.352 2.312 2.281 2.368 

END
