PFRMAT local QA
AUTHOR MASS-CASP14
af2-standard_T1122_1.pdb local_accuracy_only 15.0 15.0 15.0 15.0 15.0 15.0 15.0 15.0 15.0 15.0 15.0 
11.812 11.03 11.157 8.44 8.658 8.32 8.786 8.553 8.433 8.299 
7.735 7.575 8.381 8.971 10.58 10.303 11.001 11.537 13.35 12.862 
14.695 15.0 14.381 14.298 14.589 15.0 15.0 15.0 14.849 12.693 
11.572 13.16 12.159 11.232 8.921 8.934 7.482 6.788 5.382 4.415 
3.896 2.487 2.004 1.746 1.413 1.184 1.294 1.35 1.658 1.377 
1.439 1.248 1.386 1.225 1.223 1.197 1.19 1.159 1.194 1.181 
1.296 1.492 1.388 1.561 1.601 1.56 1.535 1.809 2.185 2.48 
3.049 3.521 3.187 2.818 3.008 3.259 3.094 3.923 4.574 5.475 
5.827 6.918 7.682 6.701 6.302 7.267 7.808 7.655 5.864 5.418 
4.094 3.132 2.354 2.45 2.925 2.788 2.846 3.359 3.831 3.969 
4.205 3.734 3.559 3.014 2.766 2.632 2.437 2.062 1.992 1.995 
1.852 1.67 1.958 1.77 1.896 1.617 1.846 1.765 1.823 1.723 
2.252 2.21 1.936 2.092 2.159 1.955 2.083 2.529 3.2 3.049 
3.617 4.137 3.888 3.994 3.905 4.43 3.646 2.529 2.742 2.626 
2.163 1.967 1.609 1.561 1.299 1.407 1.627 1.341 1.362 1.626 
1.721 1.441 1.578 1.959 1.922 1.841 2.329 3.274 4.459 5.502 
5.824 5.751 6.634 7.238 7.011 7.494 8.215 8.854 8.676 8.872 
9.512 9.973 9.156 9.002 7.645 7.882 7.005 7.456 6.651 5.656 
5.521 3.867 3.608 3.162 3.201 2.499 2.385 1.974 1.979 1.766 
1.883 1.779 1.702 1.565 1.569 1.557 1.79 1.578 1.672 1.593 
1.671 1.632 1.606 1.539 1.495 1.718 1.56 1.488 1.684 1.883 
2.405 2.518 2.885 4.34 5.18 4.522 4.017 4.188 4.022 3.592 
4.057 4.228 4.08 4.057 4.714 6.359 7.465 9.086 10.559 11.416 

END
