PFRMAT local QA
AUTHOR LAW-CASP14
af2-standard_T1105v1_3.pdb local_accuracy_only 8.564 5.339 4.638 4.541 2.92 1.011 1.619 0.78 0.859 0.616 0.654 
0.814 0.681 0.591 0.698 0.904 0.689 0.73 1.134 1.362 0.922 
1.061 0.765 0.644 0.756 0.704 0.926 1.078 1.383 1.033 0.915 
1.115 1.146 0.952 0.951 1.108 1.097 1.058 1.12 1.215 1.16 
1.171 1.093 1.076 0.958 1.01 1.294 1.083 1.498 1.328 1.276 
1.064 1.189 0.965 1.79 1.612 1.498 1.061 0.841 0.835 0.809 
0.725 0.692 0.673 0.664 0.656 0.689 0.696 0.667 0.788 0.845 
0.78 1.271 1.431 1.252 1.419 1.732 1.871 1.888 1.524 1.371 
1.227 1.166 1.524 1.269 2.488 2.246 1.899 1.42 1.105 1.126 
1.068 1.004 0.977 1.005 0.854 0.854 0.887 0.902 0.787 0.87 
0.877 0.89 0.857 1.016 1.049 1.092 1.023 0.92 0.767 0.776 
0.858 0.865 0.973 0.888 0.847 0.915 0.955 0.948 1.192 1.235 
1.357 1.231 1.14 1.277 1.356 1.02 1.079 1.251 1.381 1.384 
1.493 1.425 1.384 1.426 1.454 1.236 1.275 1.315 1.002 1.076 
1.088 1.011 0.841 0.921 1.023 0.855 0.892 0.954 0.983 0.917 
1.026 1.128 1.088 0.972 1.159 1.008 0.855 0.779 0.844 0.915 
0.791 0.854 0.922 0.832 0.786 0.881 1.078 0.902 0.788 0.837 
0.738 0.729 0.66 0.761 0.752 0.744 0.89 0.995 0.962 1.041 
1.292 1.682 0.906 1.215 0.875 0.886 0.812 1.35 0.921 2.089 
2.03 1.524 1.056 0.701 0.74 0.578 0.723 0.651 0.725 0.672 
0.652 0.666 0.647 0.671 0.744 0.743 0.836 1.059 1.059 1.039 
1.339 1.484 1.589 1.989 2.332 1.48 1.619 2.365 1.841 1.705 
1.371 1.073 1.059 1.083 0.798 0.733 0.674 0.666 0.565 0.731 
0.738 0.739 0.664 0.583 0.729 0.72 0.672 0.693 0.802 0.789 
0.826 0.772 0.686 0.728 0.716 0.859 1.008 1.039 0.846 1.006 
1.205 1.153 1.12 1.201 1.243 1.186 1.105 1.063 0.733 0.804 
0.864 0.766 0.637 0.62 0.556 0.583 0.545 0.514 0.494 0.506 
0.523 0.54 0.551 0.564 0.636 0.645 0.678 0.724 0.78 0.795 
0.827 0.963 0.995 1.02 1.191 1.406 1.262 1.395 1.242 1.235 
0.894 0.87 0.736 0.717 0.723 0.717 0.646 0.755 0.757 0.703 
0.729 0.906 0.855 0.841 1.043 1.201 1.305 2.165 2.305 2.217 
1.63 1.212 1.151 0.964 1.153 1.119 1.198 1.449 2.859 3.214 
2.374 7.895 12.228 14.211 14.808 13.243 10.715 10.279 10.073 10.249 

END
