PFRMAT local QA
AUTHOR MASS-CASP14
af2-standard_T1105v1_3.pdb local_accuracy_only 5.633 3.322 2.683 2.776 2.536 1.655 1.872 1.71 1.471 1.162 1.172 
1.269 1.112 1.074 1.141 1.388 1.471 1.797 2.366 2.661 2.497 
2.255 1.527 1.205 1.131 0.977 1.052 1.237 1.374 1.221 1.004 
1.233 1.327 1.116 1.094 1.289 1.243 1.202 1.387 1.691 1.66 
1.55 1.427 1.586 1.646 1.725 1.708 1.666 2.201 2.413 2.389 
1.903 1.873 1.885 2.414 2.748 2.367 1.991 1.831 1.572 1.328 
1.39 1.31 1.247 1.086 1.075 1.144 1.26 1.186 1.3 1.392 
1.273 1.361 1.417 1.579 1.602 2.371 2.949 2.814 1.777 1.487 
1.439 1.602 1.698 1.934 2.603 2.945 2.312 1.927 1.578 1.725 
1.596 1.355 1.308 1.177 1.089 1.195 1.242 1.117 1.034 1.129 
1.222 1.269 1.209 1.606 1.714 1.702 1.288 1.212 1.106 1.354 
1.304 1.252 1.33 1.148 1.064 1.291 1.397 1.078 1.211 1.419 
1.621 1.286 0.988 1.29 1.251 0.982 1.01 1.293 1.681 1.657 
1.984 1.693 1.433 1.679 1.652 1.584 1.575 1.407 1.335 1.226 
1.352 1.144 0.934 1.167 1.272 1.164 1.252 1.298 1.075 1.087 
1.536 1.867 1.664 1.619 1.641 1.588 1.443 1.344 1.594 1.488 
1.35 1.303 1.537 1.642 1.629 1.891 1.65 1.433 1.313 1.311 
1.382 1.139 1.121 1.302 1.231 1.076 1.306 1.27 1.339 1.186 
1.367 1.467 1.23 1.599 1.556 1.506 1.609 1.932 2.029 2.445 
2.797 1.921 1.374 1.219 1.15 1.129 1.107 1.161 1.255 1.206 
1.2 1.227 1.192 1.302 1.504 1.638 1.479 1.556 1.971 2.126 
2.091 2.224 2.507 2.796 3.075 2.827 3.583 3.598 2.916 3.59 
2.662 2.271 2.542 2.134 1.56 1.592 1.721 1.624 1.662 1.58 
1.664 1.557 1.413 1.195 1.297 1.143 1.321 1.456 1.674 1.642 
1.63 1.308 1.203 1.178 1.209 1.329 1.574 1.616 1.422 1.434 
1.785 1.694 1.59 1.803 1.956 1.908 2.096 1.811 1.534 1.745 
1.885 1.412 1.222 1.239 1.276 1.13 1.074 1.124 1.064 1.024 
1.157 1.189 1.167 1.181 1.194 0.492 0.488 0.257 1.486 1.405 
1.68 1.716 1.649 1.45 1.652 2.001 2.129 2.218 1.944 1.748 
1.685 1.412 1.226 1.244 1.151 1.006 1.25 1.264 1.322 1.302 
1.408 1.801 2.087 2.464 2.184 2.655 3.026 3.793 4.746 4.781 
4.214 3.658 3.613 3.11 3.715 3.752 3.54 3.422 2.907 2.319 
2.283 2.244 2.377 3.239 3.572 4.742 6.593 8.025 10.012 12.308 

END
