PFRMAT local QA
AUTHOR LAW-CASP14
af2-standard_T1118_2.pdb local_accuracy_only 15.0 15.0 15.0 15.0 15.0 15.0 15.0 12.82 6.893 6.288 4.026 
3.547 3.416 1.88 2.316 1.542 1.815 1.889 1.843 2.106 1.63 
1.788 1.529 1.438 1.311 1.36 1.29 1.264 1.336 1.381 1.351 
1.407 1.521 1.518 1.679 1.592 2.009 2.61 3.631 3.581 4.412 
3.709 3.196 3.347 3.363 2.679 2.489 2.088 2.151 2.031 2.05 
2.697 3.058 3.659 3.0 3.321 2.529 2.6 2.506 2.199 1.865 
2.157 2.033 1.696 1.938 2.189 2.31 2.323 2.283 2.208 2.194 
2.129 1.938 2.011 1.899 2.199 2.203 1.858 1.876 1.713 1.958 
2.004 2.09 2.497 2.622 4.647 9.567 10.652 12.673 13.618 14.741 
15.0 15.0 15.0 15.0 15.0 15.0 13.797 12.603 9.677 7.954 
7.924 6.125 7.68 6.339 6.97 4.003 3.706 3.091 2.156 1.817 
1.487 1.302 1.324 1.711 1.881 2.172 2.21 2.496 1.495 1.428 
1.755 2.157 4.076 5.08 1.384 1.068 1.0 0.909 0.902 0.869 
0.865 0.729 0.74 0.752 0.726 0.749 0.805 0.971 0.825 0.92 
0.824 0.813 0.816 0.761 0.746 0.843 0.922 1.108 1.151 1.055 
1.439 1.119 0.956 1.196 1.332 1.126 1.055 0.93 0.914 1.2 
1.368 2.123 2.926 2.204 2.122 2.504 2.6 2.175 1.806 1.771 
2.112 1.516 2.166 1.711 1.315 0.996 0.878 1.107 1.218 3.46 
4.286 3.72 3.225 3.024 2.811 1.434 1.316 1.233 1.147 1.085 
1.449 1.531 1.596 2.037 3.079 4.019 3.572 4.291 3.653 2.992 
2.854 2.913 3.788 2.88 2.081 1.412 1.135 0.983 1.205 0.942 
0.84 0.822 0.756 0.747 0.777 0.761 0.797 0.822 0.784 0.792 
0.831 0.769 0.828 0.923 0.915 0.848 1.362 0.931 1.358 0.808 
0.934 0.865 0.929 0.84 0.947 0.897 0.839 0.847 0.869 1.032 
1.1 1.579 2.08 2.179 1.999 1.8 1.747 1.7 2.002 2.178 
2.35 2.02 1.96 1.484 1.517 2.675 2.642 2.068 2.524 2.576 
2.516 2.098 1.665 1.299 1.361 1.475 1.649 2.087 2.299 2.452 
3.346 2.959 2.407 1.896 1.598 1.415 1.165 1.095 1.155 1.247 
1.422 1.828 2.026 2.169 2.477 3.088 4.844 5.086 5.099 4.429 
4.647 5.548 4.488 3.707 2.731 2.429 1.702 1.652 1.492 1.388 
1.248 1.211 1.143 1.189 1.416 1.625 2.041 2.243 2.562 2.536 
1.947 1.917 1.845 1.505 1.325 1.231 1.274 1.44 1.488 1.567 
1.574 1.719 2.087 2.196 2.375 2.594 3.596 2.951 2.913 2.961 
2.499 2.345 2.165 1.79 2.177 2.425 2.257 1.997 2.548 3.235 
3.039 3.628 4.064 3.153 3.019 2.891 3.186 2.454 3.827 3.363 
3.503 3.34 3.723 4.277 4.406 5.058 3.555 3.254 2.687 2.255 
2.2 2.107 1.993 1.856 1.744 1.572 1.525 1.373 1.318 1.329 
1.487 1.485 1.558 1.701 1.731 1.759 1.938 1.847 1.83 1.663 
1.774 1.619 1.628 1.668 1.666 1.739 2.028 2.364 2.314 2.62 
2.407 2.505 2.615 2.814 2.93 3.326 3.258 3.12 3.185 2.783 
2.92 3.099 3.77 5.131 6.154 4.509 4.22 3.922 3.983 3.567 
3.555 3.557 3.473 3.2 2.989 2.887 2.541 2.499 2.39 2.426 
2.644 2.866 2.959 2.648 1.965 1.933 1.669 1.818 1.607 1.69 
1.673 1.682 1.966 2.236 3.087 2.771 3.6 2.844 1.867 1.699 
1.274 1.291 1.174 1.193 1.122 1.256 1.355 1.563 1.563 1.9 
2.009 2.647 2.446 2.436 2.177 2.333 2.402 2.587 3.204 3.468 
4.103 4.274 4.07 4.787 4.542 4.129 3.945 3.556 3.501 4.547 
4.562 5.205 5.673 5.875 5.623 5.454 5.212 4.846 5.095 4.291 
4.119 3.455 3.165 2.393 2.113 1.882 1.922 1.742 1.825 1.722 
1.615 1.169 1.331 1.052 1.091 0.928 0.988 0.969 0.985 1.028 
1.107 1.208 1.531 1.779 1.424 1.242 1.091 0.987 0.963 0.924 
0.859 0.916 0.874 0.948 0.997 1.03 1.164 1.201 1.364 1.495 
1.589 1.642 1.893 1.822 2.294 2.44 2.217 2.273 1.914 1.745 
1.536 1.389 1.212 1.125 1.1 0.961 1.037 0.825 0.896 0.822 
0.892 0.821 0.986 0.973 1.133 1.137 1.499 1.792 2.678 1.354 
1.238 0.991 0.989 0.862 0.847 0.842 0.803 0.779 0.74 0.818 
0.862 1.073 1.257 1.56 2.121 2.261 2.412 2.37 2.925 2.597 
2.267 2.05 1.955 1.81 1.492 1.078 1.015 0.849 0.842 0.793 
0.75 0.861 0.798 0.978 0.843 0.998 0.878 1.021 1.17 2.011 
3.656 4.635 2.999 1.783 1.301 1.021 0.928 0.863 0.861 0.839 
0.831 0.748 0.752 0.777 0.809 0.878 1.037 1.426 1.481 2.459 
3.125 4.014 5.978 6.673 7.739 5.584 4.58 3.387 2.9 2.529 
2.151 2.226 1.863 1.29 0.981 0.877 0.776 0.759 0.734 0.78 
0.786 0.867 0.924 0.997 1.073 1.195 2.321 2.524 3.616 3.834 
2.856 2.238 1.613 1.119 0.995 0.905 0.872 0.795 0.777 0.824 
0.92 0.899 1.023 1.081 1.402 1.545 1.809 2.784 3.733 4.274 
3.686 1.969 2.202 1.49 1.306 1.15 1.194 1.247 1.361 1.065 
0.875 0.871 0.804 0.771 0.809 0.841 0.873 0.845 0.921 1.082 
1.158 1.502 1.975 3.097 3.117 3.51 4.052 2.73 2.353 1.693 
1.064 1.05 0.907 0.797 0.792 0.764 0.777 0.81 0.812 0.82 
0.881 0.935 0.962 1.118 1.235 1.318 1.351 1.546 1.221 1.243 
1.139 1.06 1.103 1.034 0.951 0.927 0.833 0.799 0.769 0.716 
0.738 0.737 0.795 0.899 0.948 1.198 1.606 2.355 2.736 3.282 
3.291 2.804 2.573 1.819 1.54 1.107 0.997 0.862 0.806 0.728 
0.705 0.739 0.77 0.737 0.815 0.892 0.933 1.487 1.269 1.453 
1.665 1.423 1.442 1.523 1.519 1.528 1.825 1.745 1.651 1.79 
1.725 3.052 2.221 1.782 0.869 0.896 0.879 1.104 1.093 1.307 
1.317 1.605 1.715 1.934 2.018 
END
