PFRMAT local QA
AUTHOR MASS-CASP14
af2-standard_T1118_2.pdb local_accuracy_only 15.0 15.0 15.0 15.0 15.0 15.0 15.0 13.781 12.69 7.865 5.139 
4.195 3.382 3.1 2.715 2.408 2.654 2.712 2.223 1.963 1.722 
2.193 2.274 1.743 1.763 1.714 1.68 1.409 1.539 1.748 2.266 
2.243 2.25 1.781 1.806 1.538 1.76 1.902 2.058 2.69 3.035 
2.943 3.092 4.572 5.674 5.537 6.015 6.383 6.679 5.555 5.323 
5.601 5.319 4.478 3.45 2.985 2.579 2.477 2.434 1.973 1.784 
2.158 2.47 1.919 1.73 2.338 2.376 2.086 1.917 1.604 1.792 
1.716 1.763 1.977 2.113 2.406 2.152 2.044 1.501 1.291 1.352 
1.314 1.485 1.853 1.947 2.425 2.978 4.893 6.247 9.558 11.655 
14.672 15.0 15.0 15.0 15.0 15.0 15.0 15.0 15.0 15.0 
15.0 15.0 15.0 15.0 15.0 15.0 15.0 15.0 15.0 15.0 
15.0 15.0 15.0 15.0 15.0 12.061 11.044 10.465 9.827 9.508 
8.057 7.353 5.559 4.889 3.69 2.888 2.503 2.465 2.227 1.999 
2.047 1.83 1.369 1.467 1.385 1.267 1.2 1.254 1.509 1.639 
1.459 1.371 1.728 1.807 1.705 1.918 1.936 2.242 2.257 1.911 
2.301 2.341 2.135 2.081 2.568 2.73 2.325 2.813 3.195 2.607 
3.662 4.461 6.146 6.991 6.867 8.236 8.874 10.513 10.474 7.731 
4.96 4.841 4.547 3.533 2.91 2.774 3.075 3.386 2.822 3.523 
4.76 6.437 6.808 7.404 7.587 7.166 6.049 6.329 7.141 8.88 
10.342 9.581 9.899 11.325 13.139 15.0 15.0 15.0 15.0 15.0 
15.0 15.0 10.891 7.62 4.48 3.367 3.033 2.195 2.369 2.089 
1.994 2.325 1.685 2.094 1.857 1.82 1.641 1.621 1.519 1.628 
1.649 1.843 2.171 2.541 3.091 2.868 2.461 2.371 2.426 2.02 
1.881 1.634 1.521 1.696 1.987 2.496 2.651 2.572 2.811 3.04 
2.957 4.315 5.684 6.927 6.818 6.907 7.255 7.602 6.99 6.886 
6.027 6.183 6.237 6.387 6.577 7.787 9.074 10.064 8.937 8.401 
8.365 9.51 7.981 9.11 8.53 9.806 9.012 8.438 8.565 8.864 
9.729 8.064 5.497 5.365 5.385 5.989 5.845 6.916 7.615 6.893 
6.876 7.071 8.912 9.236 9.89 10.002 12.599 14.093 13.916 11.739 
11.069 11.446 10.387 9.131 8.77 8.271 7.354 7.621 8.618 8.054 
10.581 11.344 11.275 10.48 10.002 8.67 10.311 8.124 9.673 8.891 
8.609 7.161 9.102 7.862 10.066 9.903 10.767 10.197 10.055 10.067 
10.435 10.582 11.15 13.046 15.0 15.0 12.846 9.623 8.607 5.296 
4.511 3.162 2.959 3.323 3.814 3.7 3.931 3.555 4.6 5.191 
5.621 5.614 5.657 4.601 4.348 3.476 3.856 3.816 4.284 4.1 
4.825 5.986 6.929 7.012 7.165 8.327 9.191 9.81 8.275 6.875 
6.266 5.887 5.114 4.548 3.489 2.722 2.827 2.189 1.992 1.941 
1.895 2.204 2.061 2.264 2.77 2.996 3.391 3.127 2.734 3.321 
3.535 4.183 4.505 4.713 4.985 5.191 6.463 8.197 10.268 11.426 
13.951 11.892 11.971 11.717 12.603 11.172 9.065 8.613 8.138 7.438 
6.803 5.261 5.923 6.038 5.403 4.186 4.115 3.46 3.007 3.089 
3.498 4.221 4.43 4.977 5.761 7.616 8.736 9.881 10.793 11.014 
10.128 10.997 10.351 8.569 8.719 9.313 9.941 11.469 11.453 11.051 
10.36 9.57 9.322 7.23 8.367 7.247 7.8 7.024 4.637 4.285 
4.52 4.335 5.221 5.08 5.886 5.15 6.382 5.664 6.895 7.63 
8.6 10.355 12.113 15.0 15.0 15.0 15.0 15.0 13.842 12.242 
10.377 10.124 8.753 7.271 5.594 5.126 5.02 4.762 4.885 4.73 
4.861 6.152 5.82 6.51 8.548 8.082 8.518 6.731 7.151 6.793 
7.705 9.187 9.531 10.11 9.684 9.306 9.386 8.912 9.43 8.322 
7.702 6.535 4.808 4.395 3.395 3.409 2.933 3.001 2.665 2.572 
2.311 2.36 2.82 2.872 2.266 1.755 1.436 1.418 1.398 1.441 
1.323 1.708 1.828 2.089 2.031 2.37 2.663 2.821 2.912 3.463 
3.962 4.204 4.629 5.721 7.55 10.478 11.138 11.244 8.958 6.671 
5.478 3.802 2.995 2.298 2.238 2.095 1.708 1.58 1.411 1.294 
1.18 1.208 1.198 1.229 1.496 1.681 2.104 2.398 2.187 1.747 
0.505 0.017 0.005 0.005 0.041 0.149 0.983 1.106 1.19 1.029 
1.151 1.295 1.488 1.892 2.051 2.128 2.803 3.576 4.288 4.661 
3.829 2.566 2.038 1.557 1.736 1.459 1.357 1.36 1.247 1.274 
1.216 1.379 1.561 1.637 1.672 1.831 1.945 2.145 2.732 3.663 
5.261 6.238 5.71 4.815 2.882 1.835 1.438 1.479 1.253 1.352 
1.289 1.366 1.455 1.403 1.797 2.225 2.829 3.421 3.76 5.023 
5.127 5.847 6.532 7.023 7.816 7.825 7.496 4.752 3.417 3.01 
3.227 3.255 2.281 1.68 1.427 1.557 1.635 1.785 1.795 2.112 
2.853 3.06 4.105 3.988 4.811 4.53 4.972 5.505 6.791 7.324 
5.789 3.243 2.552 2.007 1.831 1.745 1.676 1.656 1.86 2.22 
3.375 4.038 4.964 5.938 5.571 6.021 6.245 6.73 7.213 8.919 
10.676 9.199 7.146 5.25 4.285 3.802 3.3 3.314 3.212 2.887 
2.75 2.47 2.412 2.05 1.981 2.253 2.454 2.817 3.333 3.007 
3.384 3.531 3.572 4.457 6.065 6.071 6.466 4.822 3.273 2.533 
2.07 1.753 1.522 1.476 1.301 1.289 1.342 1.419 1.739 2.092 
2.633 2.713 2.371 2.252 2.644 3.253 3.374 3.44 2.745 2.33 
1.945 1.814 1.544 1.862 1.827 1.474 1.515 1.204 1.37 1.417 
1.549 1.83 1.727 1.67 1.672 1.796 2.283 2.99 4.174 4.851 
5.774 4.901 4.888 4.378 3.433 2.115 1.789 1.454 1.305 1.13 
1.233 1.247 1.284 1.364 1.767 1.864 2.334 2.549 2.029 1.933 
2.295 2.714 2.69 3.023 3.605 4.073 4.095 4.276 4.278 3.948 
4.065 6.1 7.267 7.162 6.717 8.898 8.976 9.638 9.488 10.718 
10.382 10.252 9.005 10.414 11.779 
END
