PFRMAT local QA
AUTHOR LAW-CASP14
af2-standard_T1151s2_4.pdb local_accuracy_only 15.0 15.0 15.0 15.0 15.0 15.0 15.0 15.0 15.0 15.0 15.0 
15.0 15.0 15.0 15.0 15.0 15.0 15.0 15.0 15.0 15.0 
15.0 15.0 15.0 15.0 15.0 9.946 6.878 5.77 5.844 3.786 
2.89 2.589 1.967 2.519 2.936 2.838 2.526 3.069 2.595 1.793 
2.089 2.356 2.584 1.298 1.504 1.166 1.127 0.99 0.894 0.98 
0.954 0.881 0.901 0.991 0.984 0.975 0.816 0.801 0.768 0.715 
0.68 0.724 0.739 0.785 0.761 0.849 0.993 0.95 1.0 1.161 
0.915 1.034 0.906 0.812 0.739 0.762 0.818 0.775 0.892 0.866 
1.135 1.338 1.644 1.506 1.568 1.225 1.155 1.17 1.127 0.932 
0.876 0.971 0.944 0.794 0.88 0.944 0.882 0.885 1.028 1.04 
0.975 1.176 0.935 1.061 1.001 1.484 2.387 3.525 6.156 6.57 
6.505 8.679 10.095 10.728 13.168 
END
