PFRMAT local QA
AUTHOR MASS-CASP14
af2-standard_T1151s2_4.pdb local_accuracy_only 15.0 15.0 15.0 15.0 13.674 13.154 11.723 11.123 11.706 10.92 12.747 
11.128 11.951 11.859 10.995 11.485 10.63 11.223 11.548 10.089 9.059 
8.172 7.681 7.448 6.932 6.538 5.019 4.219 3.354 3.577 3.336 
3.413 3.033 2.774 2.982 3.47 3.325 3.865 4.081 3.163 2.443 
3.086 3.429 3.405 3.083 2.496 2.066 1.865 1.589 1.489 1.477 
1.451 1.213 1.231 1.382 1.383 1.348 1.219 1.141 1.16 1.16 
1.119 1.099 1.267 1.288 1.334 1.174 1.583 1.983 2.491 2.597 
1.874 1.552 1.24 1.082 1.07 1.106 1.272 1.296 1.32 1.381 
1.851 2.642 2.882 2.832 2.736 2.425 2.41 2.497 2.684 2.638 
2.729 3.105 2.655 2.943 2.619 2.53 2.454 2.972 2.809 3.158 
2.975 2.745 2.107 2.094 1.926 2.474 3.055 3.323 4.068 4.876 
6.338 7.466 9.186 11.96 13.818 
END
