PFRMAT local QA
AUTHOR MASS-CASP14
af2-standard_T1185s2_5.pdb local_accuracy_only 15.0 15.0 15.0 15.0 15.0 15.0 15.0 11.921 9.233 6.894 5.152 
3.499 2.353 1.771 1.797 1.614 1.319 1.398 1.218 1.226 1.223 
1.257 1.164 1.17 1.272 1.187 1.082 1.343 1.745 1.716 1.576 
1.162 1.144 1.256 1.303 1.504 1.375 1.233 1.577 1.65 1.346 
1.261 1.429 1.532 1.281 1.148 1.583 1.723 1.745 1.464 1.597 
1.379 1.43 1.659 1.65 1.404 1.223 1.473 1.565 1.356 1.308 
1.468 1.396 1.298 1.427 1.638 1.9 1.86 2.194 2.525 2.923 
3.879 5.636 8.597 12.564 13.87 14.903 14.802 15.0 13.497 11.169 
9.11 7.651 5.736 4.198 3.88 3.957 3.912 3.683 3.162 3.381 
3.419 3.257 2.996 2.968 2.733 2.381 2.162 1.545 1.43 1.436 
1.505 1.478 1.443 1.577 1.562 1.412 1.711 1.669 1.669 1.877 
1.955 2.111 1.584 1.435 1.441 1.52 1.465 1.44 1.186 1.104 
1.158 1.104 1.042 1.109 1.409 1.732 2.0 1.523 1.746 1.704 
1.917 1.733 1.389 1.346 1.479 1.572 1.466 1.467 1.454 1.503 
1.407 1.297 1.25 1.582 1.782 1.711 1.739 1.962 1.845 1.762 
1.571 1.344 1.172 0.961 0.922 0.837 0.855 1.0 1.406 1.677 
1.952 1.749 1.458 1.72 1.877 1.961 1.82 1.504 1.742 1.686 
1.448 1.447 1.611 1.472 1.34 1.378 1.513 1.496 1.423 1.612 
1.876 1.931 2.238 2.667 3.223 3.786 4.515 5.842 5.916 5.486 
4.678 4.37 4.693 3.74 3.167 3.914 3.785 2.554 2.308 1.99 
2.212 1.715 1.415 1.422 1.453 1.32 1.054 1.218 1.088 1.062 
1.272 1.239 1.425 1.487 1.279 1.493 1.45 1.254 1.323 1.532 
1.406 1.263 1.487 1.504 1.365 1.718 1.75 1.582 1.568 1.958 
1.95 1.639 1.739 1.384 1.048 0.912 0.905 0.773 0.475 0.805 
1.053 1.182 1.582 1.593 1.852 2.074 2.469 2.75 3.431 3.541 
3.179 3.46 2.603 2.314 2.188 1.764 1.65 1.891 1.74 1.48 
1.451 1.697 1.574 1.286 1.399 1.469 1.333 1.175 1.192 1.21 
1.033 1.099 1.416 1.766 1.62 1.383 1.1 1.038 0.858 0.771 
0.776 0.898 1.137 1.501 1.576 2.269 2.918 3.421 4.538 5.343 
6.205 5.788 4.616 3.726 2.981 2.751 2.425 2.355 2.321 2.176 
2.393 2.471 2.165 1.783 1.853 2.098 1.591 1.533 1.168 1.049 
1.045 1.1 1.121 1.096 1.12 1.37 1.948 2.789 2.638 1.969 
1.432 1.227 1.317 1.192 1.038 1.166 1.168 1.451 1.987 2.466 
2.565 2.342 2.096 1.787 1.591 1.394 1.34 1.301 1.253 1.346 
1.748 1.879 1.827 1.59 1.312 1.523 1.786 1.866 2.141 2.265 
3.02 3.391 4.22 3.983 3.576 4.822 5.474 6.267 7.819 8.511 
12.089 14.152 15.0 15.0 15.0 13.4 15.0 11.196 15.0 12.6 
13.684 13.505 11.974 14.787 14.117 
END
