PFRMAT local QA
AUTHOR LAW-CASP14
af2-standard_T1185s2_5.pdb local_accuracy_only 15.0 15.0 15.0 15.0 15.0 15.0 15.0 15.0 15.0 14.894 9.607 
7.415 4.283 2.938 3.502 3.642 2.397 2.775 2.228 2.915 2.646 
2.962 2.325 2.795 3.12 2.631 2.715 3.055 2.963 2.907 3.101 
2.937 2.838 2.661 2.372 2.518 2.534 2.195 2.189 2.491 2.308 
1.956 1.679 1.88 1.991 1.752 1.865 2.088 2.236 2.275 2.183 
1.817 1.731 1.718 1.849 1.764 1.559 1.579 1.53 1.527 1.638 
1.69 1.782 1.668 1.682 1.715 1.882 2.031 2.396 2.575 3.021 
4.155 5.904 9.35 13.34 15.0 15.0 15.0 15.0 15.0 15.0 
15.0 15.0 12.48 10.851 10.54 10.261 8.957 7.727 6.747 5.493 
4.601 3.656 3.406 3.165 2.512 1.523 1.059 1.011 0.826 0.942 
0.876 0.975 0.935 0.953 0.971 0.934 1.014 1.148 1.286 1.126 
1.532 1.225 1.054 0.883 0.986 0.891 1.015 0.953 0.824 0.769 
0.777 0.726 0.811 0.825 0.907 0.92 0.901 0.881 0.916 0.802 
0.912 0.88 0.818 0.755 0.895 0.878 0.78 0.759 0.887 0.833 
0.774 0.81 0.837 0.901 0.877 1.128 0.922 0.883 0.845 0.875 
0.857 0.848 0.825 0.775 0.709 0.672 0.668 0.802 0.928 1.084 
1.0 1.188 1.112 1.483 1.37 1.43 1.276 1.161 1.381 1.347 
1.228 1.298 1.444 1.354 1.291 1.551 1.52 1.523 1.472 1.757 
1.915 1.92 2.174 2.339 2.61 2.88 3.58 4.753 5.306 4.982 
3.332 4.05 3.876 2.813 2.381 3.132 2.748 1.963 2.044 1.682 
1.653 1.63 1.227 1.3 1.214 0.996 0.877 0.803 0.724 0.705 
0.817 0.877 1.054 1.155 1.085 1.122 1.037 0.992 1.05 1.063 
0.971 0.966 1.043 1.119 1.095 1.199 1.459 1.413 1.497 1.924 
2.006 1.746 2.125 1.241 0.958 0.93 0.749 0.712 0.661 0.708 
0.805 0.996 1.088 1.361 1.419 1.255 1.515 1.86 1.946 2.371 
2.158 2.463 2.126 2.082 1.92 1.84 1.631 1.538 1.523 1.332 
1.217 1.182 1.132 1.012 1.039 0.986 0.968 0.847 0.928 0.98 
1.02 0.918 1.132 1.191 1.272 1.113 0.935 0.808 0.732 0.677 
0.766 0.813 0.913 1.046 1.176 1.657 2.549 2.836 5.79 6.449 
10.777 9.056 7.825 4.53 3.547 2.185 1.87 1.24 1.446 1.729 
1.978 2.561 2.069 1.601 2.202 2.162 1.431 1.276 1.296 1.008 
0.92 0.892 0.865 0.905 0.91 1.307 1.438 2.078 1.859 1.49 
1.12 1.053 0.935 1.059 1.113 1.118 1.218 1.774 2.157 3.209 
2.36 2.164 1.557 1.316 1.122 0.963 1.136 1.027 1.269 1.153 
1.393 1.488 1.417 1.181 1.071 1.086 1.159 1.569 2.744 4.393 
5.401 6.909 7.927 14.218 12.639 11.27 14.815 15.0 15.0 15.0 
15.0 15.0 15.0 15.0 15.0 15.0 15.0 15.0 15.0 15.0 
15.0 15.0 15.0 15.0 15.0 
END
