PFRMAT local QA
AUTHOR LAW-CASP14
af2-standard_T1118v1_2.pdb local_accuracy_only 15.0 15.0 15.0 15.0 15.0 15.0 15.0 11.266 5.749 4.871 3.22 
2.814 2.877 1.738 2.098 1.485 1.734 1.779 1.772 2.011 1.568 
1.729 1.479 1.388 1.254 1.321 1.259 1.234 1.316 1.368 1.33 
1.383 1.522 1.509 1.67 1.548 1.958 2.474 3.492 3.459 4.211 
3.541 3.055 3.211 3.194 2.488 2.356 1.932 2.01 1.853 1.811 
2.34 2.525 2.957 2.312 2.535 1.965 2.117 1.984 1.79 1.571 
1.815 1.734 1.551 1.687 1.922 1.998 1.995 1.971 1.87 1.839 
1.848 1.782 2.016 1.836 2.172 2.188 1.823 1.854 1.665 1.845 
1.82 1.84 2.149 2.343 4.334 7.221 10.612 12.976 15.0 15.0 
15.0 15.0 15.0 15.0 15.0 14.878 12.095 11.082 8.43 6.702 
6.989 5.699 6.516 6.58 6.298 3.057 2.749 2.56 2.165 1.756 
1.481 1.283 1.291 1.55 1.614 1.702 1.91 2.426 1.621 1.82 
1.985 3.396 5.403 5.685 1.246 0.989 0.945 0.909 0.898 0.851 
0.872 0.721 0.728 0.74 0.711 0.766 0.788 0.954 0.76 0.901 
0.808 0.8 0.803 0.758 0.746 0.839 0.912 1.1 1.139 1.044 
1.403 1.099 0.944 1.176 1.285 1.121 1.039 0.916 0.897 1.175 
1.31 2.042 3.064 2.103 2.178 2.611 2.694 2.204 1.808 1.772 
2.084 1.498 2.09 1.666 1.281 0.979 0.863 1.074 1.201 3.27 
4.118 3.737 3.138 3.037 2.779 1.441 1.316 1.21 1.141 1.073 
1.504 1.519 1.591 2.044 3.057 4.12 3.672 4.479 3.699 3.027 
2.858 2.898 3.888 2.877 2.086 1.409 1.129 0.977 1.224 0.931 
0.824 0.808 0.744 0.734 0.761 0.745 0.782 0.808 0.772 0.78 
0.797 0.757 0.814 0.918 0.903 0.836 1.452 0.921 1.376 0.795 
0.92 0.85 0.908 0.816 0.922 0.878 0.827 0.838 0.855 1.016 
1.086 1.491 1.899 1.953 1.836 1.687 1.684 1.694 2.014 2.208 
2.366 2.027 1.955 1.471 1.484 2.358 2.499 2.064 2.492 2.601 
2.563 2.143 1.687 1.295 1.345 1.422 1.569 1.914 2.157 2.309 
3.147 2.819 2.266 1.856 1.576 1.385 1.153 1.083 1.155 1.257 
1.426 1.858 2.045 2.192 2.464 2.849 4.15 5.14 5.362 4.627 
5.223 5.598 4.654 3.683 2.686 2.454 1.706 1.661 1.481 1.379 
1.244 1.21 1.142 1.187 1.407 1.613 2.044 2.26 2.642 2.621 
1.862 1.94 1.848 1.496 1.32 1.23 1.272 1.426 1.467 1.517 
1.543 1.684 2.074 2.184 2.389 2.605 3.518 2.929 2.889 2.878 
2.422 2.28 2.063 1.769 2.089 2.394 2.201 1.984 2.473 3.146 
2.908 3.58 3.95 3.065 2.912 2.907 3.195 2.537 3.854 3.372 
3.495 3.241 3.627 4.282 4.469 4.99 3.505 3.254 2.702 2.248 
2.178 2.068 1.932 1.783 1.692 1.546 1.514 1.372 1.314 1.321 
1.475 1.475 1.574 1.692 1.699 1.723 1.865 1.74 1.73 1.636 
1.688 1.569 1.563 1.641 1.644 1.724 1.984 2.305 2.239 2.525 
2.351 2.478 2.596 2.803 2.942 3.318 3.206 3.051 3.071 2.698 
2.819 3.001 3.675 4.965 5.988 4.411 4.122 3.8 3.813 3.412 
3.42 3.403 3.366 3.146 2.957 2.897 2.536 2.48 2.361 2.405 
2.6 2.815 2.926 2.622 1.926 1.865 1.587 1.658 1.458 1.529 
1.515 1.547 1.778 2.033 2.794 2.525 2.901 2.718 1.786 1.705 
1.241 1.227 1.134 1.137 1.077 1.186 1.296 1.501 1.536 1.879 
2.002 2.632 2.436 2.426 2.164 2.314 2.385 2.593 3.191 3.462 
4.107 4.26 4.039 4.721 4.403 4.067 3.827 3.506 3.463 4.434 
4.474 5.577 5.606 5.915 5.744 5.474 5.24 4.802 5.107 4.277 
4.102 3.45 3.156 2.384 2.095 1.858 1.905 1.733 1.821 1.724 
1.61 1.16 1.312 1.038 1.068 0.913 0.968 0.963 0.979 1.024 
1.101 1.2 1.523 1.765 1.423 1.242 1.089 0.986 0.961 0.918 
0.85 0.907 0.862 0.939 0.988 1.019 1.154 1.192 1.355 1.483 
1.57 1.619 1.865 1.797 2.263 2.374 2.171 2.21 1.889 1.709 
1.52 1.371 1.2 1.116 1.089 0.952 1.026 0.814 0.887 0.813 
0.884 0.82 0.991 0.977 1.129 1.134 1.464 1.738 2.6 1.337 
1.229 0.99 0.993 0.861 0.886 0.839 0.802 0.769 0.729 0.804 
0.851 1.072 1.254 1.542 2.097 2.213 2.351 2.291 2.85 2.528 
2.189 1.997 1.901 1.773 1.471 1.066 1.003 0.835 0.829 0.78 
0.744 0.865 0.791 0.975 0.836 0.991 0.877 1.023 1.164 1.995 
3.65 4.568 2.947 1.727 1.275 1.012 0.919 0.853 0.848 0.825 
0.818 0.738 0.748 0.771 0.802 0.865 1.021 1.405 1.46 2.436 
3.104 4.013 6.059 6.701 7.813 5.619 4.569 3.335 2.847 2.486 
2.117 2.19 1.819 1.254 0.967 0.863 0.768 0.75 0.722 0.763 
0.771 0.849 0.909 0.983 1.056 1.171 2.262 2.483 3.58 3.793 
2.775 2.171 1.602 1.106 0.982 0.891 0.858 0.781 0.761 0.807 
0.895 0.893 1.011 1.085 1.373 1.513 1.752 2.729 3.723 4.294 
3.674 1.919 2.174 1.459 1.284 1.138 1.169 1.225 1.283 1.034 
0.854 0.851 0.787 0.757 0.797 0.831 0.866 0.84 0.916 1.071 
1.129 1.429 1.817 2.883 2.897 3.267 3.836 2.52 2.203 1.6 
1.04 0.991 0.907 0.796 0.794 0.763 0.775 0.802 0.804 0.806 
0.868 0.922 0.949 1.104 1.227 1.303 1.33 1.523 1.205 1.233 
1.135 1.055 1.118 1.029 0.942 0.917 0.823 0.798 0.772 0.719 
0.744 0.75 0.801 0.892 0.935 1.177 1.55 2.24 2.618 3.123 
3.154 2.705 2.481 1.791 1.52 1.098 0.994 0.862 0.806 0.73 
0.707 0.741 0.773 0.744 0.817 0.902 0.947 1.607 1.334 1.536 
1.809 1.466 1.459 1.509 1.519 1.518 1.794 1.734 1.678 1.836 
1.839 3.282 2.367 1.881 0.868 0.888 0.873 1.098 1.096 1.309 
1.322 1.608 1.711 1.891 1.969 
END
