PFRMAT local QA
AUTHOR MASS-CASP14
af2-standard_T1118v1_2.pdb local_accuracy_only 15.0 15.0 15.0 15.0 15.0 15.0 15.0 13.069 11.543 7.299 4.679 
4.033 3.252 3.052 2.722 2.375 2.696 2.763 2.296 1.987 1.762 
2.234 2.296 1.755 1.764 1.713 1.684 1.408 1.538 1.729 2.244 
2.213 2.235 1.749 1.778 1.514 1.734 1.872 2.019 2.632 2.952 
2.904 3.071 4.504 5.646 5.531 6.072 6.334 6.594 5.501 5.278 
5.407 5.231 4.435 3.386 2.892 2.5 2.415 2.315 1.893 1.722 
2.088 2.395 1.857 1.706 2.277 2.322 2.02 1.852 1.53 1.753 
1.664 1.697 1.905 2.028 2.304 2.026 1.936 1.442 1.25 1.311 
1.281 1.476 1.855 1.989 2.453 3.238 4.69 6.404 8.263 10.465 
11.023 14.053 13.785 14.135 14.771 13.403 14.919 14.091 15.0 15.0 
15.0 14.356 15.0 15.0 15.0 15.0 15.0 15.0 15.0 15.0 
15.0 15.0 15.0 15.0 15.0 12.011 10.89 10.342 9.713 9.53 
8.107 7.641 6.039 5.476 4.24 3.335 2.758 2.617 2.324 2.061 
2.071 1.843 1.378 1.46 1.383 1.276 1.209 1.255 1.505 1.646 
1.458 1.37 1.736 1.846 1.725 1.958 1.967 2.293 2.278 1.939 
2.334 2.352 2.145 2.098 2.572 2.757 2.354 2.826 3.181 2.603 
3.614 4.474 6.094 7.019 6.927 8.258 8.993 10.796 10.537 7.6 
4.892 4.784 4.495 3.542 2.897 2.736 3.052 3.361 2.807 3.492 
4.684 6.311 6.671 7.167 7.253 6.759 5.613 5.839 6.646 8.231 
9.592 9.041 9.656 11.163 13.157 15.0 15.0 15.0 15.0 15.0 
15.0 15.0 10.956 7.541 4.444 3.328 2.98 2.147 2.312 2.042 
1.923 2.248 1.64 2.037 1.824 1.793 1.632 1.615 1.507 1.613 
1.641 1.838 2.173 2.561 3.109 2.894 2.509 2.37 2.428 2.002 
1.86 1.592 1.469 1.66 1.971 2.493 2.625 2.489 2.675 2.901 
2.783 4.055 5.382 6.686 6.821 7.036 7.453 7.794 7.096 7.115 
6.112 6.367 6.459 6.627 6.825 7.897 9.266 10.232 9.132 8.417 
8.382 9.611 8.137 9.189 8.598 9.981 9.095 8.53 8.621 8.959 
9.772 8.088 5.461 5.335 5.359 5.924 5.845 6.938 7.652 6.921 
7.046 7.304 9.233 9.47 10.252 10.197 12.645 13.821 13.906 12.24 
11.71 11.969 10.703 9.271 8.651 8.143 7.153 7.468 8.456 7.916 
10.382 11.242 11.281 10.507 9.986 8.663 10.294 8.16 9.884 9.147 
9.039 7.373 9.391 7.982 10.08 9.858 10.528 9.949 9.877 9.968 
10.293 10.499 10.974 12.873 15.0 15.0 12.794 10.009 8.814 5.348 
4.513 3.114 2.969 3.251 3.716 3.539 3.729 3.426 4.443 5.033 
5.344 5.193 5.109 4.101 3.924 3.177 3.573 3.626 4.119 4.035 
4.773 5.973 7.015 7.068 7.193 8.415 9.275 9.846 8.29 6.879 
6.257 5.908 5.161 4.612 3.543 2.786 2.89 2.22 2.02 1.995 
1.933 2.249 2.095 2.294 2.773 2.956 3.271 2.953 2.563 3.082 
3.248 3.801 4.123 4.375 4.689 4.923 6.141 7.743 9.759 11.023 
13.508 11.609 11.681 11.475 12.446 11.04 9.118 8.804 8.331 7.608 
6.966 5.351 6.039 6.111 5.45 4.125 3.988 3.325 2.859 2.933 
3.256 4.044 4.169 4.791 5.535 7.442 8.578 9.79 10.612 10.764 
9.821 10.655 9.933 8.251 8.425 8.967 9.506 10.802 10.61 10.556 
9.873 9.36 8.86 6.922 8.202 7.067 7.595 6.784 4.491 4.11 
4.291 4.132 4.883 4.703 5.423 4.751 5.917 5.337 6.514 7.393 
8.404 10.197 11.913 15.0 15.0 15.0 15.0 15.0 13.691 12.109 
10.24 10.129 8.812 7.435 5.738 5.307 5.111 4.913 4.952 4.904 
5.02 6.259 6.015 6.673 8.65 8.074 8.628 6.861 7.15 6.865 
7.796 9.292 9.622 10.22 9.809 9.404 9.513 8.965 9.527 8.399 
7.782 6.601 4.845 4.405 3.391 3.393 2.91 2.975 2.641 2.541 
2.302 2.339 2.78 2.837 2.282 1.749 1.428 1.408 1.39 1.44 
1.326 1.715 1.837 2.092 2.035 2.381 2.675 2.833 2.926 3.47 
3.964 4.213 4.63 5.729 7.517 10.447 11.041 11.154 8.866 6.65 
5.499 3.86 3.066 2.336 2.262 2.117 1.729 1.579 1.406 1.286 
1.177 1.203 1.188 1.225 1.478 1.656 2.089 2.427 2.192 1.755 
0.551 0.021 0.005 0.005 0.046 0.162 0.981 1.111 1.185 1.021 
1.148 1.331 1.504 1.928 2.096 2.179 2.864 3.686 4.405 4.766 
3.89 2.597 2.07 1.568 1.746 1.472 1.36 1.369 1.253 1.289 
1.222 1.392 1.578 1.654 1.696 1.867 1.99 2.208 2.804 3.783 
5.382 6.317 5.713 4.76 2.854 1.838 1.449 1.478 1.263 1.359 
1.294 1.367 1.464 1.419 1.809 2.251 2.848 3.494 3.851 5.174 
5.296 6.086 6.739 7.465 8.25 8.153 7.654 4.871 3.44 3.027 
3.226 3.19 2.229 1.63 1.417 1.516 1.627 1.8 1.827 2.174 
2.948 3.111 4.188 3.999 4.868 4.57 5.021 5.574 6.741 7.252 
5.703 3.25 2.591 2.079 1.884 1.78 1.721 1.726 1.997 2.334 
3.502 4.171 5.245 6.34 5.954 6.406 6.499 6.986 7.458 9.153 
10.672 8.938 6.667 4.891 4.018 3.558 3.151 3.134 3.114 2.801 
2.72 2.424 2.414 2.033 1.957 2.215 2.431 2.771 3.307 2.947 
3.303 3.411 3.433 4.312 5.766 5.855 6.244 4.664 3.141 2.449 
2.041 1.748 1.499 1.465 1.308 1.312 1.377 1.464 1.802 2.151 
2.692 2.786 2.438 2.326 2.724 3.346 3.464 3.52 2.792 2.344 
1.934 1.823 1.546 1.866 1.806 1.467 1.513 1.209 1.374 1.416 
1.548 1.845 1.755 1.698 1.684 1.797 2.289 2.918 4.001 4.597 
5.471 4.756 4.842 4.496 3.619 2.217 1.896 1.523 1.364 1.172 
1.293 1.326 1.37 1.432 1.907 2.028 2.596 2.806 2.336 2.206 
2.69 3.049 3.092 3.458 4.088 4.598 4.47 4.57 4.563 4.123 
4.151 6.203 7.34 7.333 6.791 9.012 9.054 9.68 9.515 10.756 
10.464 10.325 9.046 10.415 11.75 
END
