PFRMAT local QA
AUTHOR LAW-CASP14
af2-standard_T1106s2_3.pdb local_accuracy_only 11.545 10.582 5.195 3.626 2.636 2.534 2.635 2.615 2.433 2.177 2.487 
2.354 1.993 1.918 2.329 2.014 1.881 1.989 2.157 1.929 1.902 
2.111 2.356 2.113 1.917 1.697 1.637 1.763 1.676 1.577 1.713 
1.706 1.567 1.629 1.78 1.676 1.66 1.9 2.188 1.812 1.79 
1.649 1.569 1.564 1.632 1.552 1.418 1.441 1.553 1.431 1.461 
1.523 1.51 1.515 1.597 1.623 1.588 1.688 1.633 1.72 1.724 
1.604 1.572 1.672 1.622 1.554 1.615 1.663 1.69 1.607 1.864 
1.924 1.988 2.078 2.225 2.424 2.17 2.196 2.105 1.884 1.848 
1.858 1.817 1.759 1.901 1.875 1.774 1.862 1.945 1.908 1.877 
2.018 1.988 2.055 2.137 1.958 1.914 1.924 1.906 1.785 1.905 
1.963 1.956 1.978 2.32 2.597 2.598 3.152 4.059 4.726 5.57 
7.186 7.993 9.206 
END
