PFRMAT local QA
AUTHOR MASS-CASP14
af2-standard_T1106s2_3.pdb local_accuracy_only 10.302 6.719 4.539 3.294 2.957 2.81 2.682 2.602 2.372 2.127 2.104 
2.078 1.903 1.866 1.926 2.088 1.916 1.667 1.769 1.939 1.682 
2.136 2.125 2.056 1.923 1.796 1.952 1.954 1.907 1.856 2.081 
1.831 1.773 2.054 2.06 1.707 1.958 2.355 2.389 2.104 2.186 
1.983 1.736 1.618 1.682 1.586 1.447 1.507 1.404 1.427 1.385 
1.306 1.298 1.246 1.396 1.801 1.919 1.799 1.601 1.62 1.635 
1.462 1.181 1.441 1.51 1.449 1.297 1.517 1.453 1.393 1.537 
1.695 1.943 1.973 2.301 2.329 2.103 1.926 2.139 1.759 1.539 
1.612 1.477 1.413 1.498 1.612 1.663 1.705 1.846 1.85 1.867 
1.863 1.853 1.93 2.15 2.047 1.902 1.919 1.954 1.715 1.713 
1.732 1.735 1.648 1.835 2.245 2.378 3.154 4.516 6.134 6.329 
6.995 10.471 12.757 
END
