PFRMAT local QA
AUTHOR LAW-CASP14
af2-standard_T1184_5.pdb local_accuracy_only 15.0 15.0 15.0 15.0 15.0 15.0 15.0 15.0 15.0 15.0 15.0 
15.0 15.0 15.0 15.0 15.0 15.0 15.0 15.0 15.0 15.0 
15.0 15.0 15.0 15.0 15.0 15.0 15.0 15.0 14.158 12.354 
11.349 9.52 5.306 2.87 2.353 2.205 2.142 2.94 3.999 2.061 
2.455 2.032 2.487 2.858 2.359 3.545 2.914 1.843 2.567 1.875 
1.497 1.276 1.094 1.113 0.969 1.009 0.995 1.043 1.13 1.281 
1.485 2.134 2.255 4.702 6.263 5.793 7.082 6.278 6.187 6.1 
4.182 2.051 1.798 1.351 1.335 1.306 1.271 1.396 1.288 1.34 
1.442 1.676 1.461 2.087 2.135 4.109 4.69 4.176 4.704 2.699 
5.058 2.209 2.505 2.343 1.949 1.968 1.455 1.998 2.118 2.153 
2.871 2.281 2.042 1.457 1.463 1.09 1.159 1.158 1.05 1.052 
1.072 1.151 1.158 1.456 1.728 2.129 2.36 4.294 2.385 5.415 
2.538 3.877 2.736 4.495 4.885 4.152 3.67 2.493 1.666 1.58 
1.774 2.101 4.452 4.974 6.426 7.309 6.934 6.696 8.818 10.67 
11.789 11.314 11.105 12.382 13.869 15.0 15.0 15.0 14.285 12.228 
12.484 11.421 11.013 8.955 8.21 9.879 9.463 8.225 8.151 5.837 
6.049 5.731 2.605 2.191 1.904 1.928 2.107 2.518 3.551 4.696 

END
