PFRMAT local QA
AUTHOR MASS-CASP14
af2-standard_T1184_5.pdb local_accuracy_only 15.0 15.0 15.0 15.0 15.0 15.0 15.0 15.0 15.0 15.0 15.0 
14.764 14.523 11.289 11.552 10.712 11.61 12.179 12.715 11.684 11.773 
8.65 8.331 7.805 8.658 7.613 8.61 7.586 8.235 8.065 8.143 
7.845 6.524 4.331 2.763 2.408 2.005 1.83 1.912 1.613 1.587 
1.449 1.6 1.909 2.348 2.193 3.119 3.631 3.149 2.978 2.605 
1.66 1.326 1.181 1.229 1.22 1.101 1.109 1.127 1.314 1.51 
2.021 2.969 4.253 6.531 8.04 7.54 9.203 9.226 7.705 5.768 
3.534 2.189 1.589 1.338 1.341 1.316 1.156 1.474 1.808 2.018 
2.194 2.28 2.203 2.398 2.689 3.743 4.481 3.744 3.612 3.217 
3.662 3.302 3.939 3.967 4.879 4.685 5.457 5.497 6.797 6.43 
8.074 7.691 5.363 4.282 2.853 2.386 2.082 1.66 1.491 1.276 
1.22 1.066 0.934 1.132 1.628 2.23 2.371 2.388 2.084 1.964 
1.868 2.412 3.112 3.496 4.316 4.351 3.86 4.271 3.956 4.882 
4.323 3.971 4.267 4.813 5.693 7.266 6.935 7.222 6.674 5.436 
4.656 4.24 3.91 4.904 5.714 5.326 5.824 5.935 7.125 5.382 
4.686 5.519 5.237 4.236 4.374 5.179 8.689 7.16 7.352 6.071 
5.388 3.908 3.455 3.338 3.461 3.869 4.02 5.211 6.902 7.783 

END
