PFRMAT local QA
AUTHOR LAW-CASP14
af2-standard_T1137s8_1.pdb local_accuracy_only 15.0 15.0 15.0 15.0 15.0 15.0 15.0 14.879 13.424 13.216 13.45 
12.496 12.48 12.716 12.412 11.264 10.951 10.89 10.008 8.864 8.155 
7.582 6.444 5.449 4.409 2.449 3.403 3.011 2.353 2.359 2.705 
2.354 1.925 2.654 2.703 2.211 2.566 3.295 3.349 3.502 3.601 
2.669 1.761 1.449 1.496 1.186 1.042 1.144 1.214 0.958 0.939 
1.25 1.41 1.071 1.457 1.91 1.648 1.402 1.629 1.692 1.383 
1.138 1.312 1.466 1.375 1.408 1.718 1.812 1.821 2.013 2.351 
2.29 2.042 2.385 2.426 2.609 2.073 2.371 2.45 2.529 2.379 
2.576 2.535 2.619 2.609 2.422 2.458 2.24 2.153 2.092 2.2 
2.108 1.985 2.044 1.899 1.832 1.701 1.623 1.486 1.506 1.397 
1.291 1.061 1.013 0.969 0.983 0.887 0.873 0.84 0.865 0.818 
0.801 0.795 0.854 0.818 0.765 0.817 0.868 0.82 0.884 0.961 
0.994 1.001 1.29 1.353 1.658 1.679 2.267 2.113 2.577 2.723 
2.46 3.53 4.132 3.838 3.983 4.736 4.952 4.853 3.758 2.318 
1.771 1.495 1.526 1.42 1.073 0.949 1.073 1.001 0.83 0.795 
0.841 0.859 0.798 0.845 0.835 0.87 0.853 0.886 0.871 0.96 
0.966 1.04 1.075 1.099 1.245 1.302 1.609 1.705 1.842 2.035 
2.226 2.302 2.688 3.114 3.029 2.952 2.76 3.272 3.391 3.132 
3.04 2.631 2.406 2.342 2.193 2.248 2.101 2.189 2.166 2.195 
2.086 2.304 2.368 2.231 1.867 1.969 1.713 1.575 1.582 1.404 
1.329 1.272 1.107 1.035 1.101 1.042 0.922 0.909 0.905 0.853 
0.807 0.832 0.833 0.78 0.775 0.815 0.852 0.799 0.815 0.998 
1.077 1.123 1.227 1.742 1.912 2.99 2.905 2.787 2.51 2.559 
2.354 1.563 1.706 1.683 1.304 1.02 1.053 1.087 0.873 0.865 
0.916 0.947 0.841 0.925 1.024 1.065 0.969 1.079 1.117 1.088 
1.108 1.07 1.048 1.071 1.102 1.145 1.155 1.497 2.01 2.198 
2.292 2.092 3.138 3.561 3.895 
END
