PFRMAT local QA
AUTHOR MASS-CASP14
af2-standard_T1137s8_1.pdb local_accuracy_only 15.0 15.0 15.0 15.0 14.081 11.869 8.787 6.18 5.621 5.071 4.887 
3.811 4.224 4.072 3.823 3.521 3.6 3.391 3.153 3.229 3.208 
3.124 2.816 2.982 2.718 2.265 2.37 2.118 2.097 2.084 1.979 
2.021 1.87 2.1 2.087 2.037 2.121 2.341 2.497 2.544 2.802 
2.304 2.002 1.916 2.279 1.865 1.626 1.784 1.773 1.55 1.544 
1.629 1.85 1.915 2.024 2.86 3.264 3.587 3.642 3.98 3.331 
2.818 2.81 2.622 2.465 2.552 2.6 2.394 2.486 2.211 2.502 
2.771 2.373 2.393 2.704 2.65 2.411 2.59 2.541 2.417 2.445 
2.645 3.432 3.454 3.199 2.486 2.31 2.276 1.91 1.543 1.674 
1.726 1.671 1.41 1.351 1.43 1.505 1.447 1.365 1.548 1.484 
1.165 1.467 1.208 1.456 1.132 1.204 1.231 1.237 1.017 1.072 
1.064 1.192 1.133 1.038 1.008 1.114 1.295 1.219 1.189 1.39 
1.307 1.113 1.388 1.461 1.604 1.942 2.429 2.464 2.402 2.124 
1.825 2.11 2.236 2.025 2.26 2.398 2.072 2.023 1.733 1.702 
1.572 1.635 1.9 1.757 1.412 1.157 1.373 1.335 1.299 1.149 
1.184 1.052 1.125 1.092 1.032 0.985 1.06 1.131 1.314 1.202 
1.28 1.295 1.343 1.355 1.272 1.361 1.352 1.529 1.542 1.777 
2.105 2.018 2.063 2.26 2.293 2.779 2.74 3.036 2.811 2.092 
2.156 1.59 1.558 1.538 1.854 1.717 1.378 1.583 1.825 1.659 
1.566 1.995 2.095 2.113 2.008 2.185 1.952 1.649 1.463 1.374 
1.465 1.397 1.444 1.247 1.387 1.275 1.195 1.255 1.19 1.157 
1.16 1.249 1.149 1.046 1.127 1.15 1.164 1.134 1.186 1.27 
1.401 1.419 1.34 1.639 1.866 3.207 4.024 4.422 4.013 4.573 
3.43 2.302 2.334 2.111 1.823 1.478 1.524 1.563 1.45 1.582 
1.593 1.682 1.62 1.751 2.2 1.861 1.934 2.052 2.08 2.142 
2.448 2.638 2.893 2.67 3.351 3.947 4.439 5.071 5.993 6.64 
7.086 7.762 9.308 10.516 11.804 
END
