PFRMAT local QA
AUTHOR LAW-CASP14
af2-standard_T1196_2.pdb local_accuracy_only 15.0 15.0 10.093 5.222 2.679 1.58 0.808 0.704 0.624 0.657 0.771 
0.859 1.159 1.03 1.136 1.399 1.216 1.004 0.731 0.679 0.556 
0.569 0.556 0.544 0.543 0.569 0.642 0.637 0.702 0.696 0.678 
0.697 0.742 0.844 0.918 0.726 0.602 0.619 0.505 0.556 0.58 
0.561 0.597 0.587 0.633 0.676 0.733 0.699 0.641 0.614 0.48 
0.493 0.4 0.411 0.412 0.476 0.653 0.774 0.665 0.777 0.858 
0.822 0.838 0.815 0.775 0.705 0.679 0.638 0.595 0.583 0.584 
0.599 0.516 0.583 0.585 0.569 0.638 0.679 0.567 0.778 0.627 
0.659 0.5 0.567 0.561 0.647 0.489 0.481 0.42 0.408 0.384 
0.449 0.562 0.739 0.831 1.012 0.863 1.102 0.957 0.753 0.724 
0.565 0.405 0.368 0.37 0.395 0.456 0.544 0.576 0.58 0.657 
0.577 0.549 0.487 0.582 0.624 0.66 0.687 0.82 0.904 0.913 
0.859 0.703 0.751 0.651 0.635 0.591 0.501 0.446 0.458 0.444 
0.373 0.381 0.418 0.374 0.393 0.411 0.426 0.365 0.447 0.434 
0.417 0.405 0.48 0.509 0.469 0.447 0.442 0.503 0.587 0.619 
0.511 0.526 0.489 0.499 0.46 0.431 0.458 0.55 0.64 0.808 
0.779 0.614 0.603 0.45 0.479 0.421 0.456 0.529 0.521 0.62 
0.649 0.759 0.888 1.374 1.597 1.333 2.652 4.04 4.629 5.644 
6.528 6.365 6.234 3.729 1.234 0.798 0.666 0.618 0.66 0.584 
0.725 0.714 0.704 0.72 0.768 0.855 0.811 1.025 0.893 0.749 
0.729 0.499 0.564 0.539 0.455 0.473 0.478 0.477 0.411 0.443 
0.469 0.477 0.429 0.509 0.553 0.558 0.56 0.627 0.703 0.64 
0.569 0.568 0.56 0.602 0.618 0.634 0.626 0.666 0.625 0.622 
0.587 0.641 0.597 0.577 0.573 0.622 0.642 0.602 0.622 0.692 
0.737 0.725 0.767 0.755 0.758 0.776 0.781 0.781 0.77 0.838 
0.912 0.943 1.073 1.232 0.977 1.045 1.245 1.608 1.513 1.811 
1.691 1.756 1.746 1.188 0.766 0.787 0.687 0.835 1.093 0.8 
1.055 1.395 1.402 0.825 1.518 0.954 0.733 0.657 0.667 0.562 
0.543 0.611 0.557 0.493 0.481 0.532 0.501 0.46 0.487 0.568 
0.637 0.703 0.684 0.741 0.684 0.55 0.547 0.563 0.472 0.517 
0.55 0.485 0.444 0.517 0.445 0.508 0.465 0.458 0.544 0.561 
0.523 0.54 0.76 0.752 0.843 0.812 0.596 0.615 0.559 0.593 
0.681 0.655 0.635 0.72 0.756 0.947 0.902 0.988 1.239 1.102 
1.267 0.919 0.946 0.799 0.864 0.851 0.73 0.711 0.768 0.694 
0.603 0.7 0.763 0.67 0.548 0.766 0.811 0.598 0.706 0.561 
0.785 1.297 1.553 3.256 2.739 8.08 10.277 12.663 14.694 15.0 

END
