PFRMAT local QA
AUTHOR MASS-CASP14
af2-standard_T1196_2.pdb local_accuracy_only 11.4 10.481 7.155 5.226 3.678 2.689 2.228 2.079 1.673 1.543 1.459 
1.78 1.616 1.59 2.087 2.067 1.583 1.275 1.203 1.078 0.957 
1.077 1.06 1.081 1.018 1.144 1.129 1.165 1.242 1.282 1.262 
1.534 1.944 2.199 2.055 1.572 1.35 1.268 1.039 1.042 1.233 
1.042 1.179 1.246 1.506 1.754 1.992 2.002 1.505 1.353 1.046 
0.946 0.831 0.862 0.83 0.856 1.102 1.185 1.318 1.513 1.686 
1.627 1.855 1.697 1.606 1.599 1.666 1.644 1.281 1.265 1.453 
1.269 1.181 1.35 1.212 1.053 1.259 1.146 1.154 1.291 1.206 
1.283 1.29 0.97 1.102 1.26 1.128 1.071 1.036 0.91 1.017 
1.141 1.407 1.456 1.668 1.678 1.9 2.095 2.145 1.979 2.119 
1.56 1.027 0.845 0.762 0.343 0.1 0.333 0.909 1.282 1.517 
1.227 1.011 0.553 1.161 1.308 1.245 1.37 1.611 1.827 2.048 
2.22 1.899 1.886 1.994 1.691 1.222 1.158 1.126 1.085 0.932 
0.821 0.805 0.912 0.824 0.907 1.138 1.085 0.933 1.055 0.973 
0.995 1.192 1.262 1.45 1.426 1.332 1.415 1.42 1.528 1.585 
1.201 1.273 1.182 1.448 1.134 1.12 1.2 1.183 1.524 2.362 
2.397 1.834 1.495 1.235 1.016 0.987 1.196 1.198 1.161 1.501 
1.573 2.075 2.376 3.446 4.112 4.897 6.916 6.943 7.152 8.167 
8.802 7.833 6.871 4.956 3.259 2.266 1.581 1.425 1.486 1.28 
1.183 1.131 1.151 1.178 1.172 1.379 1.382 1.755 1.986 1.683 
1.651 1.455 1.111 0.854 0.178 0.021 0.0 0.057 0.427 1.191 
1.101 0.969 1.018 1.115 1.304 1.128 1.315 1.467 1.52 1.479 
1.357 1.081 1.117 1.36 1.402 1.583 1.783 1.798 1.705 1.554 
1.268 1.159 1.328 1.226 1.073 1.153 1.312 1.243 1.136 1.248 
1.284 1.417 1.596 1.615 1.757 1.683 1.659 1.9 1.826 1.791 
2.031 2.297 2.261 2.09 1.655 1.715 1.67 1.628 1.502 1.74 
1.985 1.929 2.093 2.022 1.84 1.933 1.839 1.725 1.524 1.455 
1.628 1.556 1.452 1.352 1.635 1.798 1.627 1.342 1.293 1.288 
1.097 0.2 0.0 0.0 0.0 0.161 1.117 1.051 1.13 1.163 
1.33 1.434 1.702 1.543 1.369 0.964 1.031 1.117 1.062 1.1 
1.05 0.796 0.935 1.008 1.144 1.117 1.135 1.03 1.301 1.476 
1.242 1.506 1.451 1.701 1.994 1.98 2.08 2.075 1.99 1.797 
1.864 1.831 1.724 1.678 1.808 1.788 1.8 2.005 2.159 2.457 
2.77 2.516 2.221 2.14 2.038 1.663 1.28 1.328 1.495 1.413 
1.352 1.348 1.598 1.536 1.315 1.617 1.591 1.235 1.362 1.418 
1.413 1.568 2.28 3.284 3.982 5.994 7.817 8.703 9.738 9.962 

END
