PFRMAT local QA
AUTHOR LAW-CASP14
af2-standard_T1192_1.pdb local_accuracy_only 15.0 15.0 15.0 15.0 15.0 15.0 15.0 15.0 15.0 15.0 15.0 
15.0 15.0 15.0 15.0 15.0 15.0 15.0 13.863 11.399 3.654 
1.419 1.005 0.732 0.686 0.638 0.569 0.634 0.656 0.698 0.821 
1.072 1.195 1.373 1.12 1.077 1.232 1.121 0.89 1.05 1.123 
0.924 0.746 1.084 1.103 1.074 0.906 1.106 1.198 1.126 1.018 
0.95 0.922 1.062 1.113 1.582 1.618 2.335 2.377 1.959 1.698 
1.271 1.111 0.914 0.867 0.867 0.944 0.85 1.005 1.001 0.753 
0.864 0.867 0.722 0.662 0.764 0.876 0.723 0.738 0.765 0.874 
0.745 0.657 0.569 0.521 0.526 0.548 0.547 0.53 0.557 0.55 
0.575 0.531 0.567 0.547 0.591 0.646 0.888 0.92 1.268 1.327 
0.948 0.73 0.586 0.494 0.504 0.475 0.521 0.481 0.515 0.458 
0.519 0.455 0.498 0.526 0.582 0.597 0.575 0.53 0.57 0.524 
0.576 0.54 0.494 0.494 0.51 0.576 0.522 0.584 0.699 0.795 
0.794 1.222 0.972 0.935 0.821 0.771 0.677 0.62 0.708 0.642 
0.514 0.57 0.61 0.528 0.479 0.499 0.562 0.531 0.484 0.483 
0.58 0.524 0.495 0.516 0.574 0.549 0.557 0.65 0.75 0.713 
0.569 0.642 0.615 0.661 0.72 0.701 0.738 0.844 0.869 0.774 
0.839 0.981 1.023 1.109 1.162 1.351 1.438 1.904 2.6 2.37 
3.848 4.126 6.264 6.727 5.207 5.71 5.308 5.098 4.286 3.889 
4.082 4.098 3.049 2.753 2.291 1.91 1.623 1.508 1.445 1.463 
1.471 1.373 1.419 1.504 1.464 1.446 1.58 1.63 2.042 2.717 
4.744 6.962 10.395 11.466 15.0 15.0 15.0 15.0 15.0 15.0 
15.0 15.0 15.0 13.526 15.0 15.0 15.0 15.0 15.0 15.0 
15.0 15.0 15.0 15.0 15.0 15.0 15.0 15.0 15.0 15.0 
15.0 15.0 15.0 15.0 15.0 15.0 15.0 15.0 15.0 15.0 
15.0 15.0 15.0 15.0 15.0 15.0 15.0 15.0 15.0 15.0 
15.0 15.0 15.0 15.0 15.0 15.0 15.0 15.0 15.0 15.0 
15.0 15.0 15.0 15.0 15.0 15.0 15.0 15.0 15.0 15.0 
15.0 15.0 15.0 15.0 15.0 15.0 15.0 15.0 15.0 11.089 
10.254 12.526 8.671 8.557 13.66 9.778 9.85 15.0 15.0 13.718 
15.0 15.0 15.0 15.0 15.0 15.0 15.0 15.0 15.0 15.0 
15.0 15.0 15.0 15.0 15.0 15.0 15.0 15.0 15.0 15.0 
15.0 15.0 15.0 15.0 15.0 15.0 15.0 15.0 15.0 15.0 
15.0 15.0 15.0 15.0 15.0 15.0 15.0 15.0 15.0 15.0 
15.0 15.0 15.0 12.334 15.0 12.727 10.024 11.892 8.126 6.11 
6.477 5.312 3.864 3.776 3.463 2.821 2.896 3.515 3.709 4.194 
7.006 8.159 9.665 15.0 15.0 15.0 15.0 15.0 15.0 15.0 
15.0 15.0 15.0 15.0 15.0 15.0 15.0 15.0 15.0 15.0 
15.0 15.0 15.0 15.0 15.0 15.0 15.0 15.0 15.0 15.0 
15.0 15.0 15.0 15.0 15.0 15.0 15.0 15.0 15.0 15.0 
15.0 15.0 15.0 15.0 15.0 15.0 15.0 15.0 15.0 15.0 
15.0 15.0 15.0 15.0 15.0 15.0 15.0 
END
