PFRMAT local QA
AUTHOR MASS-CASP14
af2-standard_T1192_1.pdb local_accuracy_only 13.442 11.862 10.022 9.039 10.188 10.52 9.626 8.859 9.934 10.058 10.443 
10.195 11.219 10.952 12.797 12.452 13.451 15.0 15.0 15.0 15.0 
13.292 10.124 8.384 7.033 6.452 7.111 6.095 7.116 6.438 6.031 
6.459 6.002 5.177 3.866 3.596 3.45 2.536 2.414 2.115 2.299 
1.967 1.429 1.69 2.037 1.846 1.411 1.522 1.725 1.842 1.719 
1.522 1.969 2.407 2.342 2.69 2.911 3.241 3.376 3.046 1.943 
1.674 1.361 1.206 1.408 1.493 1.714 1.875 1.774 1.589 1.286 
1.383 1.362 1.35 1.321 1.529 1.674 1.452 1.397 2.008 2.356 
2.33 1.544 1.286 1.247 1.297 1.423 1.216 1.548 1.8 1.933 
2.145 2.066 2.054 1.754 1.766 1.927 2.528 2.93 3.497 2.577 
1.664 1.238 0.855 0.808 0.795 0.88 0.89 0.945 0.93 0.971 
0.947 0.941 0.935 0.904 1.027 1.122 1.15 1.12 1.09 1.144 
1.362 1.216 1.035 1.033 1.2 1.257 1.637 1.924 2.536 2.46 
2.843 2.816 2.57 2.346 1.972 1.867 1.58 1.555 1.558 1.448 
1.373 1.34 1.37 1.37 1.219 1.283 1.284 1.263 1.242 1.289 
1.372 1.427 1.441 1.416 1.621 1.616 1.321 1.282 1.295 1.266 
1.264 1.226 1.397 1.397 1.415 1.72 1.902 2.093 2.081 2.044 
2.001 2.486 2.534 2.386 2.79 3.174 4.018 4.531 6.185 7.435 
7.493 8.705 9.163 10.316 9.074 8.972 9.693 9.128 8.919 7.801 
5.311 5.256 5.048 4.003 3.941 3.415 3.463 3.418 3.281 3.868 
3.681 3.17 2.934 3.122 3.076 3.385 3.713 3.987 4.44 4.784 
6.461 6.86 7.361 6.847 7.248 7.915 7.821 8.751 7.878 6.019 
5.037 4.754 4.505 4.883 5.274 5.441 5.796 6.581 7.49 6.915 
6.255 6.21 6.836 6.918 7.7 8.223 9.459 12.145 12.44 15.0 
15.0 15.0 15.0 15.0 15.0 15.0 15.0 15.0 15.0 15.0 
14.702 15.0 15.0 15.0 15.0 15.0 15.0 15.0 15.0 15.0 
15.0 15.0 15.0 15.0 15.0 15.0 15.0 15.0 15.0 15.0 
15.0 15.0 15.0 15.0 15.0 15.0 15.0 15.0 15.0 15.0 
15.0 15.0 15.0 15.0 15.0 9.402 9.123 7.958 6.712 5.652 
5.079 5.195 5.432 5.816 5.428 5.886 6.147 5.418 5.036 5.39 
5.617 5.336 5.53 5.302 6.471 6.862 9.222 11.316 13.172 11.057 
12.16 14.433 15.0 15.0 15.0 13.557 12.307 12.068 11.295 11.343 
11.671 12.819 12.936 15.0 15.0 15.0 15.0 15.0 15.0 15.0 
15.0 15.0 15.0 13.881 13.669 12.809 13.074 11.176 11.545 9.572 
7.671 5.701 5.294 4.521 4.837 4.913 4.987 4.472 4.864 5.673 
5.82 5.729 5.778 5.369 4.382 3.806 3.951 4.025 4.082 4.132 
4.286 4.014 4.231 3.886 3.785 3.714 4.257 5.629 5.529 5.222 
5.256 5.253 4.971 4.658 5.604 5.937 6.335 5.84 5.723 5.339 
4.898 4.712 5.034 5.16 4.947 5.346 5.568 6.153 5.287 6.707 
6.241 6.505 6.513 7.219 7.322 6.745 7.164 7.545 7.405 6.911 
7.279 7.437 7.742 8.584 8.447 8.631 10.033 10.916 11.184 11.56 
12.849 13.288 15.0 15.0 15.0 15.0 15.0 
END
