PFRMAT local QA
AUTHOR MASS-CASP14
af2-standard_T1137s7_2.pdb local_accuracy_only 3.222 2.228 1.998 1.645 1.17 1.157 1.11 1.281 1.323 1.156 1.16 
1.289 1.606 1.848 2.241 2.491 2.603 2.092 1.702 1.721 1.904 
1.786 1.526 1.359 1.222 1.287 0.977 1.125 1.109 1.011 0.911 
0.839 0.795 0.891 0.91 0.831 1.05 1.338 1.716 1.726 1.471 
1.242 1.189 1.24 1.047 1.085 1.09 1.159 1.21 1.279 1.181 
1.356 1.368 1.29 1.435 1.433 1.566 1.546 1.585 1.012 1.014 
1.016 1.111 1.653 2.035 1.739 1.491 1.322 1.647 1.734 1.443 
1.876 2.042 1.87 1.695 1.473 1.747 2.04 1.584 1.998 2.134 
2.221 2.146 2.612 2.842 2.875 3.393 4.135 4.016 3.457 3.45 
2.478 2.305 2.147 1.835 1.549 1.38 1.18 1.171 1.353 1.288 
1.323 1.259 1.632 1.516 1.42 1.942 2.516 3.002 3.058 3.738 
3.157 2.087 2.273 2.063 2.064 1.372 1.766 1.862 1.533 1.525 
1.758 2.009 1.884 1.877 2.198 2.335 2.543 2.864 3.109 4.192 
5.059 4.813 4.219 3.13 2.423 1.976 1.953 1.907 1.695 1.295 
1.343 1.52 1.476 1.199 1.179 1.253 1.049 1.039 1.021 1.021 
1.135 1.13 1.227 1.164 1.226 1.536 1.584 1.499 1.25 1.139 
1.121 1.184 1.238 1.427 1.283 1.469 1.507 1.541 1.705 1.39 
1.577 1.756 1.849 1.895 1.813 1.996 2.141 2.087 2.078 1.996 
1.768 1.444 1.565 1.846 1.722 1.911 2.203 2.381 2.228 2.259 
1.89 1.566 1.343 1.314 1.217 1.456 1.429 1.864 1.828 2.009 
2.167 2.554 2.996 3.241 4.056 4.409 5.07 6.184 5.106 3.879 
4.056 3.788 3.743 4.122 4.246 4.276 2.905 2.419 2.289 2.216 
1.671 1.789 1.474 1.802 1.754 1.566 1.436 1.773 1.827 1.649 
1.8 1.719 1.548 1.419 1.341 1.359 1.36 1.226 1.396 1.391 
1.736 1.631 1.849 1.654 2.043 1.974 1.882 2.411 3.422 4.383 
5.375 5.584 5.385 5.326 5.239 5.119 5.14 5.391 6.525 6.272 
6.619 6.268 6.448 6.082 6.284 7.477 8.687 9.459 10.799 11.929 
12.701 11.515 10.691 9.635 9.289 7.699 6.775 5.936 5.229 4.753 
4.4 3.47 3.007 2.703 2.539 2.716 2.682 3.137 3.215 2.906 
3.236 3.168 3.172 2.906 2.5 2.344 2.492 2.105 2.092 2.162 
2.118 1.727 1.64 1.938 1.889 1.668 1.566 1.91 1.886 1.581 
1.898 2.285 2.286 1.917 1.725 1.695 1.448 1.418 1.517 1.747 
1.75 1.978 2.399 2.73 3.68 5.013 5.515 6.87 8.579 9.009 
9.325 9.318 8.153 7.813 6.32 6.108 4.988 4.371 4.258 3.726 
3.089 3.022 3.313 3.789 3.429 3.331 3.277 3.396 3.579 3.937 
4.406 4.46 4.648 4.949 4.549 5.044 5.919 6.635 7.012 5.314 
4.96 4.27 4.082 4.034 3.687 3.344 3.352 3.694 3.679 3.935 
4.844 5.091 4.908 5.995 6.711 7.509 6.966 7.148 6.995 7.384 
8.319 9.266 11.294 12.42 13.576 13.561 15.0 15.0 14.018 12.266 
10.533 9.125 8.536 7.884 6.507 4.814 3.426 2.797 2.321 2.109 
1.667 1.314 1.033 1.109 1.063 1.021 0.974 1.086 1.099 1.269 
1.26 1.212 1.427 1.808 1.913 1.489 1.208 0.942 0.912 0.925 
0.976 0.9 0.934 0.95 1.029 1.125 1.327 1.418 1.543 1.203 
0.992 0.77 0.218 0.169 0.193 0.506 0.917 1.099 1.499 1.771 
2.017 2.062 1.651 1.804 1.607 1.575 1.534 1.964 2.061 1.91 
1.893 2.089 2.189 1.987 2.137 2.138 2.161 1.973 1.916 1.692 
1.59 1.563 1.586 1.744 2.17 2.281 2.62 2.082 2.007 2.004 
1.895 1.686 1.543 1.454 1.599 1.587 1.542 1.431 1.419 1.457 
1.281 1.268 1.229 1.199 1.353 1.282 1.271 1.166 1.215 1.162 
1.389 1.794 1.694 1.609 1.391 1.375 1.27 1.187 1.192 1.153 
1.138 1.005 1.131 1.1 1.372 1.891 1.881 1.424 1.2 1.115 
1.322 1.248 1.203 1.135 1.158 1.227 1.394 1.458 1.882 1.917 
2.585 3.275 3.028 2.888 2.299 2.048 2.086 2.115 1.987 2.039 
1.6 1.736 1.737 2.013 1.776 2.045 2.06 1.873 1.513 1.259 
1.146 1.322 1.426 1.925 2.202 2.981 3.158 2.454 1.995 1.446 
1.319 1.207 1.345 1.432 1.547 1.438 1.372 1.48 1.597 1.682 
1.782 2.44 2.903 3.133 2.914 2.752 2.433 2.007 1.771 1.422 
1.353 1.579 1.731 1.827 2.382 2.265 2.646 3.01 4.108 5.642 
6.608 7.204 6.027 5.063 4.319 3.629 2.856 2.284 1.605 1.427 
1.288 1.326 1.518 1.608 1.514 1.383 1.338 1.512 1.986 2.411 
2.887 3.053 3.225 3.086 2.671 1.892 1.553 1.389 1.218 1.171 
1.261 1.214 1.197 1.19 1.216 1.426 1.758 1.865 1.687 1.822 
2.003 2.27 2.746 3.168 3.731 3.738 4.781 6.725 8.307 11.555 
15.0 15.0 15.0 15.0 15.0 15.0 15.0 15.0 15.0 15.0 
15.0 15.0 15.0 15.0 15.0 15.0 15.0 15.0 15.0 15.0 
15.0 15.0 
END
