PFRMAT local QA
AUTHOR LAW-CASP14
af2-standard_T1137s7_2.pdb local_accuracy_only 0.524 0.472 0.563 0.611 0.66 0.746 0.704 0.76 0.762 0.649 0.618 
0.685 0.838 1.17 1.618 1.547 1.238 0.889 0.688 0.618 0.609 
0.65 0.601 0.79 0.695 0.727 0.503 0.466 0.478 0.418 0.368 
0.333 0.403 0.356 0.384 0.408 0.47 0.558 0.626 0.663 0.576 
0.566 0.451 0.493 0.538 0.476 0.459 0.575 0.579 0.541 0.648 
0.761 0.743 0.735 0.78 0.634 0.658 0.686 0.687 0.734 0.672 
0.832 0.875 1.429 1.609 1.093 0.862 0.877 0.864 1.022 1.005 
1.146 1.252 1.188 1.06 1.015 1.153 1.074 1.075 0.99 0.986 
0.798 0.693 0.664 0.574 0.576 0.672 0.727 0.935 0.731 0.878 
0.807 0.906 1.007 0.915 0.99 0.96 0.905 0.854 0.908 0.813 
0.696 0.805 0.895 0.889 0.933 1.094 1.118 1.185 1.151 1.172 
1.055 1.033 1.01 0.979 0.955 0.891 0.863 0.844 0.738 0.673 
0.714 0.715 0.616 0.615 0.667 0.61 0.563 0.694 0.714 0.892 
1.282 1.053 1.011 1.219 1.012 1.073 0.94 1.087 1.039 0.993 
0.959 0.894 0.789 0.742 0.732 0.627 0.599 0.599 0.605 0.537 
0.573 0.63 0.568 0.591 0.642 0.713 0.636 0.591 0.514 0.44 
0.445 0.43 0.411 0.445 0.467 0.449 0.552 0.674 0.852 0.795 
0.829 0.753 0.718 0.718 0.632 0.607 0.582 0.501 0.481 0.577 
0.481 0.439 0.498 0.558 0.452 0.397 0.553 0.585 0.484 0.432 
0.435 0.411 0.348 0.361 0.346 0.362 0.389 0.496 0.521 0.54 
0.589 0.514 0.476 0.627 0.744 0.503 0.46 0.423 0.437 0.45 
0.529 0.522 0.551 0.594 0.723 0.649 0.628 0.659 0.649 0.668 
0.619 0.597 0.551 0.52 0.619 0.62 0.567 0.687 0.773 0.592 
0.644 0.604 0.627 0.567 0.485 0.534 0.555 0.506 0.463 0.706 
0.59 0.741 0.883 1.141 0.903 1.112 1.123 3.216 7.395 7.828 
8.047 7.375 9.386 12.846 15.0 15.0 15.0 14.835 15.0 15.0 
15.0 15.0 15.0 15.0 15.0 15.0 15.0 15.0 14.948 12.335 
3.072 9.918 9.628 11.825 12.264 11.045 9.139 2.953 1.415 1.032 
1.148 1.259 0.902 0.879 0.814 0.876 1.1 1.624 1.618 0.974 
0.825 0.76 0.568 0.512 0.439 0.461 0.576 0.545 0.526 0.685 
0.839 0.833 0.892 1.091 1.332 1.334 1.385 1.457 1.352 0.974 
0.918 0.914 0.849 0.71 0.819 0.816 0.775 0.671 0.747 0.793 
0.803 0.939 1.014 1.256 1.403 2.037 3.943 6.858 10.326 13.117 
15.0 15.0 15.0 15.0 15.0 15.0 15.0 15.0 15.0 15.0 
15.0 15.0 15.0 15.0 15.0 15.0 15.0 15.0 15.0 15.0 
15.0 15.0 15.0 15.0 15.0 15.0 15.0 15.0 15.0 15.0 
15.0 15.0 15.0 15.0 15.0 15.0 15.0 15.0 15.0 15.0 
15.0 15.0 15.0 15.0 15.0 15.0 15.0 15.0 15.0 15.0 
15.0 15.0 15.0 15.0 15.0 15.0 15.0 15.0 15.0 15.0 
13.578 10.571 9.272 8.285 6.931 6.371 5.155 1.069 1.596 1.203 
1.025 0.958 0.933 0.697 0.716 0.538 0.572 0.559 0.562 0.572 
0.572 0.6 0.683 0.684 0.634 0.623 0.547 0.558 0.478 0.519 
0.552 0.631 0.732 0.787 0.716 0.75 0.702 0.761 0.583 0.548 
0.569 0.623 0.632 0.591 0.519 0.45 0.454 0.501 0.539 0.572 
0.622 0.624 0.611 0.642 0.775 0.832 0.688 0.996 0.853 0.823 
0.802 0.851 0.766 0.656 0.802 0.766 0.665 0.693 0.653 0.601 
0.599 0.559 0.592 0.618 0.646 0.75 0.78 0.63 0.736 0.769 
0.617 0.605 0.635 0.622 0.713 0.873 0.831 0.848 0.913 0.816 
0.694 0.649 0.575 0.545 0.533 0.537 0.545 0.516 0.586 0.634 
0.696 0.808 0.804 0.699 0.594 0.528 0.509 0.548 0.541 0.573 
0.618 0.606 0.733 0.911 1.179 1.851 1.458 1.112 0.817 0.667 
0.598 0.582 0.574 0.567 0.546 0.548 0.583 0.619 0.745 0.781 
1.115 1.645 1.852 1.303 1.231 1.024 1.132 1.754 1.205 1.383 
1.181 1.493 1.308 1.518 1.356 1.12 1.035 0.78 0.716 0.601 
0.601 0.582 0.615 0.812 0.846 1.008 1.252 0.99 0.982 0.794 
0.69 0.622 0.588 0.646 0.636 0.749 0.644 0.899 0.956 1.575 
1.427 1.993 2.783 2.314 1.926 1.322 0.849 0.693 0.606 0.599 
0.548 0.57 0.573 0.572 0.581 0.688 0.777 0.82 1.09 1.612 
1.674 1.295 0.951 0.74 0.788 0.623 0.702 0.685 0.535 0.542 
0.505 0.624 0.644 0.758 0.89 0.921 0.969 0.869 0.963 1.556 
2.623 3.0 1.256 1.871 0.628 0.632 0.528 0.58 0.601 0.622 
0.626 0.577 0.565 0.514 0.534 0.513 0.546 0.63 0.711 0.804 
0.929 1.303 1.167 1.794 1.982 1.828 2.511 3.19 3.446 4.965 
7.157 12.078 15.0 15.0 15.0 15.0 15.0 15.0 15.0 15.0 
15.0 15.0 15.0 15.0 15.0 15.0 15.0 15.0 15.0 15.0 
15.0 15.0 
END
