PFRMAT local QA
AUTHOR LAW-CASP14
af2-standard_T1115_1.pdb local_accuracy_only 15.0 15.0 15.0 15.0 15.0 15.0 15.0 15.0 15.0 15.0 15.0 
15.0 15.0 15.0 15.0 15.0 15.0 15.0 15.0 15.0 15.0 
15.0 15.0 15.0 15.0 15.0 15.0 15.0 15.0 15.0 15.0 
15.0 15.0 15.0 15.0 15.0 15.0 15.0 15.0 15.0 15.0 
15.0 15.0 15.0 15.0 15.0 15.0 15.0 15.0 15.0 15.0 
13.616 10.204 7.938 5.126 2.573 1.877 1.617 1.648 1.37 1.41 
1.443 1.723 1.695 2.369 3.849 3.692 7.587 4.468 3.397 2.654 
2.542 2.88 2.663 2.207 1.785 1.849 1.796 1.708 2.009 3.224 
3.866 7.95 8.215 13.506 13.773 13.424 12.44 8.671 8.054 3.526 
2.351 1.844 1.287 1.245 1.083 1.022 1.027 0.92 0.944 0.886 
1.1 0.923 1.082 1.035 0.973 1.009 0.904 0.992 0.929 1.016 
0.988 1.02 0.991 0.996 0.944 0.984 0.967 1.031 0.974 0.879 
0.776 0.728 0.711 0.748 0.806 0.818 0.907 1.033 1.191 1.012 
0.954 1.167 1.243 1.232 1.157 1.389 1.109 0.993 0.991 0.981 
0.918 0.837 0.852 0.851 0.791 0.745 0.861 0.818 0.818 0.787 
0.871 0.884 0.893 0.854 0.941 0.989 0.946 0.939 0.993 1.028 
1.036 0.946 1.065 1.075 1.188 1.05 1.185 1.197 0.977 0.988 
1.035 1.019 0.845 0.857 1.002 0.967 0.83 0.898 1.045 1.034 
0.819 0.906 1.124 0.916 0.831 0.74 0.754 0.692 0.771 0.809 
0.832 0.965 0.965 1.047 1.101 1.066 1.043 1.207 1.297 1.81 
1.762 1.64 1.763 1.828 1.822 1.878 2.028 2.295 2.875 4.411 
6.703 9.258 12.378 14.655 15.0 15.0 15.0 15.0 15.0 15.0 
15.0 15.0 15.0 14.001 10.953 12.055 14.074 9.25 8.857 5.788 
5.178 6.684 7.403 10.618 9.286 7.053 6.551 7.356 7.498 9.649 
13.261 6.089 8.38 8.02 8.476 5.908 6.694 11.032 14.741 15.0 
13.862 13.294 14.838 15.0 15.0 15.0 15.0 15.0 15.0 15.0 
15.0 15.0 15.0 15.0 15.0 15.0 15.0 9.87 6.5 7.427 
5.947 5.515 6.009 4.799 4.923 6.3 8.846 7.938 8.202 7.983 
7.756 8.686 10.62 12.536 13.375 12.729 13.588 
END
