PFRMAT local QA
AUTHOR MASS-CASP14
af2-standard_T1115_1.pdb local_accuracy_only 15.0 15.0 15.0 15.0 15.0 15.0 15.0 15.0 15.0 15.0 15.0 
15.0 15.0 15.0 11.69 11.615 9.779 12.101 10.872 11.466 9.919 
10.189 8.773 7.899 6.377 4.839 4.404 4.65 4.485 4.486 4.593 
4.785 4.039 4.54 4.23 4.107 4.732 5.088 5.203 5.421 6.716 
7.251 7.802 8.788 8.317 8.554 8.287 7.201 6.314 5.319 5.01 
3.809 2.574 2.468 2.472 2.347 2.112 2.453 3.122 3.506 3.154 
3.007 2.95 2.659 2.258 2.248 2.196 2.449 2.712 2.587 2.365 
3.098 3.777 5.42 6.385 6.103 6.975 7.797 7.18 6.655 6.282 
6.337 5.802 5.876 5.144 6.277 7.393 6.963 6.388 5.097 3.726 
3.496 3.137 3.022 3.151 3.07 2.532 2.068 1.779 1.224 1.191 
1.052 1.075 1.181 1.166 1.084 1.176 1.222 1.181 1.077 1.254 
1.372 1.362 1.34 1.179 1.075 0.453 0.181 0.002 0.0 0.0 
0.0 0.019 0.459 1.154 1.171 1.484 1.586 1.848 1.72 1.595 
1.409 1.505 1.538 1.548 1.21 1.553 1.391 1.436 1.42 1.209 
1.131 1.086 1.231 1.279 1.148 1.141 1.055 1.013 0.99 1.007 
1.075 1.085 1.072 0.935 1.175 1.268 1.202 1.21 1.17 1.253 
1.199 1.224 1.265 1.358 1.241 1.377 1.524 1.317 1.048 1.055 
0.145 0.004 0.0 0.0 0.0 0.0 0.031 0.428 1.315 1.295 
1.233 1.141 0.722 0.0 0.0 0.0 0.0 0.0 0.0 0.0 
0.0 0.042 1.061 1.384 1.313 1.413 1.511 1.67 2.352 2.834 
2.367 2.107 2.188 2.348 2.227 2.835 2.957 3.819 3.527 3.369 
3.284 3.089 2.8 2.994 2.868 3.167 2.966 3.348 3.508 4.239 
4.658 5.379 4.762 5.318 6.205 5.799 6.327 5.644 5.715 5.677 
5.25 5.254 6.038 5.467 5.368 5.088 5.816 6.312 6.484 6.19 
6.74 8.063 8.193 8.473 8.354 9.265 7.912 7.141 7.266 6.875 
7.495 7.733 9.847 8.814 9.184 10.674 10.616 10.256 11.328 12.392 
13.827 15.0 14.273 11.054 8.19 7.952 7.797 7.112 7.131 7.304 
8.291 7.766 8.44 9.058 9.03 9.294 9.267 9.496 10.0 10.068 
12.306 13.213 15.0 15.0 15.0 15.0 15.0 
END
