PFRMAT local QA
AUTHOR LAW-CASP14
af2-standard_T1193_4.pdb local_accuracy_only 15.0 15.0 15.0 15.0 15.0 15.0 15.0 15.0 15.0 15.0 15.0 
15.0 15.0 15.0 15.0 15.0 15.0 15.0 15.0 15.0 15.0 
15.0 15.0 15.0 15.0 15.0 15.0 15.0 15.0 15.0 15.0 
15.0 15.0 15.0 15.0 15.0 15.0 12.809 9.817 6.386 4.433 
3.447 2.011 0.974 0.946 0.81 1.3 1.09 1.447 1.208 0.817 
0.887 1.066 0.78 0.946 1.135 1.212 1.009 0.763 0.854 0.838 
0.579 0.648 0.755 0.639 0.616 0.708 0.726 0.568 0.596 0.598 
0.599 0.604 0.586 0.578 0.716 0.704 0.623 0.682 0.718 0.646 
0.661 0.679 0.644 0.674 0.648 0.642 0.695 0.734 0.787 0.802 
0.936 1.232 1.445 2.601 2.822 6.309 8.035 9.114 10.337 12.225 
12.971 14.027 15.0 15.0 15.0 15.0 15.0 15.0 15.0 14.617 
12.596 9.004 5.352 2.95 1.471 1.309 1.064 0.923 0.962 0.946 
0.809 0.822 0.895 0.884 0.798 0.899 0.886 0.83 0.847 0.841 
0.758 0.723 0.677 0.597 0.553 0.559 0.501 0.461 0.473 0.471 
0.458 0.444 0.488 0.443 0.459 0.447 0.471 0.432 0.443 0.492 
0.433 0.513 0.484 0.519 0.465 0.568 0.56 0.51 0.505 0.581 
0.524 0.457 0.475 0.497 0.5 0.436 0.455 0.585 0.604 0.646 
0.565 0.679 0.687 0.724 0.806 0.879 0.953 1.109 0.985 1.222 
1.103 0.933 0.782 0.833 0.684 0.559 0.67 0.646 0.548 0.49 
0.596 0.575 0.479 0.515 0.609 0.609 0.519 0.546 0.51 0.636 
0.545 0.561 0.538 0.551 0.503 0.505 0.506 0.491 0.502 0.53 
0.511 0.476 0.504 0.541 0.53 0.537 0.574 0.66 0.658 0.703 
0.729 0.737 0.78 0.743 0.735 0.679 0.66 0.653 0.669 0.669 
0.667 0.668 0.738 0.729 0.674 0.644 0.753 0.689 0.654 0.677 
0.762 0.715 0.67 0.805 0.84 0.681 0.709 0.848 0.837 0.666 
0.8 0.852 0.796 0.708 0.809 0.767 0.674 0.667 0.693 0.667 
0.558 0.606 0.606 0.554 0.494 0.613 0.565 0.49 0.533 0.595 
0.544 0.462 0.486 0.461 0.427 0.44 0.457 0.448 0.485 0.475 
0.502 0.616 0.615 0.564 0.556 0.694 0.633 0.541 0.634 0.743 
0.668 0.588 0.702 0.688 0.685 0.602 0.625 0.583 0.594 0.526 
0.557 0.574 0.54 0.527 0.585 0.569 0.573 0.592 0.635 0.623 
0.631 0.629 0.626 0.627 0.66 0.625 0.637 0.691 0.716 0.744 
0.734 0.867 0.797 0.748 0.861 0.93 0.894 0.86 1.012 1.068 
1.003 0.94 1.163 1.071 1.185 1.178 0.842 0.845 0.773 0.679 
0.701 0.694 0.67 0.647 0.638 0.642 0.625 0.61 0.638 0.737 
0.651 0.66 0.819 0.983 0.805 0.892 1.345 1.595 1.142 1.988 
2.02 1.02 1.182 1.323 0.913 0.693 0.753 0.634 0.556 0.664 
0.676 0.501 0.51 0.588 0.548 0.494 0.547 0.647 0.54 0.525 
0.833 0.843 1.232 0.814 1.005 0.671 0.767 0.725 0.787 0.908 
0.887 0.968 0.849 0.897 0.873 0.947 1.096 1.025 0.756 0.711 
0.567 0.541 0.516 0.564 0.6 0.641 0.705 0.627 0.653 0.649 
0.845 0.849 0.874 0.964 1.075 1.05 1.133 0.991 0.781 0.661 
0.625 0.652 0.675 0.618 0.686 0.622 0.604 0.5 0.539 0.558 
0.717 0.5 0.521 0.445 0.488 0.451 0.506 0.6 0.646 0.685 
0.629 0.587 0.567 0.494 0.55 0.547 0.546 0.486 0.533 0.523 
0.52 0.526 0.582 0.544 0.587 0.65 0.622 0.722 0.676 0.664 
0.653 0.535 0.624 0.615 0.646 0.776 0.763 0.708 0.625 0.717 
0.774 0.732 0.766 0.717 0.698 0.702 0.609 0.605 0.624 0.642 
0.56 0.642 0.639 0.696 1.151 1.402 2.08 0.946 0.757 0.709 
0.688 0.827 0.674 0.652 0.603 0.659 0.607 0.619 0.588 0.679 
0.642 0.705 0.761 0.806 0.89 0.819 1.004 0.948 1.147 0.925 
0.731 0.893 0.883 0.713 0.687 0.78 0.824 0.718 0.825 0.694 
0.759 0.837 0.787 0.753 0.926 1.036 0.96 1.296 1.026 0.924 
0.707 0.746 0.833 0.782 0.812 0.945 1.187 1.107 1.025 1.136 
1.669 1.412 1.6 1.951 1.294 0.825 0.754 0.826 0.67 0.574 
0.623 0.628 0.633 0.646 0.692 0.704 0.721 0.767 0.789 0.657 
0.62 0.518 0.543 0.504 0.576 0.627 0.795 1.298 1.608 1.832 
4.057 5.209 7.976 7.933 4.947 3.275 2.362 2.477 1.565 1.071 
1.348 1.307 0.97 0.986 1.294 1.238 0.984 0.917 1.883 1.67 
0.667 0.551 0.489 0.413 0.46 0.482 0.778 1.003 1.303 1.424 
1.72 1.6 0.881 1.609 1.38 0.705 0.63 0.523 0.513 0.499 
0.563 0.537 0.654 0.617 0.588 0.635 0.602 0.635 0.644 0.616 
0.626 0.708 0.824 1.068 1.0 0.873 1.136 1.394 1.37 1.126 
0.954 0.743 0.743 1.149 1.19 1.274 1.981 4.411 5.438 7.285 
10.983 12.247 13.628 14.177 15.0 15.0 15.0 15.0 15.0 15.0 
15.0 15.0 15.0 15.0 15.0 15.0 15.0 15.0 15.0 15.0 
15.0 15.0 15.0 15.0 15.0 15.0 15.0 15.0 15.0 15.0 
15.0 15.0 15.0 15.0 15.0 15.0 15.0 15.0 15.0 15.0 
15.0 15.0 15.0 15.0 15.0 15.0 15.0 15.0 15.0 13.201 
11.439 11.72 13.046 9.394 11.66 13.39 13.26 11.922 15.0 15.0 
14.418 14.172 15.0 14.577 9.698 5.28 6.973 3.927 2.128 1.348 
1.002 0.978 1.214 1.169 1.609 1.531 1.37 1.623 2.029 1.612 
2.174 2.834 3.189 2.532 2.896 2.085 1.155 1.163 1.415 0.917 
0.743 0.805 0.823 0.642 0.63 0.682 0.678 0.685 0.688 0.754 
0.803 0.848 0.786 1.038 0.942 0.874 0.905 0.982 0.89 0.863 
0.913 0.972 0.894 0.917 1.041 1.037 1.199 1.745 1.959 2.323 
2.22 2.416 2.193 1.695 1.474 1.522 1.244 1.106 1.236 1.121 
1.01 0.957 1.012 0.963 0.869 0.842 0.915 0.831 0.713 0.783 
0.693 0.673 0.606 0.61 0.583 0.572 0.554 0.579 0.589 0.567 
0.524 0.614 0.644 0.594 0.567 0.674 0.641 0.568 0.524 0.571 
0.52 0.499 0.575 0.485 0.511 0.512 0.599 0.5 0.465 0.512 
0.562 0.446 0.468 0.518 0.573 0.596 0.574 0.724 0.602 0.627 
0.788 0.806 0.89 1.147 0.67 0.803 0.629 0.831 0.837 0.604 
0.595 0.581 0.548 0.475 0.53 0.517 0.534 0.499 0.546 0.606 
0.583 0.645 0.823 0.779 0.828 0.76 0.743 0.862 0.68 0.657 
0.672 0.654 0.614 0.62 0.666 0.636 0.652 0.698 0.7 0.717 
0.707 0.695 0.697 0.706 0.682 0.693 0.716 0.74 0.802 0.827 
0.834 0.869 0.778 0.742 0.845 0.847 0.77 0.875 1.088 0.92 
0.969 1.039 1.011 0.906 1.053 0.958 0.87 1.006 1.083 0.889 
0.825 0.954 1.022 0.925 0.955 1.218 1.406 1.212 1.387 1.378 
1.218 0.947 0.868 0.789 0.743 0.649 0.598 0.598 0.544 0.555 
0.551 0.486 0.471 0.53 0.549 0.495 0.556 0.677 0.572 0.485 
0.539 0.534 0.505 0.536 0.53 0.515 0.567 0.549 0.554 0.631 
0.625 0.506 0.592 0.634 0.61 0.567 0.671 0.724 0.742 0.696 
0.866 0.952 0.871 0.749 0.935 0.957 0.752 0.648 0.77 0.774 
0.516 0.591 0.647 0.587 0.539 0.609 0.755 0.609 0.62 0.68 
0.823 0.685 0.687 0.76 0.8 0.813 0.854 0.859 0.927 0.954 
0.982 0.885 0.952 1.035 0.956 0.961 0.959 1.037 1.026 1.019 
1.113 1.139 1.109 1.097 1.023 0.945 0.889 0.844 0.872 0.796 
0.749 0.767 0.7 0.728 0.739 0.714 0.718 0.798 0.762 0.777 
0.888 0.944 0.825 0.966 1.347 1.442 1.33 1.888 2.513 1.948 
2.235 1.754 1.267 1.052 1.02 0.767 0.687 0.742 0.735 0.576 
0.596 0.744 0.685 0.561 0.761 0.953 0.703 0.764 1.329 1.06 
1.645 0.779 1.245 0.685 0.866 0.642 0.881 1.56 1.787 2.47 
1.456 1.842 1.78 5.463 6.343 6.895 3.521 1.284 0.744 0.663 
0.592 0.641 0.707 0.767 0.929 0.762 0.825 0.802 1.279 1.291 
1.744 1.706 2.332 2.317 2.625 1.701 0.922 0.708 0.647 0.707 
0.75 0.69 0.727 0.623 0.625 0.519 0.621 0.671 0.712 0.535 
0.546 0.476 0.496 0.464 0.502 0.587 0.667 0.75 0.679 0.569 
0.557 0.519 0.621 0.611 0.623 0.597 0.615 0.605 0.603 0.576 
0.616 0.584 0.609 0.72 0.775 0.937 0.896 0.875 0.823 0.647 
0.697 0.726 0.838 0.816 0.796 0.805 0.702 0.815 0.904 0.872 
1.105 0.819 0.723 0.739 0.705 0.555 0.633 0.628 0.598 0.65 
0.631 0.691 0.975 1.355 1.716 0.903 0.745 0.739 0.645 0.812 
0.635 0.707 0.68 0.67 0.607 0.627 0.612 0.675 0.571 0.648 
0.708 0.691 1.243 1.109 1.333 0.913 1.083 0.918 1.002 0.891 
0.743 0.846 0.831 0.723 0.721 0.806 0.781 0.763 0.893 0.799 
0.911 1.075 1.113 1.086 1.281 1.444 1.308 1.476 1.145 1.274 
0.852 0.825 0.876 0.769 0.759 0.823 1.022 0.932 0.872 0.92 
0.972 0.919 1.015 1.674 1.184 0.865 0.794 0.841 0.794 0.678 
0.688 0.694 0.683 0.677 0.677 0.715 0.71 0.718 0.726 0.647 
0.693 0.548 0.56 0.529 0.543 0.683 0.792 1.028 1.372 1.773 
2.627 2.325 2.771 2.454 2.03 1.835 1.499 1.436 1.193 0.984 
1.095 1.009 0.86 0.827 0.931 0.876 0.805 0.775 0.95 0.951 
0.648 0.599 0.496 0.441 0.489 0.5 0.82 1.02 1.558 1.315 
1.676 1.316 0.851 1.125 1.133 0.683 0.629 0.541 0.505 0.481 
0.509 0.489 0.568 0.553 0.545 0.576 0.567 0.554 0.622 0.613 
0.638 0.721 0.822 1.185 1.159 1.08 1.858 2.28 2.515 2.305 
1.74 1.127 1.098 2.605 2.133 1.713 2.563 6.191 6.122 6.087 
10.455 11.479 12.945 14.759 14.693 14.827 
END
