PFRMAT local QA
AUTHOR MASS-CASP14
af2-standard_T1193_4.pdb local_accuracy_only 8.867 7.83 9.399 8.378 11.725 11.219 13.979 12.299 14.538 15.0 14.85 
15.0 15.0 15.0 14.939 15.0 13.971 15.0 11.563 12.975 11.163 
9.421 10.146 9.069 10.939 10.892 15.0 12.532 15.0 15.0 15.0 
15.0 15.0 15.0 15.0 15.0 15.0 15.0 15.0 13.102 11.743 
9.278 9.066 6.943 5.905 4.999 4.253 4.131 3.724 2.714 2.395 
2.411 2.344 2.216 2.877 2.648 3.024 3.152 2.991 2.803 3.624 
3.355 3.342 3.427 3.848 3.563 3.836 3.606 3.815 3.62 4.002 
3.411 3.379 2.985 2.98 2.639 3.072 2.684 2.428 2.149 2.099 
2.027 1.893 1.783 1.785 1.79 1.486 1.654 1.715 1.934 1.754 
1.985 2.593 3.845 4.26 5.537 6.0 7.45 8.037 8.7 9.14 
9.963 11.125 11.193 14.106 15.0 15.0 15.0 15.0 15.0 15.0 
15.0 15.0 14.734 12.399 9.37 6.571 4.767 3.31 3.0 2.694 
2.184 1.925 2.19 1.782 1.824 2.079 2.183 2.305 2.75 2.659 
2.988 3.133 3.726 4.189 4.518 4.162 4.19 4.291 3.274 2.882 
2.523 2.459 2.087 2.209 1.901 1.901 1.722 1.733 1.965 1.866 
1.992 2.123 2.118 1.825 1.783 2.058 1.909 1.489 1.595 1.878 
1.823 1.559 1.658 1.747 1.735 1.411 1.538 1.823 1.985 1.705 
1.557 1.734 1.439 1.739 1.927 1.911 2.248 2.688 2.48 2.954 
2.421 2.196 2.001 1.986 1.653 1.691 1.679 1.987 1.745 1.455 
1.653 1.688 1.489 1.556 2.083 1.94 1.577 1.737 1.883 1.664 
1.44 1.545 1.48 1.431 1.389 1.445 1.42 1.586 1.551 1.63 
1.588 1.654 1.595 1.687 1.896 1.879 2.043 3.006 3.473 3.615 
3.761 4.246 3.836 3.305 3.281 3.627 3.638 3.486 3.101 3.408 
3.29 2.665 2.118 2.385 2.178 2.002 2.196 2.082 1.804 2.397 
2.432 2.287 2.296 2.767 2.938 2.753 2.673 3.353 3.223 2.96 
3.098 2.817 2.729 2.494 2.196 2.562 2.461 2.181 2.625 2.395 
2.386 2.388 2.786 2.634 2.537 3.034 2.648 2.238 2.396 2.78 
2.593 2.496 2.559 2.762 2.765 2.861 3.443 3.4 3.606 3.28 
2.757 2.715 2.489 2.303 1.774 2.016 2.164 1.889 1.925 2.095 
1.988 1.605 1.91 2.348 2.202 2.649 2.132 2.667 2.448 2.105 
1.996 2.113 1.959 1.814 1.772 2.203 2.203 2.131 2.402 2.459 
2.558 2.385 2.458 2.283 2.23 2.321 2.057 2.216 2.193 1.976 
2.259 2.441 2.375 2.416 2.524 2.353 2.086 2.344 2.139 2.362 
2.134 2.27 2.529 2.806 2.744 2.363 2.01 1.769 1.584 1.762 
1.812 1.597 1.559 1.774 1.708 1.765 1.855 1.698 1.805 1.821 
1.937 2.02 2.144 2.165 2.304 2.368 3.332 3.144 3.606 3.911 
4.661 3.832 3.253 3.264 2.148 2.12 1.98 1.907 1.678 1.612 
1.932 1.869 1.663 1.935 1.648 1.386 1.358 1.657 1.573 1.463 
2.023 2.716 3.513 3.99 4.418 4.685 5.103 3.988 3.93 3.507 
3.419 3.649 3.323 3.215 2.995 3.366 3.412 3.045 2.779 2.237 
1.986 1.584 1.366 1.06 1.029 1.307 1.504 1.285 1.268 1.328 
1.435 1.828 2.004 2.391 2.69 2.973 3.008 3.007 2.718 2.04 
1.615 2.0 2.206 2.006 1.882 1.9 1.941 1.848 1.839 2.461 
2.24 1.636 1.279 1.02 1.083 1.039 0.841 1.083 1.374 1.787 
1.855 1.548 1.756 1.898 2.155 2.201 1.978 1.727 1.656 1.676 
1.647 1.923 1.848 1.72 1.674 1.905 1.968 2.041 1.73 1.517 
1.148 1.123 1.134 1.106 1.405 1.659 1.988 1.765 1.494 1.834 
1.952 1.679 1.713 2.189 2.59 2.772 2.492 2.648 2.389 2.15 
1.602 1.623 1.688 1.609 1.827 2.412 2.627 2.616 2.338 1.956 
1.791 1.854 1.631 1.508 1.232 1.385 1.451 1.412 1.302 1.337 
1.534 1.655 2.187 2.883 3.184 2.324 2.442 2.21 2.507 2.146 
1.609 1.912 2.16 2.06 1.883 2.008 2.365 2.154 1.819 2.182 
2.383 2.655 2.505 2.189 2.24 2.566 2.452 2.594 2.427 2.07 
1.973 1.681 1.742 1.708 1.651 1.926 2.47 2.709 2.393 2.127 
2.029 2.081 2.121 2.523 2.44 2.214 2.029 1.888 1.748 1.451 
1.653 1.577 1.677 1.819 1.853 1.842 1.992 2.315 2.605 2.196 
1.872 1.602 1.449 1.591 1.582 1.93 2.039 2.347 2.705 2.996 
3.578 3.212 3.167 3.601 3.719 3.344 3.424 3.854 3.913 3.782 
3.518 3.939 3.571 3.471 3.871 4.103 3.444 3.272 3.891 3.281 
2.726 2.503 2.2 1.881 2.114 2.117 2.596 2.796 2.557 2.209 
2.144 2.405 1.756 2.188 2.521 1.974 1.528 1.068 0.91 1.028 
0.923 0.891 1.123 1.298 1.196 1.329 1.316 1.056 1.08 1.053 
1.071 1.398 1.794 2.115 2.408 2.186 2.569 2.948 3.515 3.602 
3.305 3.17 2.97 2.997 3.385 2.814 2.709 3.173 4.353 4.819 
5.031 5.708 6.696 7.472 9.067 11.115 12.866 13.889 13.384 15.0 
15.0 15.0 14.178 14.19 13.495 15.0 15.0 15.0 15.0 15.0 
15.0 15.0 15.0 15.0 15.0 15.0 15.0 15.0 15.0 11.214 
10.169 8.441 8.846 9.977 10.942 12.77 15.0 15.0 15.0 15.0 
15.0 15.0 15.0 15.0 15.0 12.766 13.173 11.322 12.198 10.013 
9.69 10.425 9.516 10.256 12.23 13.513 14.006 13.698 15.0 15.0 
15.0 15.0 15.0 15.0 15.0 15.0 15.0 15.0 14.022 11.194 
10.201 8.629 5.845 5.703 5.325 3.939 3.354 3.415 3.492 3.598 
4.141 4.136 4.205 4.365 3.723 3.5 2.887 3.177 2.819 2.909 
2.877 2.69 2.458 2.207 2.134 2.022 1.661 1.743 1.709 1.663 
1.519 1.709 1.757 1.482 1.367 1.634 1.486 1.364 1.456 1.505 
1.521 1.426 1.534 1.818 2.177 1.82 2.01 2.513 2.859 2.299 
2.466 2.307 1.76 1.591 1.77 1.63 1.471 1.567 1.676 1.587 
1.575 1.66 1.686 1.599 1.556 1.756 1.693 1.554 1.671 1.938 
1.925 1.784 1.65 1.625 1.417 1.477 1.511 1.395 1.351 1.539 
1.572 1.614 1.472 1.897 1.697 1.681 1.614 1.777 1.773 1.428 
1.384 1.395 1.373 1.276 1.267 1.501 1.691 1.621 1.562 1.594 
1.543 1.299 1.209 1.35 1.485 1.489 1.45 1.69 1.606 1.809 
2.907 3.989 5.5 5.186 4.991 3.866 3.744 3.773 3.419 2.309 
2.229 2.003 1.833 1.698 1.755 1.96 2.052 1.91 1.994 2.241 
2.064 2.46 3.569 3.79 4.19 4.006 3.945 3.051 2.927 2.524 
2.36 2.373 2.136 2.161 2.099 1.785 1.68 1.902 1.777 1.757 
1.836 1.793 2.066 2.037 2.364 2.691 3.428 3.46 3.805 4.405 
4.672 4.574 3.94 4.883 4.86 4.559 4.234 4.764 5.292 4.881 
4.519 5.285 5.499 5.485 6.232 5.694 5.895 6.229 4.884 4.768 
4.065 4.551 3.642 3.423 3.388 3.921 4.139 4.169 3.519 3.1 
2.974 2.826 2.034 2.064 1.89 1.582 1.62 1.972 1.784 2.129 
2.208 2.193 2.155 2.464 2.516 2.294 2.049 2.432 2.199 2.144 
2.031 2.253 2.051 2.43 2.418 2.768 2.741 2.926 3.444 3.779 
2.658 2.065 2.176 2.218 1.945 1.867 2.058 2.9 2.702 2.615 
3.568 4.184 4.696 3.78 4.334 4.204 3.593 2.894 2.592 2.156 
1.833 2.02 1.789 1.962 2.185 2.564 2.775 2.604 2.383 2.344 
2.191 2.088 1.831 2.026 2.058 2.334 2.455 2.247 1.862 1.905 
2.043 1.901 1.895 1.81 1.781 1.825 1.724 1.987 1.886 1.736 
2.219 2.59 2.537 2.426 2.277 2.501 2.605 2.768 2.726 2.384 
2.85 2.951 2.718 2.605 2.643 2.872 2.656 2.211 2.692 2.67 
2.426 2.38 2.137 1.935 2.91 2.639 2.553 3.152 3.154 3.008 
3.48 3.948 3.6 3.079 3.324 2.931 3.044 2.878 2.912 2.592 
2.882 2.779 2.882 2.539 2.357 2.506 2.547 2.446 2.578 3.272 
3.484 3.409 3.672 3.192 3.475 3.061 2.758 2.807 3.626 4.198 
4.461 3.978 4.492 4.119 4.546 3.805 3.117 2.338 2.027 1.748 
1.372 1.085 1.271 1.257 1.206 1.051 1.116 1.141 1.321 1.704 
2.351 2.853 3.291 3.623 3.748 3.638 3.174 2.692 2.17 2.131 
2.166 2.127 1.987 1.933 1.825 1.537 1.577 2.014 1.786 1.425 
1.265 1.093 1.177 1.117 0.964 1.142 1.504 1.876 2.046 1.848 
2.127 2.251 2.701 2.86 2.465 1.859 1.934 1.983 1.95 2.31 
2.161 1.983 1.888 1.867 1.867 1.782 1.557 1.455 1.283 1.046 
1.086 1.047 1.335 1.793 1.917 2.244 2.255 2.616 2.612 2.351 
2.218 2.461 2.677 2.614 2.389 2.161 1.816 1.696 1.326 1.348 
1.378 1.365 1.743 2.723 3.329 2.948 2.639 2.342 2.371 2.204 
1.902 2.011 1.726 1.759 1.515 1.359 1.122 1.14 1.254 1.512 
1.904 2.246 3.381 3.919 3.837 2.815 2.698 2.548 2.713 2.134 
1.781 1.865 2.159 2.079 1.858 1.773 1.918 1.986 1.826 2.068 
2.388 2.776 2.877 2.442 2.833 2.647 2.254 2.05 2.059 1.887 
1.799 1.927 2.071 2.226 2.165 2.521 2.906 3.129 3.001 2.906 
2.62 2.225 2.196 2.4 2.755 2.68 2.383 2.09 1.895 1.673 
1.687 1.748 1.852 1.905 1.98 1.924 2.005 2.602 2.999 2.622 
1.913 1.561 1.338 1.347 1.287 1.59 1.776 2.168 2.601 3.151 
4.085 3.542 3.804 5.018 5.073 4.541 4.404 4.096 3.409 2.427 
2.463 2.594 2.344 2.217 2.782 3.086 3.118 3.152 3.846 3.718 
2.801 2.109 1.99 1.903 1.937 1.836 2.41 2.664 2.558 2.492 
2.57 2.505 1.985 2.503 2.909 2.583 2.11 1.53 1.508 1.512 
1.366 1.432 1.624 1.569 1.403 1.485 1.406 1.41 1.52 1.684 
1.558 1.809 2.279 2.854 2.96 2.673 2.798 3.529 3.652 3.639 
2.937 2.46 2.3 2.227 2.514 2.29 2.405 2.762 3.991 4.653 
6.546 7.813 11.614 12.414 15.0 15.0 
END
