PFRMAT local QA
AUTHOR MASS-CASP14
af2-standard_T1137s7_5.pdb local_accuracy_only 3.872 2.659 2.191 1.712 1.183 1.14 1.069 1.215 1.228 1.033 1.082 
1.1 1.397 1.481 1.846 2.035 2.234 1.789 1.492 1.5 1.742 
1.672 1.427 1.281 1.191 1.258 0.961 1.136 1.124 1.026 0.927 
0.852 0.795 0.887 0.905 0.832 1.068 1.381 1.775 1.77 1.499 
1.216 1.195 1.226 1.066 1.068 1.089 1.117 1.215 1.294 1.244 
1.448 1.463 1.22 1.407 1.404 1.546 1.514 1.558 0.983 0.993 
0.983 1.087 1.587 1.962 1.672 1.436 1.303 1.6 1.697 1.372 
1.84 2.039 1.853 1.695 1.423 1.693 1.916 1.49 1.841 1.917 
1.833 1.657 2.001 1.949 1.91 2.427 2.848 2.876 2.5 2.55 
2.016 1.874 1.985 1.723 1.399 1.281 1.165 1.176 1.432 1.394 
1.411 1.272 1.438 1.415 1.422 1.775 2.086 2.354 2.678 3.4 
2.814 1.79 2.085 1.918 1.833 1.229 1.632 1.781 1.5 1.477 
1.658 1.891 1.767 1.725 2.046 2.091 2.403 2.946 3.126 4.413 
5.265 5.083 4.287 3.259 2.41 1.982 1.899 2.02 1.796 1.336 
1.312 1.526 1.431 1.196 1.173 1.237 1.021 1.013 1.004 1.003 
1.134 1.138 1.193 1.135 1.167 1.464 1.5 1.364 1.115 1.06 
1.075 1.137 1.138 1.343 1.222 1.423 1.508 1.578 1.731 1.435 
1.68 1.813 1.864 1.916 1.858 2.009 2.134 2.018 2.031 1.95 
1.756 1.423 1.55 1.824 1.675 1.905 2.206 2.396 2.307 2.174 
1.835 1.416 1.226 1.15 1.025 1.144 1.124 1.379 1.409 1.509 
1.759 1.973 2.468 2.61 3.45 3.969 4.734 6.026 5.379 4.13 
4.312 3.991 3.955 4.379 4.568 4.498 2.974 2.421 2.255 2.165 
1.643 1.767 1.454 1.718 1.724 1.543 1.459 1.769 1.882 1.767 
1.999 1.788 1.616 1.42 1.382 1.447 1.39 1.191 1.393 1.435 
1.78 1.793 2.102 1.801 2.282 2.213 2.104 2.942 3.68 4.673 
5.611 6.022 5.991 5.575 5.428 5.249 5.139 5.383 6.395 6.079 
6.185 5.804 5.979 5.736 6.114 7.245 8.199 9.016 10.664 11.869 
12.379 10.886 9.695 8.762 7.544 5.841 4.925 4.156 3.616 3.311 
3.072 2.725 2.372 2.337 2.251 2.505 2.718 3.507 3.659 3.296 
3.677 3.532 3.489 3.131 2.754 2.605 2.781 2.517 2.429 2.484 
2.46 2.06 1.748 2.015 2.091 1.834 1.761 2.049 2.061 1.712 
2.006 2.472 2.415 2.026 1.807 1.754 1.485 1.45 1.584 1.818 
1.835 2.001 2.415 2.731 3.622 4.895 5.458 6.798 8.716 9.062 
9.24 9.107 8.167 7.871 6.681 6.367 5.451 4.755 4.729 4.291 
3.521 3.364 3.621 3.885 3.465 3.381 3.285 3.408 3.582 4.035 
4.581 4.717 5.522 6.624 6.317 7.617 9.444 11.387 11.584 9.818 
9.871 8.392 8.649 8.97 8.406 7.804 9.125 8.059 9.029 8.39 
8.839 8.162 8.105 9.004 9.88 11.676 8.12 8.237 7.675 7.983 
8.921 10.14 12.176 13.057 13.121 13.018 13.849 15.0 12.793 11.677 
10.252 8.924 8.295 7.688 6.293 4.493 3.245 2.669 2.226 2.094 
1.679 1.384 1.093 1.155 1.1 1.077 1.043 1.149 1.164 1.341 
1.333 1.257 1.495 1.89 2.006 1.57 1.266 0.994 0.957 0.944 
0.988 0.908 0.941 0.945 1.033 1.132 1.326 1.445 1.554 1.22 
1.008 0.825 0.307 0.286 0.409 0.789 1.0 1.115 1.492 1.784 
2.043 2.105 1.706 1.859 1.691 1.639 1.616 2.05 2.163 1.961 
1.948 2.073 2.153 1.964 2.118 2.187 2.183 1.959 1.911 1.647 
1.561 1.536 1.576 1.694 2.104 2.183 2.514 1.944 2.014 2.15 
2.033 1.723 1.583 1.477 1.58 1.543 1.524 1.433 1.447 1.491 
1.297 1.291 1.254 1.223 1.39 1.323 1.318 1.228 1.316 1.259 
1.503 1.9 1.798 1.733 1.431 1.403 1.297 1.208 1.203 1.171 
1.141 1.018 1.156 1.132 1.413 1.931 1.917 1.451 1.217 1.129 
1.319 1.25 1.206 1.126 1.148 1.227 1.381 1.445 1.896 1.899 
2.638 3.278 3.075 2.86 2.292 2.018 2.055 2.047 1.942 2.02 
1.573 1.752 1.761 2.111 1.885 2.219 2.303 2.172 1.694 1.421 
1.262 1.392 1.411 1.947 2.206 2.861 3.011 2.346 1.933 1.417 
1.289 1.215 1.383 1.445 1.478 1.344 1.342 1.411 1.615 1.704 
1.716 2.24 2.568 2.755 2.68 2.563 2.353 2.033 1.834 1.519 
1.447 1.713 1.84 1.988 2.536 2.414 2.837 3.266 4.435 6.034 
6.869 7.219 5.823 5.063 4.415 3.869 3.02 2.406 1.691 1.504 
1.361 1.391 1.6 1.652 1.577 1.404 1.354 1.493 1.96 2.384 
2.914 3.161 3.415 3.281 2.971 2.169 1.755 1.579 1.376 1.292 
1.365 1.331 1.276 1.297 1.383 1.575 1.845 1.893 1.824 1.95 
2.114 2.413 2.828 3.54 4.501 4.989 6.583 9.33 12.598 15.0 
15.0 15.0 15.0 15.0 15.0 15.0 15.0 15.0 15.0 15.0 
15.0 15.0 15.0 15.0 15.0 15.0 15.0 15.0 15.0 15.0 
15.0 15.0 
END
