PFRMAT local QA
AUTHOR LAW-CASP14
af2-standard_T1137s7_5.pdb local_accuracy_only 0.593 0.522 0.599 0.645 0.679 0.745 0.687 0.719 0.711 0.614 0.579 
0.619 0.725 0.872 1.05 1.111 0.953 0.741 0.616 0.613 0.581 
0.634 0.588 0.772 0.699 0.738 0.518 0.483 0.519 0.43 0.373 
0.33 0.4 0.348 0.376 0.405 0.475 0.641 0.62 0.665 0.597 
0.552 0.442 0.475 0.515 0.46 0.444 0.574 0.573 0.532 0.637 
0.733 0.665 0.7 0.751 0.605 0.623 0.638 0.656 0.673 0.644 
0.787 0.842 1.32 1.428 0.998 0.805 0.809 0.814 0.892 0.9 
0.979 0.998 0.958 0.928 0.904 0.937 0.92 0.947 0.874 0.863 
0.728 0.634 0.592 0.499 0.503 0.567 0.61 0.753 0.591 0.729 
0.711 0.897 1.112 1.23 0.986 0.931 0.793 0.738 0.772 0.685 
0.565 0.662 0.69 0.675 0.728 0.831 0.773 0.788 0.83 0.897 
0.902 0.924 0.923 0.907 0.875 0.791 0.789 0.789 0.677 0.595 
0.664 0.672 0.542 0.561 0.627 0.552 0.495 0.801 0.659 0.911 
1.458 1.057 1.012 1.271 0.995 1.133 0.917 1.343 1.059 0.968 
0.872 0.814 0.688 0.632 0.619 0.55 0.518 0.495 0.502 0.452 
0.479 0.516 0.494 0.499 0.559 0.633 0.622 0.558 0.534 0.437 
0.421 0.401 0.382 0.432 0.448 0.432 0.555 0.658 0.864 0.788 
0.827 0.736 0.691 0.69 0.619 0.59 0.559 0.483 0.465 0.567 
0.46 0.422 0.463 0.544 0.437 0.394 0.523 0.58 0.501 0.45 
0.452 0.409 0.338 0.352 0.336 0.352 0.379 0.479 0.473 0.508 
0.566 0.486 0.454 0.57 0.711 0.473 0.441 0.413 0.431 0.443 
0.527 0.514 0.569 0.623 0.791 0.651 0.653 0.663 0.661 0.667 
0.618 0.595 0.544 0.502 0.586 0.622 0.552 0.632 0.743 0.592 
0.674 0.621 0.675 0.608 0.491 0.551 0.62 0.532 0.468 0.811 
0.682 0.938 1.361 1.979 1.194 1.65 1.657 3.625 6.214 7.171 
5.965 6.417 8.086 11.138 12.79 13.403 13.597 10.557 14.853 14.485 
14.204 13.91 15.0 15.0 15.0 15.0 15.0 15.0 14.826 11.472 
6.025 8.809 9.626 10.432 10.222 9.573 8.222 1.864 1.096 0.914 
1.004 1.2 0.824 0.841 0.785 0.819 0.948 1.249 1.395 0.862 
0.753 0.744 0.571 0.515 0.437 0.455 0.566 0.527 0.521 0.648 
0.793 0.785 0.882 1.048 1.396 1.428 1.536 1.691 1.505 1.01 
0.915 0.913 0.849 0.697 0.829 0.812 0.752 0.666 0.742 0.791 
0.805 0.929 1.003 1.226 1.361 1.958 3.671 6.542 9.808 12.629 
15.0 15.0 15.0 15.0 15.0 12.777 9.46 5.696 3.974 4.287 
5.802 6.073 7.344 6.899 7.66 9.881 10.595 14.408 15.0 15.0 
15.0 15.0 15.0 15.0 15.0 15.0 15.0 15.0 15.0 15.0 
15.0 15.0 15.0 15.0 15.0 15.0 15.0 15.0 15.0 15.0 
15.0 15.0 15.0 15.0 15.0 15.0 15.0 15.0 15.0 15.0 
15.0 15.0 15.0 15.0 15.0 15.0 15.0 15.0 15.0 15.0 
12.45 10.892 9.493 8.721 7.03 6.153 6.423 0.942 1.48 0.977 
0.9 0.871 0.87 0.681 0.705 0.538 0.57 0.559 0.567 0.58 
0.579 0.604 0.691 0.7 0.641 0.635 0.537 0.544 0.466 0.501 
0.54 0.617 0.71 0.74 0.67 0.711 0.68 0.74 0.702 0.546 
0.563 0.613 0.622 0.59 0.515 0.446 0.442 0.483 0.517 0.55 
0.595 0.6 0.599 0.632 0.8 0.903 0.777 1.085 0.934 0.915 
0.876 0.905 0.801 0.692 0.833 0.802 0.711 0.711 0.663 0.617 
0.584 0.553 0.586 0.608 0.671 0.744 0.791 0.645 0.73 0.848 
0.651 0.626 0.664 0.633 0.728 0.876 0.834 0.822 0.945 0.835 
0.717 0.667 0.593 0.576 0.565 0.565 0.57 0.543 0.618 0.684 
0.759 0.864 0.837 0.719 0.608 0.536 0.52 0.561 0.558 0.59 
0.638 0.627 0.77 0.954 1.266 1.995 1.486 1.113 0.83 0.693 
0.616 0.591 0.584 0.579 0.55 0.553 0.585 0.625 0.753 0.792 
1.071 1.641 1.875 1.323 1.347 1.085 1.148 1.843 1.228 1.475 
1.337 1.468 1.37 1.582 1.415 1.215 1.108 0.829 0.759 0.666 
0.647 0.62 0.659 0.83 0.855 0.984 1.173 0.936 0.963 0.784 
0.702 0.673 0.636 0.75 0.698 0.751 0.706 0.986 1.028 1.813 
1.644 2.345 3.44 2.829 2.405 1.615 0.964 0.788 0.66 0.669 
0.597 0.624 0.634 0.605 0.615 0.693 0.793 0.834 1.12 1.704 
1.745 1.371 0.946 0.789 0.809 0.653 0.821 0.762 0.567 0.577 
0.53 0.64 0.66 0.767 0.903 0.915 0.978 0.827 0.924 1.177 
2.293 2.588 1.156 1.704 0.604 0.609 0.539 0.569 0.584 0.615 
0.614 0.577 0.558 0.512 0.504 0.519 0.557 0.642 0.745 0.832 
0.899 0.879 0.803 0.909 1.087 1.06 1.687 2.625 3.827 6.327 
10.003 13.615 15.0 15.0 15.0 15.0 15.0 15.0 15.0 15.0 
15.0 15.0 15.0 15.0 15.0 15.0 15.0 15.0 15.0 15.0 
15.0 15.0 
END
