PFRMAT local QA
AUTHOR LAW-CASP14
af2-standard_T1186_1.pdb local_accuracy_only 1.713 1.5 1.041 1.002 1.208 0.837 0.592 0.782 0.8 0.543 0.522 
0.648 0.672 0.484 0.508 0.374 0.35 0.333 0.352 0.343 0.375 
0.352 0.379 0.455 0.443 0.575 0.62 0.581 0.57 0.521 0.455 
0.528 0.47 0.547 0.542 0.619 0.505 0.505 0.345 0.416 0.328 
0.346 0.34 0.326 0.346 0.333 0.349 0.382 0.366 0.341 0.372 
0.415 0.428 0.417 0.502 0.589 0.703 0.67 0.918 1.045 1.056 
0.896 0.678 0.525 0.548 0.53 0.47 0.411 0.488 0.462 0.577 
0.603 0.689 0.575 0.515 0.515 0.485 0.425 0.4 0.412 0.397 
0.38 0.472 0.493 0.466 0.527 0.56 0.495 0.482 0.376 0.408 
0.391 0.419 0.371 0.323 0.307 0.35 0.308 0.297 0.306 0.326 
0.331 0.315 0.326 0.378 0.406 0.317 0.325 0.402 0.377 0.347 
0.42 0.516 0.517 0.458 0.602 0.564 0.476 0.557 0.524 0.418 
0.449 0.5 0.457 0.454 0.479 0.5 0.477 0.536 0.501 0.546 
0.475 0.419 0.441 0.418 0.448 0.424 0.454 0.451 0.474 0.474 
0.407 0.397 0.452 0.416 0.486 0.514 0.57 0.52 0.544 0.437 
0.402 0.405 0.391 0.437 0.381 0.433 0.438 0.325 0.327 0.393 
0.388 0.312 0.377 0.446 0.405 0.401 0.488 0.509 0.573 0.518 
0.46 0.569 0.589 0.567 0.477 0.447 0.496 0.451 0.37 0.416 
0.455 0.381 0.353 0.421 0.441 0.366 0.454 0.422 0.433 0.509 
0.474 0.395 0.359 0.405 0.455 0.409 0.455 0.62 0.664 0.622 
0.421 0.411 0.312 0.36 0.348 0.342 0.359 0.336 0.389 0.4 
0.447 0.412 0.415 0.366 0.351 0.303 0.319 0.282 0.278 0.284 
0.273 0.322 0.387 0.499 0.528 0.476 0.443 0.336 0.29 0.282 
0.265 0.285 0.282 0.269 0.295 0.309 0.35 0.395 0.421 0.427 
0.488 0.475 0.527 0.497 0.398 0.389 0.388 0.353 0.315 0.375 
0.386 0.353 0.353 0.434 0.504 0.456 0.484 0.519 
END
