PFRMAT local QA
AUTHOR MASS-CASP14
af2-standard_T1186_1.pdb local_accuracy_only 3.177 2.341 1.772 1.485 1.484 1.321 1.056 1.175 1.296 1.138 1.161 
1.339 1.542 1.723 1.975 1.53 0.976 0.763 0.015 0.006 0.0 
0.016 0.405 1.13 1.461 2.115 2.508 2.359 1.842 1.403 1.19 
1.092 0.971 0.989 1.089 1.025 0.945 0.805 0.668 0.783 0.692 
0.792 0.756 0.847 0.742 0.791 0.691 0.852 0.802 0.633 0.394 
0.143 0.609 0.764 0.967 1.048 1.146 1.28 1.317 1.493 1.827 
1.546 1.124 1.081 1.188 1.171 1.051 1.011 1.003 1.016 1.367 
1.497 1.712 1.768 1.508 1.848 2.024 1.488 1.316 1.344 1.216 
1.06 1.335 1.299 1.14 1.222 1.241 1.108 0.992 0.851 0.742 
0.781 0.871 0.868 0.612 0.784 0.83 0.801 0.827 0.74 0.786 
0.933 0.945 0.879 0.937 0.967 0.854 0.812 0.925 0.927 0.74 
0.843 1.026 1.082 1.035 1.15 1.241 1.253 1.586 1.22 1.007 
1.155 1.203 1.068 0.959 1.076 1.237 1.241 1.404 1.362 1.412 
1.236 1.074 1.18 1.163 1.384 1.376 1.336 1.365 1.285 1.23 
1.179 1.302 1.398 1.254 1.556 1.61 1.762 1.353 1.25 1.003 
0.873 0.748 0.753 0.758 0.634 0.013 0.002 0.0 0.0 0.0 
0.019 0.657 0.932 1.007 0.952 1.212 1.249 1.399 1.636 1.738 
1.72 1.707 1.807 1.547 1.064 0.908 1.117 0.879 0.793 0.889 
0.972 0.824 0.873 0.992 1.165 1.096 1.219 1.164 1.539 1.687 
1.881 1.36 1.212 1.402 1.445 1.482 1.378 1.795 1.863 1.615 
1.103 1.015 0.848 0.931 0.854 0.711 0.752 0.807 0.865 0.977 
1.099 1.124 1.155 1.039 0.982 0.894 0.776 0.737 0.85 0.872 
0.891 1.038 1.613 2.316 2.604 2.589 1.804 1.291 0.945 0.727 
0.314 0.156 0.103 0.44 0.802 1.008 1.239 1.717 1.829 1.847 
2.163 2.278 2.252 1.978 1.703 1.785 1.614 1.192 1.016 1.215 
1.167 1.043 1.135 1.287 1.281 1.28 1.609 2.644 
END
