PFRMAT local QA
AUTHOR LAW-CASP14
af2-standard_T1125_1.pdb local_accuracy_only 15.0 15.0 15.0 15.0 15.0 15.0 15.0 14.482 15.0 15.0 15.0 
15.0 15.0 15.0 15.0 9.361 5.23 3.667 2.399 2.347 1.779 
1.723 1.414 1.595 1.566 1.278 1.178 1.122 1.15 1.074 0.999 
1.103 1.132 1.139 1.19 1.331 1.456 1.656 1.957 2.199 2.796 
3.307 3.729 3.637 3.153 2.826 3.046 2.792 2.273 2.227 2.399 
2.373 2.133 2.507 2.652 2.921 2.33 3.812 3.695 5.082 7.469 
9.774 9.755 7.533 2.267 1.865 1.476 1.328 1.36 1.265 1.182 
1.195 1.288 1.189 1.277 1.417 1.69 1.643 2.211 2.513 2.965 
4.51 5.341 7.477 4.831 3.537 1.847 1.729 1.649 1.409 1.242 
1.27 1.122 1.083 1.151 1.107 1.042 1.123 1.203 1.061 1.094 
1.354 1.248 1.448 1.067 1.223 1.136 1.13 1.034 1.025 1.03 
1.047 0.951 1.026 0.996 1.04 1.004 1.036 1.153 1.036 1.065 
1.078 1.168 1.141 1.127 1.219 1.323 1.22 1.286 1.458 1.516 
2.222 2.198 3.527 2.615 2.961 2.12 2.548 2.257 2.653 2.513 
1.801 1.671 1.649 1.138 1.2 1.179 1.14 0.966 1.032 1.043 
0.967 0.855 0.945 0.909 0.87 0.854 0.929 0.996 0.905 0.925 
1.043 0.976 0.966 1.135 1.106 1.059 1.155 1.115 1.032 1.11 
0.973 0.974 1.026 1.053 1.011 1.167 1.336 1.436 1.383 1.782 
2.465 2.903 5.349 5.154 5.331 2.722 2.551 1.808 1.765 1.663 
1.38 1.376 1.287 1.178 1.082 1.254 1.05 1.004 0.997 1.06 
0.967 0.936 0.949 0.946 0.866 0.852 0.868 0.849 0.841 0.87 
0.86 0.85 0.864 0.859 0.901 0.871 0.899 0.885 0.945 0.941 
0.964 1.083 1.069 1.168 1.043 1.086 1.085 1.258 1.239 1.077 
1.389 1.031 1.098 0.997 0.869 0.871 0.88 0.88 0.853 1.005 
1.082 0.962 1.219 0.996 0.995 0.876 0.867 0.976 0.965 0.886 
0.991 1.05 0.967 1.033 1.153 1.062 1.104 1.247 1.187 1.187 
1.144 1.124 1.116 1.113 1.058 1.084 1.073 1.135 1.173 1.113 
1.249 1.627 1.6 2.033 1.701 1.67 1.725 1.399 1.376 1.437 
1.239 1.282 1.558 1.994 4.055 4.838 5.174 4.001 1.767 1.394 
1.177 1.306 1.289 1.065 1.008 1.18 0.955 0.974 0.963 0.978 
1.001 1.025 1.01 1.01 1.138 1.095 1.152 1.282 1.413 1.523 
1.644 1.89 1.949 2.29 2.548 3.121 3.57 3.888 4.41 5.562 
7.612 9.257 15.0 15.0 15.0 15.0 15.0 15.0 15.0 15.0 
15.0 15.0 15.0 15.0 15.0 15.0 15.0 15.0 15.0 15.0 
15.0 15.0 15.0 15.0 15.0 15.0 15.0 15.0 15.0 15.0 
15.0 15.0 15.0 15.0 15.0 15.0 15.0 15.0 15.0 15.0 
15.0 15.0 15.0 15.0 15.0 15.0 15.0 15.0 15.0 15.0 
15.0 12.036 11.189 8.671 4.397 2.344 2.057 1.884 2.073 1.799 
1.631 1.499 1.402 1.356 1.416 1.541 1.554 1.794 2.555 4.682 
6.135 8.402 9.579 10.551 8.3 8.379 8.461 7.889 4.926 5.861 
4.975 4.989 5.261 5.266 5.219 5.268 5.357 6.144 6.891 10.232 
10.29 12.292 9.498 11.019 8.985 8.906 9.194 9.446 6.807 7.726 
7.024 8.32 10.394 5.967 7.575 8.685 8.538 8.683 8.481 11.001 
9.181 8.179 15.0 15.0 15.0 15.0 15.0 15.0 15.0 15.0 
15.0 15.0 15.0 15.0 15.0 15.0 15.0 15.0 15.0 15.0 
15.0 15.0 15.0 15.0 15.0 15.0 15.0 15.0 15.0 15.0 
15.0 15.0 15.0 15.0 15.0 15.0 15.0 15.0 15.0 15.0 
15.0 15.0 15.0 8.053 6.678 6.395 9.125 11.61 14.047 15.0 
15.0 15.0 15.0 15.0 14.808 15.0 10.987 14.818 15.0 15.0 
15.0 15.0 15.0 15.0 15.0 15.0 15.0 15.0 15.0 15.0 
13.237 12.214 11.117 6.197 3.608 1.608 1.501 1.417 1.22 1.174 
1.076 1.153 1.111 1.343 1.879 1.823 3.522 4.518 3.463 4.536 
3.645 2.858 2.379 1.678 1.404 1.148 1.186 1.169 1.147 1.544 
1.271 1.991 3.398 7.785 10.762 15.0 15.0 15.0 15.0 15.0 
15.0 15.0 14.969 10.299 4.793 2.148 1.436 1.225 1.082 0.939 
0.984 1.068 1.231 1.708 1.892 1.886 2.726 2.149 2.439 1.585 
1.753 1.749 1.716 2.403 3.267 3.004 3.342 4.278 4.497 5.106 
4.685 6.43 4.563 5.701 6.315 6.587 5.234 3.325 1.965 2.272 
1.719 1.642 1.582 1.445 1.423 1.338 1.384 1.462 1.497 1.467 
2.194 2.431 2.572 3.616 2.668 2.511 6.467 10.2 11.974 10.775 
10.342 6.326 11.462 10.043 10.455 7.046 6.836 11.66 13.194 14.896 
14.721 13.454 12.455 11.615 7.293 7.99 6.397 4.965 4.021 3.734 
3.803 3.219 3.811 2.898 4.206 4.127 4.08 3.329 4.025 3.739 
3.208 2.039 1.347 1.28 1.24 1.173 1.103 1.113 1.104 1.054 
1.107 1.231 1.225 1.302 1.775 1.557 1.571 1.864 1.625 2.06 
1.793 1.916 1.811 2.215 2.236 2.164 2.255 1.761 1.775 1.636 
1.617 1.459 1.456 1.354 1.195 1.078 1.229 1.208 1.089 1.16 
1.301 1.26 1.203 1.552 1.34 1.772 1.874 3.49 4.293 6.048 
5.133 5.217 7.149 7.466 9.075 8.453 8.723 9.875 11.744 12.593 
11.577 12.355 9.369 4.205 2.605 2.454 2.264 2.209 2.186 2.121 
2.032 1.803 2.052 2.032 1.888 1.891 1.708 2.128 2.106 2.567 
2.741 2.561 2.197 1.96 1.699 1.839 1.813 1.952 2.995 2.148 
2.227 1.939 1.683 1.692 1.578 1.516 1.482 1.719 1.641 1.637 
2.107 2.637 2.769 2.089 1.863 1.564 1.408 1.497 1.585 2.334 
2.681 3.761 5.106 5.732 5.911 6.05 4.108 2.818 1.765 1.494 
1.459 1.601 1.859 3.418 3.509 4.822 6.09 6.435 5.998 8.28 
7.934 9.007 9.558 11.153 11.966 10.717 11.908 15.0 15.0 15.0 
15.0 15.0 15.0 15.0 15.0 15.0 15.0 13.506 8.725 7.643 
6.073 7.673 6.211 6.14 8.559 10.426 12.125 12.493 13.217 9.835 
9.64 3.785 1.974 1.578 1.412 1.298 1.305 1.183 1.101 1.0 
0.935 0.978 0.971 0.945 0.906 1.021 1.07 0.956 1.194 1.188 
1.408 1.361 1.345 1.434 1.485 2.166 2.7 3.11 2.491 2.161 
1.618 1.351 1.262 1.242 1.194 1.164 1.271 1.31 1.236 1.35 
1.29 1.301 1.215 1.157 1.21 1.09 1.055 1.081 1.126 1.016 
1.101 1.092 1.01 1.095 1.187 1.056 1.059 0.94 0.99 0.96 
0.942 0.884 0.958 0.93 0.94 0.991 0.915 1.124 1.038 0.994 
1.047 1.004 1.0 1.032 1.007 0.944 0.948 0.997 0.963 0.949 
1.123 1.205 1.093 1.351 1.207 1.23 1.24 1.008 1.076 1.134 
1.051 1.026 1.068 1.106 1.077 1.116 1.038 1.191 1.122 1.057 
1.06 1.16 1.194 1.119 1.211 1.077 1.261 1.421 1.757 1.643 
1.914 1.592 1.333 1.358 1.526 1.251 1.085 1.229 1.412 1.443 
1.305 1.604 1.613 1.714 1.659 1.685 1.656 1.464 1.62 1.665 
1.536 1.54 1.745 2.143 2.554 4.576 4.835 4.855 7.937 9.123 
9.504 11.414 12.463 12.91 13.163 15.0 14.687 15.0 15.0 15.0 
15.0 15.0 15.0 14.51 14.644 15.0 15.0 15.0 15.0 15.0 
15.0 15.0 15.0 12.405 9.489 6.035 4.817 3.863 3.206 3.119 
3.164 3.315 3.236 3.374 4.048 5.895 6.544 7.749 9.175 9.72 
10.423 10.465 10.507 10.833 12.934 10.187 8.714 7.493 6.89 8.037 
5.385 4.314 3.674 3.658 3.566 2.517 1.943 1.732 1.483 1.354 
1.339 1.378 1.318 1.147 1.366 1.328 1.331 1.205 1.581 1.66 
1.393 1.652 2.179 2.062 1.827 1.308 1.292 1.079 1.073 1.101 
1.01 0.982 1.001 1.024 1.005 1.072 1.107 1.134 1.148 1.25 
1.371 1.562 1.719 2.679 3.05 2.423 2.423 3.223 3.491 3.028 
3.939 3.811 3.632 3.561 3.754 4.127 4.497 3.831 4.822 4.692 
4.937 6.17 6.13 5.514 4.382 3.99 3.644 3.502 3.603 3.995 
3.893 4.55 5.54 6.444 6.677 6.099 5.616 4.795 4.223 3.808 
3.33 3.365 3.463 3.555 3.342 3.261 3.711 3.981 4.912 4.504 
4.794 8.026 7.687 11.02 15.0 15.0 15.0 15.0 15.0 15.0 
15.0 15.0 15.0 15.0 15.0 15.0 15.0 15.0 15.0 15.0 
15.0 15.0 15.0 15.0 15.0 15.0 15.0 15.0 15.0 15.0 
15.0 15.0 15.0 15.0 15.0 15.0 15.0 15.0 15.0 15.0 
15.0 15.0 15.0 15.0 15.0 15.0 15.0 15.0 15.0 15.0 
15.0 15.0 15.0 15.0 15.0 15.0 15.0 15.0 15.0 15.0 
15.0 15.0 15.0 15.0 15.0 15.0 12.282 10.311 14.394 13.141 
9.646 9.598 11.133 12.052 9.884 10.117 8.329 7.435 7.26 14.421 
12.223 15.0 15.0 15.0 15.0 15.0 15.0 15.0 15.0 15.0 
15.0 15.0 15.0 14.927 9.273 6.094 5.276 3.415 1.929 3.049 
2.795 3.338 4.196 5.592 7.67 12.476 14.278 14.579 13.392 15.0 
15.0 15.0 15.0 15.0 15.0 15.0 15.0 15.0 15.0 15.0 
15.0 15.0 15.0 15.0 15.0 15.0 15.0 15.0 12.913 
END
