PFRMAT local QA
AUTHOR MASS-CASP14
af2-standard_T1125_1.pdb local_accuracy_only 15.0 15.0 15.0 15.0 15.0 15.0 15.0 15.0 15.0 14.323 12.642 
12.056 10.965 10.036 7.696 6.554 5.003 4.329 2.945 2.715 2.345 
2.413 2.247 2.146 2.276 2.273 2.211 1.81 2.408 2.38 2.179 
2.262 2.403 2.476 2.48 2.476 3.552 3.777 3.84 4.913 5.694 
6.174 7.509 8.71 8.228 6.586 7.265 7.236 5.929 5.583 5.517 
5.395 4.766 5.253 6.295 6.074 6.444 7.087 7.494 8.661 9.504 
10.812 9.708 8.981 6.648 5.853 5.061 5.406 5.235 3.809 4.158 
4.896 4.377 4.011 4.061 4.703 4.975 4.468 4.802 5.23 5.921 
5.775 6.42 6.159 5.131 4.907 4.493 4.341 3.281 2.906 3.017 
3.065 2.21 2.297 2.109 2.387 2.0 1.93 2.053 2.142 2.09 
2.426 2.693 2.9 2.808 3.035 3.664 3.436 2.691 2.216 2.166 
2.024 1.669 1.836 1.99 1.934 1.767 1.855 1.638 1.645 1.737 
1.943 1.677 1.753 1.926 2.293 2.352 2.802 3.534 3.422 3.734 
3.837 3.888 3.759 3.765 3.419 3.509 3.191 3.612 3.533 3.819 
3.051 2.858 2.457 2.136 2.0 2.107 2.056 1.891 2.049 2.045 
1.78 1.857 1.717 1.671 1.42 1.51 1.619 1.827 1.478 1.57 
1.756 1.986 1.645 2.012 2.371 2.18 1.986 2.079 1.689 1.595 
1.379 1.534 1.562 1.49 1.54 1.687 1.757 1.752 1.819 2.077 
2.404 2.638 3.413 3.249 2.916 2.207 1.942 2.064 1.891 1.944 
1.792 1.765 1.906 1.746 1.78 2.073 1.721 1.6 1.725 1.862 
1.588 1.674 1.68 1.829 1.54 1.633 1.679 1.891 1.628 1.626 
1.772 1.896 1.7 1.542 1.735 1.706 1.47 1.594 1.833 2.006 
1.825 2.031 2.063 2.219 2.17 2.268 2.549 3.016 2.29 1.646 
2.038 2.267 2.294 2.205 2.253 2.21 1.957 1.749 1.731 2.361 
2.677 2.236 2.167 2.264 2.527 2.666 2.383 2.348 1.885 1.82 
1.849 2.042 1.968 2.314 2.601 2.816 2.531 2.471 2.381 2.75 
2.813 3.032 2.741 2.594 2.527 2.317 2.033 1.971 2.274 2.223 
2.025 2.835 3.234 2.808 2.912 3.014 3.487 2.896 3.096 3.491 
3.379 3.076 4.018 4.634 5.337 5.294 4.861 4.921 3.862 3.096 
2.939 3.666 3.109 2.324 3.041 3.623 3.384 2.998 3.296 3.909 
3.398 3.105 3.554 3.782 3.597 4.186 4.036 4.315 4.425 3.849 
3.762 3.501 3.83 3.734 3.633 4.175 4.08 4.565 5.448 6.743 
7.744 8.209 8.76 10.809 10.186 10.356 9.699 8.41 7.886 7.57 
7.408 7.013 6.74 6.309 5.285 5.209 5.03 5.095 6.058 6.662 
6.491 6.542 6.874 6.978 6.293 5.677 5.392 5.271 4.928 4.804 
3.915 4.104 3.781 3.973 4.093 5.605 5.825 7.064 7.642 8.122 
8.792 9.233 8.678 7.311 5.837 5.617 5.026 5.17 5.346 6.02 
6.326 6.759 6.296 6.172 7.151 7.122 6.504 6.521 4.794 4.769 
4.614 4.267 3.702 4.009 3.98 3.908 3.381 3.998 4.52 5.367 
6.043 5.99 6.771 6.038 5.456 5.062 5.066 4.463 3.782 3.691 
3.787 3.48 3.448 3.324 3.469 3.604 3.798 4.543 4.832 4.741 
4.878 5.18 4.68 5.116 5.081 5.261 5.236 5.328 5.437 4.168 
4.028 4.082 3.754 3.932 3.439 4.05 4.074 4.136 4.533 4.978 
6.255 7.391 8.326 8.927 8.769 8.708 8.534 8.747 9.153 8.382 
7.262 7.345 8.15 8.112 7.724 7.712 9.197 8.691 9.426 10.186 
13.229 14.803 15.0 15.0 15.0 15.0 15.0 15.0 14.543 12.031 
10.086 8.417 8.388 7.106 6.875 7.09 8.494 9.164 8.135 9.947 
8.815 7.62 6.298 5.74 4.915 3.426 3.812 4.116 4.481 4.834 
4.769 5.034 4.927 4.157 4.049 4.336 5.161 5.65 6.546 7.403 
7.759 8.246 7.738 7.431 7.926 6.439 5.447 5.313 4.644 4.949 
4.533 4.396 4.509 3.845 2.945 2.353 2.419 2.216 1.831 1.433 
1.272 1.226 1.085 1.139 1.394 1.797 2.116 2.173 2.093 2.374 
2.358 2.937 3.282 2.848 2.359 1.969 1.639 1.496 1.559 1.677 
1.787 1.713 1.567 1.638 1.702 1.947 2.494 3.018 3.279 2.847 
2.471 2.419 2.065 2.33 1.994 1.765 1.455 1.224 1.027 0.899 
0.762 0.831 1.054 1.404 1.572 1.614 2.08 2.496 2.338 1.993 
1.62 1.556 1.653 2.108 2.267 2.284 2.914 3.736 4.341 5.406 
5.969 6.561 6.049 5.637 6.068 5.403 4.563 3.707 3.623 3.14 
3.516 3.116 2.582 2.53 3.055 2.749 2.376 2.67 3.097 2.68 
2.717 3.026 4.203 4.615 5.117 5.992 6.756 6.454 5.637 6.264 
7.691 8.136 9.651 10.22 11.754 10.694 10.061 9.905 9.509 8.145 
8.092 6.897 6.482 5.936 5.01 4.59 4.151 3.658 3.778 4.201 
3.943 4.243 4.678 5.872 5.474 5.524 4.356 4.178 3.251 2.741 
2.18 1.384 1.265 1.506 1.558 1.918 1.482 1.938 1.985 2.104 
2.544 2.941 3.364 3.225 3.881 4.089 4.034 3.725 3.08 2.804 
2.901 2.661 2.693 3.324 3.573 3.693 3.455 2.827 2.825 2.692 
2.5 2.158 2.275 2.383 1.991 1.798 1.935 1.957 1.729 1.715 
1.873 2.01 1.987 2.431 2.479 3.134 3.384 3.892 4.794 4.638 
4.879 4.992 5.534 5.92 7.355 8.607 8.281 8.746 8.031 7.916 
6.656 5.56 3.765 2.756 2.381 2.4 2.179 1.79 1.731 1.802 
1.56 1.649 1.864 2.043 1.854 1.59 1.555 1.654 1.795 2.306 
2.047 1.997 1.76 1.896 1.87 2.358 2.86 3.29 3.944 3.531 
3.774 3.573 3.07 2.575 2.282 2.458 2.221 2.105 1.995 2.178 
2.538 3.035 3.236 3.558 3.27 3.614 4.125 4.739 5.571 8.225 
8.141 8.937 8.357 9.84 10.873 12.104 12.233 10.877 10.336 8.989 
10.296 11.34 11.584 11.569 10.498 10.96 10.45 10.441 11.85 13.628 
13.112 12.582 12.458 15.0 15.0 15.0 15.0 15.0 15.0 15.0 
15.0 15.0 15.0 15.0 15.0 15.0 15.0 15.0 15.0 11.541 
10.6 8.389 8.452 8.714 8.962 9.19 8.614 7.881 6.13 5.587 
4.594 3.36 2.701 1.992 1.728 1.631 1.524 1.63 1.523 1.592 
1.574 1.617 1.413 1.441 1.461 1.66 1.739 1.492 1.448 1.494 
1.784 2.277 2.556 3.326 4.592 6.138 7.51 7.727 5.542 4.983 
3.873 3.583 2.682 2.978 2.586 2.431 2.046 1.961 1.888 1.86 
1.992 1.794 1.636 1.795 1.664 1.737 2.323 1.974 1.901 1.863 
2.15 2.531 2.496 2.857 3.415 2.746 2.53 1.955 2.07 1.965 
2.07 1.466 2.005 2.632 2.865 3.039 2.761 2.64 2.202 1.889 
2.19 1.973 2.036 1.929 2.179 1.896 1.879 2.089 1.881 1.698 
2.099 2.488 2.144 2.318 2.045 2.306 2.077 1.548 1.575 1.805 
1.919 1.726 1.78 1.916 1.911 1.764 1.857 1.994 2.014 1.531 
1.565 1.836 1.877 1.775 1.969 1.868 2.197 2.36 2.694 2.78 
3.105 2.96 2.246 2.167 2.323 2.015 1.878 1.805 2.355 2.299 
2.034 2.299 3.093 2.727 2.293 2.449 2.227 2.158 2.436 2.694 
2.716 2.567 2.597 2.786 2.901 3.264 3.745 4.111 4.631 6.192 
6.817 8.051 7.827 9.217 9.162 8.196 7.644 7.303 5.994 6.016 
5.778 5.604 4.779 4.827 4.583 5.499 6.723 8.204 9.004 9.466 
9.404 8.489 8.857 8.318 7.654 6.841 6.951 7.334 7.131 6.776 
5.905 7.308 5.882 6.151 6.558 6.558 6.274 6.977 6.598 6.456 
6.354 6.205 6.364 6.059 5.218 4.803 4.323 4.285 3.919 4.347 
4.417 3.383 3.964 3.997 4.16 3.538 2.945 3.43 3.366 2.706 
2.314 2.424 2.729 2.794 2.293 2.517 2.717 2.628 2.607 3.117 
3.561 3.418 4.138 5.028 4.851 3.872 3.922 3.817 3.193 2.977 
2.979 3.208 2.743 2.743 2.736 2.634 2.496 2.495 2.81 2.456 
2.636 2.847 3.563 3.836 3.554 3.207 3.204 2.971 2.862 2.915 
2.985 3.34 3.36 3.626 3.281 3.608 4.236 4.198 4.126 5.34 
6.953 8.267 7.855 6.777 6.909 5.162 4.516 4.126 4.283 4.214 
4.105 3.682 4.805 5.093 5.773 4.706 4.512 4.011 3.793 3.79 
3.265 3.809 3.09 3.031 2.837 2.994 3.097 3.461 3.942 4.233 
4.642 4.47 6.142 6.933 7.186 7.505 8.182 8.483 8.771 8.244 
9.393 10.051 9.435 8.738 8.35 9.63 8.848 9.502 9.709 9.029 
8.342 8.17 8.269 6.76 6.369 5.828 5.536 5.46 5.448 4.92 
4.951 4.543 4.492 4.471 4.575 4.547 3.898 4.107 4.333 4.36 
4.504 4.542 5.571 4.888 5.346 6.187 6.797 7.199 7.772 8.276 
9.033 9.436 11.26 10.009 10.341 9.747 9.904 9.128 9.918 9.109 
9.009 7.993 7.868 6.749 6.056 5.858 5.259 4.421 3.732 3.539 
3.893 3.362 4.011 4.45 5.541 6.073 6.032 8.193 9.866 10.18 
9.676 10.086 11.028 11.434 13.358 14.862 12.623 12.272 12.944 13.512 
12.807 11.965 10.778 7.463 6.354 4.885 4.458 3.652 3.08 3.125 
3.432 3.105 2.619 2.603 3.109 2.597 2.487 2.598 2.89 3.401 
3.522 4.272 4.162 5.711 6.1 6.582 6.515 7.61 6.955 8.002 
8.477 11.014 8.974 9.066 9.902 9.102 7.586 9.278 13.06 
END
