PFRMAT local QA
AUTHOR MASS-CASP14
af2-standard_T1184_4.pdb local_accuracy_only 15.0 15.0 15.0 15.0 15.0 15.0 15.0 15.0 15.0 15.0 15.0 
15.0 15.0 15.0 15.0 15.0 15.0 15.0 15.0 15.0 15.0 
12.519 12.698 11.552 12.894 10.648 11.981 9.832 9.834 8.688 8.939 
8.524 7.061 4.558 2.913 2.566 2.053 1.855 1.945 1.646 1.642 
1.492 1.65 1.911 2.273 2.039 2.675 3.25 2.642 2.479 2.196 
1.508 1.221 1.101 1.165 1.192 1.095 1.106 1.15 1.293 1.473 
1.949 2.885 4.207 6.367 7.813 7.566 8.942 8.524 7.127 5.604 
3.473 2.317 1.691 1.479 1.491 1.431 1.27 1.595 1.942 2.109 
2.244 2.321 2.323 2.481 2.632 3.638 4.411 3.937 3.787 3.321 
3.755 3.402 3.868 3.874 4.777 4.666 5.239 5.279 6.443 6.126 
7.696 7.138 4.817 3.865 2.592 2.224 1.967 1.578 1.439 1.239 
1.188 1.059 0.965 1.184 1.698 2.218 2.221 2.168 1.787 1.668 
1.589 1.768 2.422 2.629 3.228 3.09 2.825 3.027 2.759 3.46 
3.181 2.889 3.266 3.748 4.494 5.806 5.852 6.709 6.223 5.276 
4.74 4.294 4.016 5.212 6.082 5.461 5.96 6.061 7.031 5.226 
4.552 5.259 4.938 3.947 4.064 4.862 8.322 6.772 6.821 5.685 
5.05 3.567 3.125 3.06 3.089 3.498 3.604 4.59 6.017 6.92 

END
