PFRMAT local QA
AUTHOR LAW-CASP14
af2-standard_T1184_4.pdb local_accuracy_only 15.0 15.0 15.0 15.0 15.0 15.0 15.0 15.0 15.0 15.0 15.0 
15.0 15.0 15.0 15.0 15.0 15.0 15.0 15.0 15.0 15.0 
15.0 15.0 15.0 15.0 15.0 15.0 15.0 15.0 14.381 12.322 
10.439 8.89 5.402 3.725 2.932 2.212 2.006 3.315 6.347 1.907 
2.091 1.776 2.089 2.449 2.08 3.29 2.518 1.65 2.266 1.753 
1.337 1.224 1.063 1.056 0.88 0.908 0.904 0.935 1.002 1.12 
1.227 2.029 2.217 4.453 5.386 5.05 4.927 4.773 5.466 5.408 
3.4 1.844 1.55 1.133 1.194 1.182 1.162 1.306 1.196 1.256 
1.297 1.556 1.474 2.093 2.163 4.7 5.4 4.604 5.503 2.679 
7.159 2.037 2.218 1.999 1.69 1.788 1.326 1.905 1.976 1.887 
2.593 2.004 1.8 1.267 1.319 0.984 1.02 1.025 0.942 0.942 
0.976 1.019 1.058 1.264 1.489 1.761 1.624 3.066 2.455 4.642 
2.467 2.79 2.101 3.056 3.052 2.933 2.548 2.082 1.471 1.437 
1.641 1.958 4.293 5.056 6.085 7.154 6.216 5.816 7.271 7.853 
9.013 10.477 9.121 11.817 14.403 15.0 15.0 15.0 13.679 11.651 
11.287 10.699 10.279 8.399 7.739 9.466 9.04 7.785 7.706 5.426 
6.33 5.734 2.372 2.014 1.682 1.65 1.773 1.904 2.413 3.443 

END
