PFRMAT local QA
AUTHOR LAW-CASP14
af2-standard_T1131_5.pdb local_accuracy_only 15.0 15.0 15.0 15.0 13.21 12.466 10.392 7.876 5.859 4.099 3.449 
2.97 2.546 2.255 2.108 2.033 1.929 1.902 1.813 1.792 2.001 
2.022 1.908 2.037 1.966 2.168 2.453 2.816 4.152 5.64 6.395 
6.194 5.545 4.716 3.5 3.809 3.859 4.564 4.15 3.924 4.483 
4.637 3.585 4.715 4.654 4.379 3.13 2.966 2.286 2.194 2.202 
2.213 2.412 2.055 2.139 2.214 2.226 2.425 2.492 2.614 3.461 
3.883 5.291 5.532 5.656 5.379 7.116 7.001 6.455 5.903 8.13 
7.527 6.853 7.268 7.578 7.465 8.133 8.108 7.687 7.946 6.4 
5.465 4.313 4.447 4.246 4.376 4.124 4.743 4.667 4.522 4.788 
4.809 4.836 5.001 5.568 6.403 7.198 7.136 7.767 6.99 5.909 
6.056 5.394 5.575 5.899 6.884 6.93 8.961 10.712 10.91 10.271 
13.677 13.605 12.63 11.539 11.692 14.283 14.548 14.445 15.0 15.0 
15.0 15.0 15.0 15.0 15.0 15.0 15.0 15.0 15.0 15.0 
15.0 15.0 15.0 15.0 15.0 13.75 13.635 13.101 11.258 10.281 
9.47 10.54 9.929 9.548 7.283 6.269 3.574 2.54 2.447 2.698 
2.333 2.332 2.634 2.445 2.335 2.482 2.697 3.035 3.574 3.986 
4.088 4.536 5.542 5.9 8.473 11.411 15.0 15.0 15.0 15.0 
15.0 15.0 
END
