PFRMAT local QA
AUTHOR MASS-CASP14
af2-standard_T1131_5.pdb local_accuracy_only 15.0 15.0 12.388 10.309 11.389 9.837 8.215 6.801 6.145 5.047 4.75 
4.535 4.026 3.434 3.184 2.905 2.624 2.999 2.679 2.54 2.445 
2.542 2.147 2.386 2.576 3.232 3.372 3.907 4.305 6.335 7.595 
7.349 7.548 7.044 6.048 6.135 6.008 7.026 6.376 7.187 8.146 
8.568 9.744 10.789 10.384 10.581 8.47 7.949 7.047 5.803 4.597 
4.729 4.292 4.722 4.396 4.381 4.439 4.096 5.002 5.142 5.193 
6.219 6.447 6.967 6.517 5.763 7.051 6.814 6.366 7.355 7.623 
8.39 7.447 8.72 8.607 9.126 10.838 11.775 11.028 10.897 10.092 
11.662 9.776 11.786 10.62 9.416 9.805 11.372 11.707 11.42 9.956 
7.444 8.491 8.234 9.391 10.006 14.042 14.35 15.0 15.0 15.0 
14.821 14.731 14.962 15.0 15.0 15.0 15.0 15.0 15.0 15.0 
15.0 15.0 15.0 15.0 15.0 14.642 13.056 10.835 9.703 8.313 
8.675 8.746 9.448 9.771 11.935 12.093 13.075 11.947 13.309 12.646 
13.543 11.645 15.0 14.927 15.0 15.0 15.0 15.0 15.0 14.533 
15.0 15.0 15.0 12.882 14.615 13.944 12.912 10.064 10.865 11.17 
9.396 8.103 7.881 8.137 7.25 7.451 9.062 10.54 9.872 12.931 
14.939 15.0 15.0 15.0 15.0 15.0 15.0 15.0 15.0 15.0 
15.0 15.0 
END
