PFRMAT local QA
AUTHOR MASS-CASP14
af2-standard_T1191_1.pdb local_accuracy_only 15.0 15.0 15.0 15.0 15.0 15.0 15.0 15.0 15.0 15.0 15.0 
15.0 15.0 15.0 14.223 13.591 11.961 12.421 9.838 5.945 4.501 
2.986 3.12 3.051 2.855 2.718 2.149 1.741 1.753 1.763 1.961 
2.042 1.961 1.968 2.083 2.203 2.326 2.722 2.825 3.859 5.031 
7.574 8.144 8.387 7.594 5.994 3.76 3.002 2.141 1.673 1.542 
1.427 1.352 1.162 1.096 1.071 1.035 0.971 0.982 1.109 1.397 
1.474 1.674 1.478 1.224 1.149 1.184 1.207 1.302 1.316 1.338 
1.663 1.573 1.901 2.037 2.533 2.983 3.408 3.436 3.926 4.686 
5.365 6.37 7.436 5.651 4.657 5.087 5.111 4.938 4.014 4.671 
4.552 5.457 4.696 4.026 4.524 4.026 4.293 3.741 3.461 3.162 
3.232 3.208 3.608 2.817 2.394 1.916 1.777 1.604 1.574 1.643 
1.902 2.022 1.835 1.804 1.553 1.807 1.726 1.374 1.341 1.325 
1.564 1.755 1.719 1.293 1.288 1.273 1.298 1.328 1.209 1.138 
1.195 1.039 1.142 1.185 1.259 1.229 1.478 1.638 1.601 1.472 
1.461 1.834 2.261 3.06 3.456 4.16 4.359 5.741 6.763 8.088 
9.192 11.216 10.364 11.597 12.286 13.566 12.597 15.0 15.0 15.0 
12.759 10.379 7.356 5.0 3.148 1.976 2.121 2.094 1.893 2.074 
1.976 2.048 1.918 1.973 2.212 2.345 2.57 3.149 3.27 2.749 
2.935 2.793 2.499 2.701 2.703 2.47 3.215 4.043 6.356 6.627 
5.585 7.514 8.078 7.25 8.442 7.204 6.248 5.315 6.213 6.426 
6.895 7.706 7.163 7.901 11.24 15.0 10.523 6.537 4.332 3.946 
3.154 2.677 2.291 1.978 2.247 2.675 2.707 3.088 5.411 5.567 
5.719 7.489 7.834 7.269 5.688 5.255 4.256 4.43 3.584 4.007 
4.22 5.238 5.798 5.195 6.598 5.629 6.243 6.374 6.716 8.968 
10.273 11.818 13.402 13.914 15.0 13.253 8.326 7.672 7.841 7.665 
8.03 7.539 7.104 6.021 5.844 6.565 5.735 5.487 6.638 7.152 
6.166 6.156 5.463 4.506 3.356 3.529 3.069 3.467 3.64 3.739 
4.674 5.467 6.779 6.445 6.285 6.42 4.975 4.465 4.208 5.588 
6.024 6.902 6.409 6.521 5.176 4.175 2.511 1.745 1.207 1.054 
1.026 0.984 0.996 1.065 1.004 0.988 1.071 1.287 1.328 1.774 
2.125 3.013 3.766 4.469 6.23 6.445 7.222 6.232 6.498 6.419 
6.645 7.331 6.914 5.925 6.389 6.566 6.93 8.028 7.482 7.736 
7.3 6.004 7.404 6.923 7.853 8.374 8.13 8.662 10.24 11.312 
9.368 7.702 7.501 7.856 6.716 6.043 5.912 5.357 6.316 7.668 
7.48 9.068 8.812 10.766 9.774 10.198 9.618 9.407 10.98 13.425 
15.0 15.0 15.0 15.0 14.521 14.253 15.0 12.808 13.385 10.16 
10.397 11.069 14.802 15.0 15.0 15.0 15.0 12.364 14.115 12.744 
13.803 11.908 12.244 12.51 11.692 11.076 10.344 10.536 11.438 9.539 
8.552 7.05 5.594 3.956 2.748 2.398 2.22 2.454 2.794 3.055 
3.519 3.371 3.879 3.781 3.414 3.246 3.408 4.151 5.174 3.715 
4.455 4.932 5.076 4.253 4.628 6.718 7.46 7.812 7.592 8.983 
8.921 8.143 11.071 12.634 11.361 10.807 8.022 4.86 3.122 2.092 
1.948 1.565 1.651 1.526 1.555 1.669 1.619 1.738 1.779 1.9 
2.057 2.321 2.253 2.649 2.257 3.427 4.385 5.773 6.441 6.672 
7.002 7.422 7.694 6.968 5.444 3.229 2.636 2.404 1.981 1.63 
1.689 1.731 1.56 1.322 1.499 1.506 1.318 1.39 1.615 1.601 
1.546 1.684 1.785 1.623 1.421 1.773 1.607 1.43 1.694 1.984 
2.007 2.078 2.141 2.302 3.083 3.986 4.971 6.225 5.487 7.711 
9.539 10.91 9.859 10.812 10.004 8.874 6.467 5.396 3.988 3.874 
2.533 2.135 1.913 1.962 1.723 1.278 1.365 1.28 1.181 1.039 
1.199 1.272 1.187 1.256 1.344 1.91 1.975 1.462 1.257 1.529 
1.412 1.268 1.347 1.502 1.536 1.571 1.941 2.621 3.159 3.587 
3.238 2.803 2.609 2.265 1.715 1.419 1.543 1.611 1.444 1.239 
1.338 1.586 1.663 1.907 1.922 1.852 1.8 1.898 2.335 2.045 
1.885 2.049 2.082 1.805 1.547 1.842 1.803 1.533 1.43 1.682 
1.441 1.414 1.566 1.587 1.99 1.97 1.86 2.214 2.382 2.26 
2.418 1.999 1.438 1.575 1.493 1.335 1.314 1.211 1.123 1.158 
1.085 1.123 1.195 1.269 1.169 1.531 2.077 2.563 2.709 3.029 
3.557 4.292 5.733 6.58 7.159 8.536 7.785 7.332 7.498 6.122 
5.104 4.911 3.846 3.64 3.766 3.89 3.457 4.443 4.412 5.46 
5.883 5.426 4.731 3.59 2.975 2.92 3.167 2.588 1.84 1.936 
2.438 2.099 1.9 1.959 2.083 1.923 1.588 1.902 2.168 2.266 
2.356 2.625 2.992 2.88 2.286 2.534 2.382 2.048 1.743 1.963 
1.965 1.591 1.496 1.558 1.457 1.232 1.436 1.569 1.463 1.864 
1.949 2.014 1.802 1.429 1.665 1.678 1.749 1.596 1.798 1.759 
1.481 1.808 2.266 2.617 2.424 2.183 2.094 1.983 1.662 1.71 
1.431 1.289 1.189 1.223 1.208 1.144 1.135 1.371 1.402 1.715 
1.979 1.887 1.861 2.682 3.591 3.692 2.899 2.588 2.626 2.175 
1.691 1.597 1.73 1.507 1.331 1.378 1.422 1.32 1.364 1.467 
1.753 2.082 2.078 1.779 1.598 1.472 1.379 1.247 1.138 1.194 
1.189 1.159 1.171 1.296 1.352 1.388 1.365 1.498 1.678 1.799 
1.703 1.539 1.574 1.64 1.459 1.258 1.453 1.466 1.3 1.339 
1.478 1.359 1.55 1.737 2.077 1.585 1.669 1.516 1.608 1.206 
1.094 1.259 1.378 1.182 1.04 1.163 1.239 1.203 1.179 1.306 
1.256 1.213 1.275 1.541 1.638 1.82 1.973 2.213 1.829 1.507 
1.676 1.654 1.357 1.425 1.468 1.339 1.287 1.376 1.483 1.296 
1.434 1.677 1.471 1.357 1.739 2.384 2.672 2.775 2.565 3.478 
4.209 4.518 4.334 4.23 5.14 4.799 4.567 3.525 3.691 3.323 
3.393 3.555 3.728 5.041 5.568 4.982 5.308 4.244 4.61 4.63 
4.567 4.077 3.747 3.879 3.79 3.622 4.047 3.958 5.172 6.736 
6.742 7.367 8.547 6.512 6.042 4.793 4.905 4.273 4.359 4.324 
4.673 4.088 4.08 3.567 3.857 3.382 3.709 3.707 3.811 4.838 
5.96 7.087 8.269 8.309 10.005 9.217 8.484 8.061 7.757 7.772 
7.574 6.365 5.777 7.377 7.465 8.07 8.305 10.03 10.486 12.14 
13.333 14.59 15.0 15.0 15.0 13.4 14.367 12.779 9.981 6.946 
4.698 3.192 2.574 2.304 2.405 2.129 1.99 2.154 2.498 2.576 
2.233 2.679 2.824 3.793 4.958 5.77 6.571 5.496 6.925 7.011 
6.418 7.051 5.226 5.556 4.314 4.709 4.253 4.592 4.882 5.224 
4.492 3.666 2.711 1.959 1.775 1.975 1.769 1.745 1.965 2.162 
2.68 2.657 2.285 3.1 3.226 3.102 3.268 3.036 2.974 3.076 
3.101 3.34 3.557 4.12 4.236 4.66 4.246 4.826 5.302 5.186 
5.513 5.65 6.577 7.238 8.147 8.171 7.861 8.229 9.44 9.993 
11.965 11.34 7.261 6.783 6.163 5.008 3.922 3.92 3.672 4.426 
4.52 4.388 4.183 5.11 4.061 5.423 5.534 6.24 6.052 5.972 
7.121 8.174 8.614 10.939 12.888 14.0 11.918 13.286 13.436 14.465 
12.025 13.119 10.39 10.36 7.856 9.013 7.713 7.597 5.51 3.718 
2.968 2.826 2.253 1.99 2.128 2.323 2.293 2.588 2.939 3.125 
3.105 3.054 2.89 2.693 2.969 2.894 2.317 2.072 2.223 1.899 
1.865 2.014 2.326 3.346 4.494 4.428 5.579 4.79 4.855 3.726 
3.573 3.56 3.339 3.15 3.923 4.204 4.0 4.558 5.284 4.513 
5.302 5.474 4.897 4.719 5.124 5.168 5.157 5.367 5.192 5.557 
5.783 7.265 7.382 8.719 8.021 8.264 7.13 7.135 6.451 5.835 
5.647 5.026 5.809 6.089 6.803 6.519 6.792 6.91 7.35 5.385 
3.607 2.379 2.014 1.69 1.593 1.612 1.422 1.58 1.822 1.78 
2.169 2.217 2.587 3.418 3.716 4.082 5.431 5.338 4.835 6.324 
6.039 6.087 6.3 7.326 7.795 8.094 7.76 6.055 6.0 5.933 
6.192 5.875 6.416 7.464 7.634 7.072 6.98 7.273 7.158 7.177 
5.948 6.562 6.664 5.174 4.919 4.434 2.914 2.207 1.811 1.59 
1.427 1.403 1.606 1.788 2.391 3.1 3.073 3.633 4.34 4.242 
3.982 3.951 4.511 4.172 4.135 4.638 5.46 6.019 6.447 6.261 
7.783 7.361 6.632 6.083 6.193 5.594 5.653 4.807 5.72 5.542 
6.818 5.384 3.791 2.998 2.335 2.005 1.601 1.546 1.429 1.415 
1.382 1.582 1.689 1.938 2.954 4.061 4.975 7.15 7.66 7.465 
6.526 7.067 5.865 5.477 5.715 5.685 6.031 6.225 7.016 7.532 
9.135 9.614 10.828 12.591 14.663 15.0 15.0 15.0 15.0 15.0 
11.621 8.58 6.609 5.944 5.087 4.532 4.145 4.374 3.819 3.601 
3.725 3.584 4.643 5.453 6.166 6.412 6.832 6.758 6.867 6.294 
5.164 4.006 3.71 3.606 3.094 2.838 2.891 2.969 2.837 2.899 
3.192 3.569 4.395 4.667 5.622 5.12 3.778 2.959 2.081 1.78 
1.699 1.849 1.803 1.732 1.835 1.756 1.904 2.21 3.074 4.229 
5.32 6.001 5.63 5.232 4.333 4.486 4.0 4.883 4.184 4.976 
4.389 4.505 5.105 5.235 6.251 7.255 9.492 9.463 9.245 8.855 
7.757 6.679 6.696 6.641 6.353 6.617 6.348 7.014 6.884 7.267 
7.538 8.884 9.324 11.125 11.217 10.391 9.372 7.136 7.16 7.75 
8.027 8.614 9.0 8.94 9.362 9.623 10.51 10.317 10.694 12.042 
12.094 11.123 9.427 8.877 9.115 8.456 9.992 11.094 10.898 12.486 
15.0 15.0 11.914 8.258 6.072 4.353 3.389 2.824 2.442 2.299 
2.109 1.668 1.898 2.357 2.638 4.531 4.861 6.073 7.189 9.092 
8.297 6.149 3.806 2.99 2.797 2.527 2.447 2.334 2.147 1.98 
2.292 2.549 2.783 2.989 2.879 2.667 2.851 3.852 4.237 4.372 
5.354 6.611 6.85 6.263 6.376 5.957 5.974 6.143 5.119 5.666 
5.718 6.702 6.318 8.618 9.374 8.871 6.579 6.153 5.507 4.786 
4.727 4.014 3.563 3.598 3.2 3.291 3.089 2.923 2.989 3.167 
3.343 3.237 3.058 2.882 2.477 2.553 2.052 2.071 1.76 1.814 
1.806 2.005 2.667 2.728 2.928 2.84 2.175 2.047 2.724 2.766 
2.772 2.988 3.182 3.088 2.95 2.981 2.825 2.898 3.677 4.108 
3.635 4.341 4.834 3.826 3.61 2.964 3.64 3.547 3.79 4.991 
5.505 4.8 5.199 5.429 5.044 4.708 4.068 3.019 2.19 1.679 
1.577 1.426 1.432 1.246 1.286 1.257 1.407 1.645 2.504 2.523 
2.423 2.611 2.165 2.1 2.06 1.997 1.929 1.876 2.121 2.313 
3.095 3.865 3.765 3.285 3.31 3.066 3.404 3.572 3.843 3.787 
4.035 4.256 5.566 7.141 8.437 10.06 9.73 9.258 10.349 11.497 
12.556 9.22 10.543 10.868 11.384 12.583 13.768 13.523 14.622 13.535 
12.752 11.667 12.799 12.499 9.253 7.205 7.43 7.766 7.048 5.151 
3.922 2.587 2.302 2.107 2.368 2.16 2.365 1.718 1.204 1.216 
1.139 1.209 1.215 1.267 1.592 1.658 1.604 1.38 1.582 1.471 
1.867 1.63 2.048 2.56 2.545 2.334 2.883 2.912 2.653 2.772 
3.203 3.634 3.794 5.036 5.889 7.95 8.571 10.657 11.407 14.057 
13.121 15.0 12.363 11.915 9.419 9.683 8.2 7.518 9.933 9.263 
7.305 5.178 4.796 5.263 4.591 4.159 4.475 4.078 4.262 4.031 
5.515 5.231 4.456 3.26 2.721 1.973 1.601 1.556 1.417 1.263 
1.418 1.81 2.232 2.026 1.644 1.635 1.573 1.457 1.796 2.497 
2.965 4.307 3.851 3.262 2.204 1.671 1.34 1.102 1.141 1.386 
2.203 2.201 2.324 2.444 2.411 3.098 3.477 3.353 4.005 4.252 
3.924 3.046 3.072 2.665 2.852 2.443 3.239 3.658 3.782 3.182 
2.485 1.859 1.708 1.565 1.3 1.279 1.702 1.967 2.635 2.385 
1.99 1.499 1.367 1.192 0.966 1.155 1.368 1.606 1.936 1.892 
1.473 1.255 1.123 0.441 0.474 0.738 1.223 1.837 2.15 2.082 
1.82 2.109 2.042 2.693 3.31 3.614 4.764 4.753 4.536 5.134 
5.039 3.65 2.209 1.863 1.704 1.461 1.213 1.394 1.8 1.851 
2.157 2.408 2.79 3.279 3.952 3.981 3.736 2.819 2.898 3.337 
3.701 3.847 3.586 3.18 2.941 2.959 3.069 2.486 2.14 2.452 
2.009 1.833 1.635 1.743 1.538 1.472 1.6 1.714 2.412 3.076 
4.419 5.716 5.809 6.11 5.863 5.0 4.673 4.215 3.918 4.073 
4.066 4.227 5.026 5.033 6.617 6.763 7.506 6.838 5.843 5.739 
6.588 6.491 6.274 5.462 4.478 4.106 4.328 4.114 4.208 3.625 
3.104 3.93 5.206 5.339 4.745 4.548 5.476 5.05 6.238 7.124 
8.65 11.193 12.812 13.269 15.0 15.0 15.0 15.0 15.0 14.651 
15.0 10.081 7.625 3.916 2.898 1.889 1.582 1.439 1.505 1.449 
1.461 1.496 1.576 1.564 1.92 2.132 2.49 2.13 1.554 1.238 
1.04 1.071 1.203 1.336 1.673 1.483 1.29 1.376 1.37 1.344 
1.809 2.911 3.026 2.939 3.468 4.056 4.045 3.745 2.768 2.514 
2.781 2.256 1.837 1.806 1.454 1.251 1.399 1.533 2.031 2.723 
3.061 3.397 3.413 2.85 2.319 2.565 2.331 2.045 1.884 1.993 
1.949 1.724 1.994 2.799 2.886 2.547 2.79 2.662 3.07 2.893 
3.394 3.915 3.904 3.678 2.891 2.504 1.886 1.713 1.688 1.581 
1.525 1.626 1.49 1.535 1.684 1.464 1.35 1.664 2.6 
END
