PFRMAT local QA
AUTHOR LAW-CASP14
af2-standard_T1191_1.pdb local_accuracy_only 15.0 15.0 15.0 15.0 15.0 15.0 15.0 15.0 15.0 15.0 15.0 
15.0 15.0 15.0 15.0 15.0 15.0 12.57 5.969 4.496 3.137 
2.665 1.92 1.577 1.398 1.261 1.04 0.916 0.899 0.864 0.93 
0.889 0.965 0.925 0.919 0.86 0.888 0.859 1.08 1.277 2.152 
2.675 2.668 3.123 2.905 2.394 1.373 1.097 1.003 1.067 1.044 
1.073 1.007 0.998 0.936 0.868 0.828 0.831 0.974 1.209 1.322 
1.477 2.319 1.543 1.167 0.982 0.973 0.852 0.953 1.03 1.201 
1.237 1.343 1.298 1.361 1.539 1.359 1.233 1.657 1.756 2.761 
2.03 2.895 2.21 2.196 1.631 2.215 2.247 3.145 3.867 4.863 
4.273 5.737 4.858 2.759 2.505 1.984 1.873 1.946 1.764 2.643 
1.734 2.264 1.438 1.164 1.07 0.919 0.959 0.898 1.048 1.106 
1.229 1.672 1.187 1.09 1.084 1.167 1.153 1.01 1.032 0.965 
1.185 1.286 1.179 0.906 0.821 0.99 0.703 0.639 0.631 0.638 
0.619 0.637 0.71 0.717 0.77 0.813 0.972 0.939 0.992 1.002 
1.13 1.364 1.719 2.143 1.731 1.712 1.381 1.654 1.941 4.469 
5.922 6.795 5.605 3.853 2.772 2.434 2.296 2.847 2.838 3.182 
2.865 2.004 2.056 1.635 1.598 1.542 1.269 1.175 1.126 0.932 
1.044 0.9 0.785 0.884 0.943 1.025 0.914 1.003 0.98 1.081 
1.075 1.18 1.274 1.431 1.527 1.652 2.043 2.396 2.792 2.426 
2.185 2.619 2.581 2.055 2.113 1.825 1.504 1.645 1.666 1.664 
2.435 2.514 2.198 2.635 3.26 3.875 3.135 2.279 1.562 1.237 
1.227 1.07 1.068 1.051 1.157 1.151 1.059 1.347 1.351 1.057 
1.023 1.063 1.074 1.108 0.953 1.142 1.03 1.277 1.296 1.559 
1.548 2.65 2.939 3.138 3.421 3.056 2.597 2.562 2.438 1.476 
2.198 2.056 2.438 2.649 2.883 3.025 2.287 2.498 2.439 2.101 
1.646 1.622 1.341 1.222 1.202 1.09 1.158 1.189 1.485 2.359 
2.507 2.289 2.485 2.597 1.674 1.539 1.079 1.113 1.151 1.042 
1.163 1.219 1.307 1.185 1.477 1.422 1.569 1.294 1.865 1.262 
1.421 1.581 1.804 1.641 1.856 1.63 1.314 0.988 0.959 0.794 
0.921 0.858 0.93 0.926 1.001 0.923 1.059 1.042 1.083 1.091 
1.298 1.758 2.987 2.989 4.931 3.436 2.575 1.457 1.792 1.734 
1.382 1.804 1.467 1.509 1.405 1.403 1.574 1.721 1.696 1.334 
1.17 0.899 1.955 2.633 4.386 3.277 2.082 2.958 4.708 5.863 
6.637 5.936 5.844 4.342 4.126 3.018 3.767 3.819 3.898 6.802 
6.58 10.376 10.831 15.0 15.0 15.0 15.0 15.0 15.0 15.0 
15.0 15.0 15.0 15.0 15.0 15.0 15.0 15.0 15.0 15.0 
15.0 15.0 15.0 15.0 15.0 15.0 15.0 15.0 15.0 15.0 
15.0 15.0 15.0 15.0 15.0 15.0 15.0 15.0 15.0 15.0 
13.42 11.195 8.49 4.499 3.638 5.338 4.138 3.662 2.905 2.009 
2.135 1.474 1.975 1.825 1.9 1.84 2.701 1.672 1.789 1.017 
1.177 1.223 1.516 1.626 1.415 1.284 1.503 1.153 1.399 1.779 
2.081 1.982 3.186 2.931 3.424 4.033 3.669 2.738 2.442 1.635 
1.44 1.819 1.723 1.361 1.582 1.656 1.386 1.268 1.527 1.593 
1.445 1.578 1.828 2.084 1.864 2.202 2.466 2.609 3.167 3.034 
2.683 3.447 4.397 3.276 3.063 2.251 2.087 1.829 1.655 1.303 
1.449 1.471 1.201 1.087 1.25 1.217 1.038 1.137 1.476 1.112 
1.426 1.254 1.36 1.176 1.105 1.29 1.349 1.47 1.627 1.719 
1.842 1.836 2.314 2.018 3.397 2.302 4.002 4.498 4.841 6.442 
5.71 6.276 4.753 5.202 4.087 3.442 2.533 2.038 1.944 1.928 
1.531 1.374 1.316 1.405 1.238 1.12 1.131 1.341 1.092 0.967 
1.013 1.148 0.998 1.045 1.144 1.549 1.177 0.964 0.98 1.031 
1.023 0.942 1.06 1.125 1.215 1.337 1.405 1.375 1.696 1.695 
1.628 1.762 1.737 1.521 1.439 1.349 1.29 1.265 1.098 1.092 
1.185 1.202 1.079 1.158 1.439 1.286 1.153 1.335 1.542 1.358 
1.591 1.612 1.554 1.401 1.239 1.397 1.383 1.241 1.326 1.464 
1.389 1.405 1.907 1.821 2.885 2.313 1.823 2.169 2.721 2.047 
1.986 1.66 1.428 1.46 1.398 1.249 1.166 1.14 1.134 1.065 
1.071 1.038 1.146 1.033 1.091 1.157 1.31 1.492 1.526 1.479 
1.711 2.306 3.452 4.024 2.293 7.524 9.535 10.491 9.46 10.066 
8.127 3.855 8.323 6.454 9.084 10.408 4.267 2.415 7.299 8.023 
7.195 4.311 2.848 2.287 1.991 1.993 1.935 1.814 1.567 1.463 
1.548 1.471 1.219 1.443 1.365 1.35 1.267 1.489 1.589 1.662 
1.844 2.165 2.171 2.306 2.007 1.851 1.623 1.466 1.382 1.302 
1.326 1.184 1.133 1.211 1.094 1.085 1.225 1.185 1.162 1.281 
1.431 1.492 1.647 1.356 1.491 1.745 1.66 1.381 1.551 1.628 
1.509 1.414 1.66 1.789 1.721 1.725 1.983 1.522 1.439 1.321 
1.369 1.188 1.187 1.206 1.207 1.187 1.345 1.475 1.282 1.368 
1.697 1.572 1.459 1.97 1.898 1.754 1.691 1.729 1.671 1.493 
1.444 1.46 1.364 1.323 1.29 1.264 1.207 1.186 1.138 1.087 
1.102 1.159 1.394 1.23 1.249 1.049 1.14 1.19 1.072 1.206 
1.372 1.401 1.356 1.829 1.654 1.639 1.833 2.095 1.735 1.869 
1.755 1.769 1.727 1.85 1.795 1.468 1.611 1.66 1.481 1.419 
1.6 1.565 1.379 1.579 1.671 1.403 1.527 1.102 1.257 1.158 
1.02 1.017 1.152 1.208 1.16 1.151 1.219 1.407 1.236 1.297 
1.403 1.246 1.243 1.467 1.412 1.522 1.781 1.654 1.675 1.412 
1.518 1.531 1.416 1.329 1.485 1.448 1.292 1.35 1.611 1.461 
1.507 1.792 1.662 1.611 1.836 4.027 4.721 5.991 3.52 4.025 
3.989 2.932 2.423 2.477 4.51 4.946 5.341 3.678 3.917 3.515 
3.841 3.135 3.238 3.142 2.963 2.858 2.467 2.75 2.833 3.059 
2.801 2.805 2.703 2.744 3.008 2.156 1.653 1.894 2.096 1.422 
1.681 2.39 2.432 2.486 2.318 2.102 2.544 2.61 2.856 2.781 
2.999 3.191 3.319 3.306 2.772 2.255 2.13 2.491 2.274 3.126 
3.474 4.165 3.969 3.365 3.007 2.575 2.489 2.398 2.159 2.053 
2.249 2.522 2.513 4.944 7.2 5.267 8.12 9.599 9.981 10.459 
12.616 13.347 15.0 14.872 14.389 13.989 12.978 11.139 7.145 6.244 
2.922 2.213 1.557 1.33 1.602 1.636 1.322 1.486 1.531 1.653 
1.319 1.713 1.723 2.207 3.901 6.339 8.217 7.709 5.541 4.82 
2.663 1.994 2.023 2.033 2.066 2.041 2.308 2.849 3.371 3.977 
2.699 1.874 1.692 1.837 1.705 1.666 1.579 1.588 1.61 1.805 
1.662 1.685 1.635 1.774 2.013 2.16 2.206 2.773 2.849 3.07 
3.465 3.75 3.775 4.156 4.407 4.745 5.836 6.45 6.114 6.352 
5.29 4.845 4.366 3.018 3.232 2.907 3.159 2.393 3.445 3.431 
2.986 2.104 1.726 1.161 1.033 0.883 0.84 0.793 0.77 0.823 
0.753 0.679 0.691 0.772 0.716 0.836 0.829 1.162 1.444 1.915 
2.469 2.292 2.691 2.611 2.965 3.196 3.673 4.123 4.724 6.187 
6.843 7.988 8.003 8.249 8.399 7.778 6.962 8.0 7.008 7.362 
7.573 8.571 8.481 8.607 9.37 7.874 5.533 3.819 2.969 2.787 
2.548 2.401 2.15 1.882 1.667 1.295 1.113 0.938 0.793 0.716 
0.7 0.791 0.831 0.929 1.098 1.067 0.998 0.989 0.908 0.849 
0.866 0.902 0.984 1.187 1.324 1.617 1.851 2.04 2.133 2.434 
2.576 3.54 5.202 7.905 9.115 9.32 9.055 8.056 6.88 6.039 
5.359 5.384 5.349 4.947 4.433 4.595 5.197 6.243 7.32 8.742 
10.161 12.152 11.831 9.41 12.81 12.788 9.392 10.542 4.957 3.618 
2.426 2.149 2.014 1.882 1.736 1.679 1.639 1.7 1.412 1.43 
1.234 1.323 1.27 1.269 1.372 1.395 1.827 2.064 2.079 2.709 
2.769 2.946 3.759 3.606 3.182 3.838 2.572 2.572 2.577 2.294 
2.689 3.606 4.139 4.746 4.316 3.864 3.914 2.876 2.825 3.006 
3.37 3.961 5.252 5.712 5.547 4.842 4.133 3.076 2.826 2.288 
2.226 2.123 2.465 3.027 3.547 4.771 7.123 9.849 12.923 12.034 
9.948 15.0 15.0 15.0 15.0 15.0 15.0 15.0 15.0 15.0 
15.0 15.0 14.773 14.713 14.109 15.0 15.0 15.0 13.199 11.347 
7.078 4.864 3.027 2.514 2.26 1.902 1.801 1.835 1.869 2.0 
2.493 3.051 4.604 8.926 12.246 14.229 14.068 14.921 15.0 13.563 
11.467 9.0 6.612 5.901 4.103 3.575 4.226 3.778 4.483 5.224 
5.843 8.285 15.0 15.0 15.0 15.0 15.0 15.0 15.0 15.0 
15.0 15.0 14.25 13.562 11.385 9.151 5.297 1.794 1.601 2.001 
2.073 2.832 3.958 4.406 4.874 6.406 5.526 4.032 4.994 3.541 
3.84 3.564 2.417 3.047 2.986 2.105 2.204 2.703 2.642 2.044 
2.65 4.71 10.47 5.447 6.695 4.421 4.249 2.831 2.366 2.02 
1.882 1.913 1.947 2.55 3.298 5.604 5.969 9.448 10.709 12.978 
13.793 11.76 9.546 6.641 5.578 2.958 2.548 1.858 1.827 1.583 
1.825 1.966 2.241 3.039 5.473 5.918 4.693 6.419 5.855 3.763 
3.393 2.11 1.769 1.689 1.779 1.92 2.007 2.746 2.966 3.939 
7.213 9.017 11.88 11.147 9.404 7.86 4.347 2.855 2.556 2.048 
1.764 1.734 2.166 2.566 3.761 2.714 3.775 3.356 3.729 3.808 
4.443 4.545 3.316 2.508 2.611 2.604 3.318 3.611 3.734 4.173 
4.145 3.856 3.51 2.854 2.298 2.017 1.978 1.698 1.635 1.544 
1.482 1.549 1.796 2.244 2.889 4.121 3.58 2.97 3.324 4.005 
3.729 2.144 1.665 1.373 1.438 1.338 1.575 1.464 1.599 1.52 
1.77 2.615 3.179 7.379 8.398 6.179 7.715 8.972 8.073 7.201 
6.743 5.221 3.754 2.859 2.035 2.233 2.352 1.931 1.679 1.789 
1.899 1.839 1.84 2.109 2.051 1.942 1.573 1.721 1.322 1.182 
1.246 1.616 1.634 1.794 1.968 2.154 2.743 3.172 3.921 4.508 
3.47 3.217 1.98 1.699 1.543 1.327 1.277 1.301 1.27 1.201 
1.22 1.322 1.399 1.7 1.719 2.168 2.026 1.778 2.453 2.616 
2.646 2.485 3.025 3.149 3.027 3.311 3.714 3.705 4.12 4.314 
4.958 5.147 5.207 3.631 3.592 3.639 4.646 4.751 4.577 4.374 
4.638 3.942 2.077 2.208 1.558 2.134 1.879 1.657 1.42 1.23 
1.155 1.189 1.122 1.227 1.241 1.319 1.589 1.625 2.822 2.116 
1.885 1.98 1.686 1.522 1.377 1.191 1.154 1.136 1.268 1.437 
1.586 2.009 1.863 1.528 1.457 1.339 1.498 1.723 1.693 1.731 
2.33 2.425 6.561 4.511 6.174 7.618 8.83 10.325 10.282 11.613 
11.734 12.071 11.458 12.997 13.754 12.987 11.252 12.031 13.572 13.939 
11.258 11.499 8.606 8.495 6.005 5.727 6.651 3.414 2.5 1.691 
1.363 1.126 0.836 0.838 0.856 0.995 1.133 1.289 1.004 0.857 
0.854 0.881 0.901 0.957 1.081 0.976 0.953 0.887 1.079 1.06 
1.224 1.028 1.323 1.205 1.226 0.978 0.875 0.868 0.823 0.866 
1.044 1.319 1.471 2.466 6.85 6.72 9.144 8.209 9.311 8.125 
10.38 8.41 7.957 7.606 5.529 4.914 2.114 2.941 2.812 2.221 
1.882 1.612 1.149 1.002 0.866 0.862 0.833 0.894 1.146 1.312 
1.752 2.035 1.414 1.19 0.943 0.913 0.887 0.972 1.0 1.253 
1.502 1.986 2.126 1.789 1.388 1.159 1.001 0.913 0.905 0.954 
1.116 1.375 1.387 1.236 1.039 0.963 0.997 1.021 1.171 1.345 
1.748 1.469 1.565 1.304 1.264 1.452 1.791 2.314 2.595 3.932 
2.793 2.193 1.605 1.842 1.923 2.936 3.599 5.397 4.54 4.05 
1.982 1.739 1.32 1.251 1.126 1.386 1.372 1.434 1.693 1.34 
1.165 1.005 0.988 0.957 0.983 0.993 1.148 1.316 1.518 1.346 
1.167 1.035 0.954 0.893 0.849 0.844 0.886 0.898 0.894 0.851 
0.845 0.899 0.921 1.047 1.293 1.351 1.79 1.723 1.226 1.214 
1.14 1.11 1.059 0.967 0.915 0.884 0.83 0.99 1.062 0.931 
1.039 0.942 1.16 1.409 1.883 1.749 1.327 2.013 1.751 1.633 
1.503 2.06 2.132 2.52 2.685 2.257 2.312 1.927 1.396 1.452 
1.744 1.432 1.119 1.331 1.316 1.001 1.184 1.383 2.491 2.917 
3.186 3.43 1.95 2.176 1.937 2.238 1.8 1.905 2.487 2.16 
2.174 2.843 3.587 2.928 3.822 4.578 4.95 5.901 4.833 4.076 
4.073 5.211 5.686 5.386 3.833 3.348 2.279 1.96 2.324 1.7 
1.914 2.452 3.048 3.432 1.946 1.885 2.225 2.828 8.495 10.432 
13.125 13.904 15.0 15.0 15.0 15.0 15.0 15.0 15.0 12.996 
9.952 8.922 8.311 7.145 6.47 6.279 4.563 3.366 1.863 1.639 
1.455 1.25 1.19 1.184 1.512 1.705 2.491 2.191 1.56 1.206 
1.081 1.043 1.148 1.304 1.68 1.457 1.444 2.405 2.681 5.16 
6.809 5.853 8.25 6.756 7.726 8.69 8.848 7.705 6.607 4.081 
3.004 2.327 1.917 1.452 1.409 1.172 1.163 1.211 1.174 1.548 
1.542 1.566 1.623 1.583 1.317 1.376 1.386 1.306 1.198 1.348 
1.427 1.43 1.454 1.602 1.766 1.718 1.909 1.785 2.289 1.799 
2.272 2.935 1.872 2.096 1.477 1.435 1.359 1.569 1.492 2.064 
2.175 3.371 2.766 5.15 7.191 8.83 7.264 8.705 8.604 
END
