PFRMAT local QA
AUTHOR LAW-CASP14
af2-standard_T1185s4_2.pdb local_accuracy_only 15.0 15.0 15.0 15.0 15.0 15.0 15.0 15.0 15.0 15.0 15.0 
15.0 15.0 15.0 13.662 10.137 8.072 11.133 9.074 5.845 1.536 
1.827 2.32 1.536 2.871 3.199 1.74 3.219 4.027 3.282 3.454 
3.668 5.35 6.378 6.792 3.877 3.388 1.341 1.243 1.157 0.878 
0.739 0.562 0.499 0.532 0.515 0.612 0.708 1.102 1.201 1.173 
0.839 0.993 0.798 0.98 1.084 1.024 0.908 1.142 1.196 1.196 
1.01 1.188 1.266 0.992 0.948 1.307 1.581 2.19 3.161 2.738 
2.223 1.518 1.266 1.066 0.902 0.737 0.589 0.519 0.505 0.52 
0.711 0.803 0.95 0.871 0.96 1.025 1.295 1.393 1.562 1.498 
1.335 1.486 1.531 1.444 1.461 1.784 2.054 2.058 2.45 3.552 
3.726 3.401 3.798 3.078 2.522 2.486 1.642 1.617 1.446 1.127 
1.031 1.03 0.829 0.666 0.629 0.615 0.561 0.72 0.731 0.977 
1.107 1.269 1.364 1.086 0.98 1.175 1.257 1.117 1.112 1.329 
1.584 1.478 1.55 2.022 1.869 1.516 2.21 1.967 1.306 1.517 
1.187 0.799 0.904 0.567 0.51 0.48 0.558 0.709 0.904 0.904 
1.19 1.417 1.568 2.257 4.427 4.31 3.226 4.363 5.014 4.868 
4.706 6.543 7.377 6.397 6.689 3.774 3.853 3.047 1.966 2.141 
1.645 1.343 1.206 1.277 1.083 1.003 1.033 1.043 0.92 0.935 
0.975 0.984 0.797 1.021 1.142 1.152 1.181 0.821 0.687 0.53 
0.481 0.548 0.698 0.771 1.089 1.621 2.709 3.784 5.539 8.004 
9.162 11.722 14.456 15.0 15.0 15.0 14.154 12.763 12.326 11.988 
10.394 9.534 10.994 11.962 11.737 15.0 13.973 11.767 12.073 8.394 
7.338 4.05 4.388 2.216 2.183 1.425 1.262 1.218 1.106 1.016 
1.124 0.942 0.831 0.67 0.661 0.552 0.556 0.547 0.606 0.664 
0.76 0.958 1.298 3.067 4.27 4.792 5.22 3.214 3.122 1.157 
1.012 0.807 0.847 0.72 0.739 0.742 0.817 0.927 0.9 1.246 
1.587 1.383 1.292 1.038 0.969 0.895 1.006 0.905 0.941 1.052 
1.166 1.361 1.66 1.685 1.265 1.211 1.216 1.258 1.193 
END
