PFRMAT local QA
AUTHOR MASS-CASP14
af2-standard_T1185s4_2.pdb local_accuracy_only 15.0 15.0 15.0 15.0 13.645 13.778 11.008 8.699 7.967 6.004 5.544 
5.209 4.177 4.248 4.371 4.301 4.276 4.529 4.887 4.186 3.293 
2.882 2.656 2.03 2.423 2.316 1.85 2.178 2.309 2.472 2.046 
2.272 2.666 2.988 3.792 3.15 2.66 2.131 2.216 2.086 1.811 
1.246 0.967 1.015 1.093 0.949 1.108 1.061 1.433 1.889 1.878 
1.641 1.9 1.851 1.746 1.672 1.345 1.297 1.407 1.503 1.389 
1.441 1.294 1.457 1.329 1.271 1.585 1.967 2.416 3.18 3.227 
3.039 2.233 1.888 1.669 1.337 1.078 0.846 0.908 0.806 0.811 
0.924 1.28 1.504 1.833 1.775 1.499 1.532 1.661 1.693 1.56 
1.292 1.399 1.581 1.493 1.374 1.569 1.665 1.697 1.66 2.09 
2.634 3.221 2.661 2.411 2.384 1.894 1.547 1.77 1.76 1.56 
1.485 0.002 0.0 0.0 0.0 0.006 0.967 0.93 0.944 1.293 
1.386 1.487 1.463 1.402 1.218 1.335 1.474 1.38 1.233 1.461 
1.565 1.433 1.897 2.034 1.875 1.748 2.025 2.176 2.01 2.32 
1.891 1.595 1.356 1.303 1.323 1.3 1.397 1.681 1.569 1.758 
1.984 2.202 2.42 2.884 3.72 5.343 6.17 6.381 7.146 7.734 
7.369 8.383 8.074 7.259 6.371 5.981 4.329 3.743 3.11 2.963 
2.17 1.65 1.874 1.679 1.346 1.538 1.539 1.291 1.217 1.319 
1.397 1.305 1.246 1.556 1.791 1.752 1.872 1.739 1.737 1.545 
1.624 1.513 1.493 2.046 2.442 3.466 5.468 6.872 10.809 14.699 
15.0 15.0 15.0 15.0 15.0 15.0 15.0 15.0 15.0 15.0 
15.0 15.0 15.0 11.763 8.177 6.863 4.56 3.175 3.048 2.347 
2.386 2.02 2.147 2.161 1.735 1.481 1.458 1.693 1.575 1.257 
1.456 1.655 1.417 1.313 1.21 1.139 1.178 1.177 1.04 1.031 
1.169 1.544 2.029 2.989 4.004 5.072 4.812 4.261 3.703 2.533 
1.585 1.178 1.154 1.014 1.06 1.144 1.208 1.314 1.575 2.146 
2.752 2.524 2.046 1.671 1.557 1.417 1.277 1.032 1.053 1.152 
1.323 1.719 2.086 1.936 1.3 1.144 1.193 1.097 1.511 
END
