PFRMAT local QA
AUTHOR MASS-CASP14
af2-standard_T1183_3.pdb local_accuracy_only 1.864 1.14 0.339 0.071 0.0 0.0 0.0 0.0 0.033 0.896 1.317 
1.351 1.263 0.116 0.008 0.002 0.03 0.351 1.472 2.075 2.393 
2.034 1.793 1.727 1.554 1.417 1.432 1.466 1.729 2.046 2.671 
3.02 2.994 2.669 2.107 1.702 1.747 1.572 1.4 1.532 1.439 
1.313 1.219 1.45 1.684 1.635 1.522 1.382 1.375 1.419 1.592 
1.43 1.053 1.043 1.041 0.93 0.837 0.863 1.03 1.189 1.215 
1.504 1.331 1.438 1.349 1.62 1.367 1.367 1.453 1.341 1.268 
1.231 1.352 1.36 1.381 1.56 1.412 1.19 1.194 1.433 1.894 
1.904 2.007 1.34 1.249 1.112 0.983 1.054 1.002 1.222 1.105 
1.041 1.233 1.376 1.365 1.604 1.621 1.784 1.854 2.212 1.831 
2.047 1.85 1.458 1.231 1.2 1.148 1.043 1.09 1.311 1.502 
2.207 2.285 2.096 1.678 2.004 2.004 2.325 2.192 2.431 2.95 
4.202 4.461 3.98 3.702 3.332 3.204 2.615 2.627 2.273 2.723 
3.288 4.547 6.005 7.194 6.935 8.847 9.522 8.225 8.841 7.378 
7.803 6.504 6.727 6.265 5.322 6.302 6.441 5.515 6.214 5.227 
6.632 7.392 7.105 6.611 6.026 5.275 4.85 4.561 4.134 2.922 
2.745 2.465 2.812 2.287 2.082 1.959 1.929 1.74 1.614 1.583 
1.553 1.606 1.414 1.378 1.628 1.851 1.704 1.934 1.989 1.865 
1.677 1.57 1.47 1.821 1.517 1.218 1.366 1.319 1.443 1.797 
2.162 3.195 4.106 5.284 7.845 10.807 12.571 15.0 15.0 
END
