PFRMAT local QA
AUTHOR LAW-CASP14
af2-standard_T1183_3.pdb local_accuracy_only 1.193 1.015 0.816 0.727 0.779 0.754 0.846 1.035 1.045 1.234 1.773 
1.367 1.076 1.048 0.911 1.038 0.992 1.114 1.578 1.969 2.023 
2.251 1.795 1.651 1.399 1.57 1.239 1.647 1.613 1.965 2.98 
3.291 3.963 2.889 2.238 1.41 1.859 1.824 1.552 1.923 2.056 
2.136 2.079 2.323 2.441 2.523 2.393 1.807 1.48 1.144 1.395 
1.196 0.907 1.028 0.82 0.709 0.72 0.714 0.894 0.899 0.947 
1.07 1.147 1.383 1.296 1.473 1.247 1.063 1.239 1.18 0.958 
1.016 1.031 0.989 0.761 0.975 0.98 1.042 0.931 1.28 1.338 
1.558 1.497 1.032 0.988 0.812 0.747 0.859 0.771 1.013 0.937 
1.07 1.272 1.15 1.29 1.497 1.632 1.647 1.9 2.403 2.45 
2.539 2.404 2.358 2.006 1.892 1.538 1.462 1.294 1.718 1.523 
2.551 2.306 1.723 1.428 1.295 1.356 1.432 1.851 1.976 2.465 
2.884 3.003 2.771 2.427 2.12 1.977 1.682 1.519 1.539 1.614 
2.593 3.464 3.795 6.0 6.59 6.895 5.55 3.124 2.88 2.188 
3.775 4.46 5.553 5.475 3.111 4.837 4.85 4.149 5.076 3.958 
5.825 5.795 5.058 4.301 3.347 4.001 3.462 5.395 5.572 4.529 
3.153 1.693 1.474 1.692 2.24 1.276 1.18 1.812 1.384 0.928 
1.184 1.49 1.231 1.195 1.637 1.893 1.551 1.529 1.233 1.056 
1.07 1.102 1.134 1.303 1.469 1.217 1.384 1.141 1.352 1.81 
2.048 3.438 2.394 4.728 5.527 8.714 10.384 12.572 14.219 
END
