PFRMAT local QA
AUTHOR LAW-CASP14
af2-standard_T1122_2.pdb local_accuracy_only 15.0 15.0 15.0 15.0 15.0 15.0 15.0 15.0 15.0 15.0 15.0 
15.0 15.0 15.0 15.0 15.0 15.0 15.0 15.0 15.0 15.0 
15.0 15.0 15.0 15.0 15.0 15.0 15.0 15.0 15.0 15.0 
15.0 15.0 15.0 15.0 15.0 15.0 15.0 15.0 15.0 15.0 
15.0 15.0 15.0 15.0 15.0 15.0 12.027 10.568 8.373 7.999 
6.861 3.459 2.411 2.438 2.089 1.633 1.576 1.692 1.601 1.315 
1.398 1.325 1.232 1.217 1.27 1.211 1.236 1.339 1.459 1.428 
1.6 1.617 1.485 1.537 1.555 1.513 1.506 1.571 1.699 1.746 
1.998 2.352 2.712 2.395 3.465 3.492 3.654 4.102 4.666 5.112 
5.486 7.662 6.782 6.985 6.304 7.841 8.248 9.358 8.494 7.324 
5.665 3.766 3.761 3.939 3.951 4.102 4.058 3.892 4.15 3.83 
3.407 3.738 3.211 2.61 2.921 2.063 2.183 2.216 2.215 2.265 
1.993 1.826 1.878 2.065 1.627 1.779 1.852 1.793 1.55 1.652 
1.771 2.016 1.81 2.01 1.945 1.931 2.17 2.569 2.829 2.353 
3.4 2.788 2.766 2.674 2.396 2.505 2.424 1.987 1.875 1.812 
1.592 1.575 1.555 1.546 1.404 1.571 1.541 1.491 1.52 1.616 
1.753 1.464 1.6 2.546 2.007 1.487 3.243 3.606 5.919 7.465 
6.963 7.336 9.359 9.355 8.423 9.077 8.677 5.132 7.387 11.929 
15.0 15.0 15.0 15.0 15.0 15.0 14.855 12.704 10.883 9.685 
8.146 8.093 5.512 2.989 2.366 2.202 1.579 1.526 1.388 1.314 
1.163 1.204 1.1 1.176 1.028 1.039 1.146 1.068 0.999 1.11 
1.054 1.0 1.06 1.113 1.051 1.153 1.268 1.311 1.497 1.586 
1.698 1.754 2.386 2.645 3.785 3.124 2.441 3.577 2.728 2.418 
2.354 2.361 1.948 2.093 2.032 2.168 2.202 2.174 2.133 2.225 

END
