PFRMAT local QA
AUTHOR MASS-CASP14
af2-standard_T1122_2.pdb local_accuracy_only 15.0 15.0 15.0 15.0 15.0 14.961 13.571 12.866 10.581 9.527 10.178 
9.491 11.123 11.938 12.137 12.183 14.671 15.0 15.0 15.0 15.0 
15.0 15.0 15.0 15.0 15.0 15.0 15.0 15.0 15.0 15.0 
15.0 15.0 14.883 15.0 15.0 15.0 15.0 15.0 15.0 15.0 
15.0 15.0 15.0 15.0 14.739 13.138 10.867 8.528 5.869 4.787 
4.367 3.148 2.579 2.177 1.794 1.642 1.786 2.024 2.352 2.183 
2.205 1.939 1.804 1.552 1.473 1.417 1.439 1.427 1.348 1.275 
1.427 1.508 1.4 1.51 1.585 1.628 1.581 1.725 2.184 2.424 
2.733 2.84 2.431 2.378 2.58 2.723 2.706 3.276 3.914 4.815 
5.584 7.393 8.456 9.755 9.838 10.341 10.318 9.611 8.566 9.036 
7.402 6.052 5.744 6.4 6.651 7.497 7.193 6.866 6.71 6.921 
6.708 7.426 7.249 6.283 4.018 3.068 2.087 1.669 1.595 1.574 
1.511 1.458 1.663 1.56 1.647 1.503 1.707 1.602 1.606 1.569 
2.021 1.995 1.81 1.953 2.012 1.757 1.921 2.412 3.149 3.165 
3.794 4.615 4.303 4.653 4.681 4.787 3.538 2.435 2.608 2.457 
2.084 1.902 1.571 1.539 1.276 1.427 1.658 1.39 1.324 1.641 
1.632 1.354 1.55 1.835 1.859 1.679 2.297 3.133 4.372 5.679 
6.486 6.278 7.503 7.565 7.828 7.454 8.162 7.209 8.074 8.828 
10.38 10.241 10.191 10.196 8.606 8.834 7.7 8.481 7.992 7.0 
6.412 4.652 4.133 3.761 3.636 2.69 2.552 1.978 1.968 1.796 
1.938 1.784 1.764 1.814 1.794 1.733 2.104 1.914 1.966 1.824 
1.906 1.829 1.799 1.678 1.637 1.917 1.817 1.837 2.191 2.253 
2.99 3.519 3.885 5.254 5.463 4.585 3.922 4.1 3.953 3.629 
4.014 4.287 4.078 4.145 4.749 6.342 7.258 9.017 10.315 11.011 

END
