PFRMAT local QA
AUTHOR MASS-CASP14
af2-standard_T1114s3_3.pdb local_accuracy_only 5.304 3.632 2.541 2.016 1.506 1.268 1.151 1.237 1.288 1.241 1.162 
1.266 1.194 1.349 1.515 1.676 1.681 1.319 1.011 0.943 0.772 
0.892 0.891 1.061 1.219 1.543 1.48 1.177 0.977 1.22 1.108 
1.008 1.043 1.173 1.175 1.328 1.847 2.087 2.129 2.436 2.307 
2.006 1.965 1.883 1.707 1.357 1.51 1.582 1.362 1.415 1.411 
1.438 1.448 1.44 1.313 1.547 1.478 1.431 1.763 1.654 1.607 
1.515 2.013 1.768 1.425 1.275 1.334 1.044 0.91 0.959 0.99 
0.985 1.083 1.228 1.169 1.091 1.178 1.332 1.317 1.35 1.491 
1.884 2.024 2.259 2.135 2.261 2.088 1.985 1.636 1.476 1.424 
1.414 1.398 1.424 1.397 1.192 1.318 1.319 1.287 1.33 1.352 
1.314 1.483 1.591 1.602 1.655 1.85 1.948 1.741 1.923 2.165 
2.13 2.143 1.917 2.215 2.347 2.142 2.598 3.337 4.16 4.543 
4.709 4.752 5.101 4.549 4.376 2.988 2.529 3.178 2.878 2.354 
1.931 2.221 1.934 2.005 2.028 2.454 3.406 3.468 2.739 2.553 
2.451 2.205 2.388 3.101 3.563 3.286 3.528 3.408 4.026 3.815 
3.273 2.748 2.124 1.939 1.649 1.453 1.642 1.721 1.517 1.752 
2.18 2.268 1.939 2.422 2.518 2.187 1.966 1.556 1.281 1.284 
1.335 1.298 1.224 1.421 1.613 1.955 2.134 2.101 1.918 2.155 
2.214 2.018 1.627 1.83 1.885 1.608 1.692 1.669 1.721 1.57 
1.761 1.818 1.514 1.79 1.84 1.839 1.628 1.646 1.761 2.067 
1.812 1.57 1.775 2.236 2.244 2.206 2.028 2.244 2.456 2.007 
2.236 2.756 2.748 2.38 2.305 1.783 2.101 2.244 1.869 2.022 
2.177 1.963 2.118 2.793 3.162 3.424 4.698 5.529 4.889 5.347 
4.64 4.457 3.779 3.182 2.778 2.54 2.165 1.953 1.96 1.888 
1.814 2.164 2.532 2.351 2.111 1.943 2.55 2.634 2.372 2.748 
3.003 3.338 2.747 2.853 2.621 2.4 2.777 3.233 3.292 3.508 
3.483 3.095 3.019 3.617 4.049 4.051 3.61 2.927 3.112 2.682 
2.78 3.276 2.991 3.708 3.533 3.41 3.329 2.934 2.266 1.968 
1.908 2.236 2.483 2.404 2.294 1.72 1.939 2.063 2.788 3.366 
3.136 2.801 2.82 3.336 3.693 3.603 3.836 4.014 3.222 2.619 
2.678 2.826 2.937 2.526 2.694 2.579 2.511 2.227 2.378 2.885 
2.78 3.059 2.351 1.984 1.688 2.064 1.994 1.977 2.293 2.676 
3.188 3.353 3.521 3.836 4.226 4.728 5.209 7.329 7.01 6.499 
6.375 5.965 6.177 5.679 4.04 2.95 2.642 2.522 2.561 2.504 
2.269 2.148 2.295 2.414 2.626 3.144 3.625 4.143 3.685 3.187 
2.495 1.842 1.471 1.283 1.157 1.149 1.132 1.319 1.304 1.284 
1.451 1.731 1.727 1.763 2.051 2.231 2.401 2.736 3.277 3.44 
3.83 4.351 3.995 3.368 3.422 3.665 3.767 3.449 2.721 2.578 
2.844 2.712 2.228 2.276 2.448 2.671 2.608 2.257 1.987 1.702 
1.459 1.368 1.404 1.432 1.551 1.529 1.454 1.473 1.446 1.509 
1.531 1.444 1.488 1.406 1.219 1.31 1.384 1.235 1.147 1.447 
1.565 1.408 1.471 1.896 1.985 1.918 2.226 2.657 3.104 2.979 
2.626 1.88 1.942 2.017 1.978 2.283 2.196 2.091 1.841 1.747 
1.644 1.401 1.13 0.949 0.286 1.02 1.104 1.197 1.289 1.29 
1.214 1.032 0.056 0.0 0.0 0.0 0.0 0.011 0.598 1.039 
1.301 1.577 1.949 1.739 1.19 0.226 0.173 0.048 0.049 0.078 
0.146 0.198 1.12 1.186 1.365 1.347 1.307 1.159 1.194 1.526 
1.403 1.538 1.706 1.886 2.21 1.942 1.444 1.216 0.129 0.103 
0.077 1.117 1.472 1.385 1.208 1.253 1.269 1.308 1.366 1.422 
1.767 1.94 1.918 1.978 1.584 1.507 1.47 1.461 1.467 1.52 
1.457 1.223 1.447 1.472 1.462 1.385 1.619 1.483 1.308 1.315 
1.405 1.205 1.293 1.478 1.54 1.833 2.009 2.421 3.064 3.917 
4.931 6.766 7.091 6.995 7.084 7.45 7.249 7.002 7.3 7.069 
7.557 7.964 9.982 11.857 
END
