PFRMAT local QA
AUTHOR LAW-CASP14
af2-standard_T1114s3_3.pdb local_accuracy_only 5.656 3.991 2.257 1.384 1.139 1.112 1.112 1.139 1.367 1.487 1.376 
1.891 1.656 1.509 1.483 1.442 1.599 1.325 1.218 1.073 0.962 
0.929 1.069 1.14 1.658 2.813 1.624 1.297 1.058 1.07 0.975 
0.983 0.964 1.06 1.215 1.253 1.551 2.075 2.868 3.015 1.673 
1.188 1.029 1.332 1.287 1.143 1.203 1.31 1.301 1.397 1.278 
1.138 1.188 1.053 1.0 1.129 1.076 0.91 0.981 0.973 0.997 
0.982 1.064 1.126 0.854 0.932 0.875 0.718 0.728 0.835 0.665 
0.632 0.689 0.683 0.687 0.656 0.719 0.735 0.798 0.808 0.923 
1.009 0.948 0.974 0.944 0.942 1.079 1.11 0.859 0.894 0.913 
0.833 0.724 0.791 0.826 0.855 0.772 0.899 0.941 0.947 0.939 
1.119 1.141 1.152 1.211 1.459 1.601 1.548 1.665 1.891 1.863 
1.795 1.672 1.85 2.087 1.896 1.87 2.099 2.399 3.443 5.814 
2.71 4.893 5.935 3.845 5.13 2.399 2.232 2.239 2.01 1.932 
1.93 2.108 1.96 1.952 2.03 2.038 3.019 2.903 2.424 2.697 
2.414 2.137 3.316 2.414 2.628 2.427 2.843 1.784 1.887 1.739 
1.437 1.266 1.303 1.376 1.293 1.093 1.382 1.447 1.411 1.331 
1.538 1.523 1.481 1.419 1.289 1.452 1.32 1.36 0.93 0.965 
0.859 0.895 0.904 0.95 1.17 1.47 1.7 2.219 2.462 2.782 
2.875 2.186 1.985 1.982 1.694 1.43 1.397 1.34 1.252 1.168 
1.1 1.07 1.083 0.991 1.056 1.048 1.091 1.076 1.165 1.201 
1.25 1.218 1.621 1.696 1.98 2.111 2.024 3.226 3.343 2.904 
3.385 4.943 5.637 6.101 6.051 6.444 7.668 7.494 7.077 6.866 
6.673 5.435 4.326 5.3 5.271 4.994 5.615 4.441 3.631 4.367 
5.576 2.124 3.195 2.129 2.679 2.655 2.065 1.909 1.901 1.878 
1.386 1.496 1.725 1.612 1.291 1.192 1.238 1.198 1.237 1.235 
1.29 1.098 1.094 1.102 1.024 0.812 0.849 0.809 0.873 0.91 
0.949 0.992 1.244 1.398 1.437 1.82 1.89 1.604 1.569 1.701 
1.11 1.366 1.021 1.297 1.159 1.116 0.995 1.076 1.091 0.948 
0.944 0.91 0.868 0.946 1.05 1.104 1.175 1.674 2.011 2.748 
2.594 2.109 1.818 1.907 1.336 4.265 4.354 5.104 3.029 2.385 
1.476 1.289 1.33 1.495 1.864 1.364 1.239 1.606 1.931 2.379 
2.051 1.946 1.739 1.391 1.316 1.372 1.05 1.002 1.315 1.312 
1.816 2.056 2.913 3.315 3.543 4.35 3.937 4.686 4.35 2.957 
3.095 3.461 3.35 2.191 1.703 1.457 1.143 1.283 1.126 1.062 
1.143 1.053 1.249 1.593 2.409 2.558 3.466 4.37 3.586 3.096 
2.379 1.779 1.136 0.937 0.807 0.725 0.744 0.793 0.827 0.719 
0.729 1.005 0.971 0.908 1.132 1.926 1.712 2.73 2.951 2.558 
2.59 2.521 1.526 1.369 1.698 2.655 3.291 4.084 4.503 3.101 
3.694 4.732 3.723 2.954 3.915 4.031 2.799 2.281 1.302 1.222 
1.225 1.171 1.298 1.075 1.241 1.26 1.115 1.071 1.375 1.568 
1.423 1.42 1.76 1.658 1.362 1.229 1.47 1.378 1.091 1.39 
1.607 1.227 1.31 1.677 1.571 1.455 2.197 2.35 3.092 2.247 
1.631 1.152 1.117 1.163 1.341 1.18 1.462 1.602 1.571 1.928 
1.686 1.165 0.971 0.738 0.777 0.69 0.729 0.725 0.72 0.745 
0.841 0.837 0.713 0.749 0.706 0.714 0.689 0.771 0.803 1.015 
1.234 1.603 1.957 1.755 1.532 1.214 1.186 0.975 0.91 0.817 
0.743 0.765 0.798 0.805 0.933 0.91 0.882 0.932 1.046 1.028 
1.141 2.232 1.839 3.495 5.046 4.1 2.942 1.525 1.147 1.02 
1.101 1.054 1.141 1.16 1.095 1.122 1.23 1.264 1.474 1.682 
3.134 4.129 3.363 5.141 4.699 2.688 2.069 1.67 1.535 1.655 
1.548 1.328 1.43 1.437 1.377 1.161 1.291 1.197 1.15 1.296 
1.462 1.19 1.112 1.642 1.624 5.011 6.908 10.729 15.0 15.0 
15.0 15.0 15.0 15.0 15.0 15.0 15.0 15.0 15.0 15.0 
15.0 15.0 15.0 15.0 
END
