PFRMAT local QA
AUTHOR LAW-CASP14
af2-standard_T1145_4.pdb local_accuracy_only 7.491 7.349 4.894 3.003 1.695 1.284 1.004 1.004 0.925 1.022 1.201 
1.56 3.008 3.007 2.988 3.273 1.753 1.686 1.157 0.979 1.009 
0.9 1.195 1.409 1.616 3.338 3.735 3.56 3.194 2.064 2.347 
2.752 2.69 1.556 1.502 1.266 1.108 0.978 1.076 1.295 1.521 
2.352 2.362 1.626 1.249 0.944 0.91 0.875 1.029 1.176 1.532 
2.273 2.257 2.109 3.161 1.763 1.519 1.263 1.037 0.971 0.96 
0.989 1.135 1.376 1.636 3.94 5.034 5.563 5.367 5.399 3.714 
1.23 1.125 1.29 1.651 2.49 4.842 3.184 1.861 1.232 1.367 
1.234 1.593 1.986 2.081 1.25 1.227 1.09 1.104 1.125 1.367 
1.983 2.218 1.644 1.363 1.235 1.189 1.237 1.283 1.276 1.352 
1.518 2.21 2.049 1.716 1.67 1.281 1.351 1.144 1.069 1.15 
1.152 1.212 1.083 0.992 1.003 1.02 0.888 0.978 0.867 0.801 
0.849 0.81 0.891 0.845 1.001 0.991 1.111 1.311 1.323 1.699 
1.523 1.611 1.388 1.221 1.046 0.905 0.838 0.77 0.801 0.977 
1.108 1.267 1.027 0.997 1.122 1.102 1.213 1.266 1.066 1.02 
0.938 0.875 0.849 0.718 0.754 0.802 0.813 0.87 0.889 0.968 
1.09 1.008 0.963 0.78 0.828 0.768 0.891 1.002 1.083 1.305 
1.604 1.865 2.121 2.042 2.015 1.91 1.513 1.462 1.156 1.127 
0.978 0.924 0.926 0.848 0.963 0.914 1.109 1.243 3.047 2.788 
6.06 3.588 3.825 3.064 3.0 1.802 2.128 2.282 2.822 1.648 
1.668 1.488 1.409 1.302 1.486 1.33 1.551 2.176 2.923 1.76 
1.21 1.431 1.138 1.019 1.18 1.718 1.346 1.073 1.018 1.018 
1.061 1.118 1.03 1.111 1.092 2.263 1.884 3.042 1.77 2.728 
1.999 2.007 1.852 1.254 1.301 1.451 1.184 0.996 0.939 0.835 
0.833 0.924 0.906 0.916 0.876 0.975 1.01 1.068 1.555 1.953 
2.214 4.103 6.337 6.757 7.98 4.023 2.658 6.651 2.364 3.002 
1.344 1.038 0.925 0.896 0.829 0.826 0.776 0.783 0.829 0.954 
0.979 0.994 1.049 1.059 0.924 0.87 0.824 0.77 0.765 0.751 
0.847 0.887 0.916 1.045 1.083 1.489 1.382 1.3 1.631 1.966 
1.791 3.603 2.572 5.989 6.683 3.606 4.468 6.554 6.425 7.132 
6.442 6.41 7.658 9.509 8.631 9.748 9.959 4.11 1.235 0.876 
0.752 0.631 0.618 0.641 0.774 0.813 1.074 1.229 3.095 1.793 
2.889 3.498 4.846 5.467 5.199 4.936 4.847 5.705 7.025 8.307 
7.943 7.929 7.977 8.379 8.023 6.658 6.175 5.903 6.349 7.237 
6.747 6.808 6.461 7.066 11.396 11.846 11.504 11.156 11.446 11.77 
10.426 9.92 8.389 6.671 4.409 5.036 2.525 1.384 2.796 0.983 
0.987 0.843 0.773 0.782 0.936 1.294 1.672 1.886 5.905 3.205 
8.026 6.155 6.759 5.933 2.439 1.535 1.386 1.412 1.993 3.237 
3.501 3.719 5.135 4.316 5.091 5.141 4.27 3.53 2.746 3.407 
2.39 3.19 3.071 3.699 2.698 2.565 2.153 3.841 4.397 6.262 
10.024 11.76 13.256 12.0 14.817 14.51 12.758 11.935 7.925 6.942 
4.562 4.202 2.989 1.613 1.571 1.581 1.532 1.393 1.795 1.687 
1.694 1.699 1.563 1.668 1.249 0.972 0.952 0.895 1.179 1.588 
3.835 3.347 4.931 7.806 7.76 7.752 8.848 8.613 7.461 5.866 
7.216 2.99 2.877 1.838 1.394 2.003 1.525 1.194 1.028 1.041 
1.083 1.273 1.165 1.204 1.368 1.312 1.997 2.501 2.465 1.396 
1.448 1.193 1.068 0.972 1.201 1.042 1.07 1.11 1.301 1.213 
1.618 1.745 1.641 1.883 1.511 1.343 1.052 1.116 1.131 1.086 
1.121 1.186 1.336 1.044 0.764 0.702 0.622 0.605 0.629 0.703 
0.899 1.329 2.769 2.709 5.422 8.35 2.469 1.37 1.003 0.856 
0.842 0.943 1.074 1.064 1.406 1.602 1.331 1.75 2.064 3.42 
3.102 7.546 7.536 10.841 10.532 15.0 15.0 13.879 13.925 10.535 
10.117 8.367 8.316 3.607 7.58 8.535 9.254 8.582 2.802 4.058 
1.531 1.466 1.221 1.318 1.085 0.814 0.946 0.913 1.129 1.53 
7.754 8.207 9.075 5.302 7.112 5.354 7.177 7.727 9.198 8.442 
8.442 2.185 1.655 1.186 1.006 0.91 0.851 0.928 1.046 1.554 
0.859 0.97 1.616 1.866 2.105 2.045 2.261 2.284 1.905 1.576 
1.298 1.081 1.005 1.07 1.14 1.338 1.404 3.224 2.215 2.569 
2.432 2.523 1.65 1.442 1.128 1.19 1.014 1.22 1.207 1.256 
1.609 1.756 1.797 1.487 1.476 1.824 2.538 2.863 2.719 1.502 
1.348 1.277 1.569 1.613 2.165 1.831 2.265 1.638 1.553 1.182 
1.119 1.013 1.06 0.962 0.88 0.885 0.896 0.981 1.041 1.454 
1.956 1.899 1.58 1.354 1.195 1.005 0.998 0.853 0.937 0.796 
0.97 0.899 1.07 1.198 
END
