PFRMAT local QA
AUTHOR MASS-CASP14
af2-standard_T1145_4.pdb local_accuracy_only 9.954 8.541 7.162 4.965 3.139 1.926 1.528 1.349 1.249 1.225 1.568 
2.055 2.855 3.136 2.727 2.47 2.45 2.673 2.074 1.406 1.25 
1.168 1.26 1.34 1.479 2.186 2.918 4.086 3.712 3.104 2.867 
2.675 2.12 2.022 2.151 2.117 2.453 2.61 2.854 3.512 3.651 
3.985 3.516 2.933 1.959 1.759 1.506 1.652 1.674 1.529 1.893 
2.561 3.32 3.515 4.41 4.246 2.697 1.791 1.296 1.042 0.953 
1.214 1.359 1.651 2.386 2.992 5.166 6.215 5.949 4.401 3.139 
2.322 1.998 1.677 2.08 2.859 3.77 2.657 1.995 1.747 1.834 
1.78 2.245 2.493 2.425 2.127 1.893 1.667 1.848 1.743 2.089 
3.03 3.499 2.962 2.032 1.454 1.702 1.837 1.528 1.7 2.096 
2.504 3.644 4.791 5.393 5.02 4.997 4.275 3.757 3.145 3.114 
3.318 4.436 3.483 3.224 2.435 1.942 1.791 2.328 2.483 2.201 
1.527 1.638 1.343 1.374 1.219 1.186 1.252 1.408 1.897 2.226 
2.361 2.644 1.942 1.39 0.999 1.041 1.053 1.083 1.414 1.853 
1.913 2.019 1.543 1.398 1.192 1.114 1.458 1.667 1.581 1.478 
1.347 1.208 1.202 1.166 1.234 1.378 1.134 1.46 1.334 2.01 
2.392 1.863 1.397 1.306 1.09 1.004 0.944 1.0 0.93 1.012 
1.219 2.073 3.837 5.18 5.709 6.797 6.353 6.399 5.938 3.874 
3.142 2.681 2.643 2.375 2.534 2.821 3.653 4.997 6.095 8.327 
6.87 6.903 6.462 5.282 4.579 5.672 5.827 7.294 8.604 10.919 
10.236 11.117 8.808 7.693 6.133 6.154 5.046 4.745 3.523 2.321 
2.019 1.857 2.134 2.297 2.859 4.089 4.536 3.979 4.243 4.167 
3.713 2.797 2.489 2.182 1.915 2.101 2.42 2.07 2.096 1.813 
1.769 1.967 1.972 1.156 1.583 1.449 1.497 1.252 1.201 1.17 
1.333 1.419 1.353 1.303 1.224 1.423 1.925 1.919 2.055 2.918 
3.695 3.781 5.404 6.947 6.874 6.616 5.735 4.642 4.107 3.153 
2.779 2.418 2.296 1.924 1.532 1.459 1.233 1.283 1.261 1.349 
1.471 1.837 2.124 1.984 1.641 1.38 1.558 1.746 1.488 1.404 
1.473 1.671 2.032 2.751 3.039 3.611 4.04 4.997 6.717 6.54 
7.293 7.652 7.706 7.78 6.582 6.318 4.917 5.823 7.067 5.474 
4.821 4.394 4.232 3.841 4.04 4.201 3.426 2.374 1.944 1.41 
1.257 1.231 1.057 1.103 1.194 1.421 2.112 4.177 6.142 6.696 
7.122 6.493 5.853 5.059 4.901 4.698 4.86 6.029 6.795 7.349 
9.492 8.413 6.434 4.214 3.461 2.404 2.541 2.167 1.983 1.9 
2.054 2.084 2.326 2.922 3.871 4.946 5.804 5.676 5.663 7.326 
8.257 7.422 7.798 6.625 5.983 4.819 4.528 3.662 2.794 2.336 
1.98 1.919 1.787 2.098 2.058 2.041 2.695 3.198 3.633 4.195 
4.264 3.774 2.887 2.203 1.504 1.28 1.118 1.159 1.445 2.022 
3.358 4.203 4.778 5.618 6.031 6.241 4.646 3.089 2.122 1.638 
1.39 1.261 1.331 1.553 1.271 1.212 1.152 1.267 1.238 1.494 
1.733 2.084 2.501 3.958 4.805 6.821 7.181 6.74 5.566 5.248 
3.924 3.122 2.036 1.535 1.548 1.48 1.329 1.417 1.693 1.844 
2.048 2.183 2.325 2.365 1.957 1.312 1.238 1.24 1.26 1.613 
2.421 2.891 3.725 4.189 3.856 4.046 3.94 4.779 3.941 4.015 
3.734 3.32 4.111 3.804 3.533 2.611 2.146 1.339 1.459 1.295 
1.359 1.698 1.9 2.157 2.473 2.175 3.223 3.641 3.759 2.821 
2.187 1.76 1.319 1.347 1.093 0.988 1.038 0.942 1.221 1.34 
1.778 1.556 1.373 1.505 1.447 1.754 1.842 1.88 1.701 1.296 
1.996 2.337 1.983 1.676 1.31 1.166 1.016 1.041 0.916 0.919 
1.137 1.397 1.837 2.518 2.908 2.562 2.427 1.76 1.697 1.331 
1.297 1.36 1.631 1.556 1.717 1.728 2.134 2.222 3.284 3.183 
3.282 3.281 3.274 3.99 3.838 4.511 5.21 5.481 6.451 6.625 
6.637 6.129 6.393 6.007 6.276 5.657 4.528 3.975 3.254 2.318 
1.692 1.646 1.536 1.682 1.387 1.218 1.298 1.301 1.611 1.943 
2.939 3.547 4.719 5.528 5.065 5.524 4.423 4.142 3.821 3.495 
2.513 1.823 1.324 1.449 1.186 1.162 1.142 1.25 1.639 2.167 
1.998 2.137 2.349 2.476 2.433 2.727 2.414 2.286 1.924 1.577 
1.376 1.205 1.251 1.283 1.253 1.445 1.464 1.91 2.506 3.196 
3.493 2.973 2.067 1.442 1.387 1.148 0.914 0.853 0.958 1.123 
1.54 1.68 1.731 1.471 1.934 2.583 2.728 3.131 2.874 2.306 
1.884 1.596 1.499 1.33 1.395 1.589 1.875 1.891 1.639 1.285 
1.221 1.256 1.26 1.102 0.911 0.909 0.899 0.864 0.933 1.205 
1.548 2.045 1.866 1.799 1.561 1.497 1.312 1.326 1.259 1.238 
1.106 1.025 1.195 1.344 
END
