PFRMAT local QA
AUTHOR LAW-CASP14
af2-standard_T1178_2.pdb local_accuracy_only 15.0 15.0 15.0 15.0 15.0 15.0 15.0 15.0 15.0 15.0 15.0 
15.0 15.0 15.0 15.0 13.771 8.187 2.962 2.181 1.695 1.287 
1.343 1.365 0.977 1.422 1.626 1.171 0.954 0.803 0.803 0.968 
1.041 1.506 1.142 1.399 1.676 1.265 1.441 1.709 1.79 1.716 
2.587 3.599 4.926 5.904 4.915 4.238 2.889 3.159 1.951 3.238 
1.856 1.963 1.204 1.215 1.399 1.386 2.063 2.461 2.674 3.728 
5.267 6.111 4.69 4.371 2.336 1.402 1.19 1.073 1.673 0.968 
1.053 0.85 0.869 0.839 0.975 1.076 1.148 1.228 1.065 0.982 
0.936 0.905 0.831 0.741 0.784 0.92 0.815 0.846 0.89 0.942 
1.091 1.183 1.554 1.263 1.082 0.923 0.793 0.814 0.981 1.19 
1.444 2.089 1.862 1.564 1.13 1.024 0.942 1.011 0.888 1.146 
1.049 1.418 1.731 1.331 1.891 1.562 1.463 1.548 1.193 1.441 
1.236 1.409 1.667 1.526 2.179 2.33 3.214 2.773 3.011 2.688 
2.783 2.766 2.456 1.731 1.741 1.264 1.193 1.044 0.949 0.898 
0.913 0.885 1.009 1.146 1.51 1.636 2.313 2.983 2.301 3.502 
3.326 3.027 2.272 1.264 1.192 0.969 0.883 0.832 0.786 0.73 
0.821 0.811 0.919 1.099 1.21 1.887 2.183 2.082 2.597 3.089 
2.388 2.052 1.552 1.513 1.616 1.539 1.902 1.998 2.162 2.312 
2.38 3.019 4.924 6.067 8.473 11.298 10.713 12.732 13.862 15.0 
14.014 14.093 15.0 13.752 12.206 10.295 9.977 7.429 6.984 3.855 
3.657 2.357 2.45 2.596 2.224 2.862 2.782 5.462 6.439 4.28 
3.72 2.536 2.092 1.821 1.478 1.443 1.484 1.679 1.878 1.841 
2.218 1.155 1.493 1.458 1.222 0.973 0.861 0.773 0.729 0.73 
0.759 0.767 0.84 1.031 1.094 1.158 1.403 1.325 1.632 1.343 
1.709 1.59 1.337 1.385 1.383 1.235 1.094 1.218 2.0 2.091 
1.749 2.21 2.339 2.374 2.471 2.67 2.587 5.319 6.448 5.333 
6.432 4.075 4.093 1.902 1.721 1.35 1.83 1.943 2.022 1.402 
2.294 2.728 2.906 4.259 4.183 5.921 4.204 4.008 3.129 1.733 
1.193 1.104 1.026 1.076 0.842 1.149 1.22 1.446 2.236 2.762 
3.163 3.784 3.548 3.758 3.65 3.721 3.79 4.051 4.027 4.123 
4.337 4.265 4.487 5.387 5.034 
END
