PFRMAT local QA
AUTHOR MASS-CASP14
af2-standard_T1178_2.pdb local_accuracy_only 11.362 10.034 8.78 8.373 8.371 8.096 8.298 8.367 9.641 9.022 10.463 
10.241 10.906 9.303 8.45 5.978 4.562 3.654 2.851 2.664 2.506 
2.579 2.562 3.174 2.758 2.708 1.991 1.526 1.149 1.208 1.307 
1.593 2.29 2.36 2.457 3.237 3.858 4.79 5.315 6.038 6.491 
7.388 8.454 10.646 11.85 11.692 10.491 8.485 7.159 5.985 4.683 
4.445 3.912 3.316 3.128 3.495 4.223 5.279 6.516 7.574 8.714 
9.309 9.437 9.19 8.345 6.969 5.459 3.722 2.913 2.426 1.868 
1.399 1.056 1.006 0.992 1.285 1.588 1.955 1.911 1.459 1.192 
1.171 1.16 1.264 1.182 1.079 1.071 0.961 1.083 1.05 1.125 
1.371 1.841 2.089 1.733 1.426 1.278 1.107 1.112 1.183 1.345 
1.715 2.0 1.878 1.508 1.389 1.353 1.274 1.094 1.204 1.206 
1.305 1.744 2.178 1.997 2.634 2.983 3.03 2.904 2.119 1.483 
1.526 1.316 1.096 1.223 1.444 2.055 2.378 2.185 2.072 1.998 
2.721 2.66 2.209 2.778 2.523 2.381 2.389 2.165 1.997 2.237 
2.363 2.901 3.131 3.553 4.692 7.08 7.66 9.085 8.292 9.181 
8.384 7.488 4.723 2.833 1.84 1.484 1.298 1.288 1.187 1.082 
1.143 1.069 1.119 1.239 1.186 1.338 1.668 2.139 3.275 4.072 
5.171 5.906 5.783 5.922 6.095 5.741 6.026 6.105 5.894 5.904 
7.392 8.641 11.624 11.17 13.362 12.609 15.0 15.0 15.0 15.0 
15.0 15.0 15.0 15.0 12.713 11.585 10.419 7.353 5.357 5.106 
5.102 4.258 5.112 4.702 5.716 5.471 5.394 7.354 8.669 8.378 
8.29 7.012 6.358 5.587 5.373 5.099 4.943 5.308 4.608 3.726 
2.986 2.275 2.063 1.845 1.61 1.274 1.135 1.227 1.198 1.102 
1.045 1.011 1.178 1.36 1.476 1.752 1.738 1.774 2.151 2.855 
3.433 3.866 2.752 2.681 2.545 2.466 2.284 2.097 2.231 2.211 
1.929 2.013 1.722 1.588 1.672 1.637 2.226 2.431 2.63 2.533 
2.805 2.461 2.519 2.352 1.819 1.544 1.57 1.838 1.672 1.879 
1.736 1.993 2.292 2.481 2.609 2.786 2.627 2.731 2.358 1.878 
1.664 1.577 1.492 1.408 1.295 1.318 1.628 1.983 3.24 4.016 
6.121 6.098 7.023 7.69 7.49 7.803 8.931 9.103 8.878 10.62 
11.973 13.584 13.483 15.0 15.0 
END
