PFRMAT local QA
AUTHOR LAW-CASP14
af2-standard_T1137s8_3.pdb local_accuracy_only 15.0 15.0 15.0 15.0 15.0 15.0 15.0 14.535 13.139 13.05 13.508 
12.483 12.424 12.666 12.398 11.056 10.593 10.449 9.493 8.356 7.598 
7.025 5.94 4.95 3.917 2.25 3.057 2.719 2.031 2.194 2.493 
2.19 1.871 2.51 2.553 2.151 2.364 3.106 3.236 3.549 3.574 
2.598 1.759 1.453 1.504 1.189 1.049 1.152 1.22 0.96 0.94 
1.247 1.411 1.032 1.455 1.939 1.67 1.419 1.654 1.741 1.426 
1.164 1.334 1.484 1.403 1.435 1.761 1.861 1.852 2.015 2.405 
2.303 2.097 2.416 2.37 2.51 2.043 2.316 2.26 2.331 2.207 
2.284 2.268 2.302 2.297 2.248 2.357 2.382 2.201 2.148 2.381 
2.333 2.194 2.108 2.083 2.084 1.767 1.674 1.526 1.543 1.368 
1.335 1.092 1.06 1.01 1.016 0.923 0.924 0.862 0.88 0.822 
0.808 0.785 0.864 0.815 0.763 0.813 0.862 0.819 0.881 0.962 
1.003 1.003 1.304 1.371 1.742 1.757 2.453 2.289 2.921 3.061 
2.666 3.849 4.603 4.244 4.4 5.381 5.561 5.238 4.056 2.476 
1.863 1.545 1.577 1.464 1.1 0.97 1.089 1.01 0.842 0.828 
0.852 0.864 0.806 0.854 0.839 0.871 0.859 0.899 0.871 0.968 
0.98 1.056 1.086 1.088 1.27 1.324 1.637 1.762 1.848 2.081 
2.328 2.436 2.889 3.231 3.241 3.165 3.063 3.486 3.62 3.556 
3.253 2.825 2.512 2.447 2.299 2.355 2.33 2.395 2.384 2.413 
2.271 2.483 2.684 2.5 2.157 2.168 1.842 1.642 1.603 1.472 
1.407 1.301 1.144 1.07 1.145 1.083 0.952 0.928 0.933 0.873 
0.818 0.84 0.888 0.791 0.782 0.85 0.851 0.802 0.832 0.996 
1.069 1.122 1.23 1.721 1.935 3.08 2.985 2.925 2.633 2.609 
2.39 1.577 1.711 1.68 1.3 1.014 1.046 1.077 0.868 0.862 
0.927 0.944 0.853 0.962 1.056 1.076 1.015 1.145 1.171 1.141 
1.165 1.122 1.088 1.09 1.128 1.153 1.161 1.469 1.864 2.038 
2.298 2.087 3.423 3.916 6.468 
END
