PFRMAT local QA
AUTHOR MASS-CASP14
af2-standard_T1137s8_3.pdb local_accuracy_only 15.0 15.0 15.0 14.737 13.69 11.769 8.817 6.199 5.693 5.098 4.934 
3.825 4.169 4.031 3.792 3.482 3.611 3.362 3.157 3.203 3.239 
3.157 2.833 2.996 2.717 2.279 2.362 2.098 2.103 2.066 1.958 
1.965 1.837 2.068 2.071 2.032 2.074 2.289 2.515 2.596 2.83 
2.281 1.997 1.923 2.271 1.862 1.625 1.778 1.752 1.532 1.523 
1.595 1.813 1.894 2.003 2.821 3.255 3.645 3.672 4.03 3.379 
2.86 2.819 2.638 2.485 2.528 2.566 2.346 2.402 2.121 2.417 
2.672 2.257 2.275 2.612 2.501 2.286 2.437 2.45 2.366 2.416 
2.594 3.433 3.458 3.188 2.434 2.297 2.308 1.95 1.593 1.749 
1.721 1.686 1.401 1.383 1.446 1.565 1.476 1.451 1.63 1.554 
1.205 1.521 1.234 1.518 1.158 1.213 1.229 1.226 1.028 1.08 
1.083 1.204 1.147 1.052 1.015 1.115 1.305 1.237 1.185 1.412 
1.313 1.153 1.387 1.5 1.618 1.975 2.435 2.488 2.401 2.151 
1.829 2.156 2.283 2.088 2.338 2.526 2.166 2.134 1.848 1.873 
1.689 1.752 2.004 1.818 1.468 1.192 1.386 1.341 1.3 1.157 
1.186 1.058 1.126 1.096 1.029 0.983 1.051 1.132 1.291 1.181 
1.263 1.286 1.32 1.333 1.265 1.349 1.341 1.487 1.514 1.719 
1.99 1.907 1.971 2.19 2.27 2.777 2.794 3.072 2.898 2.188 
2.151 1.65 1.632 1.569 1.927 1.817 1.444 1.626 1.846 1.687 
1.571 1.966 2.149 2.198 2.251 2.342 2.002 1.712 1.489 1.446 
1.526 1.455 1.483 1.3 1.418 1.318 1.207 1.278 1.182 1.148 
1.159 1.246 1.133 1.054 1.136 1.169 1.179 1.142 1.192 1.272 
1.392 1.406 1.3 1.586 1.85 3.182 4.0 4.434 3.974 4.511 
3.398 2.212 2.301 2.091 1.786 1.477 1.515 1.573 1.452 1.597 
1.602 1.694 1.636 1.807 2.2 1.909 1.883 2.073 2.089 2.141 
2.398 2.711 2.924 2.63 3.244 3.885 4.241 5.009 5.749 6.585 
6.995 7.73 8.977 10.699 12.25 
END
