PFRMAT local QA
AUTHOR MASS-CASP14
af2-standard_T1159_2.pdb local_accuracy_only 3.273 2.693 1.981 2.334 2.831 3.863 3.767 3.84 4.325 3.857 3.061 
3.411 3.184 3.168 3.243 3.389 2.744 2.342 2.222 2.162 2.026 
2.112 2.268 2.062 1.716 1.474 1.599 1.874 2.37 2.543 2.213 
1.94 1.507 1.934 1.966 1.5 1.521 1.291 1.408 1.137 0.961 
1.045 1.125 1.058 1.197 1.036 0.97 0.906 0.982 1.038 1.115 
1.238 1.28 1.265 1.503 1.182 1.207 1.397 1.514 1.105 0.938 
1.167 1.494 1.45 1.719 2.371 2.256 2.004 1.577 1.706 1.745 
1.568 1.426 1.367 1.387 1.871 2.073 1.942 1.606 1.349 1.204 
1.375 1.417 1.546 1.347 1.38 1.163 1.495 1.454 1.146 0.981 
0.871 0.91 0.894 0.886 0.891 1.057 1.298 2.001 2.572 2.349 
1.511 1.234 1.113 1.119 1.023 0.91 0.817 0.828 0.914 1.065 
1.2 1.168 1.074 0.848 1.018 1.122 1.224 1.435 1.387 1.711 
1.371 1.33 1.443 1.795 1.909 1.607 1.659 1.724 1.41 1.159 
1.199 1.19 1.352 1.614 1.485 1.365 1.603 1.82 1.749 1.789 
2.064 2.208 1.83 1.433 1.526 1.766 1.795 2.621 2.829 2.518 
1.592 1.311 1.166 1.171 1.041 1.027 1.123 1.474 1.566 
END
