PFRMAT local QA
AUTHOR LAW-CASP14
af2-standard_T1159_2.pdb local_accuracy_only 2.664 3.61 4.678 4.271 6.014 5.453 4.784 5.504 5.359 4.709 2.332 
4.548 2.833 2.236 1.528 1.692 1.674 1.398 1.293 1.434 1.412 
1.135 1.378 1.408 1.451 1.504 1.193 1.612 1.694 1.961 1.968 
2.05 1.8 2.233 2.676 2.89 2.019 1.882 1.346 0.963 0.811 
0.859 0.876 0.781 0.719 0.709 0.74 0.75 0.873 0.855 0.972 
1.032 1.141 1.038 1.133 0.954 0.913 1.023 1.029 0.987 0.912 
1.297 1.255 1.213 1.315 1.134 1.295 1.629 1.122 1.586 2.315 
2.204 1.692 2.496 1.523 2.393 2.518 1.989 1.662 1.42 1.1 
1.532 1.252 1.369 1.299 1.246 0.995 1.007 0.987 0.89 0.905 
0.794 0.758 0.757 0.77 0.878 1.264 1.901 3.407 3.791 3.504 
3.0 0.962 0.839 0.787 0.792 0.754 0.768 0.84 0.912 1.04 
1.15 1.033 0.895 0.834 0.879 0.884 0.912 1.117 0.989 1.209 
1.065 0.916 0.959 1.123 1.184 1.13 1.389 1.063 0.892 0.865 
0.937 0.935 1.145 1.096 1.014 1.14 1.303 1.376 1.387 1.363 
1.471 1.445 1.378 1.182 1.157 1.435 1.266 2.175 2.15 1.521 
1.55 0.963 0.976 0.795 0.89 0.959 1.118 1.684 1.309 
END
