PFRMAT local QA
AUTHOR MASS-CASP14
af2-standard_T1173_2.pdb local_accuracy_only 6.576 5.03 3.264 2.975 3.067 3.191 3.321 4.102 4.762 7.065 8.129 
9.295 9.437 10.233 10.552 10.028 7.448 5.915 3.967 2.603 2.029 
1.607 1.375 1.59 1.604 2.099 3.136 4.144 5.73 7.055 9.571 
9.835 8.275 6.374 4.247 3.175 2.064 1.791 1.758 2.213 2.836 
2.787 2.079 1.777 1.269 1.216 1.126 1.246 1.353 1.963 1.883 
1.684 1.599 1.555 1.414 1.419 1.334 1.486 1.699 2.311 3.32 
4.328 6.018 7.541 8.364 10.89 11.166 11.731 11.061 12.482 11.465 
11.636 12.19 12.515 11.515 9.794 10.059 9.453 7.212 5.928 4.23 
3.33 2.509 2.02 1.592 1.816 1.95 2.034 1.986 1.727 1.893 
1.982 1.849 1.666 1.698 1.672 1.899 1.839 2.039 2.149 2.792 
3.121 3.999 4.622 4.864 6.151 7.088 7.508 5.783 5.73 5.25 
3.266 2.556 2.081 2.42 2.33 1.869 2.278 1.923 1.702 1.919 
1.588 1.598 1.675 2.389 3.053 4.084 5.616 6.449 6.6 6.72 
7.233 6.399 4.735 2.953 2.209 1.996 1.64 1.745 1.791 2.465 
2.832 3.481 3.981 3.927 4.013 3.605 3.404 2.899 2.697 2.564 
2.157 2.28 2.562 2.491 2.864 2.705 3.381 3.761 5.224 6.165 
6.837 7.295 5.703 5.01 3.656 3.061 2.975 2.573 2.411 2.497 
2.106 1.602 1.338 1.324 1.424 1.381 1.559 1.538 1.581 1.964 
2.424 2.814 2.685 3.202 2.6 2.245 2.65 2.866 3.386 3.381 
2.666 2.889 2.854 2.572 2.263 3.367 3.707 3.847 3.182 2.77 
2.758 2.73 3.305 
END
