PFRMAT local QA
AUTHOR LAW-CASP14
af2-standard_T1173_2.pdb local_accuracy_only 5.489 4.098 3.734 3.892 4.409 4.361 4.775 5.13 4.288 5.71 7.108 
5.997 6.944 7.805 7.973 6.672 5.659 4.131 3.919 2.719 2.891 
2.571 2.418 2.742 3.118 5.413 5.986 7.535 7.77 7.087 7.166 
6.296 5.099 3.57 2.025 1.869 1.673 1.822 2.074 2.308 2.815 
2.469 2.415 2.197 1.891 1.838 1.687 1.708 1.686 2.134 3.195 
2.145 3.216 2.543 2.392 2.085 2.132 2.027 1.92 2.476 3.12 
3.675 5.098 6.435 7.339 8.971 10.197 11.848 12.413 13.221 14.856 
15.0 15.0 15.0 15.0 15.0 15.0 14.891 15.0 11.676 11.079 
9.7 8.199 5.998 4.53 3.62 2.9 2.999 3.433 2.157 2.457 
2.403 1.949 1.772 1.75 1.691 1.819 2.059 2.139 2.913 5.532 
6.976 7.373 7.455 7.568 4.577 3.185 2.889 2.685 3.052 3.052 
2.917 2.565 2.679 3.091 3.158 3.442 3.37 2.951 2.931 2.633 
2.372 2.44 2.276 2.437 3.541 3.651 5.116 5.991 7.628 6.371 
7.053 4.093 2.713 2.134 1.999 1.749 1.709 1.716 2.005 2.547 
3.359 3.808 3.779 2.955 2.606 2.276 1.776 1.777 1.876 1.84 
2.133 2.432 2.75 2.541 2.602 2.236 2.177 2.071 2.337 2.394 
2.568 2.978 2.632 2.537 2.275 2.127 2.125 2.24 2.337 2.584 
2.737 2.291 2.144 1.968 2.022 2.065 2.09 2.289 2.993 3.584 
4.713 6.009 5.691 5.05 4.385 3.112 3.143 2.666 3.164 2.879 
3.063 3.23 3.914 3.944 2.865 3.375 4.396 3.89 4.707 3.59 
3.93 3.214 3.755 
END
