PFRMAT local QA
AUTHOR MASS-CASP14
af2-standard_T1182_4.pdb local_accuracy_only 15.0 15.0 15.0 15.0 15.0 15.0 15.0 15.0 15.0 15.0 15.0 
15.0 15.0 15.0 15.0 13.114 13.578 12.636 12.251 10.785 9.798 
10.153 8.002 6.701 4.291 3.082 1.769 1.62 1.276 1.172 1.181 
1.357 1.224 0.913 1.227 1.832 1.912 1.431 1.415 1.361 1.236 
1.287 1.398 1.498 1.324 1.226 1.452 1.575 1.512 1.66 2.066 
2.317 1.979 2.225 2.689 2.498 2.336 2.057 2.203 2.023 1.823 
2.114 2.039 1.644 1.712 2.133 2.48 3.119 3.073 2.743 2.757 
2.633 3.046 3.315 3.569 3.029 3.205 3.527 3.03 2.247 2.393 
2.351 2.111 1.79 1.494 1.407 1.521 1.506 1.309 1.277 1.197 
1.332 1.215 1.337 1.369 1.408 1.209 1.203 1.299 1.469 1.49 
1.298 1.128 1.055 1.171 1.274 1.266 1.472 1.811 2.471 2.79 
3.271 4.344 4.989 6.59 7.669 8.02 9.343 9.701 9.29 7.756 
6.587 5.896 5.857 6.143 8.134 8.633 9.557 10.072 11.55 11.789 
13.805 11.401 10.404 10.473 10.581 9.376 10.303 10.958 11.488 11.824 
9.694 6.49 5.953 4.38 3.699 2.897 2.745 2.553 2.396 2.508 
2.665 3.139 3.512 3.067 3.532 3.338 3.33 2.668 2.196 1.917 
2.143 1.665 1.417 1.524 1.698 1.974 1.985 2.543 3.134 3.796 
4.509 4.121 2.907 2.164 1.894 1.541 1.17 1.235 1.13 1.137 
1.284 1.301 1.407 1.593 1.859 1.449 1.089 1.265 1.377 1.574 
1.12 1.103 0.99 1.102 1.441 2.015 2.049 1.74 1.447 1.332 
1.3 1.309 1.105 1.249 1.377 1.342 1.583 1.805 1.979 1.751 
1.373 1.159 1.076 1.065 1.063 1.128 1.211 1.41 1.796 2.365 
2.437 3.012 2.849 3.431 3.89 4.862 4.583 4.908 6.803 8.136 
10.128 8.373 11.252 10.722 12.076 11.832 14.236 12.147 8.224 5.31 
3.63 2.479 1.844 2.315 2.143 1.774 1.983 2.301 2.446 2.948 
3.4 4.778 6.05 6.544 5.666 6.491 8.216 7.357 5.061 3.696 
2.42 2.07 1.987 2.234 2.39 1.987 1.926 2.134 2.528 3.471 
3.813 4.198 4.177 3.054 2.143 2.496 2.21 1.589 1.563 1.545 
1.729 1.512 1.855 2.351 2.605 2.337 2.67 2.891 3.474 4.443 
5.877 5.514 5.945 6.005 6.895 6.376 5.563 4.614 4.057 4.464 
5.639 7.192 6.753 4.459 3.597 2.755 2.863 2.533 2.674 2.644 
2.622 2.181 2.097 2.834 2.727 2.507 2.997 3.252 3.518 2.802 
2.18 1.704 1.342 1.423 1.417 1.576 1.718 1.521 1.343 1.463 
1.639 1.484 1.351 1.404 1.343 1.265 1.214 1.44 1.397 1.325 
1.417 1.462 1.5 1.582 1.616 1.602 1.502 1.588 1.576 1.43 
1.496 1.847 2.117 2.383 2.168 2.491 2.538 2.94 2.751 2.88 
3.038 3.029 2.579 2.148 2.3 2.642 2.393 1.943 1.98 2.029 
2.08 2.142 1.989 1.559 1.407 1.677 1.576 1.222 1.235 1.297 
1.781 1.866 1.965 1.712 1.646 1.504 1.485 1.381 1.632 1.669 
1.499 1.428 1.449 1.447 1.588 1.795 1.94 1.834 1.778 1.882 
1.895 1.954 2.05 2.149 2.321 2.759 3.273 3.625 3.263 3.645 
3.856 3.803 5.187 5.429 7.505 6.893 6.139 4.605 3.014 2.952 
3.222 2.955 2.463 2.613 2.724 2.857 2.817 3.225 3.502 4.034 
3.846 4.066 4.054 3.572 3.075 2.545 2.422 2.215 2.512 2.706 
3.242 3.549 3.472 3.022 2.629 1.926 1.632 1.41 1.213 1.39 
1.567 1.802 1.678 1.842 1.868 1.989 1.867 1.802 1.616 1.373 
1.087 1.126 1.228 1.255 1.557 1.721 1.545 1.452 1.38 1.126 
1.17 1.188 1.391 1.432 2.07 3.057 3.3 3.699 3.734 3.271 
3.738 3.047 2.545 2.927 2.952 3.291 4.044 2.959 2.667 2.67 
2.382 1.996 1.975 2.236 1.976 2.043 1.801 1.686 1.695 1.818 
1.986 2.171 2.548 2.96 3.24 3.45 3.747 3.755 3.866 4.077 
3.216 2.895 2.649 2.828 2.774 3.331 3.149 2.917 3.033 3.099 
3.427 2.98 3.268 3.712 2.879 2.834 3.176 3.428 3.598 3.297 
3.332 3.083 3.017 2.934 3.005 3.145 3.274 3.505 3.809 4.155 
5.382 6.089 6.859 
END
