PFRMAT local QA
AUTHOR LAW-CASP14
af2-standard_T1182_4.pdb local_accuracy_only 15.0 15.0 15.0 15.0 15.0 15.0 15.0 15.0 15.0 15.0 15.0 
15.0 15.0 15.0 15.0 15.0 15.0 15.0 12.534 11.789 8.972 
6.891 5.715 4.771 2.155 2.737 2.161 1.833 1.43 1.345 1.118 
1.134 1.06 0.934 1.006 1.053 1.147 1.023 1.015 1.142 1.089 
0.975 1.05 1.101 1.107 1.025 1.084 1.272 1.258 1.264 1.292 
1.464 1.243 1.609 1.525 1.587 1.529 1.418 1.235 0.999 1.005 
1.149 1.272 1.306 1.277 1.661 1.75 2.243 1.906 1.565 2.319 
2.341 2.283 2.792 3.494 2.966 2.054 1.973 1.621 1.409 1.342 
1.145 1.099 0.844 0.789 0.719 0.766 0.813 0.715 0.713 0.788 
0.791 0.769 0.745 0.789 0.752 0.776 0.763 0.928 0.918 0.934 
0.914 0.914 1.009 1.174 1.501 1.636 1.742 2.116 2.114 1.957 
2.456 3.642 3.55 4.366 4.933 5.182 5.61 5.108 5.147 3.507 
2.254 1.544 2.5 6.377 5.886 6.259 7.4 7.33 9.531 5.689 
9.56 8.616 7.341 6.553 5.0 5.201 3.642 3.524 5.236 4.984 
5.769 5.253 3.717 2.443 1.859 1.557 1.484 1.42 1.376 1.129 
1.292 1.42 1.5 1.152 1.286 1.713 1.798 1.126 1.168 0.932 
1.343 1.234 1.069 1.266 1.578 2.645 1.863 2.075 3.143 3.33 
4.315 4.979 5.512 2.929 1.717 1.49 1.215 1.311 1.377 1.239 
1.373 1.294 1.331 1.338 1.471 1.304 1.152 1.186 1.0 0.905 
0.9 0.75 0.835 0.891 1.109 1.311 1.31 1.015 0.791 0.726 
0.711 0.745 0.868 1.075 1.145 1.187 1.334 1.509 1.491 1.456 
1.498 1.264 1.39 1.063 0.912 0.854 0.777 0.805 0.839 0.889 
0.91 0.924 0.947 1.234 1.631 1.76 2.512 3.277 4.095 2.708 
3.462 2.561 2.785 2.606 3.81 4.44 4.727 7.283 6.006 3.818 
2.879 1.488 1.072 1.063 1.111 1.159 1.259 1.183 1.251 1.282 
1.586 1.848 2.589 2.542 3.12 3.011 3.225 3.68 3.528 2.686 
2.465 2.182 2.818 3.449 2.659 2.403 1.641 1.721 1.748 1.988 
3.272 3.074 3.693 3.838 2.934 3.461 1.833 1.651 1.429 1.804 
1.662 1.48 2.605 5.147 4.021 7.983 8.989 9.743 10.279 12.362 
12.755 10.548 10.689 8.545 9.001 9.513 8.78 9.065 8.818 8.904 
9.159 10.09 10.476 9.701 9.645 7.371 4.717 3.621 2.633 2.442 
2.761 1.602 1.673 1.772 1.469 1.358 1.856 3.052 3.519 3.242 
2.22 2.154 1.267 1.106 0.979 0.936 0.835 0.829 0.815 0.858 
0.807 0.795 0.831 0.901 0.895 0.804 0.787 0.905 0.727 0.728 
0.724 0.732 0.68 0.72 0.768 0.739 0.723 0.83 0.896 0.939 
0.972 1.058 1.072 1.139 1.104 1.017 1.157 1.18 1.094 1.121 
1.476 1.654 1.743 1.565 1.401 1.589 1.567 1.223 1.635 1.586 
1.426 1.586 1.59 1.326 1.175 1.415 1.223 0.952 1.05 0.851 
1.066 1.372 1.042 1.035 1.645 1.467 1.067 1.46 1.982 1.26 
1.209 1.522 1.468 1.015 1.269 1.33 1.295 1.158 1.368 1.395 
1.337 1.538 1.587 1.652 1.806 1.886 2.04 2.457 2.498 3.581 
3.158 2.16 2.644 2.275 4.016 3.053 3.624 2.386 1.837 1.664 
1.64 1.315 1.093 1.411 1.486 1.225 1.184 1.818 2.005 1.38 
1.537 1.761 1.881 1.234 1.293 0.952 1.134 1.064 1.384 1.257 
1.5 1.892 1.95 1.711 1.452 1.239 1.215 1.171 1.319 1.118 
1.496 1.251 1.192 1.278 1.35 1.019 1.109 1.265 0.88 0.835 
0.773 0.865 0.857 0.898 0.957 0.807 0.926 0.869 0.917 0.796 
0.759 0.81 0.815 0.956 1.51 2.219 2.648 3.072 2.14 1.355 
2.518 1.791 1.098 1.972 1.116 1.456 1.328 1.277 1.061 1.268 
1.424 1.395 1.224 1.564 2.24 2.042 1.98 6.01 6.009 1.693 
4.074 3.689 2.136 2.533 1.912 2.703 1.978 2.976 3.426 2.786 
1.669 1.744 2.22 2.427 2.529 3.805 3.197 4.016 5.967 7.525 
9.083 8.756 9.102 7.521 7.341 8.344 8.65 9.724 9.521 4.337 
2.79 1.829 1.452 1.478 1.321 1.591 1.812 1.734 1.637 2.084 
2.761 2.329 2.466 
END
