PFRMAT local QA
AUTHOR LAW-CASP14
af2-standard_T1182_2.pdb local_accuracy_only 15.0 15.0 15.0 15.0 15.0 15.0 15.0 15.0 15.0 15.0 15.0 
15.0 15.0 15.0 15.0 15.0 15.0 15.0 15.0 14.091 10.761 
9.033 7.537 5.081 2.413 2.631 1.902 1.804 1.383 1.475 1.148 
1.171 1.087 0.941 0.986 1.022 1.109 1.002 0.976 1.113 1.075 
0.985 1.056 1.116 1.196 1.057 1.167 1.35 1.335 1.331 1.391 
1.55 1.33 1.788 1.651 1.683 1.616 1.458 1.299 1.053 1.022 
1.178 1.276 1.341 1.312 1.673 1.734 2.36 1.862 1.773 3.05 
3.711 2.442 5.057 6.061 5.023 3.218 3.553 2.333 1.737 1.473 
1.2 1.134 0.846 0.805 0.729 0.765 0.813 0.721 0.721 0.792 
0.8 0.783 0.763 0.811 0.775 0.797 0.785 0.926 0.883 0.78 
0.928 0.923 1.041 1.222 1.535 1.623 1.7 2.142 2.181 2.025 
2.548 3.838 3.633 4.952 5.924 6.445 5.19 5.972 5.113 3.637 
2.802 1.599 2.657 6.984 6.096 6.918 7.696 8.985 10.667 6.495 
10.004 8.879 7.576 6.868 5.345 5.75 4.014 3.532 5.321 5.176 
5.603 5.033 3.539 2.301 2.028 1.698 1.784 1.516 1.455 1.19 
1.368 1.434 1.501 1.156 1.28 1.639 1.765 1.111 1.17 0.93 
1.363 1.269 1.102 1.24 1.475 2.204 1.44 1.714 2.437 2.923 
3.642 4.072 4.276 2.687 1.539 1.374 1.127 1.206 1.264 1.146 
1.247 1.081 1.117 1.215 1.352 1.225 1.066 1.146 1.011 0.915 
0.897 0.801 0.833 0.888 1.105 1.315 1.244 0.993 0.793 0.727 
0.717 0.751 0.858 1.102 1.144 1.138 1.311 1.383 1.368 1.309 
1.392 1.235 1.403 1.077 0.941 0.881 0.798 0.837 0.828 0.911 
0.92 0.964 0.987 1.416 1.831 1.863 2.59 3.544 4.713 2.825 
4.203 2.78 2.813 2.536 3.808 4.548 4.793 7.565 5.55 4.36 
2.705 1.368 1.031 1.046 1.074 1.095 1.185 1.196 1.358 1.468 
1.819 2.299 2.888 2.858 3.374 3.241 3.416 3.816 3.67 2.819 
2.608 2.37 3.265 4.039 3.171 3.295 2.113 2.836 2.554 3.154 
3.987 3.425 4.646 4.603 3.492 3.77 1.743 1.575 1.305 1.617 
1.562 1.324 2.694 5.568 4.622 8.773 9.52 10.229 10.645 12.484 
13.017 10.532 10.804 8.721 9.011 9.822 9.188 8.978 8.404 8.534 
8.497 10.278 10.417 9.296 9.06 6.08 3.547 2.675 2.117 1.935 
2.279 1.354 1.404 1.495 1.194 1.143 1.528 2.67 2.759 2.808 
1.944 2.087 1.269 1.113 0.979 0.935 0.812 0.819 0.813 0.849 
0.802 0.806 0.843 0.92 0.944 0.824 0.785 0.867 0.753 0.739 
0.736 0.703 0.696 0.722 0.757 0.738 0.726 0.839 0.874 0.949 
0.963 1.033 1.057 1.119 1.111 1.02 1.164 1.164 1.107 1.149 
1.676 1.84 1.97 1.763 1.48 1.673 1.643 1.344 1.715 1.701 
1.454 1.581 1.47 1.321 1.163 1.427 1.267 0.972 1.093 0.928 
1.184 1.658 1.363 1.174 2.073 1.815 1.21 1.648 2.348 1.321 
1.271 1.577 1.481 1.028 1.295 1.352 1.315 1.159 1.426 1.452 
1.383 1.6 1.692 1.721 1.896 1.957 2.151 2.525 2.555 3.616 
3.103 2.238 2.79 2.412 4.135 3.163 3.708 2.458 1.9 1.753 
1.677 1.34 1.107 1.421 1.477 1.217 1.176 1.772 1.921 1.363 
1.544 1.75 1.863 1.249 1.361 0.955 1.14 1.07 1.351 1.276 
1.478 1.9 2.06 1.783 1.488 1.249 1.226 1.173 1.329 1.12 
1.495 1.255 1.201 1.311 1.377 1.032 1.177 1.35 0.915 0.859 
0.784 0.897 0.877 0.899 0.967 0.819 0.94 0.874 0.912 0.819 
0.77 0.818 0.825 0.944 1.364 1.852 2.131 2.423 1.719 1.245 
1.92 1.507 1.049 1.579 1.124 1.375 1.32 1.254 1.063 1.252 
1.41 1.333 1.17 1.568 2.381 2.085 1.996 7.089 7.002 1.756 
4.533 5.138 2.831 3.144 2.143 3.078 2.036 3.098 2.758 2.726 
1.699 1.84 2.488 2.972 3.141 5.01 3.854 5.163 7.636 8.848 
10.352 10.89 12.104 10.608 9.049 10.428 9.663 11.241 9.587 4.711 
2.954 1.994 1.546 1.526 1.336 1.598 1.81 1.744 1.66 2.088 
2.704 2.34 2.476 
END
