PFRMAT local QA
AUTHOR MASS-CASP14
af2-standard_T1182_2.pdb local_accuracy_only 15.0 15.0 15.0 15.0 15.0 15.0 15.0 15.0 15.0 15.0 15.0 
15.0 15.0 15.0 15.0 13.545 14.592 13.578 12.743 11.732 11.012 
11.221 9.015 7.365 4.45 3.075 1.745 1.617 1.302 1.188 1.211 
1.388 1.238 0.901 1.24 1.864 1.956 1.469 1.441 1.387 1.247 
1.284 1.414 1.521 1.35 1.253 1.485 1.63 1.604 1.747 2.148 
2.405 2.025 2.282 2.796 2.607 2.383 2.007 2.235 2.056 1.834 
2.103 2.033 1.619 1.72 2.156 2.603 3.101 3.067 2.685 2.924 
2.937 3.725 4.676 5.367 4.266 4.415 4.287 3.483 2.468 2.591 
2.473 2.143 1.728 1.464 1.382 1.491 1.496 1.306 1.27 1.199 
1.331 1.216 1.338 1.357 1.38 1.197 1.192 1.299 1.479 1.442 
1.282 1.13 1.052 1.164 1.261 1.261 1.427 1.76 2.44 2.88 
3.714 5.168 6.193 8.106 8.799 9.331 10.203 11.143 11.581 9.148 
8.207 7.451 7.542 7.705 9.997 10.593 11.002 11.063 12.181 12.141 
13.882 11.511 10.583 10.577 10.584 9.397 10.178 10.757 11.253 11.254 
9.017 5.758 5.429 3.782 3.195 2.463 2.38 2.168 2.018 2.086 
2.333 2.66 3.015 2.548 3.108 2.973 3.04 2.448 2.016 1.811 
1.976 1.54 1.288 1.399 1.596 1.929 1.827 2.213 2.614 3.05 
3.891 3.706 2.602 1.879 1.598 1.384 1.127 1.187 1.103 1.105 
1.242 1.278 1.393 1.586 1.858 1.477 1.105 1.274 1.39 1.582 
1.113 1.105 0.98 1.102 1.408 2.005 1.93 1.711 1.415 1.36 
1.326 1.356 1.149 1.319 1.497 1.45 1.737 1.937 2.197 1.868 
1.408 1.195 1.118 1.11 1.08 1.138 1.236 1.439 1.833 2.43 
2.551 2.971 2.973 3.48 4.009 4.918 4.716 5.291 7.072 8.551 
10.901 9.281 12.353 11.569 12.578 11.964 13.94 12.328 8.371 5.359 
3.728 2.504 1.8 2.288 2.12 1.752 1.984 2.274 2.415 2.938 
3.393 4.687 5.8 6.305 5.44 6.059 7.652 6.937 4.912 3.771 
2.529 2.218 2.178 2.519 2.653 2.207 2.174 2.471 2.944 4.018 
4.453 4.938 4.879 3.513 2.386 2.713 2.349 1.694 1.633 1.606 
1.763 1.597 2.022 2.54 2.689 2.388 2.68 2.754 3.291 4.115 
5.399 4.899 5.373 5.352 6.233 5.469 4.595 3.678 3.275 3.616 
4.649 6.076 5.992 4.003 3.149 2.517 2.567 2.356 2.45 2.433 
2.421 2.03 1.96 2.685 2.542 2.39 2.895 3.2 3.534 2.848 
2.227 1.779 1.341 1.423 1.428 1.584 1.704 1.521 1.34 1.443 
1.605 1.452 1.336 1.36 1.295 1.225 1.185 1.421 1.393 1.339 
1.396 1.464 1.501 1.576 1.615 1.616 1.513 1.603 1.609 1.491 
1.521 1.793 2.063 2.304 2.078 2.44 2.615 3.069 2.866 3.031 
3.153 3.155 2.705 2.21 2.341 2.759 2.403 1.954 2.001 2.06 
2.138 2.253 2.036 1.591 1.356 1.672 1.563 1.252 1.274 1.333 
1.861 1.954 2.072 1.771 1.683 1.473 1.498 1.392 1.629 1.666 
1.516 1.437 1.474 1.432 1.594 1.841 1.978 1.901 1.843 1.914 
1.901 1.962 2.08 2.171 2.337 2.75 3.229 3.538 3.208 3.563 
3.779 3.715 5.214 5.437 7.499 6.742 6.073 4.568 2.934 2.874 
3.149 2.801 2.341 2.471 2.576 2.697 2.682 2.995 3.32 3.831 
3.716 3.983 3.96 3.392 2.989 2.499 2.355 2.148 2.467 2.666 
3.194 3.609 3.549 3.115 2.6 1.858 1.587 1.373 1.21 1.382 
1.548 1.797 1.672 1.8 1.856 2.051 1.963 1.937 1.704 1.479 
1.121 1.171 1.301 1.339 1.699 1.811 1.617 1.468 1.386 1.126 
1.171 1.197 1.408 1.455 1.937 3.026 3.232 3.64 3.613 3.152 
3.505 2.922 2.459 2.842 2.885 3.139 3.963 2.895 2.621 2.608 
2.341 1.982 1.979 2.202 1.951 1.978 1.825 1.666 1.692 1.843 
2.01 2.263 2.741 3.062 3.285 3.367 3.657 3.561 3.721 3.737 
2.864 2.608 2.344 2.479 2.513 2.975 2.783 2.613 2.795 2.904 
3.371 2.878 3.416 4.158 3.605 3.727 4.415 4.718 4.734 4.12 
3.999 3.634 3.448 3.43 3.425 3.722 3.93 4.03 4.29 4.573 
5.752 6.238 6.826 
END
