PFRMAT local QA
AUTHOR LAW-CASP14
af2-standard_T1104_3.pdb local_accuracy_only 5.381 2.947 3.052 2.455 2.17 2.329 2.063 2.051 2.064 2.195 1.899 
2.002 2.151 1.831 1.893 2.086 1.986 1.998 2.061 2.394 2.455 
2.416 2.46 2.449 2.248 2.177 2.244 2.04 1.962 1.9 2.067 
2.067 1.997 2.135 2.602 2.826 3.258 3.685 3.744 3.402 4.46 
4.842 5.023 5.557 6.177 6.102 6.023 6.122 5.229 5.68 5.364 
5.631 4.761 4.084 3.441 3.467 3.101 2.901 2.923 2.798 2.802 
2.809 2.911 2.909 3.214 3.55 3.697 3.249 3.383 3.061 2.836 
2.642 2.47 2.476 2.324 2.097 2.075 2.21 2.165 2.011 2.153 
2.004 2.157 2.339 2.089 2.077 2.526 2.713 2.589 2.68 3.194 
3.444 3.315 3.798 4.167 4.121 3.976 3.938 4.327 3.909 3.794 
2.882 3.302 3.752 3.404 2.911 3.555 3.833 3.321 2.714 3.363 
3.001 2.993 3.143 2.956 3.097 3.697 
END
