PFRMAT local QA
AUTHOR MASS-CASP14
af2-standard_T1104_3.pdb local_accuracy_only 8.931 5.247 4.193 3.795 3.773 2.787 2.356 2.407 2.419 1.886 1.812 
1.908 1.96 1.692 2.062 2.086 2.319 2.614 3.23 3.845 3.532 
2.663 2.454 2.488 2.733 2.796 2.274 2.391 2.011 1.791 1.644 
1.827 2.324 2.275 1.902 2.137 2.417 2.976 2.453 1.894 2.295 
2.208 2.284 2.477 3.097 3.539 3.586 3.761 4.743 5.037 5.345 
5.209 5.62 6.497 6.006 5.472 4.93 4.905 4.705 3.195 3.169 
4.374 4.307 3.438 3.862 4.329 4.658 4.192 3.631 3.719 3.995 
3.491 2.594 2.861 2.924 2.863 2.872 3.331 3.399 2.944 2.185 
1.72 1.86 1.783 1.435 1.406 1.63 1.573 1.467 1.26 1.416 
1.679 1.71 1.877 2.318 2.39 2.356 2.395 2.816 2.538 1.977 
1.761 1.463 1.434 1.175 1.312 1.386 1.482 1.394 1.439 1.656 
1.8 2.211 3.013 3.641 5.111 7.492 
END
