PFRMAT local QA
AUTHOR LAW-CASP14
af2-standard_T1137s8_2.pdb local_accuracy_only 15.0 15.0 15.0 15.0 15.0 15.0 15.0 15.0 14.832 14.268 14.577 
13.628 13.53 13.928 13.557 12.206 11.713 11.551 10.521 9.199 8.464 
7.82 6.597 5.607 4.537 2.513 3.512 3.106 2.417 2.431 2.781 
2.41 1.966 2.725 2.77 2.21 2.605 3.434 3.463 3.647 3.711 
2.724 1.732 1.408 1.441 1.154 1.016 1.113 1.182 0.937 0.914 
1.218 1.375 1.009 1.421 1.862 1.584 1.358 1.606 1.648 1.272 
1.111 1.262 1.425 1.348 1.329 1.657 1.754 1.754 1.994 2.417 
2.242 1.991 2.314 2.284 2.5 1.929 2.139 2.24 2.286 2.103 
2.274 2.26 2.299 2.254 2.094 2.086 1.934 1.852 1.822 1.889 
1.946 1.927 2.067 1.779 1.836 1.693 1.524 1.415 1.447 1.386 
1.245 1.072 1.008 0.934 0.935 0.867 0.844 0.797 0.835 0.795 
0.783 0.767 0.871 0.792 0.747 0.794 0.839 0.79 0.857 0.931 
0.967 0.969 1.275 1.338 1.723 1.749 2.239 2.319 2.837 2.997 
3.176 4.148 5.139 4.592 4.866 5.365 5.711 5.514 4.159 2.46 
1.969 1.515 1.547 1.429 1.065 0.946 1.069 0.99 0.82 0.783 
0.83 0.839 0.785 0.838 0.823 0.857 0.844 0.887 0.87 0.956 
0.967 1.063 1.1 1.051 1.241 1.281 1.591 1.607 1.773 1.978 
2.138 2.272 2.462 3.018 2.901 2.753 2.543 3.055 3.181 2.837 
2.803 2.305 2.135 2.13 2.028 2.015 1.932 2.091 2.067 1.962 
1.873 2.071 2.144 2.185 1.78 1.888 1.665 1.543 1.436 1.347 
1.337 1.253 1.099 1.04 1.123 1.053 0.917 0.906 0.907 0.845 
0.802 0.821 0.822 0.766 0.765 0.809 0.838 0.787 0.802 1.002 
1.086 1.121 1.163 1.746 1.896 2.962 3.026 2.865 2.59 2.765 
2.407 1.576 1.726 1.718 1.306 1.005 1.039 1.074 0.854 0.837 
0.901 0.929 0.822 0.899 1.007 1.057 0.967 1.071 1.113 1.089 
1.098 1.058 1.028 1.041 1.125 1.123 1.137 1.426 1.645 2.109 
2.451 1.933 3.082 3.88 4.171 
END
