PFRMAT local QA
AUTHOR MASS-CASP14
af2-standard_T1137s8_2.pdb local_accuracy_only 15.0 15.0 15.0 14.722 14.124 12.367 9.273 6.682 6.118 5.339 4.991 
3.963 4.363 4.239 3.995 3.589 3.774 3.524 3.288 3.313 3.4 
3.277 2.94 3.079 2.818 2.336 2.442 2.168 2.145 2.115 2.006 
2.038 1.872 2.099 2.093 2.049 2.152 2.334 2.531 2.595 2.833 
2.243 1.951 1.863 2.198 1.804 1.58 1.716 1.704 1.499 1.492 
1.571 1.819 1.904 2.054 2.911 3.367 3.745 3.874 4.245 3.637 
3.13 3.082 2.875 2.67 2.75 2.759 2.542 2.63 2.311 2.592 
2.801 2.424 2.457 2.725 2.634 2.367 2.611 2.448 2.289 2.294 
2.473 3.16 3.094 2.937 2.309 2.189 2.238 1.766 1.491 1.531 
1.729 1.629 1.408 1.341 1.455 1.487 1.425 1.346 1.549 1.465 
1.142 1.49 1.189 1.435 1.138 1.22 1.206 1.234 1.033 1.105 
1.082 1.164 1.132 1.033 0.978 1.076 1.259 1.154 1.141 1.273 
1.242 1.049 1.336 1.395 1.549 1.859 2.352 2.389 2.354 2.087 
1.769 2.068 2.19 1.954 2.192 2.373 2.077 2.021 1.735 1.702 
1.573 1.649 1.911 1.782 1.442 1.169 1.406 1.368 1.329 1.179 
1.217 1.077 1.156 1.131 1.055 1.013 1.084 1.166 1.339 1.222 
1.299 1.322 1.359 1.371 1.334 1.406 1.419 1.587 1.59 1.793 
2.118 2.008 2.023 2.196 2.249 2.779 2.789 3.124 3.021 2.325 
2.246 1.649 1.594 1.57 1.883 1.717 1.335 1.546 1.742 1.616 
1.518 1.963 2.071 2.208 2.019 2.125 1.889 1.58 1.397 1.35 
1.444 1.397 1.401 1.245 1.382 1.299 1.188 1.263 1.203 1.148 
1.16 1.263 1.155 1.067 1.129 1.161 1.188 1.139 1.203 1.289 
1.431 1.44 1.353 1.71 1.943 3.367 4.22 4.613 4.162 4.761 
3.565 2.294 2.376 2.128 1.798 1.492 1.529 1.588 1.456 1.612 
1.603 1.697 1.667 1.794 2.196 1.873 1.886 1.974 2.025 2.069 
2.408 2.614 2.737 2.446 3.018 3.462 3.783 4.351 5.074 5.766 
6.208 6.842 8.071 8.936 10.506 
END
