PFRMAT local QA
AUTHOR LAW-CASP14
af2-standard_T1154_3.pdb local_accuracy_only 15.0 15.0 15.0 15.0 15.0 15.0 15.0 15.0 15.0 15.0 15.0 
15.0 15.0 15.0 15.0 15.0 15.0 15.0 14.021 13.777 11.325 
9.48 6.496 5.476 5.432 4.747 4.875 5.191 5.879 4.596 4.087 
3.454 3.164 1.522 1.588 1.526 1.577 1.504 1.372 1.098 1.185 
1.11 1.266 1.282 1.549 1.926 2.016 2.065 1.857 1.98 1.959 
1.775 1.405 1.231 1.032 1.137 1.055 1.088 1.113 1.231 1.365 
1.745 1.895 2.763 4.049 6.985 10.562 13.503 14.379 13.388 9.026 
10.335 9.75 7.746 3.691 8.13 6.805 4.506 5.304 5.897 4.931 
4.117 4.25 3.072 3.667 2.292 2.392 2.551 3.102 3.892 3.608 
3.739 4.148 4.291 4.184 3.095 2.748 2.528 2.551 2.004 2.496 
2.714 3.186 3.631 2.823 4.743 3.6 2.826 2.651 2.133 1.839 
1.943 2.046 2.216 3.893 4.716 2.264 1.68 1.379 1.41 1.207 
1.372 1.256 1.197 1.579 1.38 1.689 1.962 2.107 2.088 2.287 
2.704 2.838 2.921 2.445 2.261 2.018 1.906 1.977 2.003 1.749 
1.792 2.151 2.066 2.152 2.019 2.473 4.388 3.121 3.991 5.933 
5.466 4.811 3.464 5.556 6.249 9.263 9.611 8.721 6.823 4.851 
3.739 3.032 2.222 2.031 2.767 3.002 2.262 2.212 1.949 2.649 
2.624 2.13 2.536 2.272 2.771 3.212 2.83 2.847 2.619 2.375 
2.402 3.567 3.377 3.843 3.926 3.169 2.731 2.511 2.823 3.402 
3.756 7.464 7.084 4.078 8.868 10.479 10.23 10.131 11.873 11.741 
11.127 8.298 8.873 3.946 2.325 1.958 1.914 2.667 3.007 3.412 
3.263 4.016 4.403 4.151 5.145 4.175 4.287 4.887 3.944 4.42 
3.413 3.99 3.442 3.174 2.839 1.905 1.855 1.559 2.131 2.032 
2.773 4.036 4.026 4.104 3.951 4.16 3.629 5.273 4.136 3.535 
3.21 4.172 4.267 6.856 7.935 9.099 11.323 7.064 9.486 8.529 
7.25 8.194 10.587 10.097 9.216 7.011 11.172 12.294 10.436 8.841 
9.243 10.79 12.264 12.482 8.655 8.376 8.578 9.808 11.306 15.0 
15.0 15.0 15.0 15.0 15.0 15.0 15.0 15.0 13.089 15.0 
15.0 12.654 14.203 15.0 15.0 15.0 15.0 15.0 15.0 15.0 
15.0 14.535 15.0 15.0 15.0 15.0 15.0 15.0 15.0 15.0 
15.0 15.0 15.0 13.965 12.529 11.177 8.885 11.205 6.178 5.722 
3.512 2.696 2.301 1.863 1.965 2.16 1.957 1.412 1.564 1.352 
1.145 1.11 0.99 1.125 1.283 1.833 2.692 3.293 4.71 4.48 
3.496 3.132 2.271 2.355 1.586 1.641 1.75 1.696 1.454 1.352 
1.364 1.399 1.521 1.712 1.447 1.549 1.394 1.607 2.19 1.909 
2.064 1.471 1.757 1.147 1.117 0.967 0.982 0.962 1.22 1.312 
1.843 1.643 1.364 1.057 1.027 0.956 0.956 1.096 1.119 1.052 
1.01 0.866 0.898 1.002 1.048 1.139 1.38 1.446 1.44 1.335 
1.459 1.656 1.502 1.453 2.135 1.93 1.347 1.406 1.369 2.891 
2.425 12.521 15.0 15.0 15.0 15.0 15.0 15.0 10.862 6.755 
2.213 1.387 1.257 1.042 1.238 1.301 1.495 1.729 1.737 1.661 
1.565 1.488 1.257 1.138 1.086 1.126 1.072 0.997 0.957 0.932 
0.967 1.013 1.04 0.998 1.073 1.063 1.29 1.245 1.551 1.652 
2.079 2.188 2.748 3.436 2.656 2.322 1.722 1.626 1.29 1.287 
1.043 1.12 0.943 1.295 1.439 2.107 1.589 1.911 6.515 8.794 
11.974 15.0 15.0 15.0 15.0 15.0 15.0 15.0 15.0 15.0 
15.0 15.0 15.0 15.0 13.246 11.786 10.662 10.219 10.773 11.148 
12.35 15.0 15.0 15.0 15.0 15.0 15.0 15.0 15.0 15.0 
15.0 15.0 15.0 15.0 15.0 15.0 15.0 15.0 15.0 15.0 
15.0 15.0 15.0 15.0 15.0 15.0 15.0 15.0 15.0 15.0 
15.0 15.0 15.0 15.0 15.0 15.0 15.0 15.0 15.0 15.0 
15.0 15.0 15.0 15.0 15.0 15.0 15.0 15.0 15.0 15.0 
15.0 15.0 15.0 15.0 15.0 15.0 15.0 15.0 15.0 15.0 
15.0 15.0 15.0 15.0 15.0 15.0 15.0 15.0 15.0 15.0 
12.697 10.007 15.0 15.0 15.0 15.0 15.0 15.0 15.0 15.0 
15.0 15.0 15.0 15.0 15.0 15.0 15.0 15.0 15.0 15.0 
15.0 15.0 15.0 15.0 15.0 15.0 15.0 15.0 15.0 15.0 
15.0 15.0 15.0 15.0 15.0 15.0 15.0 15.0 15.0 15.0 
15.0 15.0 15.0 15.0 15.0 15.0 15.0 15.0 15.0 15.0 
15.0 15.0 15.0 15.0 15.0 15.0 15.0 15.0 15.0 15.0 
15.0 15.0 15.0 15.0 15.0 15.0 15.0 15.0 15.0 15.0 
15.0 15.0 15.0 15.0 15.0 15.0 15.0 15.0 15.0 15.0 
15.0 15.0 15.0 15.0 15.0 15.0 15.0 15.0 13.714 12.197 
12.222 9.96 10.61 10.664 8.491 7.168 4.253 3.679 3.456 3.123 
4.175 5.083 6.364 6.978 6.961 6.186 5.882 4.063 3.774 3.415 
3.549 3.61 4.966 7.206 8.78 9.412 9.088 5.84 2.114 1.922 
1.474 1.423 1.618 1.257 1.418 1.331 1.385 1.671 1.566 2.197 
1.881 2.648 1.695 1.466 1.395 1.407 1.452 1.527 1.303 1.607 
1.488 1.465 1.399 1.299 1.393 1.523 1.83 2.68 2.217 2.772 
5.47 5.018 5.827 9.527 6.405 5.035 4.135 3.25 3.016 2.842 
3.079 2.941 3.37 3.872 3.324 3.989 3.851 6.38 5.72 7.571 
6.356 6.621 4.783 4.012 4.133 3.851 3.713 3.715 3.268 3.646 
3.41 3.638 4.433 5.798 4.379 7.929 13.521 10.269 15.0 15.0 
15.0 15.0 13.818 15.0 15.0 15.0 15.0 15.0 11.394 7.406 
4.12 3.394 2.998 2.618 2.364 2.226 2.173 2.361 2.785 3.773 
3.991 5.401 5.939 5.983 4.713 3.8 3.588 2.82 2.59 2.499 
2.399 2.608 4.173 8.605 7.981 7.416 11.593 12.112 13.042 14.107 
14.115 13.643 11.867 11.213 8.768 7.969 11.546 12.999 10.008 13.19 
15.0 12.147 11.62 12.426 15.0 15.0 15.0 15.0 12.373 10.91 
7.727 6.466 3.207 2.546 1.627 1.433 1.348 1.449 1.773 2.431 
2.095 2.305 2.702 2.004 2.07 2.336 2.076 3.126 3.355 3.042 
3.441 2.975 2.142 1.864 1.726 1.657 1.679 1.681 1.958 1.957 
3.661 4.16 6.673 8.486 10.055 10.026 11.987 15.0 7.909 7.955 
4.074 6.34 3.087 2.782 1.842 1.834 1.57 1.491 1.452 1.403 
1.23 1.243 1.233 1.278 1.915 2.18 3.768 4.194 7.314 6.039 
8.437 8.726 10.968 8.748 8.007 9.029 6.218 5.408 2.092 2.19 
1.758 2.622 2.207 2.909 2.539 2.94 2.215 1.967 1.696 1.628 
1.548 1.652 1.732 2.197 2.394 1.878 1.664 1.821 1.517 1.427 
1.347 1.288 1.257 1.263 1.256 1.156 1.244 1.358 2.278 2.334 
2.147 1.965 1.57 1.732 1.864 1.77 1.593 1.854 2.247 2.008 
1.737 1.509 1.315 1.431 1.238 1.388 1.265 1.314 1.297 1.357 
1.392 1.417 1.678 1.766 1.925 1.574 1.561 1.259 1.232 1.457 
2.057 2.052 1.634 2.077 2.069 2.735 3.045 4.178 4.198 5.105 
7.511 3.747 4.583 2.99 2.386 3.096 2.704 2.799 1.972 2.343 
2.103 2.978 5.5 6.05 6.742 6.033 5.007 3.77 2.571 3.767 
2.711 4.42 5.999 9.709 11.929 15.0 15.0 15.0 15.0 15.0 
15.0 15.0 15.0 15.0 15.0 15.0 15.0 15.0 12.285 12.267 
10.449 7.959 8.053 7.361 2.421 1.565 1.234 1.065 0.921 0.845 
0.959 0.858 0.903 0.841 1.001 1.163 1.549 1.738 1.606 1.428 
1.142 1.081 1.095 1.17 1.286 1.655 2.368 3.08 3.256 2.293 
2.901 3.615 3.024 2.803 3.45 3.865 3.984 4.055 3.563 3.239 
3.291 2.743 3.179 2.381 1.768 1.449 2.73 1.689 2.367 2.508 
3.427 3.412 3.884 3.107 2.727 2.485 2.273 2.128 1.894 1.919 
1.877 1.832 1.663 1.979 1.891 2.053 2.248 2.168 1.705 1.58 
1.803 1.184 1.036 0.869 0.774 0.775 0.789 0.861 0.926 1.06 
1.259 1.438 1.497 1.645 1.646 1.768 1.592 1.282 1.071 0.927 
0.975 1.138 1.179 1.529 2.098 3.171 4.05 3.891 2.866 2.008 
1.674 1.476 1.476 1.915 2.122 3.67 4.78 2.885 2.2 1.933 
2.271 1.993 1.983 1.666 1.359 1.383 1.698 1.886 2.567 4.551 
6.124 7.688 5.806 6.329 2.88 2.279 2.161 1.689 1.674 1.757 
1.572 1.535 1.608 1.578 1.802 2.222 2.597 2.51 1.652 2.097 
1.478 1.315 1.116 1.195 1.154 1.46 1.566 1.451 1.34 1.44 
1.622 1.851 1.903 2.495 2.323 2.408 2.102 3.522 2.33 3.895 
2.616 1.622 1.202 1.014 0.922 0.997 1.043 1.504 1.638 1.95 
1.471 1.417 1.111 1.234 1.016 1.159 1.704 1.462 2.291 3.048 
2.686 2.814 1.69 1.477 1.27 1.293 1.991 1.928 1.871 2.14 
2.363 4.204 4.358 3.725 3.338 3.232 2.246 3.698 3.152 3.559 
3.618 3.736 5.923 6.002 5.648 2.509 1.81 1.761 1.715 1.84 
1.734 1.454 1.158 1.254 1.367 1.561 2.596 3.807 2.016 1.529 
1.253 1.15 1.277 1.359 1.944 2.61 4.517 7.358 8.638 11.228 
14.146 14.739 15.0 15.0 15.0 15.0 15.0 15.0 15.0 15.0 
15.0 15.0 12.465 2.152 1.941 1.922 1.468 1.35 1.189 1.05 
1.092 1.166 1.632 1.875 1.737 1.393 1.279 1.187 1.579 1.326 
1.512 1.532 1.51 1.824 1.841 1.547 1.701 2.071 2.172 2.119 
1.917 1.795 1.81 2.824 2.373 3.449 2.785 2.472 2.448 1.847 
1.946 1.177 1.121 0.907 0.903 0.984 1.13 1.361 1.826 1.881 
2.047 2.099 2.146 1.463 1.339 1.027 0.972 0.986 1.104 1.387 
1.298 1.587 2.002 2.113 3.27 3.464 3.098 1.694 1.422 1.414 
1.097 1.224 1.104 1.622 1.858 1.718 2.371 2.743 2.384 2.044 
1.846 1.918 1.818 1.961 1.482 1.431 1.697 1.528 1.255 1.104 
1.139 1.112 1.488 1.758 1.641 1.473 1.365 1.215 1.375 1.431 
1.553 1.448 1.572 1.408 1.346 1.329 1.186 1.217 1.214 1.409 
1.67 1.614 1.671 1.841 1.511 1.87 1.205 1.152 1.007 0.913 
0.86 0.88 0.929 1.05 0.949 1.085 1.224 1.339 2.259 1.672 
1.735 2.972 2.989 3.981 3.845 2.374 3.291 1.683 1.973 1.478 
1.474 1.213 1.081 1.095 1.075 1.625 1.452 1.614 1.373 1.178 
1.473 1.883 3.276 3.716 4.121 3.775 3.678 4.109 5.741 4.422 
3.959 3.622 2.617 2.316 1.818 1.772 1.348 1.701 1.311 2.409 
1.482 2.653 1.98 1.683 1.864 1.833 1.556 1.572 1.329 1.228 
1.155 1.132 1.031 0.998 0.901 0.824 0.937 0.917 0.859 0.992 
1.178 1.514 1.282 1.175 1.207 1.666 1.539 2.466 2.849 1.534 
1.408 1.373 1.037 0.986 0.982 1.153 1.184 1.303 1.172 1.215 
1.181 1.176 1.452 
END
