PFRMAT local QA
AUTHOR MASS-CASP14
af2-standard_T1154_3.pdb local_accuracy_only 15.0 15.0 15.0 13.65 15.0 14.614 15.0 15.0 15.0 15.0 15.0 
15.0 14.117 14.135 13.664 11.989 12.206 14.994 14.001 12.53 12.206 
10.756 10.874 10.273 9.566 9.256 8.746 8.505 7.807 8.581 6.775 
6.98 5.695 3.423 2.683 1.991 1.593 1.25 1.107 1.281 1.192 
1.221 1.324 1.464 1.783 2.213 2.59 2.704 2.301 2.58 2.35 
2.133 1.839 1.331 1.265 1.199 1.181 1.098 1.007 1.138 1.122 
1.657 2.142 2.141 3.496 4.361 5.712 9.112 10.07 10.581 8.074 
7.922 6.927 4.997 4.292 4.353 4.896 4.68 4.723 5.579 6.63 
7.009 8.553 10.144 14.114 15.0 15.0 15.0 15.0 15.0 15.0 
15.0 15.0 15.0 15.0 9.293 6.317 3.753 2.194 1.741 1.377 
1.363 1.36 1.379 1.602 2.474 2.878 3.028 2.572 2.831 2.387 
2.361 2.473 2.804 3.689 3.604 2.878 2.193 1.755 1.404 1.391 
1.489 1.251 1.216 1.28 1.308 1.704 1.946 2.955 3.322 4.496 
4.81 4.39 3.021 2.731 2.493 2.046 1.953 2.031 2.207 2.095 
1.975 2.883 3.507 3.777 3.978 5.506 6.272 6.195 6.681 8.525 
9.658 9.528 9.089 8.274 11.238 12.637 13.106 13.672 14.707 15.0 
13.069 11.324 9.448 6.521 5.096 4.219 4.32 3.376 3.044 3.446 
2.265 1.772 1.822 2.029 2.334 3.101 3.194 3.243 3.367 3.49 
3.219 4.627 6.135 6.082 6.305 6.498 6.438 6.794 6.808 7.349 
7.179 7.486 6.919 7.072 8.281 10.458 11.916 10.886 13.487 14.422 
14.735 10.511 10.428 9.097 6.962 6.128 5.019 5.007 4.311 3.178 
2.916 2.796 2.664 2.392 2.958 2.794 3.8 4.076 4.005 3.403 
3.032 3.574 3.023 2.661 2.712 2.631 2.728 2.09 1.782 1.777 
2.09 2.35 2.794 3.55 3.469 3.997 3.145 3.685 2.185 2.484 
2.376 2.449 2.476 2.857 3.027 2.976 2.416 2.412 2.359 2.692 
2.709 2.672 3.042 2.755 2.628 2.772 3.296 3.409 3.866 4.539 
5.229 5.441 4.894 6.068 6.46 6.86 6.781 7.483 8.24 8.964 
9.937 11.399 10.866 10.473 10.384 11.309 12.088 12.321 12.426 13.03 
13.056 13.421 13.244 11.053 10.029 9.428 8.06 8.137 7.219 5.989 
5.972 5.488 5.696 5.463 5.093 5.992 5.934 6.178 5.758 5.16 
3.974 4.225 3.647 4.294 4.082 4.776 5.346 4.742 4.133 3.297 
3.092 2.847 3.231 3.098 3.521 3.777 3.471 3.761 3.177 2.788 
2.248 1.896 1.836 1.592 1.785 2.036 2.369 2.5 3.203 3.266 
3.207 2.991 2.593 1.725 1.576 1.309 1.269 1.194 1.168 1.45 
2.21 3.361 4.113 3.433 3.187 3.477 4.248 4.563 4.848 4.335 
4.265 3.881 3.872 3.513 2.919 2.774 2.145 2.064 2.302 2.331 
3.08 3.73 3.029 2.284 1.563 1.462 1.212 1.254 1.282 1.304 
1.448 1.421 1.74 2.323 2.934 3.368 3.888 4.18 4.002 3.931 
3.813 3.336 3.101 3.017 3.021 3.001 2.458 2.496 2.51 2.955 
3.536 3.887 4.464 5.869 5.779 5.143 5.272 4.336 3.595 3.321 
3.053 2.812 2.592 2.248 2.38 2.87 3.94 4.38 3.685 3.086 
2.82 2.355 1.742 1.45 1.118 1.037 0.935 0.472 0.719 1.037 
1.177 1.148 1.049 1.121 1.226 1.156 1.187 1.18 1.275 1.55 
2.059 2.617 3.835 4.205 3.539 3.002 2.213 1.983 1.572 1.384 
1.227 1.323 1.298 1.614 2.02 2.308 2.536 2.785 3.395 4.955 
5.693 7.129 7.494 7.499 7.821 7.812 8.204 8.244 8.632 9.219 
8.808 9.892 10.04 11.063 10.319 8.517 8.869 10.857 9.517 10.192 
8.292 9.705 9.53 10.424 10.59 13.026 15.0 15.0 15.0 15.0 
15.0 15.0 15.0 15.0 15.0 13.267 11.201 9.931 9.232 8.706 
8.532 8.753 8.408 9.791 8.667 7.621 7.602 6.814 7.247 6.705 
6.451 7.425 6.984 7.616 8.007 8.279 9.657 10.325 11.07 11.652 
11.719 11.019 11.34 11.803 9.546 9.073 8.36 7.627 7.585 7.905 
8.825 9.093 8.738 9.024 8.394 8.999 8.266 9.357 7.707 7.683 
5.686 5.045 3.339 2.462 2.278 2.297 3.196 3.93 4.336 5.093 
5.285 5.63 5.815 6.643 8.415 9.228 10.257 10.4 12.036 12.03 
12.562 12.946 13.601 15.0 15.0 15.0 15.0 15.0 15.0 12.518 
11.643 11.345 9.512 9.313 8.23 9.083 10.183 11.809 11.526 14.886 
15.0 15.0 13.979 13.079 12.873 13.703 13.751 15.0 14.549 15.0 
14.403 15.0 14.475 14.806 14.514 13.517 15.0 15.0 15.0 15.0 
15.0 15.0 15.0 15.0 15.0 15.0 15.0 15.0 15.0 15.0 
15.0 15.0 15.0 15.0 15.0 15.0 14.543 15.0 15.0 14.152 
13.826 13.712 14.609 15.0 14.724 15.0 15.0 13.809 13.064 12.802 
11.625 10.859 9.203 9.31 9.611 9.173 8.606 8.914 8.375 9.293 
9.798 10.089 11.666 9.505 7.399 7.207 5.72 5.415 4.744 4.618 
4.464 4.965 4.872 6.93 6.484 6.573 6.347 5.778 5.587 6.202 
5.949 7.185 7.529 7.358 8.453 8.023 6.399 4.509 3.279 2.719 
2.249 1.947 1.475 1.391 1.486 1.574 1.511 2.092 1.995 2.729 
2.803 2.836 2.302 1.834 1.65 1.613 2.3 2.806 2.428 2.753 
2.432 1.994 2.246 2.002 1.925 2.244 2.635 3.347 4.417 5.188 
5.739 6.692 8.685 10.589 11.756 12.706 11.932 10.554 8.187 7.364 
8.304 7.786 8.307 8.996 8.514 8.256 8.043 8.847 9.395 10.947 
10.754 10.664 8.691 8.621 7.71 6.894 6.752 6.896 6.141 6.767 
9.208 9.177 10.604 11.524 12.684 11.461 13.636 14.357 14.806 15.0 
14.131 15.0 15.0 15.0 15.0 15.0 15.0 15.0 13.734 11.269 
9.619 9.031 7.046 5.563 4.697 4.178 3.71 3.71 4.617 5.681 
7.182 8.937 9.359 11.095 11.305 10.957 11.899 10.622 10.503 9.04 
10.479 10.416 11.288 10.464 11.718 10.76 10.324 11.228 14.004 14.868 
15.0 15.0 15.0 15.0 15.0 15.0 15.0 15.0 14.997 13.501 
11.675 9.871 10.056 9.579 11.395 12.165 12.169 9.824 7.717 6.218 
5.408 4.12 3.601 3.19 2.68 2.827 2.637 2.813 3.091 3.686 
4.126 4.394 5.599 6.666 7.398 8.435 9.04 10.453 9.993 8.697 
8.276 6.491 4.953 3.53 2.401 1.942 2.034 2.007 2.387 3.043 
3.74 5.336 5.266 6.257 5.91 5.428 6.512 7.577 7.961 9.256 
8.276 10.91 10.372 9.086 8.803 6.331 4.766 3.141 2.389 1.852 
1.561 1.419 1.387 1.224 1.335 1.318 1.349 1.5 1.848 2.135 
2.66 3.053 3.441 3.527 3.308 2.994 2.562 2.744 2.533 2.232 
2.544 2.759 3.752 5.194 5.567 4.501 3.326 2.907 2.574 2.209 
2.44 2.282 3.126 3.13 3.354 2.554 2.232 1.903 1.749 1.662 
1.575 1.399 1.288 1.323 1.346 1.565 1.715 2.177 2.456 2.485 
2.564 2.569 2.223 2.774 3.362 3.968 3.729 4.314 5.073 5.228 
4.338 3.078 2.651 2.391 2.148 2.071 2.059 1.956 1.936 2.294 
2.281 2.644 2.741 2.772 2.703 2.319 2.086 1.689 1.815 1.856 
2.356 3.087 3.488 4.02 4.809 5.442 5.512 6.618 7.105 6.483 
6.413 5.71 5.769 4.596 4.438 4.563 5.304 6.076 6.323 5.636 
5.691 5.752 5.753 5.335 4.286 3.808 3.609 3.018 3.025 2.846 
3.392 3.525 3.938 4.623 5.679 6.024 5.767 6.457 6.799 7.072 
8.641 9.531 9.568 10.443 11.487 11.357 10.348 10.099 10.943 10.404 
10.714 10.136 9.161 6.169 4.722 3.339 2.487 2.332 1.926 1.731 
1.543 1.396 1.414 1.26 1.536 1.719 2.106 2.221 2.167 1.939 
1.804 1.865 1.922 1.756 2.359 2.594 3.366 4.134 4.548 3.618 
3.263 3.361 3.121 2.876 3.448 3.97 5.459 5.092 5.971 6.318 
6.702 6.235 6.167 5.752 5.589 4.468 3.749 3.754 3.369 2.984 
2.184 2.045 1.817 1.62 1.823 1.874 2.064 2.284 1.838 2.097 
2.109 2.214 2.012 2.451 2.267 2.61 2.649 2.606 2.428 1.831 
2.155 1.947 1.494 1.3 1.009 1.113 1.052 1.0 1.053 1.181 
1.124 1.49 1.789 1.931 2.287 2.098 2.085 1.87 2.376 2.448 
2.534 2.866 2.689 3.135 3.306 3.903 5.661 6.506 5.906 4.655 
4.744 4.426 5.115 4.429 4.579 4.401 2.973 2.513 1.966 1.762 
1.659 1.494 1.659 1.614 1.606 1.853 2.242 2.66 3.365 4.397 
4.0 4.089 3.735 3.626 3.236 2.731 2.308 1.843 1.682 1.53 
1.543 1.655 2.261 2.302 2.146 1.936 1.854 1.571 1.6 1.578 
1.486 1.399 1.655 1.775 1.953 2.584 3.211 3.017 3.15 3.335 
3.98 4.329 5.202 5.215 4.663 3.765 3.162 2.569 2.263 2.353 
2.144 1.948 1.604 1.354 1.351 1.422 1.359 1.622 1.652 1.658 
1.528 1.585 1.348 1.073 1.006 1.04 1.427 1.701 2.338 2.855 
2.285 1.922 1.499 1.25 1.116 1.077 1.338 1.591 1.678 2.341 
2.901 3.038 3.757 3.103 3.493 3.345 3.737 4.581 4.465 4.805 
4.598 4.313 4.879 4.13 4.079 3.738 3.704 3.346 3.131 2.722 
2.099 1.771 1.602 1.307 1.274 1.281 1.483 1.675 1.541 1.23 
1.156 1.281 1.413 1.509 2.352 2.733 3.899 3.803 3.357 3.248 
3.793 3.341 4.745 5.059 6.525 5.916 6.057 6.074 5.527 5.718 
4.174 2.726 1.636 1.2 1.268 1.192 1.171 1.1 1.053 1.009 
0.992 1.385 1.718 2.684 2.843 2.351 1.755 1.527 1.578 1.375 
1.585 1.76 1.678 1.824 1.703 1.659 1.98 2.206 2.748 2.687 
2.895 3.129 3.455 3.979 3.884 3.48 3.012 2.091 2.12 2.172 
2.135 1.748 1.331 1.162 1.122 1.043 1.157 1.302 1.74 2.133 
2.981 4.208 3.972 4.269 3.947 3.325 2.895 2.592 1.969 1.739 
1.713 1.986 2.532 2.522 3.194 2.796 1.966 1.583 1.277 1.316 
1.414 1.474 1.614 1.806 2.492 2.523 3.41 4.113 4.723 4.252 
4.71 4.296 6.455 6.495 5.875 4.752 4.185 3.602 2.501 2.266 
2.238 2.321 2.633 2.845 2.179 1.655 1.637 1.606 1.817 3.241 
3.547 3.308 2.23 1.757 1.525 1.469 1.293 1.247 1.342 1.358 
1.75 1.752 2.12 2.659 2.851 3.553 3.117 2.254 1.591 1.499 
1.311 1.284 1.363 1.246 1.147 1.261 1.783 1.999 2.681 2.547 
1.993 2.531 2.897 3.696 3.659 3.366 4.035 4.18 5.076 5.741 
5.608 4.695 3.856 3.571 3.26 2.971 3.172 3.344 3.82 3.657 
4.943 6.123 6.682 8.925 7.127 7.998 8.89 10.892 12.11 10.934 
12.022 11.277 9.666 6.619 6.1 5.122 4.849 5.379 4.775 4.637 
4.181 4.711 3.677 3.084 3.595 4.043 3.829 4.344 3.827 2.761 
1.526 1.364 1.127 1.012 0.995 1.041 1.168 1.211 1.257 1.519 
1.84 2.398 2.705 2.486 2.82 2.603 3.13 4.306 5.101 4.051 
3.004 2.521 2.053 1.405 1.308 1.185 1.482 1.357 1.209 1.283 
1.363 1.742 2.869 
END
