PFRMAT local QA
AUTHOR MASS-CASP14
af2-standard_T1153_5.pdb local_accuracy_only 9.169 10.175 9.615 10.179 9.462 8.83 6.765 7.54 5.683 5.009 5.106 
4.866 4.289 2.572 1.824 1.377 1.202 1.068 0.969 0.979 0.89 
0.897 1.154 1.19 1.8 2.555 3.009 3.873 4.084 5.256 4.993 
4.837 5.278 3.968 3.013 2.619 1.906 1.998 2.178 1.904 1.795 
1.727 1.823 1.688 1.688 1.835 2.344 2.618 2.543 1.843 1.536 
1.209 1.09 0.935 0.91 1.014 1.107 1.108 1.333 1.564 1.848 
2.07 1.977 1.735 2.113 1.948 1.701 1.716 1.816 1.884 1.713 
2.004 2.29 2.325 2.421 2.216 2.265 2.185 1.96 1.898 2.105 
1.917 2.515 2.951 2.917 2.322 2.232 1.731 1.415 1.455 1.43 
1.316 1.258 1.639 2.208 2.564 3.017 3.594 4.084 4.86 5.439 
6.328 5.925 4.657 2.962 1.723 1.269 1.136 1.018 0.99 0.88 
0.951 1.255 1.544 2.017 2.158 2.145 1.768 1.693 1.602 1.863 
1.932 2.08 2.068 2.368 2.969 3.901 5.675 7.053 9.567 11.624 
14.526 15.0 15.0 13.387 12.162 10.438 7.123 4.712 3.245 2.282 
1.518 1.26 1.205 1.156 1.096 0.983 1.069 1.113 1.587 1.91 
1.597 1.613 1.215 0.963 0.212 0.258 0.373 1.008 1.242 1.332 
1.528 2.073 2.665 3.96 5.466 6.381 7.38 7.871 9.676 9.893 
10.285 9.362 8.962 7.472 6.414 4.869 3.855 3.606 3.066 2.365 
2.212 2.499 2.258 1.741 1.794 1.879 1.636 1.447 1.791 1.9 
1.984 1.85 2.384 3.037 2.762 2.462 1.46 0.0 0.0 0.0 
0.0 0.0 0.01 1.176 1.315 1.702 2.238 2.604 2.971 2.825 
2.742 2.515 1.881 2.16 2.005 1.763 2.138 2.454 2.731 2.379 
2.175 2.249 2.331 2.255 2.299 2.742 3.975 4.287 4.511 3.694 
3.459 3.833 3.996 4.034 4.313 5.303 4.737 5.315 4.874 4.892 
3.703 2.769 2.007 1.914 1.744 1.443 1.425 1.254 1.451 1.891 
2.469 2.744 2.589 3.185 3.527 3.281 3.029 3.437 3.574 2.916 
2.405 2.275 2.044 2.145 2.331 2.512 2.406 1.887 2.304 2.256 
2.543 2.824 2.65 3.336 4.268 4.729 4.668 3.662 3.04 2.763 
2.616 2.141 2.183 2.011 1.936 1.425 1.242 1.076 0.996 0.878 
1.222 1.129 1.121 1.447 1.793 2.456 3.527 4.908 
END
