PFRMAT local QA
AUTHOR LAW-CASP14
af2-standard_T1153_5.pdb local_accuracy_only 15.0 15.0 15.0 15.0 15.0 15.0 13.342 7.672 2.891 3.4 2.592 
3.683 3.292 2.18 1.859 1.349 1.05 0.881 0.796 0.76 0.708 
0.701 0.731 0.872 0.99 1.846 2.498 3.368 4.598 6.236 6.351 
5.441 7.36 8.277 7.97 7.75 6.159 4.04 6.011 4.126 2.93 
2.738 3.356 2.274 1.627 1.712 2.051 1.583 1.383 0.993 0.918 
0.788 0.73 0.689 0.686 0.704 0.952 1.013 1.786 1.721 1.441 
1.884 1.996 1.243 1.571 1.878 1.798 1.26 1.735 2.229 1.716 
1.746 2.82 3.65 5.058 6.311 6.847 7.941 5.922 7.07 7.849 
5.965 6.386 3.627 3.098 2.092 1.416 1.366 1.098 0.984 1.051 
0.981 1.115 1.535 2.261 3.112 2.712 2.712 2.624 3.66 3.687 
5.447 4.346 3.888 3.666 1.448 1.244 0.942 0.851 0.832 0.847 
0.895 1.012 1.122 1.277 1.234 1.299 1.235 1.326 1.636 1.648 
1.73 1.798 1.686 2.56 2.294 4.565 4.66 8.281 9.259 13.825 
15.0 15.0 15.0 15.0 12.223 10.393 4.703 3.654 1.747 2.526 
1.119 1.017 0.988 0.95 1.11 1.019 1.256 1.202 1.5 1.643 
1.29 1.153 0.828 0.873 0.698 0.714 0.704 0.837 1.058 1.107 
1.255 1.835 1.772 2.096 2.742 3.833 7.042 7.718 9.23 10.815 
10.685 12.276 9.39 9.122 7.45 6.443 6.088 5.557 4.885 3.732 
3.995 3.996 4.13 3.5 3.647 3.51 3.372 2.858 2.846 2.822 
2.41 1.848 2.61 2.485 1.539 1.751 1.027 0.828 0.673 0.634 
0.641 0.665 0.764 0.945 1.148 1.196 1.456 1.569 2.592 2.091 
2.918 2.872 2.21 2.281 2.416 1.888 1.913 2.109 2.113 1.873 
1.439 1.406 1.265 1.279 1.681 2.755 3.082 3.495 2.68 1.623 
1.053 1.136 1.241 1.864 2.99 2.193 1.595 1.563 1.303 1.244 
1.279 1.26 1.447 1.08 0.84 0.821 0.715 0.842 0.892 1.211 
1.71 2.079 1.391 1.765 2.308 2.125 2.005 2.928 3.415 2.792 
1.679 1.285 1.066 1.03 1.332 1.995 4.258 2.262 6.435 6.382 
10.516 10.622 8.807 12.214 9.872 14.316 14.365 12.585 12.544 9.143 
7.439 3.682 3.152 1.049 1.157 0.852 0.88 0.792 0.788 0.86 
0.889 1.09 1.086 1.434 1.469 2.322 2.501 3.214 
END
