PFRMAT local QA
AUTHOR LAW-CASP14
af2-standard_T1159_1.pdb local_accuracy_only 2.778 4.817 5.238 5.106 6.363 5.933 5.252 5.798 5.438 4.676 2.159 
4.424 2.652 2.112 1.473 1.607 1.596 1.352 1.241 1.364 1.351 
1.093 1.286 1.321 1.369 1.429 1.102 1.386 1.562 1.859 1.963 
2.138 1.921 2.871 3.146 3.205 2.264 2.112 1.41 0.981 0.82 
0.875 0.895 0.79 0.721 0.714 0.744 0.749 0.875 0.852 0.956 
1.014 1.123 1.025 1.126 0.954 0.919 1.036 1.062 1.001 0.912 
1.346 1.322 1.264 1.403 1.185 1.379 1.729 1.163 1.664 2.4 
2.267 1.76 2.633 1.732 2.692 2.754 2.319 1.889 1.676 1.147 
1.631 1.259 1.4 1.346 1.302 1.016 1.026 1.004 0.899 0.931 
0.803 0.769 0.767 0.786 0.91 1.484 1.978 3.198 3.965 3.658 
3.253 1.002 0.863 0.791 0.798 0.758 0.77 0.847 0.929 1.059 
1.183 1.039 0.898 0.839 0.88 0.892 0.922 1.126 0.99 1.207 
1.056 0.92 0.965 1.122 1.185 1.103 1.392 1.054 0.899 0.867 
0.945 0.928 1.139 1.088 1.01 1.132 1.304 1.425 1.442 1.424 
1.583 1.556 1.512 1.183 1.148 1.416 1.223 1.917 1.927 1.654 
1.471 0.98 1.005 0.809 0.914 0.987 1.15 1.778 1.312 
END
