PFRMAT local QA
AUTHOR MASS-CASP14
af2-standard_T1159_1.pdb local_accuracy_only 3.074 2.567 1.812 2.144 2.694 3.565 3.582 3.577 4.142 3.757 2.991 
3.322 3.156 3.072 3.203 3.265 2.735 2.342 2.247 2.206 2.083 
2.173 2.342 2.117 1.85 1.57 1.711 1.992 2.489 2.729 2.401 
2.129 1.676 2.181 2.214 1.64 1.558 1.302 1.41 1.111 0.97 
1.051 1.132 1.07 1.211 1.045 0.984 0.928 0.995 1.058 1.116 
1.255 1.327 1.296 1.467 1.17 1.213 1.452 1.584 1.177 1.007 
1.28 1.6 1.564 1.837 2.477 2.341 2.057 1.585 1.731 1.759 
1.586 1.435 1.368 1.397 1.872 2.091 1.947 1.694 1.401 1.219 
1.366 1.412 1.554 1.362 1.398 1.18 1.516 1.456 1.168 1.021 
0.912 0.94 0.914 0.904 0.907 1.082 1.335 2.063 2.645 2.453 
1.523 1.241 1.128 1.122 1.032 0.925 0.827 0.837 0.921 1.055 
1.199 1.166 1.068 0.847 1.018 1.122 1.226 1.424 1.364 1.694 
1.366 1.309 1.419 1.735 1.819 1.582 1.614 1.705 1.414 1.194 
1.234 1.219 1.386 1.643 1.542 1.451 1.675 1.917 1.839 1.893 
2.154 2.311 1.905 1.437 1.536 1.785 1.854 2.656 2.829 2.433 
1.524 1.288 1.147 1.163 1.032 1.027 1.129 1.494 1.62 
END
