PFRMAT local QA
AUTHOR MASS-CASP14
af2-standard_T1153_2.pdb local_accuracy_only 9.096 9.855 8.989 10.101 9.104 8.564 6.244 6.791 5.039 4.172 4.245 
4.062 3.757 2.265 1.672 1.283 1.145 1.022 0.919 0.944 0.853 
0.881 1.135 1.173 1.766 2.562 3.05 3.921 4.218 5.26 5.009 
4.853 5.264 3.89 2.937 2.56 1.904 1.965 2.174 1.882 1.797 
1.73 1.809 1.693 1.699 1.847 2.338 2.584 2.538 1.852 1.532 
1.216 1.106 0.943 0.911 1.023 1.11 1.109 1.32 1.584 1.845 
2.106 1.987 1.732 2.152 1.981 1.688 1.712 1.779 1.886 1.695 
2.007 2.168 2.166 2.181 2.05 2.06 2.069 1.855 1.821 2.034 
1.917 2.477 2.925 2.99 2.361 2.238 1.706 1.402 1.438 1.403 
1.279 1.226 1.59 2.143 2.513 2.951 3.637 4.036 4.897 5.29 
6.127 5.855 4.628 2.94 1.754 1.291 1.143 1.024 0.974 0.878 
0.937 1.24 1.521 1.929 1.999 1.953 1.62 1.512 1.419 1.66 
1.729 1.784 1.786 1.991 2.407 3.208 4.716 5.896 8.27 10.101 
13.406 13.968 15.0 13.149 12.915 11.489 7.919 5.283 3.779 2.563 
1.688 1.328 1.268 1.19 1.118 0.983 1.07 1.112 1.573 1.9 
1.601 1.623 1.209 0.965 0.194 0.188 0.316 0.89 1.129 1.206 
1.405 1.905 2.348 3.243 4.337 5.401 6.418 7.303 9.259 9.867 
10.516 9.911 9.673 8.589 7.404 5.72 4.503 4.194 3.416 2.537 
2.376 2.656 2.354 1.799 1.863 1.953 1.714 1.509 1.895 1.972 
2.066 2.006 2.577 3.369 3.031 2.735 1.702 0.03 0.0 0.0 
0.0 0.0 0.031 1.262 1.325 1.666 2.15 2.509 2.899 2.762 
2.769 2.5 1.869 2.068 1.884 1.642 1.999 2.319 2.497 2.09 
1.829 1.801 1.922 1.76 1.759 2.122 2.942 3.263 3.291 2.619 
2.462 2.67 2.837 2.932 3.36 4.171 3.638 4.248 3.973 4.173 
3.389 2.591 2.05 2.008 1.959 1.618 1.581 1.375 1.671 2.271 
2.96 3.43 3.281 3.943 4.385 4.03 3.686 3.875 3.934 3.103 
2.459 2.259 1.989 2.054 2.177 2.353 2.22 1.749 2.035 2.082 
2.298 2.546 2.414 3.106 3.981 4.434 4.432 3.526 2.979 2.741 
2.606 2.209 2.25 2.081 1.94 1.434 1.242 1.08 1.0 0.846 
1.192 1.114 1.116 1.413 1.771 2.42 3.324 4.511 
END
