PFRMAT local QA
AUTHOR LAW-CASP14
af2-standard_T1153_2.pdb local_accuracy_only 14.031 13.438 15.0 15.0 15.0 15.0 11.926 5.87 2.081 2.566 1.966 
2.715 2.403 1.709 1.445 1.104 0.906 0.824 0.72 0.728 0.667 
0.665 0.696 0.841 0.954 2.262 2.749 3.75 4.875 6.427 6.55 
5.592 7.678 8.347 8.128 7.406 5.963 3.817 6.102 3.505 2.621 
2.473 3.143 1.809 1.506 1.78 2.578 1.401 1.335 0.919 0.878 
0.777 0.71 0.66 0.66 0.668 0.914 0.992 1.845 1.943 1.436 
1.948 1.953 1.175 1.554 1.843 1.724 1.21 1.668 2.074 1.654 
1.672 2.693 3.507 5.207 6.772 7.456 8.833 7.174 7.87 8.319 
6.211 8.079 3.743 3.219 2.155 1.368 1.324 1.062 0.965 1.02 
1.021 1.071 1.426 2.185 3.056 2.809 2.788 2.555 3.797 3.538 
5.631 4.602 4.078 3.833 1.464 1.232 0.883 0.82 0.817 0.829 
0.879 0.986 1.084 1.215 1.16 1.236 1.169 1.289 1.494 1.531 
1.53 1.501 1.406 2.193 1.799 3.654 4.521 8.195 10.289 13.788 
15.0 15.0 15.0 14.045 11.631 8.863 4.618 3.637 1.861 2.567 
1.048 0.957 0.94 0.927 1.088 1.003 1.244 1.16 1.437 1.567 
1.245 1.153 0.82 0.863 0.679 0.689 0.668 0.777 0.953 0.971 
1.073 1.619 1.71 1.774 2.294 3.299 5.319 7.063 8.594 10.628 
10.453 12.787 10.7 9.948 8.26 7.157 6.534 5.781 4.815 3.735 
3.877 3.832 3.633 3.258 3.411 3.291 2.932 2.706 2.747 2.673 
2.215 1.825 2.514 2.411 1.544 1.907 1.121 0.827 0.671 0.613 
0.61 0.626 0.691 0.83 1.006 1.053 1.296 1.411 2.354 1.916 
2.858 2.759 2.086 2.164 2.281 1.709 1.759 1.987 1.984 1.819 
1.288 1.188 1.02 1.022 1.288 1.946 2.343 2.478 1.894 1.317 
0.929 0.987 1.046 1.429 2.496 1.826 1.334 1.275 1.086 1.072 
1.093 1.093 1.18 0.936 0.762 0.781 0.674 0.804 0.862 1.316 
1.76 2.583 1.566 2.056 2.773 1.925 2.378 2.943 3.375 2.47 
1.413 1.127 0.953 0.993 1.086 1.569 3.383 1.845 5.043 5.456 
10.393 10.708 8.627 12.606 9.996 14.648 14.71 13.106 12.913 9.74 
8.034 3.307 2.976 0.974 1.052 0.8 0.795 0.738 0.733 0.806 
0.821 0.984 0.953 1.18 1.211 1.844 2.171 2.827 
END
