PFRMAT local QA
AUTHOR LAW-CASP14
af2-standard_T1155_2.pdb local_accuracy_only 5.275 4.591 3.829 4.294 4.065 3.74 3.613 3.209 3.168 2.873 2.414 
2.284 2.242 2.083 1.94 1.993 1.989 1.944 1.958 2.145 2.081 
2.094 2.264 2.337 2.037 2.052 2.162 1.864 1.842 1.953 1.915 
1.853 2.334 1.851 1.848 1.863 1.934 1.931 1.933 2.057 2.177 
2.208 2.278 2.951 2.909 2.155 2.166 2.051 2.174 1.966 1.917 
1.914 1.903 1.739 1.798 1.87 1.895 1.842 2.018 2.147 2.07 
2.508 2.709 2.778 2.682 4.761 6.257 8.82 8.331 9.767 9.429 
8.627 9.558 9.147 9.331 8.35 7.522 4.829 4.795 4.098 7.204 
6.914 7.551 4.668 4.683 3.746 3.137 3.019 2.853 2.44 2.431 
2.157 1.914 1.881 2.072 1.795 1.763 2.035 2.217 1.838 1.954 
2.124 2.017 1.928 2.078 2.416 2.241 2.606 4.67 7.345 7.841 
9.204 11.009 12.851 14.983 15.0 
END
