PFRMAT local QA
AUTHOR MASS-CASP14
af2-standard_T1155_2.pdb local_accuracy_only 3.881 2.962 2.388 2.6 2.928 3.506 3.32 3.104 3.844 4.014 3.701 
3.323 3.008 2.529 2.02 2.191 2.403 1.982 2.274 3.213 3.222 
4.089 4.653 5.205 4.838 4.403 3.727 3.464 2.767 3.269 2.356 
2.064 1.888 1.561 1.412 1.501 1.652 1.432 1.658 1.87 1.702 
1.586 1.644 1.884 1.71 1.319 1.381 1.669 1.854 1.818 1.777 
1.819 1.447 1.38 1.693 1.727 1.407 1.438 1.754 2.109 2.268 
2.93 3.726 4.182 3.761 4.35 4.742 7.065 9.436 12.234 12.51 
12.783 14.78 15.0 15.0 15.0 11.928 10.06 6.362 5.107 3.874 
3.261 3.241 2.452 2.159 1.876 1.943 1.833 1.494 1.486 1.594 
1.473 1.467 1.591 1.671 1.498 1.312 1.64 1.641 1.492 1.54 
1.659 1.572 1.564 1.683 1.929 2.021 2.308 3.136 4.251 6.442 
8.499 11.48 14.775 15.0 15.0 
END
