PFRMAT local QA
AUTHOR MASS-CASP14
af2-standard_T1118v1_5.pdb local_accuracy_only 15.0 15.0 15.0 15.0 15.0 15.0 15.0 13.642 11.917 7.847 5.123 
4.385 3.644 3.385 3.023 2.617 2.907 2.996 2.406 2.009 1.763 
2.204 2.295 1.752 1.759 1.715 1.675 1.406 1.519 1.725 2.209 
2.195 2.216 1.736 1.775 1.52 1.711 1.84 1.951 2.497 2.805 
2.738 2.906 4.224 5.31 5.212 5.873 6.159 6.435 5.396 5.265 
5.403 5.08 4.168 3.102 2.708 2.379 2.296 2.297 1.859 1.703 
2.067 2.392 1.882 1.736 2.325 2.37 2.076 1.911 1.582 1.764 
1.677 1.718 1.892 2.013 2.269 1.976 1.893 1.431 1.274 1.307 
1.263 1.467 1.852 1.962 2.438 3.148 5.061 6.81 9.696 13.206 
15.0 15.0 15.0 15.0 15.0 15.0 15.0 15.0 15.0 15.0 
15.0 15.0 15.0 15.0 15.0 15.0 15.0 15.0 15.0 15.0 
15.0 15.0 15.0 15.0 15.0 11.129 11.208 10.657 10.414 9.682 
8.351 7.636 6.23 5.401 4.442 3.484 2.95 2.68 2.416 2.216 
2.125 1.831 1.404 1.541 1.323 1.246 1.194 1.205 1.436 1.554 
1.401 1.335 1.658 1.673 1.57 1.806 1.799 1.97 2.077 1.853 
2.188 2.236 2.07 1.947 2.452 2.687 2.317 2.836 3.229 2.613 
3.632 4.429 6.156 7.131 6.945 8.292 9.432 11.569 12.22 8.917 
5.215 4.855 4.463 3.483 2.978 2.748 3.05 3.324 2.825 3.562 
4.746 6.59 7.402 7.359 7.263 6.593 5.652 5.724 6.429 8.057 
9.04 8.514 8.731 10.587 11.628 15.0 15.0 15.0 15.0 15.0 
15.0 15.0 11.861 8.384 4.282 3.188 2.974 2.174 2.364 2.121 
1.945 2.245 1.584 1.87 1.653 1.578 1.39 1.36 1.382 1.467 
1.525 1.68 1.91 2.277 2.909 2.73 2.373 2.345 2.463 2.078 
2.154 1.733 1.639 1.831 2.162 2.716 2.966 2.715 2.904 3.011 
2.905 3.908 4.91 6.397 6.0 5.829 5.85 5.888 5.057 4.732 
3.836 3.89 3.798 4.116 4.757 6.465 7.563 8.949 7.601 7.688 
8.11 9.165 7.765 8.883 8.038 8.895 8.414 8.02 8.222 8.714 
9.78 8.35 5.883 5.781 5.721 6.605 6.205 7.326 7.672 6.742 
6.736 7.248 8.629 9.8 10.99 11.488 14.682 15.0 15.0 15.0 
14.183 15.0 13.034 11.812 11.158 9.367 8.361 7.745 8.342 7.645 
10.049 11.298 11.521 11.076 11.064 9.092 10.787 8.054 9.879 9.229 
8.898 7.152 9.194 7.794 9.709 9.294 10.099 9.539 9.411 9.781 
10.452 11.011 11.286 13.653 15.0 15.0 14.79 11.08 9.166 5.759 
4.69 3.253 2.984 3.2 3.68 3.523 3.669 3.316 4.132 4.483 
4.682 4.674 4.805 4.122 4.046 3.464 4.246 4.414 4.978 4.906 
5.887 7.198 8.246 8.412 8.417 9.933 11.05 11.906 10.258 8.676 
7.942 7.278 6.327 5.369 4.074 3.114 3.211 2.433 2.202 2.203 
2.064 2.611 2.288 2.67 3.14 3.518 3.696 3.231 2.686 3.332 
3.34 3.803 4.019 4.154 4.459 4.791 5.998 7.525 9.329 10.517 
12.781 10.825 10.683 10.589 11.282 9.247 7.184 6.481 6.018 5.114 
4.744 3.495 3.78 4.145 3.892 3.031 2.982 2.504 2.144 2.193 
2.563 3.043 3.289 3.742 4.529 6.214 7.517 8.918 9.882 10.257 
9.379 10.303 9.672 8.135 8.369 8.861 9.322 10.335 10.516 10.248 
9.627 9.149 8.768 7.019 8.299 7.201 7.729 6.819 4.551 4.303 
4.351 4.434 5.055 4.952 5.54 4.974 5.908 5.356 6.658 7.71 
8.72 10.648 12.574 15.0 15.0 15.0 15.0 15.0 15.0 12.651 
10.634 10.703 9.353 7.5 5.976 5.626 5.789 5.592 5.895 5.627 
5.952 7.22 7.027 7.677 9.997 9.399 9.861 7.538 8.193 7.514 
8.902 9.894 10.484 10.451 10.269 9.592 9.432 8.691 9.051 8.211 
7.642 6.762 5.062 4.978 3.809 4.05 3.463 3.669 3.121 3.118 
2.649 2.699 3.19 3.235 2.478 1.83 1.493 1.38 1.312 1.273 
1.116 1.327 1.353 1.588 1.518 1.76 2.083 2.102 2.178 2.459 
2.664 2.833 3.325 4.085 5.964 8.38 9.525 9.465 7.844 5.648 
4.506 3.197 2.411 1.958 2.028 1.976 1.665 1.612 1.383 1.189 
1.082 1.083 1.103 1.149 1.413 1.596 2.013 2.34 2.122 1.712 
0.758 0.013 0.002 0.002 0.009 0.042 0.463 0.989 1.12 1.022 
1.158 1.242 1.488 1.978 2.19 2.376 3.099 3.953 4.574 5.028 
3.983 2.617 2.041 1.517 1.664 1.407 1.269 1.287 1.192 1.223 
1.133 1.306 1.489 1.539 1.576 1.78 1.884 2.084 2.622 3.489 
5.119 6.05 5.409 4.506 2.722 1.798 1.428 1.481 1.244 1.335 
1.258 1.338 1.441 1.388 1.807 2.264 2.83 3.396 3.692 4.745 
4.875 5.297 5.893 6.474 7.25 7.166 6.695 4.207 2.982 2.677 
2.894 2.762 1.965 1.432 1.268 1.367 1.444 1.61 1.7 2.036 
2.715 2.893 3.906 3.687 4.6 4.201 4.62 5.141 6.414 7.075 
5.832 3.69 3.08 2.544 2.409 2.298 2.251 2.361 2.77 3.153 
4.465 5.215 6.031 7.063 6.556 6.943 6.993 7.517 7.556 9.144 
10.524 8.53 5.934 4.405 3.529 3.135 2.869 2.897 2.75 2.568 
2.57 2.406 2.5 2.183 2.069 2.339 2.582 2.985 3.583 3.256 
3.623 3.75 3.774 4.737 6.314 6.228 6.731 5.195 3.5 2.697 
2.176 1.869 1.567 1.544 1.338 1.304 1.336 1.379 1.704 1.995 
2.537 2.476 2.1 1.94 2.238 2.78 2.885 2.868 2.257 2.025 
1.675 1.573 1.379 1.726 1.697 1.357 1.377 1.075 1.188 1.271 
1.271 1.482 1.539 1.521 1.53 1.684 2.147 2.728 3.635 4.13 
4.979 4.402 4.851 4.238 3.59 2.274 1.889 1.515 1.325 1.12 
1.265 1.267 1.321 1.41 1.824 1.917 2.384 2.5 2.016 1.936 
2.368 2.693 2.75 3.096 3.632 4.324 4.304 4.541 4.414 4.205 
4.096 6.27 7.344 7.651 6.888 9.108 9.306 10.185 9.76 10.898 
10.333 10.094 8.421 9.975 10.941 
END
