PFRMAT local QA
AUTHOR LAW-CASP14
af2-standard_T1118v1_5.pdb local_accuracy_only 15.0 15.0 15.0 15.0 15.0 15.0 15.0 10.198 5.686 4.167 3.321 
2.571 2.925 1.718 2.035 1.456 1.615 1.746 1.753 2.114 1.619 
1.754 1.495 1.382 1.263 1.326 1.255 1.226 1.309 1.364 1.318 
1.401 1.499 1.494 1.63 1.544 1.979 2.533 3.597 3.519 4.244 
3.635 3.109 3.12 2.916 2.564 2.371 1.971 1.966 1.833 1.789 
2.43 2.52 3.103 2.468 2.632 2.01 2.119 2.035 1.819 1.632 
1.907 1.793 1.577 1.795 2.088 2.134 2.187 2.273 2.085 1.996 
1.946 1.828 1.944 1.793 2.051 2.055 1.764 1.807 1.651 1.853 
1.898 1.998 2.398 2.724 5.897 8.895 11.726 13.581 15.0 15.0 
15.0 15.0 15.0 15.0 15.0 15.0 15.0 13.291 13.338 10.907 
8.713 7.077 7.606 7.455 6.64 4.109 3.55 2.852 2.416 2.058 
1.917 1.433 1.475 1.863 1.994 2.033 2.257 2.151 1.546 1.492 
1.77 2.019 2.989 4.09 1.371 1.097 1.024 0.896 0.942 0.875 
0.866 0.7 0.698 0.731 0.669 0.708 0.752 0.942 0.794 0.921 
0.808 0.777 0.813 0.76 0.764 0.879 0.932 1.089 1.113 1.021 
1.371 1.079 0.915 1.121 1.256 1.106 0.99 0.918 0.948 1.166 
1.288 1.781 2.405 1.848 2.081 2.104 2.392 2.19 1.877 1.863 
2.101 1.581 2.082 1.785 1.294 0.984 0.826 1.099 1.065 3.477 
4.435 3.864 4.588 3.659 2.383 1.454 1.25 1.188 1.12 1.05 
1.356 1.421 1.669 1.848 3.121 3.552 2.912 3.897 3.204 2.298 
2.498 2.425 2.943 2.715 2.032 1.384 1.094 0.928 1.256 0.965 
0.837 0.853 0.725 0.707 0.732 0.684 0.744 0.746 0.772 0.772 
0.79 0.762 0.812 0.891 0.894 0.816 1.103 0.887 1.129 0.789 
0.895 0.821 0.872 0.794 0.887 0.857 0.826 0.855 0.884 1.006 
1.109 1.454 1.788 1.953 1.806 1.613 1.6 1.535 1.778 1.869 
2.124 1.817 2.017 1.64 1.804 3.932 2.91 2.364 2.639 2.673 
2.429 2.025 1.544 1.286 1.339 1.407 1.551 1.964 2.125 2.488 
3.082 3.396 2.39 2.1 1.626 1.416 1.199 1.136 1.244 1.379 
1.666 2.25 2.643 2.992 3.297 3.971 5.544 6.306 5.373 5.319 
5.717 7.015 6.151 5.573 4.566 3.809 2.73 2.536 2.205 1.824 
1.512 1.354 1.21 1.234 1.445 1.656 2.075 2.319 2.637 2.605 
1.828 1.882 1.843 1.501 1.348 1.26 1.335 1.588 1.9 2.14 
2.522 3.024 3.482 3.719 3.763 4.15 5.017 3.443 3.317 3.024 
2.487 2.303 2.043 1.755 2.092 2.15 2.145 1.903 2.396 2.868 
2.684 3.161 3.476 2.714 2.668 2.867 3.121 2.762 3.958 3.683 
4.351 3.398 3.93 5.25 6.068 6.63 4.588 4.277 3.797 3.435 
3.406 3.106 3.103 2.603 2.189 1.772 1.653 1.451 1.372 1.34 
1.495 1.399 1.499 1.559 1.6 1.604 1.67 1.659 1.656 1.524 
1.625 1.554 1.611 1.765 1.741 1.881 2.155 2.586 2.51 2.712 
2.694 2.627 3.093 3.136 3.45 3.796 3.617 3.233 3.057 2.675 
2.525 2.845 3.469 4.615 5.523 3.931 3.791 3.493 3.662 3.228 
3.421 3.445 3.476 3.474 3.158 3.079 2.562 2.579 2.287 2.421 
2.605 2.807 3.105 2.849 2.048 2.152 1.687 1.761 1.473 1.533 
1.493 1.569 1.77 2.018 2.658 2.516 2.859 2.81 1.918 1.837 
1.354 1.337 1.216 1.201 1.089 1.21 1.298 1.597 1.675 2.116 
2.268 2.879 2.627 2.536 2.308 2.345 2.422 2.679 3.285 3.581 
4.278 4.758 4.555 5.021 4.477 4.2 3.696 3.584 3.214 4.65 
4.686 5.584 6.014 6.731 7.011 6.613 5.982 5.401 5.369 4.313 
4.161 3.459 3.21 2.497 2.278 1.996 2.158 1.816 1.948 1.731 
1.685 1.245 1.3 1.034 1.026 0.905 0.986 0.965 1.068 1.068 
1.182 1.26 1.722 1.871 1.455 1.243 1.123 1.005 0.981 0.936 
0.863 0.916 0.862 0.946 0.959 1.01 1.102 1.187 1.319 1.577 
1.679 1.778 2.042 2.011 2.423 2.591 2.355 2.439 1.985 1.805 
1.539 1.341 1.18 1.048 1.087 0.965 1.049 0.855 0.898 0.817 
0.874 0.801 0.964 0.963 1.083 1.158 1.391 1.573 2.254 1.193 
1.188 0.964 0.971 0.85 0.881 0.833 0.805 0.759 0.738 0.799 
0.86 0.997 1.216 1.529 1.875 2.207 2.271 2.207 2.812 2.469 
2.147 1.992 1.842 1.734 1.406 1.047 1.0 0.816 0.832 0.795 
0.746 0.882 0.793 0.984 0.838 0.99 0.853 1.005 1.231 2.059 
3.308 3.774 2.193 1.635 1.237 0.987 0.888 0.84 0.823 0.825 
0.822 0.737 0.775 0.793 0.808 0.867 0.996 1.289 1.316 2.276 
2.882 3.87 5.381 6.515 7.45 5.431 4.535 3.331 2.808 2.399 
1.822 2.023 1.653 1.166 0.959 0.895 0.784 0.762 0.727 0.753 
0.759 0.83 0.875 0.96 1.059 1.219 2.269 2.665 3.838 4.047 
2.954 2.501 1.876 1.174 1.011 0.898 0.869 0.812 0.772 0.828 
0.92 0.935 1.044 1.069 1.275 1.373 1.55 2.412 3.178 3.948 
3.699 1.694 1.874 1.355 1.22 1.136 1.153 1.204 1.201 1.092 
0.876 0.876 0.824 0.776 0.824 0.81 0.879 0.856 0.952 1.134 
1.192 1.442 1.819 2.425 3.082 3.046 3.795 2.355 2.202 1.399 
1.079 1.039 0.93 0.814 0.811 0.771 0.775 0.805 0.811 0.833 
0.885 0.925 0.946 1.092 1.158 1.213 1.261 1.286 1.127 1.161 
1.082 1.022 1.067 1.039 0.948 0.93 0.859 0.816 0.797 0.744 
0.768 0.775 0.82 0.954 0.947 1.185 1.433 1.827 2.156 2.212 
2.437 2.176 2.279 1.68 1.523 1.122 1.045 0.925 0.86 0.803 
0.757 0.794 0.81 0.8 0.848 0.935 0.96 1.423 1.295 1.468 
1.651 1.429 1.37 1.46 1.511 1.441 1.882 1.818 1.702 1.8 
1.79 2.776 1.715 1.506 0.942 0.967 0.982 1.211 1.165 1.338 
1.346 1.534 1.565 1.725 1.954 
END
