PFRMAT local QA
AUTHOR LAW-CASP14
af2-standard_T1151s2_3.pdb local_accuracy_only 15.0 15.0 15.0 15.0 15.0 15.0 15.0 15.0 15.0 15.0 15.0 
15.0 15.0 15.0 15.0 15.0 15.0 15.0 15.0 15.0 15.0 
15.0 15.0 15.0 15.0 15.0 15.0 11.29 11.223 6.724 4.443 
3.2 3.097 2.323 2.758 3.269 2.979 2.289 2.646 2.167 1.585 
1.756 2.014 2.01 1.269 1.446 1.158 1.116 0.981 0.901 0.985 
0.95 0.886 0.911 0.99 0.979 0.979 0.849 0.804 0.776 0.721 
0.687 0.721 0.731 0.783 0.761 0.818 0.959 0.951 1.013 1.173 
0.911 0.97 0.928 0.805 0.735 0.75 0.827 0.784 0.877 0.836 
1.024 1.083 1.415 1.327 1.449 1.164 1.077 1.143 1.094 0.91 
0.854 0.98 0.908 0.787 0.862 0.955 0.892 0.883 1.026 1.071 
0.986 1.154 0.927 1.007 0.944 1.646 1.917 2.616 4.59 4.044 
4.102 7.082 8.493 9.046 9.87 
END
