PFRMAT local QA
AUTHOR MASS-CASP14
af2-standard_T1151s2_3.pdb local_accuracy_only 15.0 15.0 15.0 15.0 15.0 15.0 15.0 15.0 15.0 15.0 15.0 
15.0 15.0 14.951 11.876 11.244 9.873 10.098 9.078 8.086 6.884 
6.431 6.38 6.773 6.071 7.005 5.396 5.056 4.069 4.362 4.073 
3.923 3.58 3.191 3.49 3.925 3.634 4.102 4.308 3.429 2.636 
3.312 3.673 3.447 3.071 2.5 2.044 1.826 1.559 1.512 1.484 
1.473 1.236 1.288 1.416 1.446 1.391 1.268 1.187 1.227 1.257 
1.195 1.156 1.343 1.412 1.439 1.284 1.775 2.25 2.84 2.915 
2.04 1.68 1.305 1.13 1.129 1.158 1.33 1.355 1.304 1.29 
1.657 2.381 2.722 2.607 2.485 2.25 2.232 2.287 2.439 2.403 
2.523 2.908 2.408 2.698 2.421 2.292 2.265 2.807 2.73 3.299 
2.892 2.663 2.044 1.951 1.852 2.285 2.799 2.831 3.902 4.516 
6.239 7.166 8.972 11.526 13.836 
END
