PFRMAT local QA
AUTHOR LAW-CASP14
af2-standard_T1145_1.pdb local_accuracy_only 7.242 7.103 4.784 2.892 1.81 1.289 1.001 0.983 0.931 1.011 1.204 
1.454 3.074 3.0 3.023 3.274 1.767 1.7 1.208 1.024 1.052 
0.934 1.219 1.479 1.614 3.349 3.73 3.325 3.23 2.188 2.411 
2.811 2.951 1.751 1.659 1.343 1.208 1.012 1.129 1.334 1.54 
2.316 2.276 1.631 1.246 0.963 0.919 0.913 1.029 1.177 1.556 
2.34 2.308 2.166 3.219 1.783 1.509 1.268 1.073 1.021 1.01 
1.037 1.202 1.481 1.754 2.845 4.032 4.451 5.452 4.745 2.943 
1.332 1.247 1.436 1.96 2.725 6.292 5.15 2.647 1.393 1.566 
1.269 1.717 2.147 2.177 1.277 1.23 1.089 1.101 1.119 1.36 
2.058 2.012 1.691 1.384 1.261 1.197 1.233 1.25 1.248 1.382 
1.578 2.169 2.04 1.764 1.684 1.277 1.328 1.139 1.061 1.146 
1.16 1.226 1.092 1.001 1.005 1.014 0.926 1.034 0.881 0.813 
0.855 0.812 0.889 0.847 1.004 0.993 1.11 1.316 1.32 1.691 
1.531 1.626 1.415 1.242 1.079 0.961 0.896 0.813 0.839 0.96 
1.2 1.373 1.091 1.052 1.165 1.129 1.23 1.281 1.076 1.024 
0.935 0.877 0.849 0.735 0.77 0.819 0.836 0.895 0.916 0.984 
1.098 1.018 0.964 0.802 0.864 0.824 0.952 1.033 1.112 1.318 
1.629 1.891 2.143 2.114 2.083 1.952 1.553 1.486 1.191 1.159 
1.022 0.96 0.94 0.88 0.976 0.924 1.112 1.253 2.58 2.959 
5.587 3.977 4.349 3.293 3.22 2.291 2.523 2.61 4.674 1.754 
1.732 1.496 1.452 1.34 1.466 1.326 1.633 2.344 3.162 1.819 
1.342 1.506 1.225 1.078 1.259 1.988 1.527 1.166 1.079 1.073 
1.107 1.155 1.064 1.159 1.163 2.555 2.157 3.415 1.909 2.985 
2.161 2.121 1.982 1.395 1.374 1.392 1.231 1.058 0.983 0.882 
0.87 0.961 0.927 0.927 0.875 0.969 1.001 1.053 1.61 1.867 
2.076 2.882 5.19 6.737 8.278 3.622 2.887 7.862 2.297 4.112 
1.289 1.078 0.915 0.899 0.842 0.846 0.811 0.831 0.881 0.996 
1.036 1.056 1.127 1.138 0.985 0.923 0.871 0.819 0.823 0.794 
0.874 0.907 0.931 1.062 1.084 1.484 1.394 1.351 1.614 1.824 
1.776 3.14 2.223 6.309 6.693 2.331 2.589 5.498 4.999 6.929 
5.746 4.976 6.033 8.267 7.506 8.719 9.503 3.954 1.276 0.909 
0.783 0.652 0.637 0.655 0.774 0.821 1.085 1.486 2.657 1.677 
2.315 2.82 3.607 4.929 4.87 5.032 4.625 5.308 6.413 7.666 
7.41 7.376 7.64 7.529 7.766 6.684 6.635 6.63 6.89 6.971 
7.437 8.707 7.545 8.406 11.354 11.138 11.348 11.612 11.679 11.956 
10.606 10.217 9.196 6.713 4.086 4.185 2.397 1.429 2.778 0.981 
0.955 0.882 0.796 0.813 0.985 1.511 1.904 2.356 7.387 5.176 
9.644 6.716 7.682 6.207 2.591 1.597 1.486 1.428 2.114 2.88 
3.266 3.423 3.875 3.569 3.943 3.911 3.638 3.317 2.914 3.084 
2.411 3.156 3.129 3.664 2.713 2.63 2.269 4.6 5.4 7.72 
11.461 13.616 15.0 13.894 15.0 15.0 14.652 13.436 9.352 7.884 
5.37 4.842 3.435 1.764 1.765 1.745 1.633 1.493 1.857 1.652 
1.587 1.596 1.699 1.767 1.306 0.995 0.964 0.909 1.162 1.662 
5.279 3.406 6.445 8.276 8.14 8.478 9.847 9.711 8.24 6.397 
8.116 3.512 3.121 2.009 1.386 1.689 1.402 1.203 1.064 1.068 
1.116 1.33 1.221 1.257 1.455 1.385 2.189 2.636 2.558 1.391 
1.475 1.232 1.129 1.041 1.303 1.122 1.136 1.178 1.379 1.307 
1.677 1.742 1.621 1.913 1.601 1.427 1.126 1.195 1.232 1.155 
1.194 1.276 1.441 1.089 0.783 0.72 0.646 0.628 0.661 0.711 
0.876 1.202 1.639 2.875 5.333 7.82 1.716 1.185 0.951 0.845 
0.854 0.956 1.086 1.1 1.403 1.619 1.297 1.713 2.02 3.152 
2.76 7.046 6.432 10.359 10.182 15.0 15.0 13.638 13.808 10.484 
10.055 8.098 8.034 3.828 7.636 8.627 9.301 8.739 2.761 3.755 
1.592 1.514 1.21 1.387 1.152 0.845 0.982 0.937 1.176 1.637 
8.295 8.923 9.788 6.433 7.83 6.228 7.769 8.223 9.594 8.644 
8.438 2.333 1.891 1.208 1.035 0.932 0.873 0.956 1.08 1.532 
0.883 1.002 1.781 2.114 2.493 2.41 2.563 2.492 2.052 1.636 
1.353 1.113 1.059 1.096 1.196 1.407 1.479 3.352 2.271 2.452 
2.342 2.463 1.663 1.458 1.115 1.173 1.001 1.205 1.19 1.251 
1.608 1.732 1.719 1.423 1.409 1.772 2.76 2.989 2.832 1.633 
1.433 1.312 1.641 1.649 2.425 1.965 2.563 1.795 1.688 1.211 
1.128 1.022 1.072 0.957 0.888 0.878 0.897 0.979 1.037 1.412 
1.88 1.795 1.544 1.333 1.19 1.015 1.012 0.868 0.96 0.817 
0.991 0.917 1.092 1.242 
END
