PFRMAT local QA
AUTHOR MASS-CASP14
af2-standard_T1145_1.pdb local_accuracy_only 9.292 7.901 6.478 4.978 3.18 1.978 1.548 1.363 1.254 1.224 1.546 
1.981 2.711 3.023 2.538 2.312 2.274 2.508 1.975 1.363 1.239 
1.163 1.252 1.336 1.48 2.207 2.951 4.15 4.116 3.455 3.433 
3.112 2.476 2.272 2.429 2.434 2.693 2.769 2.995 3.688 3.82 
4.248 3.702 3.117 2.09 1.82 1.549 1.671 1.694 1.545 1.921 
2.547 3.212 3.387 4.052 4.018 2.625 1.787 1.3 1.08 0.987 
1.243 1.431 1.718 2.598 3.35 5.365 6.11 6.234 5.065 3.642 
2.674 2.309 1.861 2.32 3.043 4.097 2.953 2.143 1.865 1.896 
1.818 2.302 2.551 2.493 2.243 2.025 1.829 2.073 1.962 2.369 
3.415 4.099 3.243 2.202 1.617 1.835 1.94 1.577 1.811 2.14 
2.539 3.7 4.734 5.332 5.001 5.086 4.328 3.852 3.217 3.291 
3.673 4.966 3.877 3.54 2.658 2.095 1.932 2.331 2.396 2.168 
1.501 1.625 1.34 1.372 1.21 1.169 1.229 1.376 1.789 2.137 
2.315 2.598 1.914 1.395 1.016 1.061 1.088 1.145 1.465 1.935 
2.044 2.122 1.576 1.441 1.239 1.141 1.492 1.705 1.613 1.518 
1.36 1.202 1.19 1.144 1.225 1.385 1.13 1.446 1.299 1.935 
2.228 1.841 1.392 1.321 1.091 1.009 0.939 1.007 0.943 1.045 
1.263 2.162 4.112 5.661 6.439 7.8 7.468 7.417 7.114 4.645 
3.811 3.315 3.361 3.016 3.24 3.531 4.411 5.733 6.828 8.752 
6.781 6.515 6.084 5.051 4.385 5.455 5.597 6.954 8.114 10.089 
9.496 10.253 8.305 7.432 6.013 5.958 4.927 4.537 3.474 2.268 
2.016 1.85 2.099 2.257 2.882 4.031 4.496 4.114 4.345 4.149 
3.834 2.832 2.469 2.128 1.911 2.075 2.349 2.038 2.044 1.822 
1.81 1.979 1.97 1.151 1.589 1.458 1.452 1.238 1.183 1.154 
1.333 1.451 1.358 1.3 1.241 1.476 1.938 1.956 2.077 2.95 
3.71 3.708 5.327 6.687 6.821 6.463 5.661 4.578 4.045 3.129 
2.629 2.282 2.218 1.956 1.481 1.427 1.207 1.262 1.246 1.32 
1.466 1.826 2.191 2.013 1.715 1.458 1.637 1.804 1.534 1.454 
1.541 1.794 2.202 2.933 3.228 3.671 4.189 5.117 6.336 6.411 
7.123 7.486 7.792 8.073 7.323 7.571 5.982 6.758 7.047 5.755 
5.289 4.794 4.645 4.176 4.725 4.663 4.033 2.63 2.082 1.456 
1.234 1.213 1.045 1.093 1.118 1.342 1.959 3.775 5.388 6.013 
5.957 5.108 4.699 4.09 4.162 4.058 4.386 5.645 6.579 6.932 
8.924 7.947 6.015 3.787 3.345 2.366 2.617 2.356 2.268 2.088 
2.411 2.706 2.968 3.625 4.706 5.775 6.759 6.476 6.258 7.786 
8.469 8.065 8.869 7.609 6.909 5.631 5.285 4.264 3.222 2.719 
2.238 2.139 1.924 2.244 2.162 2.13 2.763 3.32 3.775 4.282 
4.318 3.944 2.978 2.258 1.513 1.314 1.121 1.137 1.382 1.933 
3.184 3.685 4.003 4.261 4.392 4.38 3.688 2.567 1.943 1.584 
1.429 1.258 1.346 1.469 1.209 1.187 1.104 1.191 1.165 1.453 
1.671 2.091 2.575 4.021 4.824 6.817 7.087 6.661 5.651 5.366 
3.94 3.135 2.02 1.519 1.555 1.494 1.336 1.456 1.71 1.828 
2.071 2.262 2.171 2.216 1.835 1.274 1.21 1.23 1.279 1.706 
2.586 3.42 4.359 5.016 4.44 4.438 4.25 4.892 4.161 4.24 
3.866 3.447 4.42 4.201 3.775 2.9 2.388 1.463 1.532 1.353 
1.415 1.769 1.94 2.226 2.494 2.232 3.349 3.701 3.867 2.863 
2.171 1.781 1.362 1.369 1.11 0.997 1.036 0.945 1.206 1.315 
1.732 1.532 1.361 1.473 1.402 1.739 1.813 1.873 1.72 1.296 
1.965 2.424 2.173 1.826 1.356 1.208 1.022 1.03 0.919 0.899 
1.103 1.293 1.582 2.282 2.852 2.552 2.385 1.705 1.639 1.26 
1.257 1.334 1.6 1.536 1.806 1.776 2.226 2.262 3.295 3.11 
3.164 3.23 3.222 3.997 3.776 4.453 5.306 5.635 6.597 6.678 
6.635 6.053 6.567 6.028 6.059 5.54 4.533 4.031 3.341 2.355 
1.689 1.598 1.529 1.685 1.389 1.185 1.32 1.323 1.637 2.095 
2.928 3.519 4.445 5.153 4.696 5.19 4.155 4.007 3.77 3.505 
2.557 1.854 1.356 1.49 1.205 1.177 1.177 1.312 1.699 2.323 
2.032 2.2 2.39 2.567 2.639 2.938 2.668 2.467 2.058 1.649 
1.438 1.238 1.299 1.308 1.308 1.509 1.563 2.064 2.727 3.482 
3.768 3.058 2.075 1.456 1.387 1.148 0.92 0.869 0.976 1.117 
1.512 1.668 1.641 1.369 1.644 2.207 2.244 2.674 2.517 2.049 
1.744 1.495 1.431 1.267 1.362 1.546 1.846 1.824 1.601 1.252 
1.186 1.207 1.187 1.059 0.874 0.889 0.866 0.845 0.901 1.189 
1.536 2.028 1.813 1.805 1.553 1.497 1.316 1.33 1.271 1.247 
1.11 1.037 1.209 1.361 
END
