PFRMAT local QA
AUTHOR LAW-CASP14
af2-standard_T1180_1.pdb local_accuracy_only 1.222 1.09 0.831 0.778 0.783 0.724 0.77 0.771 0.859 1.1 1.533 
1.7 2.424 1.868 2.416 2.111 1.526 1.611 1.879 1.459 1.352 
1.539 1.555 1.128 1.332 1.551 1.361 1.342 0.883 0.866 0.732 
0.77 0.694 0.741 0.815 0.92 1.174 1.383 1.46 2.671 3.196 
3.245 3.041 2.627 2.411 1.67 1.569 1.722 1.506 1.18 1.359 
1.398 1.178 1.166 1.454 1.46 1.221 1.718 1.775 1.017 0.907 
0.767 0.717 0.738 0.738 0.937 1.206 2.201 3.03 3.402 2.004 
3.295 2.933 3.181 3.55 3.096 1.878 2.871 3.044 2.333 2.055 
1.452 1.474 1.467 1.494 1.021 1.339 1.361 1.128 1.096 1.463 
1.343 1.301 1.252 0.928 0.897 0.735 0.738 0.675 0.715 0.772 
0.915 1.062 1.278 1.525 1.495 1.675 1.674 1.262 1.494 1.707 
1.585 1.389 1.938 1.993 1.84 2.08 2.501 1.649 1.508 0.946 
0.917 0.768 0.715 0.73 0.667 0.704 0.71 0.888 0.994 0.978 
1.0 1.068 1.06 1.319 1.198 1.214 1.151 0.935 1.068 1.027 
0.919 0.82 0.976 1.031 0.908 0.961 1.171 1.219 1.288 0.905 
0.862 0.765 0.743 0.648 0.668 0.665 0.745 0.883 0.98 1.199 
1.287 1.269 1.409 1.241 1.087 1.257 1.268 0.98 1.001 1.2 
1.116 1.036 1.228 1.333 1.185 1.296 1.645 1.68 1.688 1.67 
1.545 1.028 0.916 0.791 0.692 0.724 0.707 0.827 0.835 1.074 
1.087 1.065 0.92 0.977 0.997 0.893 0.879 1.109 1.088 0.941 
1.062 1.268 1.132 1.071 0.856 0.826 0.725 0.745 0.777 0.874 
1.202 1.369 2.227 2.504 2.135 2.493 1.801 1.724 1.195 1.387 
1.367 1.902 1.367 3.564 3.607 2.214 4.779 5.415 4.881 4.437 
5.125 4.045 2.741 3.333 4.028 3.499 3.233 1.718 0.988 0.736 
0.696 0.724 0.81 0.927 1.164 1.297 1.313 1.072 1.136 0.898 
1.155 1.151 1.035 0.924 1.176 1.139 1.066 1.141 1.477 1.373 
1.421 1.554 1.12 1.138 1.033 0.945 1.171 1.096 1.286 1.417 
1.357 1.392 1.699 1.857 1.83 2.108 2.351 1.988 1.894 1.582 
1.803 1.894 1.742 1.755 2.06 2.02 1.892 1.821 1.629 1.613 
1.515 1.407 1.262 1.265 1.168 1.114 1.131 1.151 1.114 1.143 
1.336 1.384 1.373 1.583 2.02 2.048 2.097 1.174 0.975 0.825 
0.815 0.856 0.91 1.197 1.233 1.546 1.309 1.399 1.613 1.461 
1.554 1.419 1.277 1.376 1.261 1.182 0.946 0.993 1.156 1.182 
0.854 0.801 0.726 0.7 0.781 0.825 0.959 1.039 1.167 1.211 
1.213 1.255 1.203 1.309 1.413 1.409 1.612 1.84 2.658 3.779 
6.788 8.459 7.996 8.738 8.522 5.343 7.045 5.263 3.624 2.354 
1.713 1.365 1.372 1.53 1.357 1.377 1.518 1.34 1.352 1.492 
1.57 1.565 1.486 1.823 1.701 1.228 1.355 1.755 1.227 0.935 
0.834 0.791 0.819 0.786 0.94 1.035 1.247 1.352 1.189 1.243 
1.129 1.106 1.018 0.921 0.917 0.897 0.832 0.766 0.923 0.989 
0.92 0.884 1.189 
END
