PFRMAT local QA
AUTHOR MASS-CASP14
af2-standard_T1180_1.pdb local_accuracy_only 3.087 1.96 1.454 1.125 0.941 0.815 0.789 0.828 0.868 0.974 1.236 
1.331 1.758 1.984 2.453 2.142 1.897 1.958 2.035 1.805 1.913 
1.891 1.669 1.654 1.808 1.812 1.785 1.952 1.414 1.15 0.936 
0.017 0.002 0.002 0.142 1.146 1.367 1.604 1.806 2.407 3.227 
4.382 4.258 3.336 2.54 1.888 2.129 1.869 1.684 1.559 1.623 
1.526 1.299 1.449 1.559 1.497 1.346 1.763 1.847 1.504 1.344 
1.252 1.114 1.103 1.313 1.49 1.974 2.807 4.162 5.729 6.165 
7.349 6.603 6.239 6.13 5.515 5.13 3.935 3.293 2.586 2.642 
2.079 1.936 1.935 1.719 1.398 1.619 1.597 1.406 1.482 1.86 
2.009 2.128 1.985 1.717 1.414 1.016 0.954 0.996 0.929 1.064 
1.284 1.535 1.799 1.853 2.146 2.091 1.889 1.572 1.997 1.969 
1.597 1.654 2.022 2.225 2.239 2.865 3.222 3.32 3.121 2.206 
1.46 1.035 1.071 1.02 0.994 0.923 1.086 1.152 1.486 1.765 
1.59 1.558 1.482 1.614 1.698 1.742 1.63 1.301 1.597 1.551 
1.359 1.194 1.289 1.34 1.318 1.469 1.536 1.454 1.561 1.327 
1.2 1.066 1.027 0.809 0.751 0.582 0.738 0.838 1.107 1.558 
1.406 1.55 1.686 1.554 1.596 1.676 1.448 1.244 1.359 1.562 
1.567 1.652 1.791 1.812 1.579 1.96 2.085 2.308 1.968 2.282 
1.838 1.243 1.165 0.993 0.909 0.948 0.976 0.926 0.941 1.201 
1.434 1.532 1.412 1.427 1.284 1.413 1.448 1.487 1.663 1.83 
2.001 1.878 1.509 1.603 1.342 1.203 1.074 1.119 1.141 1.225 
1.281 1.615 2.142 3.221 3.868 4.461 4.721 4.075 3.922 3.187 
3.022 3.091 3.346 3.538 3.959 4.032 4.149 4.754 4.132 4.071 
4.467 4.126 4.006 3.831 4.376 4.667 3.264 2.032 1.4 1.215 
1.107 1.045 0.94 1.039 1.292 1.891 2.465 2.495 2.75 2.619 
2.235 1.823 1.475 1.521 1.529 1.353 1.118 1.147 1.322 1.417 
1.601 1.664 1.692 1.884 1.943 1.712 1.63 1.579 1.746 1.698 
1.498 1.524 1.846 2.023 2.136 2.222 2.7 2.38 1.908 1.773 
2.03 2.176 1.75 2.252 2.467 2.729 2.807 2.018 1.987 2.301 
1.966 1.449 1.761 1.763 1.636 1.524 1.601 1.739 1.45 1.436 
1.668 1.682 1.549 2.189 2.507 2.654 2.357 2.012 1.516 1.105 
0.963 0.909 0.905 1.053 1.206 1.244 1.304 1.531 2.125 2.073 
2.24 2.003 1.588 1.356 1.613 1.502 1.143 1.475 1.663 1.692 
1.717 1.585 1.292 1.209 1.258 1.177 1.257 1.353 1.258 1.205 
1.618 1.635 1.473 1.641 1.978 2.06 2.35 2.851 3.54 3.826 
3.882 3.866 3.396 4.021 4.386 4.074 4.683 4.191 4.579 3.703 
2.846 2.388 2.19 1.737 1.493 1.754 1.945 1.734 1.829 1.896 
1.754 1.667 1.809 1.843 1.659 1.646 1.715 1.584 1.388 1.361 
1.209 1.125 1.276 1.253 1.38 1.927 2.049 2.828 2.492 2.328 
1.823 1.733 1.421 1.314 1.163 1.321 1.31 1.126 1.227 1.574 
1.553 1.339 1.747 
END
