PFRMAT local QA
AUTHOR MASS-CASP14
af2-standard_T1159_4.pdb local_accuracy_only 3.369 2.808 2.061 2.37 2.804 3.796 3.666 3.687 4.192 3.764 2.953 
3.35 3.12 3.164 3.321 3.436 2.861 2.456 2.352 2.258 2.119 
2.19 2.36 2.105 1.827 1.549 1.656 1.853 2.326 2.535 2.21 
1.933 1.493 1.93 1.964 1.484 1.499 1.291 1.425 1.123 0.951 
1.029 1.106 1.028 1.162 1.018 0.958 0.904 0.974 1.033 1.08 
1.23 1.288 1.233 1.426 1.154 1.178 1.413 1.517 1.115 0.945 
1.189 1.501 1.461 1.741 2.344 2.247 1.978 1.553 1.666 1.71 
1.554 1.404 1.336 1.356 1.828 2.025 1.934 1.655 1.388 1.187 
1.361 1.401 1.482 1.359 1.366 1.201 1.559 1.552 1.222 1.014 
0.909 0.945 0.922 0.902 0.893 1.064 1.282 1.948 2.463 2.32 
1.501 1.236 1.125 1.128 1.059 0.952 0.844 0.868 0.954 1.115 
1.216 1.176 1.104 0.845 1.005 1.097 1.213 1.384 1.333 1.653 
1.361 1.295 1.406 1.758 1.912 1.638 1.731 1.799 1.495 1.217 
1.251 1.224 1.37 1.613 1.487 1.388 1.601 1.852 1.847 1.893 
2.162 2.294 1.932 1.465 1.531 1.814 1.894 2.712 2.769 2.451 
1.558 1.279 1.127 1.146 1.028 1.031 1.126 1.491 1.614 
END
