PFRMAT local QA
AUTHOR LAW-CASP14
af2-standard_T1159_4.pdb local_accuracy_only 2.78 4.056 5.061 4.838 6.261 5.683 5.328 5.639 5.302 4.469 2.179 
4.283 2.623 2.116 1.502 1.644 1.635 1.393 1.288 1.426 1.426 
1.151 1.37 1.414 1.467 1.523 1.188 1.485 1.672 2.014 2.085 
2.234 1.944 2.454 2.939 3.189 2.303 2.149 1.477 1.013 0.856 
0.917 0.934 0.822 0.755 0.744 0.773 0.784 0.919 0.879 0.991 
1.06 1.162 1.065 1.165 0.982 0.937 1.051 1.067 1.021 0.933 
1.376 1.339 1.304 1.56 1.244 1.473 1.877 1.219 1.777 2.592 
2.456 1.819 2.722 1.681 2.66 2.705 2.311 1.83 1.75 1.226 
1.752 1.306 1.535 1.454 1.43 1.098 1.132 1.109 0.987 1.033 
0.868 0.834 0.827 0.836 0.961 1.413 2.131 3.796 4.28 4.155 
3.672 1.047 0.906 0.836 0.857 0.812 0.835 0.928 1.009 1.146 
1.269 1.125 0.974 0.906 0.945 0.948 0.96 1.147 1.02 1.245 
1.121 1.014 1.015 1.148 1.234 1.193 1.506 1.14 0.967 0.933 
0.993 0.983 1.151 1.147 1.07 1.189 1.367 1.501 1.509 1.513 
1.643 1.613 1.527 1.277 1.232 1.526 1.325 2.211 2.214 1.649 
1.564 1.048 1.07 0.872 0.972 1.053 1.213 1.789 1.375 
END
