PFRMAT local QA
AUTHOR MASS-CASP14
af2-standard_T1130_4.pdb local_accuracy_only 13.677 13.259 12.014 11.032 13.143 11.854 12.147 11.906 11.682 11.866 11.577 
12.225 11.551 11.251 12.04 13.308 13.224 12.758 12.678 12.715 11.93 
10.702 8.652 8.079 7.1 5.936 5.543 4.744 4.51 4.074 3.735 
3.85 3.512 3.657 3.679 3.93 4.348 4.37 4.566 4.958 5.184 
4.088 3.201 2.226 1.948 1.831 1.705 1.24 1.635 2.0 2.163 
1.995 1.612 1.947 1.966 2.096 2.857 3.306 3.992 5.072 6.204 
6.989 7.202 6.82 5.855 5.343 4.481 3.561 3.17 3.05 2.968 
2.399 2.692 2.702 2.738 2.564 3.151 3.622 4.145 5.023 7.041 
9.569 10.263 9.672 9.27 10.329 9.73 8.627 7.384 7.004 6.086 
4.917 5.357 5.652 5.48 4.857 5.761 4.994 5.443 6.24 7.768 
11.259 10.354 11.468 13.526 11.719 9.67 7.915 7.064 6.255 5.807 
4.252 4.378 4.084 3.439 2.509 2.656 2.341 2.18 1.811 2.039 
2.227 1.707 1.79 2.156 2.003 1.89 2.301 2.488 2.365 2.89 
2.923 3.56 4.417 4.608 4.409 3.53 3.567 3.135 2.608 2.421 
2.171 2.121 1.866 1.614 1.689 1.899 1.583 1.647 1.706 2.177 
2.413 2.639 3.091 3.49 3.566 4.159 4.126 3.863 3.828 3.178 
2.734 1.977 2.651 2.408 1.728 1.785 1.869 1.749 1.681 1.55 
1.905 2.035 1.84 2.24 2.624 3.081 2.913 3.779 4.515 4.782 
4.951 4.719 4.229 3.566 4.655 5.284 5.212 6.094 6.129 6.563 
7.089 9.886 11.614 14.602 15.0 15.0 15.0 
END
