PFRMAT local QA
AUTHOR LAW-CASP14
af2-standard_T1130_4.pdb local_accuracy_only 15.0 15.0 15.0 15.0 15.0 15.0 15.0 15.0 15.0 15.0 15.0 
15.0 15.0 15.0 15.0 15.0 15.0 15.0 15.0 15.0 15.0 
15.0 15.0 15.0 15.0 15.0 15.0 15.0 14.58 12.759 11.177 
9.537 8.226 5.231 4.368 5.044 3.606 2.491 4.312 3.947 3.247 
2.632 1.871 1.71 1.596 1.685 1.59 1.608 1.715 1.768 1.707 
1.825 1.904 2.226 2.911 2.92 3.351 5.332 6.85 8.123 9.164 
8.217 7.359 8.351 6.319 5.742 4.031 4.073 3.541 2.771 2.527 
2.204 2.145 2.313 2.15 2.172 2.435 3.68 4.138 4.099 4.099 
5.817 6.916 7.972 7.555 9.685 9.49 8.347 6.796 7.099 5.31 
3.438 5.044 4.891 3.837 4.443 5.012 5.07 4.784 5.451 5.629 
5.777 6.271 8.295 9.868 10.777 9.562 8.424 8.263 7.492 6.991 
5.127 5.533 5.059 3.717 2.733 3.173 2.524 1.974 1.896 1.948 
1.721 1.734 1.813 1.844 1.853 1.776 1.833 2.187 1.865 2.35 
2.096 3.079 2.902 2.761 3.604 2.834 2.909 2.623 2.301 2.352 
2.543 2.218 1.859 1.875 1.973 1.779 1.633 1.608 1.765 1.743 
1.688 1.755 1.94 1.728 1.929 2.018 2.14 2.389 2.532 2.589 
2.796 1.853 2.922 2.423 1.813 1.628 1.783 1.584 1.422 1.5 
1.564 1.502 1.582 1.803 1.707 2.207 2.185 2.205 2.809 4.817 
5.4 6.706 5.591 5.591 7.264 6.766 6.935 8.578 9.018 9.7 
9.059 11.528 12.124 11.616 11.88 8.163 11.361 
END
