PFRMAT local QA
AUTHOR LAW-CASP14
af2-standard_T1155_1.pdb local_accuracy_only 6.585 5.677 4.508 4.881 4.526 4.077 3.943 3.486 3.391 3.055 2.568 
2.473 2.359 2.217 2.08 2.151 2.111 2.065 2.098 2.255 2.159 
2.171 2.358 2.427 2.127 2.152 2.21 1.923 1.916 2.053 1.987 
1.942 2.717 1.895 1.931 1.956 2.141 2.161 2.208 2.474 2.626 
2.742 3.221 3.921 4.213 3.322 3.688 3.439 3.495 3.115 2.888 
2.663 2.6 2.28 2.254 2.279 2.182 2.066 2.21 2.298 2.332 
2.471 2.799 2.862 2.893 4.36 5.085 6.016 5.378 5.242 3.822 
4.661 3.871 6.344 7.565 8.136 8.402 6.744 6.788 5.32 6.971 
6.52 7.1 6.109 6.299 5.752 4.769 4.335 4.223 3.052 2.85 
2.372 2.132 2.015 2.178 1.831 1.783 2.02 2.181 1.968 1.989 
2.142 2.103 2.072 2.292 2.709 2.725 3.231 4.502 5.968 7.835 
10.258 11.452 13.57 13.789 15.0 
END
