PFRMAT local QA
AUTHOR MASS-CASP14
af2-standard_T1155_1.pdb local_accuracy_only 3.524 2.763 2.232 2.556 2.915 3.693 3.54 3.269 3.963 3.988 3.669 
3.29 2.983 2.476 2.032 2.17 2.299 1.859 2.209 3.072 3.097 
3.716 4.265 4.733 4.466 4.068 3.432 3.314 2.581 3.212 2.352 
2.116 2.023 1.687 1.518 1.532 1.725 1.56 1.706 1.992 1.782 
1.58 1.658 2.01 1.81 1.421 1.49 1.859 2.14 2.074 2.013 
2.09 1.618 1.513 1.768 1.908 1.454 1.579 1.975 2.472 2.613 
3.488 4.074 4.307 3.54 3.319 3.222 4.024 5.429 6.415 7.435 
8.55 10.829 11.599 12.909 13.985 12.762 12.946 9.271 7.198 6.088 
4.819 4.527 3.382 3.028 2.483 2.451 2.218 1.789 1.783 1.863 
1.662 1.609 1.797 1.843 1.642 1.463 1.808 1.767 1.573 1.703 
1.827 1.668 1.62 1.811 1.991 2.21 2.578 3.613 5.305 7.66 
9.877 13.806 15.0 15.0 15.0 
END
