PFRMAT local QA
AUTHOR MASS-CASP14
af2-standard_T1125_5.pdb local_accuracy_only 14.293 12.136 10.629 9.541 9.015 10.323 10.603 11.115 12.733 12.351 13.077 
14.137 15.0 14.711 13.176 12.79 11.204 10.649 10.067 8.773 7.878 
6.519 6.508 5.297 5.594 4.96 4.879 4.315 4.823 4.895 4.772 
4.909 5.119 4.806 4.87 5.127 6.922 7.324 7.226 8.754 8.403 
8.784 9.905 10.011 9.095 6.096 6.055 5.325 4.795 4.624 4.348 
4.215 3.639 4.002 4.644 5.232 5.858 7.142 8.18 9.636 9.918 
12.095 12.02 12.546 11.218 10.963 9.675 10.22 9.958 7.518 8.402 
8.692 7.686 7.033 7.271 8.049 8.404 7.227 7.575 7.738 8.052 
7.94 8.278 7.305 5.667 5.343 5.031 5.001 3.877 3.611 3.558 
3.608 2.647 2.764 2.734 3.012 2.709 2.517 2.666 2.733 2.55 
3.048 3.712 3.667 3.613 3.967 4.973 4.871 4.078 3.144 3.21 
2.793 2.464 2.453 2.627 2.363 2.097 2.263 2.211 1.839 2.049 
2.418 2.332 2.183 2.688 3.182 3.6 3.626 4.547 4.373 5.615 
6.414 8.233 9.37 11.862 12.957 15.0 15.0 15.0 15.0 15.0 
15.0 14.798 12.439 11.911 12.251 11.185 10.367 9.731 9.353 8.526 
8.468 7.761 8.105 7.13 7.095 7.511 7.663 6.788 5.277 5.606 
5.585 5.792 5.199 5.524 6.107 5.19 4.388 4.308 3.326 3.287 
2.925 3.382 3.913 3.677 4.452 4.297 4.728 4.838 4.89 6.332 
6.646 5.759 5.873 4.484 3.296 2.271 1.879 2.067 2.015 2.102 
2.089 2.271 2.237 2.249 2.438 2.829 2.475 2.605 2.868 2.964 
2.942 2.621 2.638 2.511 2.296 2.45 2.414 2.836 2.342 2.288 
2.641 2.659 2.376 2.311 2.577 2.561 2.413 2.481 3.07 3.091 
2.881 3.264 3.654 3.722 4.24 4.976 5.97 7.203 6.562 5.625 
7.303 8.213 8.771 6.134 5.179 4.016 3.469 3.379 3.052 3.339 
3.737 3.3 2.94 3.139 3.346 2.982 2.574 2.694 2.445 2.434 
2.74 2.734 2.984 2.99 3.301 3.359 3.008 2.715 2.483 2.384 
2.426 2.68 2.353 2.23 2.234 2.132 1.959 1.887 2.301 2.357 
2.338 3.065 3.27 3.245 3.489 4.095 3.954 3.505 3.373 3.824 
4.164 3.922 4.431 5.571 6.201 6.317 7.128 7.675 6.654 5.35 
5.307 5.688 4.43 4.124 4.566 5.454 5.21 4.576 5.438 5.976 
5.246 4.692 4.752 5.043 4.622 5.666 4.981 5.148 5.061 4.855 
4.759 4.557 4.608 4.673 4.279 4.984 4.498 4.69 4.935 5.795 
5.843 5.479 5.747 7.184 7.774 8.446 10.114 8.827 10.32 11.23 
13.529 15.0 15.0 15.0 13.882 13.559 13.165 11.968 12.889 13.351 
12.57 12.226 12.153 12.343 10.62 8.336 7.495 6.616 6.342 6.154 
5.535 6.37 6.479 6.402 6.466 8.424 7.731 8.211 8.809 8.117 
7.843 7.899 7.106 5.662 4.419 4.281 4.434 4.303 4.47 4.294 
5.203 5.523 4.943 4.748 4.829 4.997 4.866 4.409 4.072 3.756 
3.868 3.645 3.424 3.523 3.448 3.418 3.326 3.304 3.737 4.479 
4.657 4.339 4.993 4.355 4.145 3.759 4.035 3.554 3.101 3.138 
3.256 3.035 3.121 2.697 3.127 3.245 3.526 4.211 4.747 5.174 
6.784 8.241 8.136 8.7 8.388 7.767 7.384 6.835 6.105 4.475 
4.49 3.778 3.551 3.73 3.48 3.977 4.169 4.05 4.764 5.114 
6.73 8.067 9.196 10.26 10.344 10.143 9.854 9.98 10.702 9.669 
8.258 8.247 8.582 8.22 7.609 7.557 8.089 7.706 8.22 8.258 
10.776 10.55 11.226 12.536 13.55 13.966 15.0 15.0 13.708 10.9 
10.04 8.664 8.697 7.124 6.986 7.012 7.838 8.67 7.955 10.266 
10.25 10.756 10.275 11.173 12.184 11.385 13.614 15.0 13.793 14.522 
14.726 15.0 15.0 15.0 14.332 11.999 14.24 11.34 11.168 13.083 
12.12 11.873 11.8 10.998 11.081 9.636 8.319 7.857 7.17 7.015 
7.039 6.635 7.382 7.305 6.392 7.048 9.303 9.485 9.559 9.336 
8.911 7.814 8.259 7.382 6.482 6.113 5.586 4.832 4.091 3.936 
3.775 3.957 4.235 3.529 2.87 2.305 2.097 2.134 1.924 1.802 
1.739 1.647 1.51 1.43 1.513 1.772 2.405 3.26 3.895 3.282 
2.698 2.737 2.307 2.599 2.525 2.419 1.959 1.551 1.305 1.129 
1.072 1.146 1.368 1.801 2.11 2.097 2.441 2.69 2.653 2.518 
2.672 2.699 3.069 3.384 3.508 3.646 4.767 5.821 6.825 7.568 
7.645 7.342 6.905 7.248 7.45 7.532 6.659 5.579 5.086 4.306 
5.335 4.948 4.8 4.882 6.443 6.407 5.101 5.737 6.057 5.113 
4.713 4.755 5.225 4.422 3.754 3.222 3.145 2.96 2.815 2.688 
3.133 4.043 4.761 5.585 5.478 5.861 7.11 7.627 7.653 7.263 
8.006 8.776 9.34 10.384 11.963 11.946 12.813 13.634 15.0 15.0 
15.0 15.0 15.0 15.0 15.0 15.0 15.0 15.0 10.323 6.373 
4.24 2.814 2.327 2.6 2.638 3.682 3.324 4.16 4.608 4.881 
5.412 6.273 6.554 6.022 6.806 7.128 7.261 7.101 6.034 6.246 
6.516 6.0 6.597 7.212 7.57 7.573 6.469 5.493 5.863 5.86 
5.884 5.674 5.247 6.039 4.985 4.477 4.853 5.366 4.967 4.833 
5.299 5.781 6.594 7.0 7.572 8.302 9.006 10.112 11.658 11.543 
11.677 11.027 11.368 12.887 12.413 11.341 11.066 12.22 10.736 8.743 
7.566 7.278 5.907 4.261 3.827 4.789 3.734 3.711 3.699 3.567 
3.43 3.325 4.017 3.93 3.524 3.356 3.323 3.255 3.32 4.632 
4.279 4.924 4.574 5.407 5.79 7.862 8.618 10.51 12.413 12.718 
13.974 15.0 15.0 14.99 14.686 15.0 15.0 15.0 15.0 15.0 
15.0 15.0 15.0 15.0 15.0 15.0 15.0 15.0 15.0 15.0 
15.0 15.0 15.0 15.0 15.0 15.0 15.0 15.0 15.0 15.0 
15.0 15.0 14.685 10.978 11.408 11.483 11.469 11.106 12.589 13.167 
12.922 12.694 11.802 13.189 13.89 14.945 15.0 15.0 15.0 15.0 
15.0 15.0 15.0 15.0 15.0 15.0 15.0 15.0 15.0 15.0 
15.0 15.0 15.0 15.0 15.0 15.0 15.0 15.0 15.0 15.0 
13.5 12.82 11.13 9.362 7.525 6.934 6.078 5.877 6.31 6.995 
7.158 7.613 6.756 7.539 6.686 8.785 8.47 8.898 10.442 11.105 
13.259 13.59 15.0 15.0 15.0 14.914 13.76 11.077 6.431 4.808 
3.803 3.457 2.507 2.934 3.146 2.908 2.784 2.664 2.881 2.495 
2.73 2.643 2.575 2.846 2.839 3.228 3.741 3.498 3.688 3.387 
4.295 4.63 4.638 3.896 3.601 2.985 2.375 1.831 2.07 2.015 
2.054 1.488 2.024 2.548 2.693 2.738 2.51 2.493 2.192 2.03 
2.421 2.142 2.195 2.175 2.297 1.867 1.85 1.975 1.794 1.604 
1.977 2.187 1.957 2.136 1.979 2.082 1.983 1.563 1.586 1.752 
1.771 1.63 1.687 1.757 1.768 1.643 2.079 2.389 2.754 2.456 
2.132 2.264 2.077 1.816 2.012 1.789 2.152 2.166 2.75 2.906 
3.243 2.921 2.328 2.378 2.753 2.41 2.427 2.735 3.587 4.446 
4.429 4.757 6.557 7.865 8.857 9.065 9.966 10.902 10.729 9.499 
9.007 10.372 8.202 7.147 6.883 6.497 7.425 7.766 8.43 9.593 
9.875 10.702 9.674 10.501 10.336 8.748 7.368 6.728 5.707 5.31 
4.911 5.143 4.493 4.641 4.529 5.131 6.238 7.126 7.455 8.188 
7.985 7.818 8.37 7.903 7.981 7.539 8.271 9.008 9.247 9.054 
8.394 9.836 7.726 7.992 8.334 7.669 6.894 6.921 6.431 5.405 
5.017 5.266 5.243 4.687 4.037 4.241 3.902 4.039 4.161 4.593 
5.013 4.085 4.834 4.792 4.753 4.175 3.291 3.561 3.186 2.664 
2.211 2.234 2.458 2.528 2.058 2.233 2.392 2.308 2.269 2.575 
2.806 2.718 3.389 4.295 4.4 3.584 3.912 3.927 3.331 3.073 
3.114 3.32 2.961 2.777 2.835 2.641 2.585 2.413 2.824 2.405 
2.556 2.794 3.522 4.11 3.947 3.851 4.033 4.279 4.612 4.343 
3.872 4.649 4.686 4.914 4.261 4.45 4.738 4.4 4.405 5.204 
6.811 7.678 7.864 6.702 7.601 6.408 6.105 5.762 5.668 6.16 
5.59 4.622 5.551 5.986 7.294 5.97 5.805 5.197 5.332 5.742 
5.006 6.408 5.177 5.32 4.985 5.025 5.281 5.208 5.682 6.241 
5.795 5.702 7.889 8.362 8.523 8.338 9.117 9.09 9.475 9.024 
10.603 11.75 11.591 10.878 11.724 13.738 12.104 11.664 12.2 11.139 
9.67 8.787 9.076 7.598 6.9 6.471 5.968 6.35 6.459 6.429 
6.29 6.214 6.024 6.611 6.718 6.653 5.498 6.094 6.167 5.988 
6.785 5.924 5.994 4.985 5.216 5.784 5.845 5.378 5.644 6.379 
6.254 6.469 6.942 6.607 6.949 5.41 5.663 5.837 5.41 5.12 
5.321 5.843 6.507 6.747 6.467 8.574 8.419 7.416 6.677 6.31 
7.641 6.007 6.464 7.195 8.47 8.369 7.294 9.342 9.72 9.852 
8.827 8.027 7.77 8.0 9.394 10.234 9.128 9.587 9.604 10.841 
10.613 11.936 11.307 8.68 8.977 7.359 6.947 5.469 4.415 4.362 
4.71 4.103 3.374 3.347 3.93 3.511 3.53 3.507 3.778 4.094 
4.255 4.638 4.61 6.265 6.627 6.44 6.334 7.407 7.766 7.976 
8.033 10.06 10.594 11.611 13.454 12.245 13.049 15.0 15.0 
END
