PFRMAT local QA
AUTHOR LAW-CASP14
af2-standard_T1125_5.pdb local_accuracy_only 2.303 2.409 2.496 2.448 2.477 2.537 2.72 3.061 3.444 4.172 5.124 
6.221 8.54 11.279 11.775 11.729 11.753 8.9 8.497 9.169 8.259 
7.568 3.961 3.786 2.409 1.869 1.837 1.772 1.589 1.528 1.616 
1.516 1.679 1.738 1.796 1.877 2.276 2.343 2.613 3.364 3.628 
3.977 3.271 2.859 2.402 2.76 2.347 2.263 2.086 2.165 2.167 
2.2 1.871 2.579 2.924 3.078 3.819 5.903 6.439 8.432 8.46 
10.464 9.684 8.717 3.134 1.925 1.52 1.451 1.522 1.425 1.368 
1.408 1.61 1.525 1.602 1.805 2.423 2.243 3.506 3.69 4.216 
4.966 5.429 5.778 3.313 3.057 1.661 1.76 1.766 1.421 1.297 
1.296 1.218 1.144 1.19 1.33 1.118 1.18 1.366 1.162 1.139 
1.556 1.397 1.995 1.317 1.562 1.381 1.357 1.204 1.195 1.222 
1.187 1.044 1.149 1.157 1.124 1.096 1.165 1.117 1.125 1.148 
1.196 1.267 1.206 1.213 1.375 1.447 1.348 1.418 1.62 1.82 
2.434 3.78 7.364 6.89 10.486 7.922 11.394 12.516 11.418 8.953 
5.211 3.916 3.648 3.057 2.879 2.768 2.38 2.178 2.51 2.078 
1.98 1.922 2.17 2.123 2.13 2.27 2.443 2.423 2.378 2.609 
2.959 3.111 2.433 3.349 3.902 3.475 2.986 2.327 1.977 1.512 
1.436 1.613 1.573 1.398 1.455 1.566 1.64 1.635 1.675 1.962 
2.551 3.642 6.148 6.021 5.898 2.472 1.959 1.659 1.656 1.592 
1.544 1.574 1.529 1.463 1.616 1.539 1.445 1.448 1.471 1.479 
1.489 1.491 1.469 1.46 1.443 1.391 1.441 1.394 1.461 1.541 
1.52 1.343 1.48 1.411 1.39 1.311 1.538 1.313 1.371 1.55 
1.57 1.531 1.523 1.684 2.047 2.748 3.383 5.232 4.032 4.088 
5.185 4.277 3.073 3.061 2.592 2.335 2.186 2.248 1.996 2.216 
2.24 2.146 1.959 1.939 2.174 1.885 1.835 1.996 1.865 1.68 
2.083 1.877 1.737 2.175 2.328 2.083 1.953 2.266 1.379 1.427 
1.218 1.24 1.208 1.193 1.133 1.179 1.111 1.2 1.307 1.312 
1.307 1.734 1.574 1.571 1.782 1.89 2.062 2.14 2.399 3.034 
3.212 3.795 6.085 7.102 7.105 9.902 9.447 8.487 5.639 3.505 
2.919 2.682 2.504 2.385 2.124 2.079 1.839 1.98 1.775 1.831 
2.003 1.885 1.821 1.871 2.035 1.934 1.965 2.162 2.191 2.134 
2.177 2.306 2.44 2.668 3.061 3.757 4.276 4.772 5.656 6.483 
8.164 10.665 15.0 15.0 15.0 15.0 15.0 15.0 15.0 15.0 
15.0 15.0 15.0 15.0 15.0 15.0 15.0 15.0 15.0 15.0 
15.0 15.0 15.0 15.0 15.0 12.71 11.055 8.973 8.67 8.02 
6.682 6.154 5.407 4.818 4.978 5.057 4.352 4.018 4.165 4.479 
3.96 4.398 3.608 3.436 2.582 2.576 2.406 2.426 2.35 2.207 
2.536 2.101 2.238 2.033 2.217 1.947 1.831 1.588 1.712 1.55 
1.389 1.363 1.392 1.301 1.437 1.277 1.277 1.286 1.655 1.702 
2.677 2.766 3.314 3.387 2.413 2.463 2.552 2.381 1.915 2.106 
2.096 2.013 2.045 2.13 2.187 2.412 2.714 2.709 3.083 4.908 
5.169 9.186 9.679 15.0 7.631 9.281 11.16 11.85 7.321 9.604 
9.913 11.064 12.543 9.644 11.751 14.341 14.981 13.962 15.0 15.0 
15.0 15.0 15.0 15.0 15.0 15.0 15.0 15.0 15.0 15.0 
15.0 15.0 15.0 15.0 15.0 15.0 15.0 15.0 15.0 15.0 
15.0 15.0 15.0 15.0 15.0 15.0 15.0 15.0 15.0 15.0 
15.0 15.0 15.0 15.0 15.0 15.0 15.0 15.0 15.0 15.0 
15.0 15.0 15.0 15.0 15.0 15.0 15.0 15.0 15.0 15.0 
15.0 15.0 15.0 15.0 15.0 15.0 15.0 15.0 15.0 15.0 
15.0 15.0 15.0 15.0 15.0 15.0 15.0 15.0 15.0 15.0 
15.0 15.0 15.0 15.0 15.0 15.0 15.0 15.0 15.0 15.0 
15.0 15.0 15.0 15.0 15.0 15.0 15.0 15.0 15.0 15.0 
15.0 9.739 8.339 2.396 1.978 1.623 1.579 1.713 2.071 2.649 
2.248 4.324 3.636 4.831 5.655 4.037 4.666 4.698 8.271 4.303 
8.106 6.835 5.434 7.548 6.7 6.466 4.712 3.56 2.954 2.247 
1.784 1.619 1.646 1.542 1.663 1.665 1.629 2.005 2.062 1.868 
2.484 3.068 4.006 6.961 8.608 7.943 8.76 10.924 9.911 10.262 
10.717 14.098 13.36 15.0 15.0 14.497 10.348 7.937 3.402 3.182 
2.882 2.789 2.575 2.083 2.015 1.743 1.733 1.867 1.766 1.628 
1.988 2.11 1.873 1.972 1.664 1.838 2.689 3.423 4.232 4.333 
6.24 6.894 6.334 5.556 4.676 3.649 3.151 3.756 7.489 4.311 
4.69 5.759 11.707 13.389 14.789 15.0 14.712 14.678 15.0 15.0 
15.0 15.0 15.0 15.0 15.0 15.0 15.0 12.422 9.505 6.086 
3.673 2.179 1.855 1.63 1.613 1.481 1.402 1.362 1.377 1.318 
1.328 1.528 1.803 1.872 2.037 2.171 2.655 3.088 3.448 4.831 
5.488 5.681 4.83 6.458 6.225 5.471 5.38 3.712 3.156 2.446 
2.139 1.956 1.788 1.649 1.509 1.357 1.344 1.371 1.378 1.366 
1.491 1.464 1.655 1.609 1.505 1.685 1.68 3.017 3.213 3.792 
2.959 2.717 2.702 2.186 2.162 2.044 2.09 2.112 2.191 2.374 
2.384 2.485 2.72 2.828 2.864 2.922 4.014 3.632 3.152 3.196 
3.335 2.882 2.533 2.718 2.772 2.955 3.301 3.086 2.566 2.467 
2.407 2.436 2.666 2.812 2.889 3.093 3.335 4.958 3.589 2.737 
2.235 1.959 1.821 1.783 1.775 1.747 1.802 1.674 1.921 2.458 
3.3 5.628 6.917 8.25 13.185 15.0 15.0 15.0 15.0 15.0 
15.0 15.0 15.0 15.0 15.0 13.52 15.0 15.0 12.525 12.14 
11.947 14.139 13.914 10.503 10.546 11.453 12.578 13.248 13.473 13.141 
14.254 14.404 14.35 14.796 15.0 15.0 15.0 15.0 15.0 15.0 
15.0 15.0 15.0 15.0 15.0 15.0 15.0 15.0 15.0 15.0 
15.0 15.0 15.0 15.0 15.0 15.0 15.0 13.345 10.251 15.0 
13.554 9.01 4.096 3.29 2.139 1.951 2.173 2.346 2.051 2.11 
2.214 2.122 2.144 2.154 2.229 2.273 2.51 2.516 2.916 3.562 
4.05 4.49 6.069 7.879 12.171 14.59 14.793 11.006 14.973 11.012 
7.003 4.939 5.343 3.777 3.531 3.695 3.596 3.454 3.422 3.079 
2.639 2.341 2.307 2.197 1.986 1.524 1.706 1.79 1.424 1.333 
1.55 1.672 1.199 1.246 1.061 1.09 1.027 0.951 0.994 0.974 
0.944 0.927 1.033 0.978 0.999 1.102 1.005 1.33 1.279 1.231 
1.413 1.324 1.23 1.192 1.199 1.082 1.103 1.131 1.057 1.044 
1.198 1.207 1.135 1.298 1.199 1.162 1.196 1.014 1.151 1.179 
1.16 1.135 1.335 1.361 1.299 1.402 1.435 1.446 1.456 1.452 
1.602 1.671 1.616 1.364 1.602 1.542 1.907 2.067 2.493 2.504 
2.806 2.7 2.716 2.894 3.14 3.218 3.186 3.984 5.623 5.051 
5.419 9.634 10.709 15.0 15.0 15.0 15.0 15.0 15.0 15.0 
15.0 15.0 15.0 15.0 15.0 15.0 15.0 15.0 15.0 15.0 
15.0 11.669 11.452 5.17 4.325 3.485 3.449 3.273 3.2 2.906 
2.985 3.188 4.362 4.762 6.407 8.859 11.141 12.331 14.311 15.0 
15.0 15.0 15.0 12.476 9.175 4.761 4.758 3.256 2.648 2.381 
2.785 2.877 2.794 2.82 3.26 3.092 3.339 3.117 3.142 2.979 
2.881 2.716 2.787 2.509 2.611 2.553 2.285 2.322 2.632 2.462 
2.378 2.679 2.656 2.86 3.154 3.294 2.049 1.935 1.522 1.434 
1.381 1.432 1.227 1.155 1.187 1.205 1.206 1.145 1.371 1.468 
1.371 1.622 1.88 1.836 1.935 1.458 1.517 1.317 1.188 1.209 
1.128 1.112 1.08 1.127 1.135 1.197 1.173 1.334 1.376 1.483 
1.596 1.927 2.197 3.766 3.935 3.179 3.318 4.601 4.142 3.849 
3.572 3.416 3.231 3.261 3.199 3.359 3.372 3.233 3.275 3.668 
3.533 3.892 4.151 3.909 3.423 3.87 3.919 3.222 3.204 2.492 
2.446 2.62 2.78 3.089 3.364 3.164 2.767 2.686 2.397 2.812 
2.703 3.395 3.237 3.283 3.104 3.288 3.101 3.381 3.647 3.521 
3.852 5.084 4.813 6.976 13.402 15.0 15.0 15.0 15.0 15.0 
15.0 15.0 15.0 15.0 15.0 15.0 15.0 15.0 15.0 15.0 
15.0 15.0 15.0 15.0 15.0 15.0 15.0 15.0 15.0 15.0 
15.0 15.0 15.0 15.0 15.0 15.0 15.0 15.0 15.0 15.0 
15.0 15.0 15.0 15.0 15.0 13.183 13.257 14.461 14.605 15.0 
15.0 11.277 15.0 14.963 15.0 15.0 15.0 15.0 15.0 12.781 
13.922 14.858 15.0 15.0 15.0 15.0 15.0 15.0 15.0 15.0 
15.0 15.0 15.0 15.0 15.0 15.0 15.0 15.0 15.0 15.0 
15.0 15.0 15.0 15.0 15.0 15.0 15.0 15.0 15.0 15.0 
15.0 15.0 15.0 15.0 15.0 13.969 9.184 2.933 2.599 2.238 
2.477 2.23 2.107 2.126 2.19 2.279 2.755 3.197 3.254 4.923 
4.799 5.851 8.939 12.371 15.0 15.0 15.0 15.0 15.0 15.0 
15.0 15.0 15.0 15.0 15.0 15.0 15.0 15.0 15.0 
END
