PFRMAT local QA
AUTHOR LAW-CASP14
af2-standard_T1185s3_4.pdb local_accuracy_only 12.025 12.414 10.716 10.948 14.277 14.815 15.0 15.0 15.0 15.0 15.0 
15.0 15.0 14.692 11.567 12.702 12.222 11.351 11.204 8.503 6.97 
7.623 10.065 7.675 10.958 12.146 11.738 13.603 14.452 12.024 11.275 
15.0 15.0 15.0 10.506 14.525 15.0 15.0 12.737 13.355 12.772 
10.87 10.288 12.71 13.239 13.915 15.0 15.0 14.229 13.814 15.0 
15.0 15.0 15.0 15.0 15.0 14.373 15.0 15.0 14.087 12.055 
11.287 10.784 12.02 13.769 14.58 15.0 15.0 15.0 15.0 15.0 
14.925 14.343 12.604 10.884 9.387 9.86 7.978 5.437 3.822 1.898 
1.332 1.495 1.261 1.422 1.264 1.485 1.299 1.164 1.369 1.402 
1.225 1.302 1.473 1.489 1.335 1.091 1.224 1.174 1.013 0.834 
0.702 0.683 0.629 0.633 0.687 0.753 0.892 0.905 0.976 0.845 
0.901 0.752 0.888 0.919 0.912 0.768 1.029 1.101 1.024 0.793 
1.128 1.161 1.084 1.12 1.451 1.489 1.427 1.472 1.283 1.042 
0.748 0.632 0.564 0.564 0.719 0.728 0.87 0.891 0.983 1.067 
1.441 1.475 1.647 1.481 1.349 1.581 1.704 1.508 1.475 1.947 
2.18 2.165 2.229 2.477 2.447 2.439 2.188 2.121 1.824 1.765 
1.614 1.402 1.282 1.242 1.131 0.88 0.785 0.687 0.695 0.816 
0.813 0.913 0.866 0.876 0.904 0.91 0.777 0.896 0.927 0.869 
0.882 1.047 1.112 1.15 1.23 1.588 1.736 2.053 2.291 2.842 
3.58 3.848 5.086 6.239 6.539 5.919 4.004 2.582 1.085 1.114 
0.762 0.627 0.552 0.544 0.65 0.706 0.663 0.797 0.906 0.83 
0.918 1.129 1.216 1.264 1.521 2.01 2.752 3.137 2.045 1.701 
1.406 1.239 1.294 1.112 1.007 0.929 1.01 0.953 0.878 0.89 
0.95 0.945 0.793 0.918 1.012 0.928 0.871 1.05 1.068 1.117 
1.18 0.905 0.811 0.655 0.61 0.597 0.658 0.689 0.784 0.967 
1.065 1.379 1.54 2.054 2.346 2.318 1.901 1.802 1.326 1.236 
0.977 1.041 1.253 1.478 1.89 1.695 1.19 1.397 1.405 0.988 
0.872 0.92 0.808 0.741 0.738 0.766 0.781 0.843 1.058 1.405 
1.984 2.732 3.27 4.794 5.56 3.695 3.468 2.125 1.513 0.992 
0.969 0.893 0.971 1.02 0.999 1.022 1.215 1.337 1.512 1.58 
1.662 1.51 1.324 1.291 1.126 1.106 1.164 1.061 1.604 1.307 
2.427 2.636 1.979 2.78 7.31 8.206 12.358 13.24 13.366 14.614 
15.0 15.0 15.0 15.0 15.0 15.0 15.0 
END
