PFRMAT local QA
AUTHOR MASS-CASP14
af2-standard_T1185s3_4.pdb local_accuracy_only 2.542 1.843 1.527 1.242 1.549 1.848 1.955 2.025 2.07 2.634 3.029 
2.658 2.698 2.899 2.935 2.205 1.955 2.227 2.204 1.783 1.974 
2.089 2.126 1.798 1.445 1.32 1.223 1.211 1.537 1.624 1.567 
1.715 2.08 2.02 1.751 1.761 2.075 1.832 1.494 1.709 1.857 
1.965 1.796 2.093 1.973 2.116 2.111 2.47 2.39 1.99 2.523 
2.433 2.307 2.196 2.544 2.437 2.189 2.54 2.668 2.872 2.948 
3.396 4.442 6.125 7.169 8.362 9.136 10.113 12.208 11.536 11.574 
12.415 10.88 9.932 9.625 9.326 8.227 6.762 4.791 2.74 1.885 
1.589 1.439 1.335 1.493 1.132 1.44 1.347 1.278 1.462 1.549 
1.445 1.669 2.087 2.328 1.839 1.539 1.66 1.829 1.722 1.33 
0.988 1.166 1.079 0.993 0.961 1.123 1.468 1.911 2.083 1.81 
1.709 1.457 1.61 1.538 1.251 1.258 1.439 1.453 1.462 1.266 
1.356 1.244 1.377 1.471 1.717 2.048 1.94 1.699 1.474 1.282 
0.969 0.91 0.856 0.819 0.977 1.239 1.588 1.87 1.835 1.476 
1.641 1.837 1.772 1.473 1.272 1.555 1.588 1.451 1.351 1.667 
2.005 2.371 2.389 2.893 2.602 2.531 2.56 2.26 2.193 1.994 
2.091 1.838 1.689 1.692 1.537 1.317 1.378 1.244 1.209 1.242 
1.274 1.405 1.418 1.282 1.453 1.366 1.219 1.348 1.402 1.286 
1.265 1.437 1.455 1.267 1.451 1.674 1.679 1.529 1.802 2.294 
2.594 3.844 4.813 5.828 6.1 5.866 4.529 2.387 1.429 1.09 
0.857 0.682 0.144 0.096 0.406 0.944 0.957 1.082 1.262 1.33 
1.458 1.873 2.175 2.11 2.349 3.618 4.179 4.028 3.024 2.907 
2.556 2.279 1.972 2.125 1.795 1.669 1.842 1.652 1.455 1.595 
1.718 1.537 1.2 1.316 1.405 1.405 1.399 1.79 1.993 1.93 
1.77 1.307 1.262 1.034 0.916 0.995 1.051 1.294 1.341 1.559 
1.741 2.185 2.873 3.899 4.479 4.287 3.569 2.925 2.493 2.226 
2.174 2.006 1.862 2.012 2.035 1.726 1.293 1.56 1.758 1.243 
1.324 1.139 0.946 0.839 0.935 0.826 0.94 1.179 1.53 2.019 
2.713 3.57 4.332 5.563 5.951 5.294 4.382 2.515 1.551 1.09 
0.93 0.845 0.203 0.401 0.563 0.967 1.224 1.479 1.713 1.775 
1.662 1.597 1.407 1.365 1.399 1.375 1.321 1.258 1.277 1.305 
1.57 1.554 1.401 1.591 1.848 2.451 3.017 4.158 5.293 7.489 
8.487 10.763 14.063 15.0 15.0 15.0 15.0 
END
