PFRMAT local QA
AUTHOR LAW-CASP14
af2-standard_T1158v3_1.pdb local_accuracy_only 15.0 15.0 15.0 15.0 12.993 10.321 8.033 3.032 1.488 1.726 1.494 
4.128 8.032 7.371 10.247 8.972 9.126 8.177 4.6 7.505 3.344 
1.504 1.088 0.983 1.116 1.785 0.853 1.107 1.217 1.177 0.986 
1.42 1.382 1.223 1.373 1.945 1.554 1.326 1.013 1.049 1.001 
1.447 1.123 0.883 1.128 1.03 0.77 1.221 1.079 1.123 0.917 
0.859 0.689 0.792 0.974 0.742 0.71 0.856 0.901 0.835 0.889 
1.095 1.169 1.188 1.427 1.706 1.877 2.219 2.725 2.965 3.353 
3.878 5.14 5.101 5.822 4.567 4.114 2.614 1.788 1.294 1.592 
1.68 1.354 1.308 1.668 1.677 1.394 1.888 2.24 2.836 3.129 
2.31 4.15 4.739 2.758 4.627 6.455 4.089 3.231 4.789 3.867 
2.654 2.37 2.57 2.407 1.793 1.315 1.613 1.645 1.274 1.717 
1.735 1.345 1.167 1.652 1.625 1.175 1.244 1.46 1.179 1.102 
1.498 1.683 2.877 3.826 5.508 4.123 4.224 3.675 3.032 2.939 
2.93 3.015 2.481 2.621 2.421 2.183 1.922 2.73 2.589 2.322 
1.882 2.578 2.129 1.847 1.807 1.985 1.678 1.015 1.106 1.288 
1.096 0.737 0.883 1.025 0.75 0.598 0.721 0.718 0.625 0.553 
0.643 0.648 0.564 0.583 0.56 0.589 0.53 0.595 0.528 0.522 
0.549 0.552 0.533 0.486 0.576 0.58 0.533 0.547 0.608 0.638 
0.745 0.851 1.107 0.935 1.062 1.39 1.538 1.356 1.55 1.112 
1.495 1.302 1.056 0.928 1.123 1.029 0.835 0.969 1.044 0.965 
0.78 0.87 0.897 0.712 0.731 0.834 0.848 0.774 0.807 1.072 
0.973 1.406 1.36 1.471 1.574 1.844 1.515 1.43 1.258 1.23 
1.028 0.928 0.895 0.85 0.767 0.799 0.836 0.799 0.845 0.986 
0.991 0.873 0.902 0.837 0.862 0.784 0.822 0.863 0.948 0.875 
1.048 1.09 1.227 1.381 1.555 1.774 1.912 1.762 2.146 1.797 
1.736 1.438 1.43 1.259 1.207 1.075 1.011 1.101 1.091 0.887 
1.038 1.057 1.005 0.846 0.935 0.914 0.808 0.792 0.837 0.764 
0.729 0.682 0.766 0.751 0.685 0.78 0.832 0.738 0.756 0.87 
0.857 0.735 0.772 0.769 0.714 0.72 0.637 0.645 0.714 0.806 
0.842 0.992 0.997 0.891 0.895 0.915 0.816 0.748 0.8 0.801 
0.737 0.705 0.74 0.73 0.691 0.627 0.695 0.736 0.674 0.686 
0.764 0.809 0.849 0.889 0.996 1.034 1.136 1.214 1.331 1.4 
1.418 1.491 1.559 1.56 1.454 1.222 1.251 1.742 1.381 1.032 
1.085 1.283 1.058 0.992 1.06 1.432 1.044 1.046 1.202 1.334 
1.232 1.355 1.382 1.404 1.216 1.39 1.111 1.189 1.028 1.133 
1.102 1.102 0.927 1.106 1.053 0.96 0.979 1.112 1.154 1.102 
1.321 1.409 1.508 1.637 2.022 2.078 1.706 1.868 2.266 2.058 
1.431 2.014 1.814 1.194 1.261 1.517 1.236 1.01 1.35 1.364 
1.084 1.134 1.284 1.124 0.906 1.103 1.012 0.901 0.781 0.941 
0.826 0.847 0.823 0.973 2.87 9.653 10.711 12.131 9.797 11.459 
10.687 6.747 10.185 7.227 5.852 2.563 1.379 1.152 1.108 1.166 
1.195 1.406 1.462 1.34 1.391 1.249 1.412 1.222 1.654 2.191 
3.403 2.47 2.836 2.142 1.49 1.435 1.375 1.393 1.654 1.319 
1.324 1.142 1.146 0.893 1.02 0.881 0.945 0.886 0.806 0.797 
0.778 0.69 0.835 1.247 1.965 6.427 2.163 1.517 1.345 0.973 
0.916 1.156 1.016 0.805 0.938 1.002 1.012 0.831 1.146 0.85 
1.038 1.147 1.285 1.375 1.438 1.68 1.46 1.285 1.311 1.311 
1.492 1.124 0.78 0.688 0.691 0.762 0.794 1.226 1.261 1.867 
1.259 0.916 0.857 0.794 0.868 0.827 0.848 0.843 0.873 0.957 
0.857 0.902 1.075 1.102 1.343 1.314 2.026 1.922 2.374 2.046 
1.786 1.371 1.321 1.205 1.142 0.985 1.016 1.025 0.994 0.929 
1.059 1.018 1.122 1.213 1.158 1.15 1.353 1.414 1.152 1.328 
1.024 1.214 0.917 0.921 0.962 0.885 0.903 1.016 0.939 0.962 
0.983 1.254 1.324 1.347 2.04 1.806 1.753 1.296 1.103 1.301 
1.098 0.941 0.96 0.947 0.96 0.98 0.813 0.914 0.936 0.892 
0.843 0.724 0.697 0.571 0.581 0.592 0.713 0.766 0.865 1.054 
1.06 1.351 1.504 1.355 1.438 1.342 1.363 1.19 1.152 1.198 
1.134 0.971 0.988 1.175 1.024 1.031 1.032 1.105 1.294 1.105 
0.947 1.16 0.975 0.728 0.701 0.65 0.547 0.634 0.689 0.951 
1.345 2.215 2.119 2.593 2.242 1.811 2.386 2.15 1.467 1.251 
1.06 1.007 0.965 1.026 1.148 1.436 1.591 1.372 1.48 1.518 
1.409 1.264 1.335 1.51 1.771 2.082 7.196 6.287 8.117 11.569 
11.342 12.896 15.0 15.0 15.0 15.0 15.0 15.0 15.0 15.0 
15.0 15.0 15.0 15.0 15.0 15.0 15.0 15.0 15.0 15.0 
15.0 15.0 15.0 15.0 15.0 15.0 15.0 15.0 15.0 15.0 
15.0 15.0 15.0 15.0 15.0 12.194 11.169 7.713 8.089 7.465 
7.435 7.236 7.84 8.352 12.015 15.0 15.0 15.0 15.0 15.0 
15.0 15.0 15.0 15.0 15.0 15.0 15.0 15.0 15.0 15.0 
15.0 15.0 13.242 11.56 9.406 12.779 13.215 15.0 15.0 13.687 
11.716 9.962 7.246 5.824 3.167 2.451 1.869 1.556 1.341 1.217 
1.206 1.084 0.871 0.93 1.084 0.79 0.847 1.324 2.092 2.715 
3.418 3.35 3.1 4.645 4.561 3.184 4.28 4.508 3.087 2.852 
2.735 3.228 2.275 1.679 2.737 2.747 2.145 2.529 3.506 2.975 
3.013 3.009 2.881 2.369 1.993 2.64 3.525 1.88 4.25 5.759 
6.924 9.22 10.599 11.504 11.851 13.273 14.625 15.0 15.0 15.0 
15.0 15.0 15.0 15.0 15.0 15.0 15.0 12.021 13.146 12.328 
11.227 9.767 8.45 6.47 7.473 6.324 5.324 4.845 3.391 3.735 
2.21 3.835 3.767 2.875 2.327 2.415 2.228 1.875 1.554 2.053 
1.898 1.297 1.089 1.181 0.971 0.844 0.793 0.818 0.72 0.651 
0.708 0.692 0.636 0.606 0.62 0.615 0.558 0.605 0.62 0.623 
0.616 0.674 0.716 0.639 0.62 0.768 0.795 0.817 0.765 0.993 
0.887 0.912 1.023 1.18 0.989 0.983 0.862 1.029 0.807 0.744 
0.671 0.66 0.713 0.611 0.622 0.613 0.684 0.647 0.628 0.691 
0.686 0.667 0.713 0.716 0.732 0.699 0.659 0.701 0.627 0.666 
0.625 0.612 0.586 0.722 0.61 0.621 0.754 0.774 0.683 0.805 
1.04 0.895 0.939 1.137 1.291 1.243 1.495 1.466 1.289 1.779 
1.833 4.032 3.24 5.18 6.403 5.334 5.029 5.529 3.892 2.276 
2.253 1.939 1.515 1.21 1.331 1.196 0.943 0.96 1.03 0.926 
0.798 0.895 0.952 0.863 0.73 0.789 0.76 0.596 0.679 0.719 
0.678 0.67 0.828 0.885 0.682 0.765 1.012 0.727 0.601 0.655 
0.659 0.568 0.551 0.639 0.656 0.574 0.54 0.598 0.58 0.547 
0.61 0.685 0.615 0.672 0.674 0.672 0.805 0.806 0.82 1.02 
0.98 0.85 0.776 0.852 0.767 0.563 0.629 0.603 0.568 0.558 
0.558 0.546 0.539 0.508 0.568 0.537 0.516 0.476 0.517 0.542 
0.516 0.548 0.571 0.57 0.565 0.614 0.606 0.625 0.66 0.642 
0.69 0.788 0.793 0.905 0.843 1.016 1.122 1.352 1.264 1.585 
1.952 1.649 2.1 2.746 3.104 2.904 3.434 3.657 3.383 2.998 
3.311 2.465 1.713 1.338 1.2 1.349 1.302 1.141 1.142 1.404 
1.084 1.252 1.176 1.1 1.018 1.015 0.976 0.834 0.884 0.857 
0.74 0.72 0.782 0.718 0.635 0.782 0.908 0.759 0.963 1.383 
1.342 1.08 2.087 2.319 1.376 1.665 2.667 1.512 1.152 1.883 
1.469 0.919 1.022 1.337 0.977 0.86 1.365 1.291 1.484 1.248 
1.161 1.197 1.154 1.053 1.432 2.647 4.824 3.785 2.684 1.812 
2.044 1.657 1.311 1.0 0.762 0.789 0.728 0.647 0.651 0.648 
0.686 0.743 0.794 0.969 0.88 1.161 1.09 1.561 1.581 3.85 
6.658 6.533 4.749 3.051 1.671 1.347 1.095 1.139 1.159 0.991 
0.919 0.787 0.762 0.65 0.687 0.675 0.674 0.56 0.54 0.536 
0.609 0.581 0.681 0.92 1.423 2.186 1.495 1.116 0.939 0.804 
0.882 1.004 0.811 0.712 0.732 0.768 0.686 0.627 0.731 0.717 
0.887 0.87 0.931 0.958 0.947 0.807 0.727 0.728 0.737 0.751 
0.834 0.859 0.906 0.875 1.117 1.178 1.456 1.303 0.853 0.742 
0.936 0.714 0.633 0.638 0.666 0.612 0.654 0.602 0.68 0.828 
1.028 1.555 1.268 1.317 1.345 1.186 1.258 1.618 1.669 1.818 
1.483 1.601 1.49 1.233 1.59 1.185 1.84 2.334 3.091 1.934 
2.164 1.454 1.39 1.31 1.203 1.159 1.132 1.051 1.038 1.12 
1.102 1.052 1.177 1.218 1.22 1.512 1.853 1.614 1.925 2.429 
2.662 3.06 2.32 2.098 1.963 2.237 2.116 2.095 1.594 1.745 
1.305 1.314 1.486 2.215 3.439 2.703 2.919 2.467 1.979 1.455 
1.365 1.11 1.066 1.015 0.89 0.911 0.957 0.976 0.803 0.981 
1.006 0.923 0.938 0.757 0.702 0.552 0.567 0.519 0.578 0.67 
0.839 1.098 1.383 1.578 2.228 2.439 2.472 2.784 2.207 2.018 
1.758 1.679 1.413 1.152 1.211 1.225 1.112 1.107 1.137 1.172 
1.153 0.82 1.043 0.88 0.64 0.594 0.487 0.514 0.567 0.591 
0.773 1.085 1.359 1.281 1.498 1.258 0.829 1.274 1.391 0.784 
0.698 0.653 0.689 0.681 0.756 0.793 0.907 1.006 0.983 0.993 
0.907 0.888 0.919 0.848 0.879 0.995 1.118 1.979 1.484 1.41 
2.073 2.41 2.971 4.156 4.336 2.73 2.561 2.173 3.452 4.456 
4.132 3.578 5.193 5.766 6.278 8.162 9.518 8.385 7.466 6.668 
7.762 7.569 3.554 4.178 5.82 3.613 2.807 4.852 6.554 4.702 
3.646 8.046 9.092 8.441 9.897 12.523 13.197 15.0 15.0 15.0 
15.0 15.0 15.0 15.0 15.0 15.0 15.0 15.0 15.0 15.0 
15.0 15.0 15.0 15.0 15.0 15.0 15.0 15.0 15.0 15.0 
15.0 15.0 15.0 15.0 15.0 15.0 15.0 15.0 15.0 15.0 
15.0 15.0 15.0 15.0 15.0 15.0 15.0 15.0 15.0 
END
