PFRMAT local QA
AUTHOR MASS-CASP14
af2-standard_T1158v3_1.pdb local_accuracy_only 12.067 11.009 9.382 6.666 5.768 6.028 4.053 3.184 2.247 2.386 2.152 
2.698 2.681 3.979 4.304 5.154 4.781 4.526 4.608 4.236 3.901 
3.522 3.5 3.217 3.117 2.735 2.719 2.92 2.982 2.48 2.461 
2.745 3.284 3.717 4.857 4.815 5.109 4.725 4.063 4.626 4.837 
4.604 3.893 3.622 3.431 3.65 3.817 3.829 5.457 5.788 6.435 
4.72 3.43 3.18 2.339 1.754 1.629 1.84 1.953 1.749 2.099 
2.426 2.399 2.224 2.504 2.785 3.029 2.83 3.105 3.38 3.505 
3.963 4.209 4.987 4.979 4.619 4.544 3.817 3.145 2.709 2.801 
2.565 2.808 2.445 2.793 3.378 3.415 3.926 4.956 5.751 5.699 
4.751 5.643 4.785 5.329 5.405 5.734 5.216 5.12 5.173 4.992 
4.574 3.996 2.952 2.543 2.47 2.238 1.723 1.562 1.612 1.441 
1.25 1.37 1.448 1.693 1.469 1.474 1.893 1.994 2.188 2.448 
2.933 3.035 3.585 3.576 3.862 3.388 3.194 3.093 2.719 2.496 
2.915 2.773 2.568 2.817 2.783 2.612 2.59 2.916 3.02 2.618 
2.823 2.867 2.642 2.677 2.576 2.636 2.575 2.473 2.367 2.198 
2.369 2.491 2.1 2.326 2.309 2.229 1.918 1.672 1.626 1.537 
1.571 1.34 1.453 1.414 1.294 1.267 1.261 1.27 1.109 1.073 
1.175 1.341 1.118 1.229 1.465 1.369 1.255 1.257 1.215 1.187 
1.253 1.696 1.941 2.303 2.458 3.924 4.495 4.822 5.306 5.377 
4.758 3.195 2.526 2.874 2.712 2.149 2.03 2.126 2.622 2.232 
1.955 2.415 2.462 2.143 2.902 2.884 2.9 3.354 3.363 4.115 
4.293 3.764 3.732 3.669 3.67 3.668 3.362 3.204 2.865 2.485 
2.595 2.704 2.454 2.599 2.544 3.017 2.829 2.499 2.624 3.17 
3.285 3.178 3.706 4.287 3.975 4.343 4.391 5.309 4.793 5.242 
5.135 5.248 5.275 5.729 5.834 6.518 6.162 6.538 5.905 5.91 
5.091 4.645 3.89 3.994 3.44 3.285 3.224 3.658 3.72 2.987 
3.202 5.164 5.006 4.889 4.769 5.159 4.147 4.385 3.693 2.918 
2.679 2.274 2.295 2.754 2.356 2.621 2.446 2.229 2.066 2.531 
2.589 1.957 2.263 2.08 2.069 2.266 2.408 2.911 3.203 3.069 
2.945 2.781 2.181 1.84 2.102 2.205 2.385 1.971 2.758 3.276 
2.6 2.412 2.325 2.608 2.311 1.82 1.884 2.416 2.001 1.708 
1.992 2.518 2.494 2.563 2.199 2.663 3.308 3.262 2.934 3.078 
3.266 3.171 3.556 3.645 3.447 3.69 3.838 3.672 3.599 3.584 
4.111 4.383 4.403 4.163 3.984 4.105 3.811 4.104 4.504 4.375 
4.002 3.19 3.253 3.021 2.52 2.53 2.499 2.145 1.95 1.69 
1.776 1.816 1.83 2.036 1.85 1.841 2.171 2.617 3.001 2.494 
2.382 2.453 2.619 2.501 2.959 3.229 3.12 3.23 3.726 3.322 
2.732 2.76 2.684 2.629 2.198 2.315 2.554 2.244 2.604 2.307 
2.261 2.367 2.283 2.216 1.758 1.995 1.982 1.788 1.73 1.783 
1.974 2.195 2.376 2.729 3.859 5.212 5.665 5.397 6.189 7.351 
8.071 6.865 6.856 6.833 5.663 4.054 3.024 2.187 1.625 1.289 
1.441 1.566 1.598 1.539 1.791 1.842 2.485 2.983 3.829 4.789 
4.864 4.189 4.546 3.847 3.034 2.49 2.189 2.248 2.016 2.008 
1.692 1.539 1.451 1.33 1.44 1.797 1.717 1.619 1.421 1.287 
1.263 1.212 1.159 1.4 1.841 2.146 2.318 2.146 1.97 1.694 
2.037 1.921 1.587 1.481 1.63 1.802 1.882 1.649 1.89 2.025 
1.939 2.353 2.76 2.817 2.714 2.315 1.963 1.629 1.475 1.575 
1.476 1.506 1.348 1.347 1.375 1.551 1.814 2.367 3.085 3.38 
2.919 2.502 2.195 1.921 1.738 1.385 1.251 1.098 1.209 1.316 
1.44 1.408 1.621 1.809 2.33 3.142 3.501 3.337 3.317 3.404 
3.35 2.433 2.317 2.39 2.199 1.989 1.712 1.957 2.343 2.046 
2.428 2.519 3.279 3.672 3.413 2.84 2.96 3.028 2.904 3.182 
2.971 2.6 2.331 1.972 1.973 1.934 1.988 2.197 2.576 2.852 
2.838 2.578 2.571 2.172 2.256 2.617 2.703 2.454 2.096 2.084 
2.063 1.799 1.767 1.854 2.036 2.058 2.158 2.103 2.027 2.485 
2.14 1.922 1.486 1.135 1.027 1.055 1.121 1.368 1.411 1.716 
1.744 2.212 2.837 2.532 2.477 2.635 2.468 2.019 2.007 2.318 
1.971 1.881 1.835 2.201 2.165 2.179 2.328 2.415 2.668 2.665 
2.246 2.458 2.631 2.09 1.661 1.593 1.527 1.528 1.724 2.096 
2.54 2.691 2.883 2.819 2.657 2.587 2.565 2.727 2.236 1.944 
1.586 1.41 1.327 1.241 1.362 1.768 1.906 1.683 1.804 1.649 
1.681 1.606 1.749 1.563 1.66 1.865 2.56 2.807 2.561 2.664 
2.972 2.777 2.831 2.718 2.189 2.122 2.288 2.265 2.341 2.304 
3.334 4.851 6.657 7.003 8.251 8.977 7.571 9.261 8.128 7.594 
9.27 10.188 10.112 10.985 11.299 12.509 11.594 13.971 15.0 15.0 
15.0 15.0 15.0 15.0 15.0 15.0 14.964 12.254 15.0 11.472 
15.0 15.0 15.0 15.0 15.0 15.0 15.0 15.0 15.0 15.0 
15.0 15.0 15.0 15.0 15.0 15.0 15.0 15.0 15.0 15.0 
13.612 15.0 12.6 12.116 15.0 12.107 14.252 13.531 13.751 13.319 
12.086 9.514 7.255 5.958 3.63 3.072 2.89 2.314 1.897 1.762 
2.165 2.336 2.384 2.997 3.457 4.338 6.315 6.99 7.474 8.526 
9.035 8.318 6.656 7.33 7.312 7.521 6.385 6.391 6.086 5.002 
4.545 4.194 4.123 3.407 2.763 2.349 2.595 2.151 2.189 2.353 
2.437 2.467 2.269 2.589 2.466 2.958 2.303 2.747 3.094 4.093 
4.167 4.824 5.689 6.008 7.08 9.611 11.871 13.568 15.0 14.742 
15.0 13.763 15.0 8.788 5.826 4.512 3.616 3.032 2.344 2.685 
2.239 2.304 1.858 2.352 2.391 2.511 2.522 2.874 3.226 3.036 
3.221 3.367 3.475 3.554 3.087 3.065 3.625 4.044 3.966 3.69 
3.915 3.893 4.066 4.277 3.934 3.959 4.163 3.446 3.159 3.374 
3.152 2.557 2.131 2.126 1.797 1.484 1.409 1.737 1.749 1.481 
1.452 1.721 1.662 1.56 1.65 1.999 2.484 2.475 2.383 2.327 
2.431 2.296 2.209 2.364 2.647 2.282 1.909 2.122 1.893 1.559 
1.54 1.775 1.694 1.752 1.494 1.715 1.691 1.369 1.693 1.73 
1.521 1.83 1.807 1.612 1.553 1.616 1.646 1.52 1.484 1.706 
1.686 1.578 1.719 1.686 1.71 1.658 1.781 1.873 1.914 1.808 
2.376 2.329 2.535 2.764 3.056 3.084 3.197 3.249 3.563 3.418 
4.35 4.353 4.376 4.857 5.113 5.244 5.006 4.994 4.631 3.874 
4.55 4.167 3.614 4.168 4.804 4.383 3.519 4.052 3.99 3.906 
3.483 3.354 3.43 2.911 2.594 2.668 2.487 1.952 2.15 2.524 
2.552 3.127 4.264 4.566 4.627 4.733 5.367 4.419 2.851 2.381 
2.401 2.17 1.973 1.999 2.509 2.698 2.357 2.522 2.87 2.637 
3.075 2.738 2.467 2.644 2.939 3.056 2.993 2.439 2.567 2.719 
2.269 1.935 2.168 2.355 2.126 2.085 2.62 2.411 2.502 2.494 
2.422 2.093 2.108 2.271 2.604 2.687 2.858 3.114 3.047 3.13 
3.074 3.125 2.855 3.002 2.724 2.588 2.324 2.669 2.544 2.185 
2.059 2.118 2.01 2.152 2.173 2.518 2.589 2.673 2.703 2.669 
2.922 2.927 2.747 2.65 2.818 2.91 2.801 3.333 3.696 4.261 
4.224 3.787 3.368 3.492 3.399 3.657 2.775 2.436 2.597 2.565 
2.698 2.221 2.177 2.398 2.29 2.201 2.575 2.389 2.537 2.85 
2.261 2.143 2.169 2.239 2.129 1.944 2.376 2.447 2.611 2.835 
2.734 2.225 2.631 3.03 2.949 2.925 3.013 3.63 3.428 3.823 
3.646 3.346 3.23 3.324 3.424 3.937 4.323 3.77 4.061 3.213 
3.275 3.191 3.114 2.956 2.88 3.226 3.501 3.52 3.228 2.861 
2.811 3.058 2.719 2.496 2.346 2.453 2.089 1.82 1.511 1.233 
1.211 1.21 1.463 1.55 1.695 1.601 1.815 2.244 3.043 3.161 
4.051 4.289 4.628 4.535 3.594 3.408 2.923 2.78 2.425 2.341 
2.333 2.36 2.52 2.273 2.438 3.207 3.15 2.67 2.112 2.162 
1.991 2.132 1.922 2.036 2.191 2.679 2.556 2.346 2.202 1.98 
2.005 1.801 1.603 1.364 1.555 1.872 1.77 1.634 1.538 1.608 
1.794 1.873 1.679 1.643 1.617 1.435 1.151 1.258 1.235 1.42 
1.992 1.925 1.824 2.123 2.757 3.617 2.758 2.588 2.27 2.471 
2.25 2.211 2.054 1.947 1.775 1.5 1.366 1.34 1.245 1.701 
2.253 2.976 2.907 2.457 2.136 2.2 2.173 2.087 1.846 1.541 
1.412 1.581 1.237 1.01 1.185 1.46 1.81 2.272 2.762 2.647 
2.651 2.537 2.674 2.284 1.823 1.952 2.053 2.161 1.945 2.123 
2.252 2.233 2.213 2.327 2.7 3.175 3.387 2.899 3.119 3.931 
4.45 4.548 4.369 4.766 4.405 4.671 4.742 4.839 3.635 4.271 
4.377 4.398 3.733 3.663 3.376 2.643 2.254 2.256 2.347 2.103 
1.952 2.175 2.08 1.932 1.996 2.128 2.16 2.276 2.5 2.231 
2.304 2.845 3.087 2.542 2.284 1.791 1.425 1.501 1.572 1.798 
1.939 2.056 2.264 2.509 2.817 2.35 2.276 2.732 3.038 2.91 
2.513 2.837 2.25 2.0 1.995 2.238 2.316 1.834 2.451 3.187 
3.059 2.925 3.394 3.412 2.664 2.095 1.962 1.728 1.648 1.568 
1.985 2.0 2.014 1.903 1.881 1.995 1.771 1.89 2.1 2.03 
1.804 1.374 1.221 1.219 1.239 1.325 1.736 1.776 1.464 1.45 
1.328 1.347 1.246 1.329 1.55 1.585 1.64 1.825 2.176 1.926 
2.383 3.219 3.413 4.134 4.001 3.249 3.088 2.987 3.047 3.404 
3.535 3.482 4.27 5.229 4.849 5.552 5.88 6.446 4.775 4.554 
4.925 4.532 3.58 3.927 4.146 3.993 3.552 3.775 4.188 4.36 
4.096 4.982 5.145 5.942 5.831 6.555 7.609 7.306 8.756 9.243 
10.202 11.607 12.403 14.049 14.01 12.891 14.501 12.918 15.0 13.807 
15.0 15.0 15.0 15.0 15.0 15.0 15.0 14.189 15.0 15.0 
15.0 15.0 15.0 15.0 15.0 15.0 15.0 14.534 15.0 15.0 
15.0 15.0 15.0 15.0 15.0 15.0 15.0 15.0 15.0 
END
