PFRMAT local QA
AUTHOR LAW-CASP14
af2-standard_T1105v1_2.pdb local_accuracy_only 7.75 4.34 2.966 3.64 2.32 0.981 1.378 0.765 0.909 0.612 0.643 
0.822 0.673 0.586 0.675 0.861 0.676 0.704 1.038 1.191 0.868 
0.958 0.733 0.622 0.717 0.656 0.869 1.016 1.347 0.996 0.859 
1.039 1.082 0.89 0.877 1.01 1.03 1.007 1.046 1.156 1.152 
1.179 1.142 1.202 1.054 1.132 1.368 1.249 1.289 1.145 1.104 
0.951 0.989 0.808 1.047 1.018 1.162 1.036 0.926 0.839 0.777 
0.745 0.714 0.695 0.67 0.664 0.69 0.684 0.666 0.775 0.818 
0.8 1.159 1.313 1.124 1.13 1.282 1.459 1.442 1.172 1.094 
1.012 1.004 1.314 1.144 2.529 2.162 1.702 1.206 0.947 0.971 
0.953 0.903 0.867 0.867 0.784 0.776 0.799 0.826 0.74 0.792 
0.817 0.849 0.823 0.972 1.019 1.075 1.006 0.902 0.754 0.781 
0.845 0.848 0.936 0.857 0.837 0.899 0.95 0.956 1.201 1.222 
1.307 1.198 1.149 1.205 1.26 0.949 0.991 1.112 1.17 1.155 
1.211 1.196 1.176 1.14 1.36 1.208 1.323 1.362 1.072 1.112 
1.171 1.044 0.863 0.942 1.024 0.854 0.883 0.952 0.976 0.91 
1.024 1.124 1.081 0.978 1.171 1.01 0.884 0.785 0.862 0.92 
0.784 0.839 0.872 0.818 0.762 0.852 0.99 0.844 0.773 0.793 
0.716 0.721 0.652 0.738 0.734 0.733 0.856 0.941 0.935 1.005 
1.214 1.581 0.873 1.05 0.84 0.859 0.804 1.285 0.891 1.968 
1.918 1.44 1.037 0.692 0.745 0.572 0.689 0.644 0.749 0.672 
0.651 0.674 0.65 0.677 0.737 0.758 0.846 1.062 1.155 1.209 
1.437 1.634 1.672 2.018 2.304 1.624 1.746 2.186 1.607 1.35 
1.064 0.936 0.959 0.941 0.795 0.721 0.67 0.662 0.558 0.668 
0.686 0.716 0.669 0.564 0.716 0.741 0.667 0.684 0.78 0.765 
0.797 0.741 0.661 0.699 0.693 0.827 0.938 0.953 0.792 0.93 
1.095 1.043 1.021 1.104 1.119 1.084 1.004 0.99 0.684 0.743 
0.811 0.738 0.61 0.597 0.533 0.567 0.532 0.504 0.484 0.503 
0.516 0.525 0.541 0.556 0.606 0.616 0.654 0.678 0.707 0.735 
0.76 0.84 0.885 0.906 1.006 1.173 1.065 1.173 1.095 1.094 
0.843 0.84 0.733 0.725 0.757 0.728 0.681 0.799 0.889 0.778 
0.826 1.023 1.027 0.933 1.442 1.42 1.502 2.576 2.865 2.658 
1.799 1.165 1.089 0.912 1.038 1.005 1.16 1.402 2.528 3.45 
2.059 2.75 4.459 3.319 3.188 2.194 3.149 4.657 5.546 6.092 

END
