PFRMAT local QA
AUTHOR MASS-CASP14
af2-standard_T1105v1_2.pdb local_accuracy_only 5.339 3.15 2.497 2.678 2.479 1.656 1.851 1.714 1.45 1.163 1.164 
1.242 1.088 1.055 1.11 1.341 1.379 1.608 2.062 2.23 2.157 
1.977 1.458 1.148 1.08 0.936 1.03 1.214 1.35 1.221 0.987 
1.204 1.318 1.117 1.082 1.278 1.21 1.169 1.355 1.638 1.65 
1.527 1.395 1.533 1.614 1.635 1.695 1.544 1.871 2.118 1.923 
1.574 1.546 1.565 1.886 2.179 2.383 2.106 1.923 1.534 1.213 
1.37 1.329 1.22 1.078 1.043 1.11 1.241 1.213 1.277 1.391 
1.258 1.405 1.543 1.822 1.922 2.626 3.133 2.888 1.857 1.643 
1.59 1.78 1.878 2.087 2.752 3.14 2.605 2.136 1.873 1.981 
1.771 1.451 1.401 1.232 1.12 1.248 1.298 1.152 1.069 1.159 
1.234 1.288 1.213 1.565 1.633 1.639 1.252 1.167 1.078 1.335 
1.27 1.228 1.312 1.125 1.034 1.269 1.407 1.093 1.213 1.394 
1.591 1.26 0.965 1.253 1.201 0.968 0.993 1.274 1.661 1.685 
1.965 1.682 1.39 1.593 1.561 1.509 1.491 1.362 1.3 1.21 
1.333 1.145 0.926 1.162 1.262 1.145 1.227 1.298 1.07 1.084 
1.538 1.862 1.665 1.606 1.642 1.589 1.463 1.353 1.602 1.491 
1.337 1.293 1.539 1.623 1.641 1.875 1.658 1.41 1.295 1.284 
1.362 1.113 1.099 1.278 1.208 1.045 1.276 1.253 1.326 1.168 
1.346 1.458 1.212 1.575 1.535 1.508 1.588 1.905 1.998 2.424 
2.76 1.92 1.337 1.216 1.139 1.119 1.088 1.147 1.189 1.162 
1.192 1.221 1.174 1.269 1.492 1.622 1.468 1.536 1.954 2.152 
2.134 2.351 2.652 3.006 3.364 3.048 4.041 3.868 3.027 3.579 
2.724 2.265 2.554 2.076 1.604 1.578 1.703 1.606 1.625 1.575 
1.73 1.668 1.447 1.243 1.34 1.152 1.322 1.466 1.721 1.707 
1.653 1.316 1.204 1.157 1.173 1.289 1.515 1.561 1.37 1.386 
1.727 1.623 1.523 1.775 1.926 1.856 2.049 1.766 1.487 1.755 
1.879 1.394 1.161 1.167 1.189 1.026 0.961 1.024 0.896 0.781 
0.866 0.271 0.757 0.005 0.0 0.0 0.0 0.0 0.659 1.308 
1.687 1.706 1.594 1.419 1.638 1.971 2.057 2.198 1.959 1.737 
1.694 1.43 1.289 1.305 1.185 1.077 1.364 1.376 1.437 1.468 
1.673 2.219 2.586 3.077 2.836 3.485 3.975 4.948 5.932 6.216 
5.675 4.849 4.917 4.279 4.656 4.635 3.813 3.275 2.52 1.846 
1.922 1.701 1.799 2.352 2.726 3.668 5.366 7.008 9.858 11.766 

END
