PFRMAT local QA
AUTHOR MASS-CASP14
af2-standard_T1131_4.pdb local_accuracy_only 15.0 11.521 8.468 8.104 9.167 7.693 6.875 6.309 6.121 5.453 5.286 
5.049 4.531 3.775 3.941 3.406 3.478 3.657 3.546 3.339 3.341 
3.117 2.773 2.86 2.899 3.314 3.518 3.953 4.086 6.24 7.83 
7.318 6.768 6.33 4.598 4.886 4.378 5.434 4.702 5.502 6.299 
6.712 7.825 9.078 9.874 10.581 8.962 8.831 8.309 6.749 5.209 
5.174 4.909 5.281 5.363 5.34 5.759 5.134 6.097 6.196 6.292 
6.407 6.257 6.281 5.505 5.032 5.997 6.36 6.229 7.112 7.046 
8.233 7.575 7.792 8.156 9.218 10.496 10.419 9.772 9.201 9.212 
10.556 8.473 9.758 9.779 8.652 8.839 10.361 12.14 11.937 11.405 
9.273 10.905 9.902 11.48 12.238 15.0 15.0 15.0 15.0 15.0 
15.0 15.0 15.0 15.0 15.0 15.0 15.0 15.0 15.0 15.0 
15.0 15.0 15.0 11.35 11.089 8.18 5.644 3.862 3.156 2.649 
2.65 2.802 3.085 2.622 3.306 4.16 4.694 4.075 4.822 5.026 
5.056 4.129 5.935 6.376 8.256 9.228 11.311 10.898 9.586 9.633 
10.41 9.353 8.256 6.28 6.1 4.403 3.237 2.565 2.428 2.613 
2.577 2.274 2.428 2.506 2.298 2.248 2.964 3.432 3.273 4.458 
5.27 6.313 7.293 7.776 9.92 11.174 12.226 15.0 15.0 15.0 
15.0 15.0 
END
