PFRMAT local QA
AUTHOR LAW-CASP14
af2-standard_T1131_4.pdb local_accuracy_only 15.0 15.0 15.0 15.0 13.483 13.111 11.79 10.108 8.441 6.407 5.461 
4.763 3.928 3.577 2.99 2.696 2.552 2.452 2.367 2.3 2.284 
2.3 2.496 2.368 2.469 2.682 2.776 3.185 4.09 5.179 5.863 
5.634 5.183 4.18 2.935 3.53 3.269 3.85 3.812 3.842 3.918 
4.21 3.94 4.394 4.39 4.381 3.403 3.239 2.716 2.55 2.566 
2.607 2.611 2.494 2.469 2.694 2.88 2.957 3.117 3.463 4.051 
4.351 4.738 4.906 4.976 4.553 3.814 4.882 5.869 4.572 5.372 
7.214 7.957 6.298 7.069 7.73 8.162 7.666 8.444 7.95 7.445 
6.671 6.131 5.623 5.287 5.224 4.83 5.037 7.098 6.575 6.061 
5.938 6.612 6.464 8.052 8.702 9.169 9.716 9.901 8.574 8.264 
8.235 7.264 8.897 8.261 9.081 8.349 9.617 9.862 9.242 10.839 
11.432 10.795 11.085 10.668 10.595 10.45 9.379 7.977 8.287 8.156 
8.983 9.851 8.16 7.93 7.84 9.022 8.82 6.057 6.63 6.194 
5.093 4.086 5.95 6.079 6.522 7.546 7.94 7.882 5.162 6.186 
5.43 6.791 5.529 5.543 3.877 3.625 2.665 2.208 2.256 2.325 
2.019 2.077 2.183 2.048 2.177 2.258 2.095 2.422 2.757 2.995 
2.553 3.23 3.142 3.521 3.881 4.349 4.288 6.017 7.921 7.625 
8.72 7.639 
END
