PFRMAT local QA
AUTHOR LAW-CASP14
af2-standard_T1185s4_4.pdb local_accuracy_only 15.0 15.0 15.0 15.0 15.0 15.0 15.0 15.0 15.0 15.0 15.0 
13.173 11.727 12.499 10.795 7.824 5.84 8.891 7.063 4.662 1.231 
1.407 1.531 1.366 1.941 1.944 1.53 2.115 4.803 4.684 5.887 
4.043 6.631 5.342 5.834 3.707 3.018 1.363 1.144 0.983 0.743 
0.673 0.557 0.491 0.536 0.507 0.601 0.679 0.964 1.168 1.043 
0.777 0.963 0.761 0.941 1.054 0.974 0.857 1.063 1.113 1.088 
0.95 1.105 1.207 0.912 0.919 1.246 1.532 2.028 2.79 2.462 
2.019 1.424 1.262 1.028 0.834 0.702 0.573 0.51 0.502 0.52 
0.694 0.777 0.857 0.812 0.88 0.922 1.16 1.249 1.374 1.309 
1.199 1.328 1.392 1.313 1.352 1.617 1.882 1.82 2.254 3.267 
3.426 3.085 3.371 2.753 2.281 2.277 1.544 1.547 1.383 1.115 
1.013 1.013 0.811 0.655 0.61 0.597 0.554 0.694 0.731 0.971 
1.116 1.314 1.414 1.1 1.061 1.226 1.267 1.128 1.134 1.314 
1.49 1.393 1.426 1.836 1.614 1.306 1.89 1.597 1.114 1.267 
1.0 0.738 0.821 0.569 0.499 0.484 0.571 0.72 0.925 0.938 
1.249 1.337 1.588 2.451 3.824 3.84 2.972 3.816 4.472 4.495 
5.037 5.97 6.96 6.256 5.814 4.015 4.114 3.193 1.925 2.107 
1.705 1.372 1.224 1.338 1.145 1.005 1.018 1.021 0.899 0.808 
0.893 0.893 0.733 0.878 0.998 1.026 0.987 0.726 0.641 0.52 
0.485 0.578 0.752 0.848 1.226 1.852 3.451 4.27 5.117 6.894 
9.384 11.794 13.936 15.0 15.0 15.0 15.0 15.0 15.0 15.0 
13.215 12.036 12.673 12.441 9.878 10.282 8.525 6.903 4.852 2.389 
3.499 3.088 2.765 1.825 1.877 1.35 1.225 1.204 1.105 1.011 
1.116 1.014 0.81 0.659 0.622 0.566 0.559 0.534 0.582 0.634 
0.714 0.912 1.268 2.899 3.936 4.476 4.891 3.059 3.025 1.164 
1.023 0.797 0.83 0.72 0.78 0.826 0.958 1.069 1.021 1.46 
2.117 1.822 1.642 1.31 1.178 0.989 1.034 0.946 1.015 1.093 
1.208 1.332 1.539 1.473 1.203 1.184 1.278 1.327 1.301 
END
