PFRMAT local QA
AUTHOR MASS-CASP14
af2-standard_T1185s4_4.pdb local_accuracy_only 15.0 15.0 14.081 14.772 12.345 12.593 10.359 8.128 7.551 5.581 5.051 
4.744 3.711 4.014 4.09 4.235 4.198 4.556 4.735 4.148 3.358 
3.173 2.981 2.4 2.701 2.733 2.255 2.881 3.054 3.468 2.742 
2.945 3.469 4.172 4.896 3.79 3.267 2.297 2.315 1.869 1.498 
1.112 0.948 0.965 0.989 0.899 1.041 0.98 1.312 1.756 1.684 
1.476 1.771 1.773 1.671 1.628 1.321 1.293 1.389 1.447 1.326 
1.381 1.265 1.403 1.322 1.324 1.658 2.105 2.652 3.529 3.609 
3.39 2.475 2.065 1.733 1.31 1.059 0.827 0.886 0.783 0.794 
0.892 1.205 1.413 1.703 1.661 1.452 1.504 1.605 1.677 1.557 
1.29 1.391 1.552 1.462 1.356 1.559 1.625 1.662 1.644 2.112 
2.687 3.27 2.775 2.494 2.456 1.927 1.549 1.795 1.784 1.571 
1.491 0.002 0.0 0.0 0.0 0.003 0.939 0.92 0.952 1.281 
1.337 1.428 1.39 1.313 1.156 1.249 1.34 1.285 1.143 1.379 
1.446 1.313 1.704 1.855 1.723 1.61 1.827 1.969 1.87 2.086 
1.716 1.457 1.239 1.229 1.268 1.242 1.354 1.638 1.529 1.693 
1.934 2.085 2.265 2.753 3.519 5.187 6.004 6.217 7.094 7.558 
7.244 8.366 8.033 7.056 6.231 5.863 4.391 3.742 3.15 3.038 
2.198 1.664 1.856 1.64 1.314 1.499 1.498 1.251 1.194 1.304 
1.348 1.265 1.251 1.586 1.892 1.925 2.115 2.153 2.336 2.18 
2.32 2.14 2.142 2.968 3.487 5.032 6.909 8.05 10.887 13.076 
15.0 15.0 15.0 15.0 15.0 15.0 15.0 15.0 15.0 15.0 
15.0 15.0 14.223 9.807 7.992 5.919 4.169 3.351 2.838 2.279 
2.338 1.96 2.142 2.122 1.757 1.563 1.493 1.729 1.642 1.298 
1.467 1.589 1.376 1.241 1.163 1.048 1.068 1.089 0.982 0.967 
1.089 1.45 1.922 2.669 3.523 4.439 4.349 3.795 3.379 2.391 
1.497 1.115 1.11 0.975 1.004 1.073 1.145 1.246 1.49 2.09 
2.756 2.45 2.015 1.727 1.597 1.403 1.269 1.026 1.042 1.135 
1.288 1.683 2.067 1.914 1.266 1.095 1.147 1.056 1.455 
END
