PFRMAT local QA
AUTHOR MASS-CASP14
af2-standard_T1185s2_4.pdb local_accuracy_only 15.0 15.0 15.0 15.0 15.0 15.0 15.0 12.952 10.196 7.639 6.016 
4.025 2.745 2.026 2.01 1.67 1.347 1.428 1.246 1.226 1.225 
1.24 1.15 1.132 1.254 1.16 1.061 1.319 1.75 1.723 1.555 
1.173 1.155 1.256 1.327 1.521 1.369 1.179 1.5 1.563 1.277 
1.232 1.424 1.52 1.27 1.14 1.566 1.729 1.778 1.49 1.63 
1.39 1.442 1.697 1.667 1.408 1.223 1.475 1.575 1.366 1.291 
1.456 1.369 1.285 1.404 1.615 1.865 1.773 2.053 2.375 2.557 
3.459 4.667 7.683 11.049 13.567 14.542 14.056 15.0 13.373 12.02 
9.566 9.08 6.481 4.521 4.267 4.341 4.357 4.298 3.566 3.903 
3.856 3.799 3.311 3.248 3.002 2.425 2.156 1.524 1.391 1.364 
1.46 1.5 1.467 1.601 1.57 1.449 1.781 1.721 1.705 1.952 
2.079 2.176 1.683 1.546 1.521 1.571 1.421 1.401 1.149 1.09 
1.162 1.102 1.026 1.054 1.304 1.666 2.009 1.653 1.911 1.813 
2.015 1.841 1.47 1.381 1.515 1.6 1.485 1.505 1.465 1.495 
1.42 1.331 1.27 1.571 1.778 1.742 1.79 2.058 1.995 1.839 
1.574 1.31 1.102 0.903 0.853 0.763 0.792 0.899 1.283 1.508 
1.76 1.534 1.296 1.512 1.693 1.72 1.629 1.334 1.55 1.555 
1.346 1.403 1.552 1.426 1.293 1.34 1.466 1.464 1.399 1.591 
1.846 1.971 2.295 2.832 3.433 4.013 4.852 5.992 6.003 5.415 
4.551 4.233 4.65 3.805 3.212 3.891 3.906 2.669 2.392 2.031 
2.26 1.761 1.433 1.404 1.436 1.285 1.036 1.196 1.067 1.04 
1.23 1.22 1.439 1.479 1.249 1.497 1.47 1.285 1.354 1.549 
1.454 1.308 1.622 1.57 1.404 1.739 1.783 1.654 1.601 1.974 
1.984 1.657 1.78 1.402 1.067 0.915 0.903 0.76 0.339 0.774 
1.032 1.176 1.536 1.535 1.716 1.888 2.171 2.404 3.155 3.358 
2.967 3.405 2.587 2.293 2.111 1.691 1.609 1.829 1.701 1.473 
1.469 1.681 1.588 1.287 1.411 1.46 1.365 1.179 1.196 1.212 
1.021 1.073 1.428 1.743 1.594 1.352 1.114 1.071 0.891 0.804 
0.822 0.94 1.229 1.736 1.816 2.634 3.389 3.856 4.936 5.81 
6.466 6.198 4.748 4.058 3.15 2.851 2.548 2.377 2.345 2.116 
2.301 2.338 2.121 1.71 1.786 2.004 1.535 1.463 1.093 0.98 
1.008 1.039 1.066 1.071 1.096 1.331 1.906 2.781 2.712 2.066 
1.529 1.308 1.39 1.229 1.061 1.181 1.181 1.461 1.99 2.499 
2.53 2.289 2.045 1.733 1.537 1.34 1.28 1.261 1.251 1.354 
1.694 1.834 1.806 1.537 1.289 1.475 1.74 1.803 2.069 2.193 
2.738 3.336 4.03 4.205 4.308 5.808 5.626 6.538 7.615 8.757 
9.475 10.078 10.699 9.67 12.177 9.66 14.65 8.709 12.192 10.514 
12.639 12.294 10.667 12.345 11.967 
END
