PFRMAT local QA
AUTHOR LAW-CASP14
af2-standard_T1185s2_4.pdb local_accuracy_only 15.0 15.0 15.0 15.0 15.0 15.0 15.0 15.0 15.0 14.193 9.519 
7.199 4.871 2.929 3.617 3.801 2.392 2.74 2.326 2.98 2.675 
2.978 2.509 2.723 3.086 2.737 2.502 2.677 2.674 2.605 2.671 
2.58 2.459 2.376 2.085 2.33 2.276 2.044 2.075 2.339 2.189 
1.838 1.608 1.794 1.895 1.674 1.766 1.986 2.118 2.118 2.086 
1.698 1.667 1.652 1.788 1.675 1.503 1.547 1.511 1.513 1.692 
1.735 1.843 1.715 1.768 1.837 2.031 2.187 2.495 2.592 2.844 
3.444 5.667 10.223 12.401 15.0 13.901 13.613 10.837 10.077 7.893 
9.998 9.612 10.503 9.852 10.046 9.362 8.328 7.237 6.251 4.875 
4.107 3.344 3.113 2.868 2.243 1.426 0.986 0.912 0.781 0.913 
0.866 0.924 0.877 0.922 0.93 0.908 0.995 1.125 1.184 1.105 
1.53 1.157 1.015 0.846 0.943 0.866 0.973 0.869 0.782 0.723 
0.733 0.694 0.771 0.797 0.908 0.918 0.919 0.877 0.958 0.802 
0.95 0.912 0.851 0.753 0.901 0.901 0.753 0.743 0.872 0.824 
0.752 0.788 0.783 0.854 0.826 1.054 0.861 0.85 0.802 0.827 
0.824 0.823 0.799 0.741 0.685 0.659 0.661 0.807 0.908 1.106 
1.041 1.292 1.145 1.455 1.308 1.352 1.229 1.126 1.289 1.281 
1.193 1.222 1.342 1.283 1.245 1.448 1.417 1.426 1.373 1.647 
1.799 1.836 2.146 2.294 2.596 2.992 3.854 5.232 5.891 5.618 
3.443 4.142 4.044 2.982 2.293 3.102 2.69 2.061 1.867 1.531 
1.496 1.491 1.132 1.186 1.099 0.886 0.827 0.758 0.699 0.683 
0.796 0.82 1.004 1.014 1.03 1.135 1.053 1.0 1.157 1.161 
1.171 1.074 1.209 1.266 1.237 1.268 1.516 1.466 1.465 1.908 
1.974 1.734 2.033 1.233 0.935 0.9 0.715 0.696 0.646 0.703 
0.801 0.972 0.995 1.207 1.224 1.181 1.289 1.542 1.769 1.779 
1.736 2.02 1.72 1.726 1.568 1.563 1.407 1.415 1.332 1.26 
1.208 1.149 1.137 1.088 1.042 1.007 1.003 0.861 0.901 0.971 
0.985 0.867 1.09 1.303 1.164 1.041 0.879 0.78 0.708 0.662 
0.746 0.798 0.875 1.0 1.102 1.478 2.487 2.766 5.405 5.981 
9.605 8.263 7.232 4.398 3.437 2.118 1.799 1.181 1.342 1.567 
1.915 2.762 2.482 1.656 2.184 2.083 1.288 1.118 1.138 0.918 
0.85 0.832 0.813 0.879 0.893 1.253 1.397 1.984 1.786 1.431 
1.089 1.01 0.899 1.02 1.051 1.044 1.121 1.62 1.916 3.025 
2.255 2.016 1.469 1.24 1.083 0.935 1.081 0.99 1.215 1.159 
1.356 1.436 1.331 1.16 1.045 1.099 1.098 1.499 2.469 4.204 
5.151 6.837 6.833 12.708 11.763 9.207 12.584 15.0 14.114 15.0 
15.0 15.0 14.084 15.0 15.0 15.0 15.0 15.0 15.0 15.0 
15.0 15.0 15.0 15.0 15.0 
END
