PFRMAT local QA
AUTHOR LAW-CASP14
af2-standard_T1165_5.pdb local_accuracy_only 15.0 15.0 15.0 15.0 15.0 15.0 15.0 15.0 15.0 15.0 15.0 
15.0 15.0 15.0 15.0 10.541 11.711 8.729 4.932 3.487 2.378 
1.947 1.51 1.564 1.459 1.279 1.339 1.302 1.254 1.332 1.322 
1.318 1.283 1.183 1.172 1.284 1.257 1.105 1.32 1.519 1.643 
1.981 2.479 1.891 2.101 1.628 1.425 1.119 1.064 1.057 0.966 
1.169 1.378 1.212 1.352 1.487 1.262 1.267 1.392 1.35 1.141 
1.191 1.247 1.109 1.001 1.042 1.071 0.992 0.93 1.009 1.043 
0.921 1.133 0.849 1.204 1.657 4.987 5.929 7.872 7.124 6.116 
3.763 1.789 1.207 1.076 0.769 0.853 0.851 0.87 1.036 1.021 
1.058 0.95 0.899 0.95 0.938 0.811 0.87 0.999 0.902 0.775 
1.005 0.932 0.834 0.903 0.961 0.833 0.822 0.913 1.011 0.904 
1.002 1.15 1.017 1.617 1.53 1.581 2.032 1.427 1.275 1.29 
0.981 0.804 0.84 0.806 0.652 0.62 0.652 0.64 0.654 0.704 
0.691 0.813 0.671 0.595 0.657 0.733 0.585 0.522 0.692 0.654 
0.643 0.59 0.81 0.802 0.87 0.896 0.988 1.45 1.196 1.326 
1.638 2.355 2.81 4.209 4.038 5.764 5.65 5.158 3.562 2.245 
1.62 3.058 1.839 1.875 1.464 1.21 1.06 1.132 0.926 0.704 
0.687 0.864 0.657 0.6 0.798 0.785 0.839 1.225 1.432 2.138 
2.18 3.643 2.082 4.151 3.78 3.749 3.396 3.098 1.917 1.57 
1.379 1.051 1.338 1.313 1.161 1.49 1.789 2.13 1.732 1.743 
1.064 1.12 1.066 1.09 0.793 0.804 1.149 0.902 1.595 1.116 
2.135 1.947 3.188 3.397 5.462 7.727 10.442 13.898 15.0 15.0 
15.0 15.0 15.0 15.0 15.0 15.0 15.0 15.0 15.0 15.0 
13.844 11.074 7.166 4.448 3.118 2.529 2.018 1.582 1.629 1.453 
1.62 1.52 2.336 2.128 1.137 1.543 2.281 1.608 1.514 0.889 
0.978 1.165 1.0 0.811 0.954 1.064 0.832 0.832 0.994 1.061 
0.83 0.835 0.934 0.82 0.765 0.699 0.656 0.718 0.646 0.594 
0.615 0.631 0.587 0.547 0.568 0.609 0.632 0.605 0.658 0.762 
0.812 1.067 1.37 1.523 1.449 0.897 1.108 1.221 0.914 0.706 
0.804 0.84 0.636 0.614 0.627 0.535 0.556 0.469 0.514 0.495 
0.481 0.508 0.568 0.604 0.669 0.746 0.885 0.925 1.072 1.088 
1.237 1.168 0.952 1.085 1.156 1.085 0.896 1.1 1.119 1.116 
1.182 1.131 1.201 1.029 0.837 0.904 0.937 0.601 0.689 0.814 
0.684 0.646 1.047 1.436 2.488 1.947 2.192 1.645 1.05 1.002 
0.975 0.91 0.75 0.725 0.75 0.617 0.526 0.549 0.583 0.487 
0.505 0.604 0.581 0.585 0.618 0.784 0.811 0.806 0.924 0.763 
0.747 0.846 0.787 0.656 0.772 0.842 0.772 0.723 0.945 0.849 
1.171 1.226 1.16 1.168 0.945 0.951 0.802 0.883 1.004 0.939 
0.848 0.956 1.031 0.985 1.084 1.179 1.511 1.439 1.51 1.648 
1.963 2.115 2.776 2.308 1.834 1.203 1.117 0.979 0.789 0.885 
0.911 0.764 0.682 0.77 0.812 0.622 0.784 0.927 0.838 0.864 
1.168 1.238 1.17 1.788 2.117 1.162 1.425 1.805 1.679 1.213 
1.237 1.395 1.163 0.982 0.886 0.861 0.918 0.855 0.789 0.903 
0.994 0.926 0.938 1.318 1.448 2.274 2.439 1.988 2.037 1.356 
1.245 1.122 1.06 1.002 1.01 0.958 0.851 0.871 0.997 0.91 
0.896 1.072 1.292 1.171 1.363 1.554 1.794 1.95 1.828 1.592 
1.539 1.627 1.403 1.103 1.151 1.317 1.166 1.253 1.045 1.018 
1.216 1.127 0.971 1.047 1.152 1.102 0.956 1.08 1.064 0.964 
0.946 1.061 1.12 1.146 1.178 1.268 1.606 1.525 3.987 3.667 
3.787 4.087 2.333 3.209 4.484 6.836 6.071 6.441 3.11 1.86 
1.458 1.546 1.354 1.831 1.41 1.273 1.137 1.069 1.064 0.984 
0.893 0.944 0.882 0.844 0.813 0.874 0.839 0.83 0.923 1.042 
1.129 1.132 1.534 1.619 1.938 2.049 2.036 2.385 2.29 1.597 
1.559 2.016 1.501 1.514 1.615 1.531 1.366 1.19 1.463 1.319 
1.014 0.925 1.041 0.96 0.866 0.905 0.979 1.041 1.076 1.425 
1.202 1.086 1.274 1.208 1.15 0.972 0.927 1.011 0.942 0.824 
0.783 0.894 0.823 0.771 0.82 1.011 0.965 0.908 0.976 1.225 
1.18 1.054 1.118 1.076 1.126 1.653 1.954 2.033 2.409 2.533 
2.396 2.679 2.526 2.498 2.83 2.893 2.704 2.085 2.654 2.378 
2.082 2.011 1.968 1.991 1.475 1.306 1.193 1.177 1.13 1.129 
1.032 0.996 0.981 0.904 0.872 0.84 0.909 0.75 0.785 0.874 
0.766 0.78 0.785 0.87 0.89 0.956 1.006 0.899 0.843 1.059 
1.158 1.028 1.136 1.372 1.583 1.498 1.459 1.167 1.274 1.5 
1.185 1.148 1.313 1.225 1.055 1.207 1.122 1.141 1.196 1.185 
1.058 1.194 1.263 1.278 1.382 1.823 2.07 1.804 1.29 1.009 
0.834 0.93 0.794 0.693 0.763 0.808 0.719 0.739 0.817 0.811 
0.769 0.836 0.915 0.859 0.952 0.967 0.842 0.855 0.998 1.012 
0.874 1.049 1.054 1.035 0.952 1.138 1.041 1.142 1.083 1.241 
1.242 1.222 1.368 1.528 1.47 1.544 1.933 2.771 2.869 2.544 
1.743 1.162 1.071 1.069 1.61 2.117 3.025 2.983 2.666 2.252 
1.399 1.005 0.88 0.993 1.026 1.087 1.081 1.413 1.335 3.511 
6.882 8.021 7.618 9.113 10.409 15.0 15.0 15.0 15.0 15.0 
11.23 6.345 1.24 2.316 2.508 2.039 1.47 1.337 1.385 1.216 
0.991 0.881 0.9 0.89 0.767 0.741 0.771 0.707 0.659 0.705 
0.782 0.699 0.73 0.875 0.957 1.189 1.242 1.017 1.133 1.758 
1.823 1.839 2.306 2.524 1.974 1.849 2.111 1.333 1.412 1.402 
1.203 1.008 1.168 1.07 0.866 0.79 0.983 0.957 0.866 0.837 
0.875 0.824 1.057 0.846 0.868 1.028 0.949 0.98 0.855 0.818 
0.877 0.799 0.736 0.74 0.8 0.713 0.788 0.821 0.847 0.936 
1.003 1.107 1.315 1.447 1.382 1.148 1.179 0.908 0.875 0.95 
0.959 0.694 0.721 0.805 0.766 0.632 0.793 0.834 0.775 0.712 
0.904 1.095 0.881 1.218 1.4 1.038 0.894 1.515 1.246 1.48 
1.022 1.288 1.184 0.912 0.991 0.947 0.968 1.206 1.417 2.622 
2.78 2.748 2.111 1.594 1.366 1.174 1.088 0.896 0.779 0.831 
0.747 0.609 0.642 0.646 0.548 0.566 0.599 0.551 0.537 0.598 
0.617 0.647 0.709 0.744 0.799 0.821 0.939 1.106 1.425 1.831 
1.575 1.447 1.79 1.946 1.567 1.232 1.54 1.58 1.31 1.394 
1.696 1.561 1.444 1.503 1.716 1.632 1.514 1.44 1.085 0.979 
0.782 0.783 0.802 0.747 0.619 0.612 0.662 0.547 0.544 0.561 
0.583 0.517 0.575 0.614 0.585 0.595 0.65 0.715 0.706 0.755 
0.775 0.923 0.991 1.177 1.359 1.538 1.302 1.291 1.571 1.459 
1.012 1.153 0.997 3.31 8.294 9.733 11.82 11.46 11.59 8.21 
8.971 6.753 3.164 1.123 0.941 1.358 1.427 2.208 2.567 2.479 
3.508 3.642 5.962 11.726 13.035 15.0 15.0 14.235 12.747 7.883 
2.954 1.409 1.691 1.324 1.087 0.862 0.974 0.868 0.73 0.735 
0.795 0.67 0.622 0.654 0.717 0.592 0.568 0.626 0.663 0.552 
0.625 0.75 0.64 0.638 0.793 0.858 0.796 0.931 1.085 1.077 
1.232 1.37 1.49 1.712 3.059 3.708 3.358 7.933 8.253 6.925 
7.902 4.831 4.326 3.204 2.907 2.714 2.736 2.951 2.102 2.27 
2.284 1.943 1.496 1.793 1.703 1.127 1.099 1.333 1.189 0.856 
1.007 1.219 1.046 0.852 1.128 1.223 1.05 1.358 1.875 1.785 
2.246 2.24 1.653 1.64 1.314 0.955 1.349 1.377 1.068 1.185 
1.467 1.288 1.112 1.45 1.56 1.269 1.171 1.829 2.062 3.001 
3.35 4.749 7.353 7.952 6.463 5.973 6.844 5.719 3.652 2.672 
2.701 2.505 3.381 3.972 2.444 3.214 3.448 2.185 1.656 1.897 
2.264 1.585 1.47 1.482 1.486 1.546 1.382 1.453 1.406 1.507 
1.47 1.553 1.529 1.616 1.552 1.561 1.757 1.812 1.934 2.046 
2.136 2.417 3.175 3.726 3.732 5.751 5.806 4.454 4.411 6.669 
5.801 5.742 3.681 2.412 2.597 2.258 2.491 2.218 2.307 2.517 
2.045 1.845 1.966 1.928 1.735 1.82 2.02 1.688 1.731 1.618 
1.738 1.723 1.739 1.588 1.897 1.876 1.612 1.977 2.53 2.209 
2.428 2.548 2.945 3.509 3.654 3.925 3.912 3.54 3.485 4.017 
3.515 3.284 3.059 3.166 3.304 3.495 3.421 4.141 3.213 3.378 
3.311 2.763 2.879 3.33 2.883 2.195 2.341 2.153 1.923 1.555 
1.66 1.42 1.367 1.375 1.532 1.384 1.352 1.432 1.471 1.561 
1.683 1.757 1.859 2.05 2.005 2.127 2.02 2.514 4.469 5.405 
5.013 3.712 3.357 2.278 2.717 1.956 1.957 1.792 1.636 1.399 
1.566 1.408 1.28 1.332 1.372 1.295 1.279 1.427 1.361 1.397 
1.657 3.018 4.072 6.512 4.729 8.072 5.545 6.0 7.41 7.639 
9.326 8.39 6.415 6.713 3.506 6.338 5.861 4.073 3.39 3.572 
6.197 8.146 8.804 7.48 6.3 8.446 9.899 7.724 8.1 10.439 
8.923 10.065 8.579 7.42 6.819 4.5 3.835 3.839 3.983 3.736 
3.422 2.68 2.849 2.57 2.651 3.222 2.805 2.546 2.743 3.935 
4.821 5.912 6.926 6.398 7.959 6.806 7.348 7.227 6.599 7.59 
7.436 8.761 6.501 8.415 10.349 8.844 8.344 8.528 8.156 8.295 
10.536 9.693 8.911 9.288 10.841 10.781 9.617 10.376 9.42 11.738 
10.923 11.109 12.282 10.343 10.829 7.546 9.078 9.881 4.08 3.161 
2.69 2.975 2.571 2.38 1.922 2.152 2.106 1.852 1.837 2.227 
2.371 2.142 2.304 2.575 2.615 2.287 2.236 2.012 2.305 1.992 
1.649 1.687 1.708 1.466 1.132 1.228 1.4 1.161 1.103 1.097 
1.054 1.021 1.041 1.139 1.064 1.023 1.143 1.185 1.147 1.164 
1.387 1.329 1.701 1.77 1.89 2.081 2.59 2.573 2.489 1.97 
1.499 1.762 1.516 1.146 1.223 1.172 0.969 0.975 1.059 1.05 
0.989 1.099 1.179 1.214 1.476 1.495 1.686 1.302 1.168 1.104 
1.071 1.083 0.969 0.993 0.917 0.898 0.904 0.902 0.857 0.87 
0.929 0.921 0.889 0.996 1.056 1.203 1.4 1.148 1.21 1.462 
1.504 1.192 1.357 1.252 1.138 1.093 1.169 1.145 1.059 1.048 
1.182 1.209 1.107 1.217 1.371 1.414 1.197 1.344 1.242 1.275 
1.192 1.124 1.105 1.054 1.001 1.026 0.938 0.875 0.906 0.838 
0.739 0.798 0.8 0.723 0.73 0.821 0.848 0.803 0.88 0.938 
0.981 0.914 1.011 0.972 1.263 1.475 2.05 2.663 2.948 5.823 
8.584 9.212 5.525 7.952 5.207 4.349 6.259 7.596 7.914 4.171 
4.247 2.277 1.784 1.75 1.282 1.297 1.181 1.154 1.255 1.275 
1.28 1.197 1.135 1.136 1.125 1.065 0.963 1.133 1.102 1.066 
1.054 1.213 1.173 1.318 1.201 1.04 1.076 1.029 0.915 0.879 
0.918 0.809 0.778 0.74 0.735 0.607 0.652 0.628 0.624 0.607 
0.664 0.696 0.755 0.838 1.011 0.994 1.146 0.958 0.904 1.022 
1.121 0.886 1.044 1.258 1.168 1.221 1.121 0.989 1.206 1.031 
0.871 0.948 1.037 0.937 0.899 0.974 1.001 1.071 1.014 1.276 
1.314 1.5 1.238 1.119 1.114 0.999 0.827 0.803 0.759 0.691 
0.605 0.644 0.64 0.604 0.626 0.655 0.696 0.742 0.718 0.845 
0.967 1.054 1.023 0.939 0.865 0.784 0.851 0.741 0.619 0.673 
0.889 0.717 0.737 1.025 1.14 1.134 1.399 1.762 2.13 3.768 
5.271 6.715 8.313 8.619 7.38 3.361 2.033 2.006 1.544 1.201 
1.146 0.957 1.005 0.94 0.885 0.815 0.899 0.844 0.719 0.796 
0.751 0.664 0.689 0.775 0.791 0.782 0.757 0.756 0.662 0.619 
0.65 0.651 0.589 0.619 0.692 0.7 0.829 0.889 1.0 1.242 
1.473 1.742 3.05 3.987 6.655 6.837 5.469 4.983 2.863 3.071 
2.028 1.397 1.425 1.222 1.377 1.391 1.413 1.712 3.477 6.111 
8.864 12.026 14.446 15.0 15.0 15.0 15.0 14.64 13.433 13.273 
10.943 8.556 12.493 9.082 6.636 3.802 4.378 2.571 1.389 1.223 
0.931 0.841 0.953 1.124 0.815 0.912 1.093 0.984 0.867 1.197 
1.349 1.094 1.363 1.636 1.661 2.011 1.501 1.59 2.385 5.61 
8.982 12.085 14.928 15.0 15.0 15.0 15.0 15.0 15.0 15.0 
15.0 13.003 8.75 5.987 3.206 2.253 1.304 1.522 1.408 1.336 
1.118 1.119 1.029 0.915 0.775 0.764 0.721 0.681 0.672 0.743 
0.789 0.66 0.731 0.83 0.903 0.739 0.842 1.105 0.918 0.821 
1.002 0.928 0.75 0.896 0.963 1.014 0.882 0.97 1.147 1.019 
1.52 1.77 3.133 4.109 6.614 7.622 5.381 4.936 3.229 2.11 
1.494 1.17 1.133 1.102 1.159 0.959 0.987 1.15 1.05 1.013 
1.074 1.17 1.185 1.079 1.21 1.482 2.391 3.324 3.921 3.98 
4.093 4.436 3.032 2.407 2.2 1.69 1.763 1.765 1.349 1.193 
1.15 1.167 1.094 0.903 1.057 1.082 0.915 1.002 1.158 1.151 
1.011 1.25 1.248 1.119 1.023 1.141 1.454 1.543 1.258 1.274 
1.26 1.029 3.809 2.542 7.98 8.757 8.497 7.574 5.704 4.298 
5.288 2.828 2.148 1.746 1.431 1.211 1.144 1.064 0.92 0.891 
0.9 0.907 0.868 0.842 0.948 0.973 0.925 0.884 1.042 1.012 
1.025 1.278 1.556 1.543 1.976 2.49 3.936 5.985 8.056 7.568 
7.389 6.221 3.946 2.721 1.674 1.927 1.491 1.29 1.268 1.313 
1.266 1.298 1.352 1.446 1.464 1.545 1.982 1.699 1.705 2.843 
3.781 6.337 6.789 6.791 3.522 2.95 5.825 4.935 2.649 5.783 
6.38 9.595 10.66 7.546 7.016 9.093 8.277 3.785 3.725 3.6 
2.052 1.455 1.35 1.207 0.948 0.925 0.876 0.94 0.936 0.908 
0.809 0.769 0.807 0.866 0.772 0.718 0.838 0.981 0.749 0.827 
1.144 0.983 1.17 1.05 1.239 1.236 1.326 1.437 1.134 1.099 
1.157 1.109 0.896 1.14 1.134 0.989 1.053 1.165 1.15 0.998 
1.087 1.314 1.232 1.12 1.686 2.672 1.906 2.965 4.026 5.323 
7.048 8.073 10.705 13.623 14.622 15.0 15.0 15.0 15.0 15.0 
15.0 15.0 15.0 15.0 15.0 15.0 15.0 15.0 15.0 15.0 
15.0 15.0 15.0 15.0 15.0 15.0 15.0 15.0 15.0 15.0 
15.0 15.0 14.364 15.0 13.705 14.973 15.0 14.941 15.0 15.0 
15.0 15.0 13.122 12.228 10.541 10.099 9.167 8.076 9.216 9.207 
10.565 11.354 13.077 15.0 15.0 15.0 15.0 15.0 15.0 15.0 
15.0 15.0 15.0 15.0 15.0 15.0 15.0 15.0 15.0 15.0 
15.0 10.811 10.374 8.596 7.883 6.841 6.091 3.88 3.266 2.601 
2.527 1.989 1.565 1.424 1.256 0.933 0.91 0.752 0.655 0.678 
0.645 0.642 0.69 0.685 0.716 0.776 0.912 0.775 0.878 1.045 
1.187 1.064 1.319 1.443 1.121 1.023 1.321 1.28 0.96 0.977 
1.257 1.205 0.853 1.063 1.322 1.102 0.99 1.313 1.687 1.612 
1.533 2.328 2.71 3.353 3.909 6.39 7.309 9.282 11.242 14.563 
15.0 15.0 15.0 15.0 15.0 15.0 15.0 15.0 15.0 15.0 
15.0 13.304 13.567 12.674 10.893 10.42 10.196 9.751 9.12 9.42 
8.711 9.551 10.191 12.238 15.0 15.0 15.0 15.0 15.0 15.0 
15.0 15.0 15.0 15.0 15.0 15.0 15.0 15.0 15.0 14.392 
10.437 9.525 5.443 4.044 2.831 2.425 1.466 1.403 1.213 1.028 
1.153 1.069 1.261 1.476 1.183 1.094 1.041 1.101 1.197 1.553 
1.944 1.51 1.526 1.242 1.428 1.111 1.311 1.196 1.105 1.162 
1.266 1.156 1.163 1.208 1.154 1.087 1.042 1.03 1.042 0.95 
0.86 0.914 0.943 0.888 0.915 0.99 1.099 1.186 1.375 2.049 
2.325 3.364 3.183 2.957 4.715 7.524 10.746 12.806 12.342 12.973 
13.19 13.089 8.976 7.544 4.37 3.734 3.973 3.751 3.403 3.4 
3.374 2.539 4.002 5.083 5.239 5.822 6.26 5.704 11.088 9.964 
10.079 11.266 12.238 12.989 14.865 15.0 15.0 15.0 14.286 14.638 
14.129 11.886 11.894 9.734 8.905 8.812 7.843 6.968 6.866 8.008 
8.963 11.734 11.632 10.543 10.802 12.341 13.19 12.423 10.17 9.566 
7.314 3.582 3.299 2.288 1.585 1.551 1.793 1.979 2.415 3.559 
5.134 7.188 8.04 8.405 8.218 5.007 6.36 7.359 10.842 12.072 
12.855 15.0 15.0 15.0 15.0 15.0 12.709 9.271 5.966 3.29 
2.112 1.468 1.298 1.013 0.893 0.763 0.81 0.735 0.807 0.7 
0.607 0.606 0.607 0.528 0.495 0.561 0.535 0.571 0.631 0.788 
0.862 1.253 1.51 1.844 2.295 1.769 1.602 1.65 1.31 1.17 
0.976 1.019 0.926 0.749 0.885 0.901 0.788 0.713 0.834 0.951 
0.9 0.966 0.789 0.723 0.736 0.728 0.617 0.619 0.745 0.655 
0.592 0.688 0.82 0.694 0.703 0.891 0.843 0.805 0.905 1.008 
0.906 0.842 0.733 0.776 0.728 0.716 0.667 0.685 0.615 0.804 
0.737 0.63 0.717 0.945 0.925 0.821 1.208 1.46 2.431 2.996 
4.263 3.414 3.165 2.866 1.757 1.394 1.277 0.975 1.065 1.307 
1.1 0.914 0.934 0.89 1.022 0.907 0.753 0.741 0.772 0.717 
0.621 0.667 0.717 0.68 0.641 0.756 0.87 0.78 0.848 1.088 
1.091 1.002 1.173 0.973 0.774 0.885 0.966 0.83 0.802 1.081 
1.242 1.209 1.221 1.464 1.685 1.488 1.424 1.816 2.241 2.465 
3.881 11.825 14.333 15.0 15.0 15.0 15.0 15.0 15.0 12.207 
5.79 2.491 2.041 1.667 1.464 1.229 1.029 0.905 0.855 1.044 
0.901 0.871 0.955 1.092 0.935 1.027 1.16 1.272 1.329 1.558 
1.016 1.211 1.52 1.415 1.314 1.167 0.869 0.909 0.931 0.787 
0.738 0.819 0.913 0.781 0.879 0.991 1.148 1.001 1.289 1.514 
2.8 6.368 6.056 8.068 9.743 8.209 12.319 14.869 15.0 15.0 
15.0 15.0 15.0 15.0 15.0 15.0 15.0 14.378 11.082 8.791 
7.752 1.98 3.105 1.91 1.832 1.433 1.317 1.257 1.018 1.012 
0.99 0.838 0.873 1.023 0.847 0.748 0.933 1.082 1.391 1.251 
0.99 1.353 1.135 1.072 0.953 0.831 0.966 0.906 0.791 0.796 
0.925 0.857 0.801 0.954 1.089 1.062 1.145 1.497 1.539 1.687 
1.524 1.184 1.159 1.178 1.166 0.917 1.04 1.13 1.061 0.911 
1.05 1.178 1.001 0.828 1.164 1.178 0.914 1.042 1.307 1.171 
1.047 1.239 1.353 1.324 1.167 1.415 1.67 1.829 1.554 2.52 
2.856 2.757 2.69 3.637 8.531 13.474 14.602 14.272 14.08 13.697 
8.361 10.02 9.214 7.224 5.16 5.548 3.239 2.443 1.661 2.696 
2.176 1.757 1.07 1.105 0.898 0.743 0.787 0.653 0.625 0.63 
0.592 0.622 0.62 0.688 0.689 0.766 0.753 0.86 0.888 1.062 
1.041 1.46 4.095 7.977 10.141 9.878 9.53 7.166 5.291 4.093 
2.841 3.041 2.345 1.589 1.746 1.571 1.337 1.251 1.417 1.301 
1.132 1.461 1.323 1.979 1.505 1.165 1.169 1.286 1.116 0.955 
1.018 1.095 1.082 1.029 1.181 1.392 1.429 1.486 1.594 2.001 
2.278 3.242 2.635 2.201 3.051 2.463 1.769 2.149 1.861 1.252 
1.223 0.906 0.77 0.953 0.979 0.753 0.875 1.06 0.902 0.979 
1.229 1.417 1.806 1.936 2.924 4.351 6.877 8.743 10.501 13.146 
14.987 15.0 15.0 15.0 15.0 15.0 15.0 15.0 15.0 15.0 
13.659 12.058 3.137 2.479 2.374 2.987 2.558 2.365 1.66 1.987 
1.973 1.74 1.462 1.67 1.681 1.569 1.46 1.595 1.631 1.432 
1.335 1.349 1.375 1.307 1.169 1.436 1.357 1.325 1.304 1.462 
1.61 1.437 1.845 1.568 1.489 1.946 2.076 1.693 1.38 1.507 
1.236 1.11 1.109 1.187 1.085 1.034 1.073 1.14 0.93 0.925 
0.738 0.9 0.913 0.749 0.805 0.911 0.884 0.809 0.936 1.037 
1.079 0.99 1.357 1.46 1.992 2.713 4.157 3.478 1.859 1.253 
1.109 0.923 0.995 0.817 0.993 0.834 1.05 1.013 1.036 0.891 
0.758 0.727 0.815 0.85 0.795 0.737 1.054 1.019 1.106 1.053 
1.519 1.374 1.4 0.977 1.03 1.096 0.959 0.859 1.124 0.968 
0.967 0.84 0.918 0.78 1.186 1.219 1.369 2.281 2.207 2.148 
1.437 1.234 0.997 1.07 0.994 1.009 0.913 0.816 0.828 0.805 
0.699 0.629 0.777 0.713 0.679 0.705 0.893 0.769 0.713 0.818 
0.956 0.974 1.196 0.971 0.898 0.711 0.778 0.784 0.856 0.825 
0.959 0.995 0.969 1.027 0.868 0.687 0.716 0.672 0.73 0.773 
0.926 0.979 0.788 0.965 0.945 0.886 0.887 0.791 0.664 0.673 
0.634 0.58 0.578 0.642 0.544 0.512 0.576 0.574 0.479 0.479 
0.593 0.567 0.541 0.57 0.7 0.654 0.669 0.633 0.672 0.611 
0.81 0.585 0.659 0.56 0.649 0.639 0.641 0.55 0.508 0.539 
0.512 0.516 0.569 0.537 0.522 0.587 0.696 0.754 0.73 0.844 
0.746 0.766 0.831 0.861 0.8 0.876 0.894 0.923 0.833 0.812 
0.881 0.823 0.735 0.887 0.958 0.878 0.86 1.277 1.297 1.339 
1.29 1.394 1.731 1.637 1.301 1.168 0.909 0.805 0.762 0.841 
0.706 0.838 0.826 0.96 0.987 1.142 1.099 0.985 0.934 0.863 
0.849 0.788 0.941 0.735 1.012 1.157 1.116 0.91 0.901 0.865 
0.789 0.821 0.672 0.728 0.802 0.663 0.613 0.625 0.643 0.609 
0.58 0.589 0.691 0.66 0.624 0.711 0.849 0.838 0.914 0.901 
0.964 1.059 1.04 0.909 0.984 0.864 0.73 0.709 0.861 0.74 
0.639 0.715 0.815 0.665 0.627 0.805 0.819 0.753 0.813 0.972 
0.851 1.033 0.909 0.772 0.763 0.774 0.557 0.599 0.562 0.546 
0.566 0.536 0.572 0.588 0.62 0.513 0.671 0.661 0.787 0.767 
0.993 0.748 0.84 0.747 0.769 0.741 0.713 0.692 0.719 0.671 
0.632 0.658 0.767 0.803 0.92 0.82 0.951 0.901 0.927 0.854 
0.821 0.804 0.774 0.797 0.71 0.652 0.704 0.769 0.661 0.63 
0.79 0.784 0.671 0.765 0.749 0.596 0.567 0.544 0.557 0.525 
0.543 0.537 0.561 0.719 0.647 0.679 0.677 0.649 0.576 0.679 
0.762 0.874 1.151 1.14 0.881 0.771 0.924 0.953 0.811 0.966 
0.929 1.001 1.139 1.133 1.048 0.863 0.766 0.618 0.683 0.641 
0.744 0.954 1.15 6.861 9.112 9.309 8.157 12.153 11.583 10.763 
1.246 1.158 0.895 0.824 0.827 0.821 0.768 0.741 0.692 0.771 
0.884 1.008 1.692 1.275 1.033 1.082 0.942 0.794 0.895 0.962 
0.797 0.753 1.023 1.216 1.136 1.111 3.114 1.872 1.162 6.05 
8.406 9.093 11.732 14.433 15.0 15.0 15.0 15.0 15.0 15.0 
15.0 15.0 15.0 15.0 15.0 15.0 15.0 15.0 15.0 15.0 
15.0 15.0 15.0 
END
