PFRMAT local QA
AUTHOR MASS-CASP14
af2-standard_T1165_5.pdb local_accuracy_only 15.0 15.0 15.0 15.0 13.373 13.249 12.326 11.147 10.224 9.902 7.588 
6.519 6.393 5.711 4.625 4.303 4.096 3.775 2.64 2.714 2.763 
2.524 2.161 2.182 2.425 2.379 2.626 3.396 3.591 3.528 3.617 
3.526 2.74 1.866 1.731 2.0 1.875 1.756 2.011 2.265 2.342 
2.538 2.495 2.077 2.01 1.719 1.568 1.39 1.303 1.124 1.118 
1.36 1.313 1.091 1.325 1.365 1.155 1.104 1.121 1.05 0.964 
1.194 1.259 1.148 1.191 1.3 1.327 1.217 1.29 1.488 1.641 
1.439 1.423 1.454 1.674 2.193 2.713 3.364 3.658 3.514 4.844 
4.281 4.287 3.594 3.288 3.063 2.691 2.613 2.261 2.297 2.325 
1.78 1.303 1.222 1.329 1.232 1.048 1.154 1.163 1.108 1.076 
1.142 1.1 1.137 1.292 1.318 1.096 1.078 1.353 1.337 1.211 
1.499 1.629 1.795 2.123 1.822 1.591 1.825 1.856 1.972 1.85 
1.253 1.313 1.306 1.453 1.294 1.198 1.05 1.213 1.236 1.197 
1.079 1.199 0.956 0.981 0.951 1.019 1.021 0.986 1.135 1.028 
1.01 0.992 1.16 1.131 1.295 1.308 1.505 1.564 1.648 2.223 
3.226 3.869 4.794 5.774 5.469 6.7 7.24 6.438 4.963 4.157 
3.066 2.923 2.37 2.402 1.864 1.794 1.823 2.122 1.898 2.059 
1.903 2.31 2.147 2.209 2.472 2.898 2.621 3.62 4.39 5.582 
5.99 7.538 8.346 9.832 9.086 8.621 6.344 5.101 3.73 3.146 
2.967 2.673 2.607 2.211 2.643 3.036 3.538 4.317 3.58 3.286 
2.254 2.001 1.93 1.74 1.339 1.579 1.506 1.284 1.405 1.514 
1.362 1.347 1.535 2.042 2.822 3.633 3.87 5.659 5.637 8.197 
9.122 12.077 15.0 15.0 15.0 15.0 15.0 15.0 15.0 9.731 
9.27 8.472 5.904 4.433 3.594 2.923 2.627 2.242 2.62 2.415 
2.971 3.733 4.132 3.552 2.727 3.749 3.56 3.325 2.237 1.852 
2.037 1.934 1.507 1.469 1.814 1.882 1.889 1.792 1.958 1.889 
1.428 1.587 1.521 1.665 1.231 0.995 1.269 1.157 1.024 0.983 
1.084 1.109 1.029 1.241 1.219 1.269 1.476 1.494 1.43 1.79 
2.427 3.12 3.718 3.902 3.234 2.275 2.05 2.034 1.473 1.543 
1.428 1.44 1.325 1.08 1.195 1.195 1.088 1.162 1.115 1.211 
1.198 1.235 1.266 1.272 1.3 1.382 1.566 1.63 2.073 2.513 
2.657 2.184 1.762 1.931 2.817 2.901 2.453 2.413 2.355 2.445 
2.497 2.167 2.556 2.177 1.816 2.038 2.146 1.981 2.037 2.278 
2.333 2.58 3.449 3.762 4.209 3.472 3.179 2.101 1.599 1.501 
1.512 1.391 1.19 1.253 1.382 1.435 1.483 1.335 1.392 1.327 
1.232 1.289 1.229 1.28 1.563 2.097 2.341 2.539 2.166 1.746 
1.427 1.308 1.331 1.035 0.993 1.14 1.242 1.315 1.412 1.472 
1.9 2.268 2.146 2.249 1.999 1.573 1.359 1.609 1.827 1.785 
1.741 1.982 2.081 2.37 2.263 2.713 2.664 2.422 2.938 3.276 
3.323 3.237 3.088 2.682 2.242 2.077 2.278 2.323 2.064 1.876 
1.94 2.022 1.579 1.536 1.679 1.631 1.519 1.637 1.831 2.005 
2.472 3.504 4.086 4.825 4.766 3.568 3.076 3.135 2.829 2.015 
1.934 1.835 1.783 1.708 1.443 1.46 1.907 1.726 1.609 1.648 
1.634 1.715 1.847 2.337 2.627 3.695 4.232 4.023 3.529 3.1 
2.989 2.753 2.447 2.018 1.998 1.805 1.743 1.876 1.841 1.878 
2.025 2.289 2.507 2.773 2.38 3.021 3.694 3.788 3.096 2.52 
2.33 1.911 1.603 1.322 1.443 1.513 1.531 1.725 1.514 1.327 
1.418 1.369 1.271 1.197 1.344 1.585 1.372 1.414 1.508 1.623 
1.373 1.538 1.99 2.095 2.027 2.383 2.377 2.82 3.41 3.75 
4.031 4.538 4.364 4.255 4.356 4.01 4.219 3.794 2.887 1.969 
1.781 1.433 1.541 1.64 1.657 1.82 1.886 1.733 1.871 1.831 
1.563 1.723 1.909 1.99 1.852 2.012 1.887 2.1 1.785 1.938 
1.982 2.143 2.209 2.809 3.516 3.941 4.103 3.485 3.156 2.318 
2.302 2.33 1.874 1.757 1.827 1.769 1.814 1.539 1.494 1.652 
1.515 1.356 1.359 1.307 1.284 1.307 1.632 1.662 1.779 1.955 
1.396 1.297 1.192 1.163 1.334 1.071 1.138 1.217 1.315 1.409 
1.413 1.39 1.285 1.376 1.334 1.34 1.251 1.213 1.46 1.552 
1.83 1.641 1.714 1.484 1.801 2.039 2.115 1.813 1.978 2.054 
2.148 2.089 1.73 1.805 1.915 1.68 1.541 1.391 1.74 1.929 
1.845 2.075 1.961 1.694 1.456 1.34 1.534 1.392 1.262 1.378 
1.367 1.398 1.409 1.449 1.628 1.813 1.596 1.373 1.294 1.151 
1.168 1.035 0.973 1.112 1.298 1.568 1.519 1.452 1.353 1.517 
1.374 1.158 1.432 1.843 1.84 1.761 1.504 1.364 1.656 1.706 
1.436 1.306 1.243 1.298 1.309 1.405 1.548 1.79 1.855 1.689 
1.665 1.749 1.51 1.661 2.282 3.136 3.374 2.842 2.354 1.967 
1.877 1.513 1.222 1.163 1.166 1.224 0.997 1.253 1.33 1.231 
1.32 1.392 1.53 1.412 1.663 1.664 1.408 1.348 1.489 1.431 
1.109 1.185 1.223 1.265 1.16 1.111 1.246 1.317 1.236 1.425 
1.46 1.559 1.795 2.101 2.089 2.185 2.538 3.188 3.813 4.187 
3.786 3.541 3.263 3.361 3.754 3.94 4.463 4.696 4.272 4.226 
3.263 2.715 2.688 2.566 2.832 2.85 3.652 3.506 4.809 5.844 
6.105 7.933 8.422 10.43 11.857 12.162 11.677 11.949 9.746 7.905 
7.49 6.4 5.543 5.272 4.669 3.531 2.688 2.565 2.444 2.201 
1.426 1.819 1.737 1.347 1.057 1.229 1.37 1.228 1.129 1.402 
1.475 1.435 1.595 1.779 2.047 2.57 2.477 1.884 1.687 1.883 
1.848 1.528 1.847 1.835 1.522 1.453 1.447 1.412 1.503 1.419 
1.103 1.177 1.319 1.26 1.226 1.272 1.436 1.85 1.918 1.943 
1.822 1.926 2.153 1.855 2.028 1.948 1.607 1.487 1.437 1.244 
1.379 1.376 1.095 1.345 1.473 1.242 1.204 1.435 1.446 1.417 
1.609 2.092 2.517 2.27 2.315 2.37 1.878 1.751 1.514 1.988 
1.772 1.461 1.431 1.682 1.59 1.451 1.635 1.864 1.851 1.901 
2.194 2.089 1.982 2.063 2.21 1.862 1.79 2.091 2.995 3.528 
3.496 4.002 3.887 3.085 3.01 2.997 3.382 3.84 4.235 3.959 
3.469 2.734 2.239 1.641 1.508 1.498 1.359 1.225 1.195 1.198 
1.156 1.06 1.234 1.17 1.175 1.237 1.273 1.031 1.186 1.078 
1.216 1.147 1.478 1.696 1.822 1.942 2.312 2.473 2.708 2.991 
3.552 3.091 3.262 3.293 3.093 2.393 2.041 2.218 1.999 1.684 
1.745 1.88 1.836 2.059 2.806 3.25 3.628 2.924 2.69 2.259 
1.858 1.49 1.673 1.599 1.35 1.615 1.69 1.597 1.679 1.922 
1.791 1.824 2.089 2.347 2.306 2.246 2.115 2.199 1.864 2.212 
2.408 2.504 2.697 3.128 3.909 3.506 3.684 3.422 4.83 5.485 
5.813 6.466 6.712 7.598 8.081 9.34 10.849 9.766 11.17 9.944 
9.333 7.555 6.416 4.802 3.594 3.325 3.474 3.506 3.854 4.819 
6.194 8.558 10.139 15.0 15.0 15.0 15.0 15.0 14.508 10.369 
7.516 4.902 3.8 2.899 2.242 2.191 1.992 2.099 1.873 1.917 
2.012 1.844 1.654 1.852 1.934 1.562 1.58 1.74 1.736 1.525 
1.547 1.617 1.891 1.837 1.878 2.002 1.961 1.85 1.865 1.883 
1.651 1.473 1.733 1.897 2.508 3.121 4.407 5.202 5.739 5.328 
5.253 4.35 4.353 3.996 4.173 4.176 3.721 3.873 3.463 3.433 
2.994 2.587 2.115 1.8 2.095 2.044 1.701 1.328 1.638 1.962 
1.655 1.776 1.781 2.023 2.292 3.051 2.985 3.306 3.779 3.85 
3.799 3.69 2.913 2.421 1.968 1.612 1.54 1.641 1.583 1.443 
1.767 1.628 1.477 1.758 1.625 1.557 1.404 1.329 1.455 1.755 
2.378 2.848 3.79 5.461 5.483 5.58 4.844 3.474 2.777 1.939 
1.793 1.677 1.658 1.704 1.509 1.343 1.442 1.466 1.334 1.522 
1.717 1.811 1.89 1.45 1.357 1.507 1.474 1.358 1.313 1.324 
1.421 1.359 1.628 1.66 1.47 1.429 1.64 1.651 1.677 1.781 
1.867 2.232 2.569 2.973 3.239 4.113 4.351 5.165 5.413 5.184 
5.422 5.083 5.131 5.036 5.395 5.912 6.058 4.978 4.631 3.717 
3.116 2.56 2.366 2.64 2.224 1.938 2.193 2.093 1.99 1.639 
1.852 1.837 1.791 1.714 1.87 2.149 2.127 2.469 3.468 3.514 
3.058 2.85 2.894 2.999 2.974 3.128 2.835 2.544 2.894 2.696 
2.183 2.267 2.521 2.751 2.555 2.498 2.798 2.734 2.332 2.315 
2.345 2.518 2.354 2.129 2.044 1.912 1.673 1.652 1.397 1.168 
1.242 1.201 0.502 0.016 0.028 0.934 0.971 1.27 1.385 1.477 
1.816 1.942 2.479 2.457 2.511 2.512 2.833 3.16 3.412 3.971 
3.279 3.077 2.591 2.122 1.653 1.718 1.496 1.291 1.16 1.367 
1.339 1.323 1.395 1.31 1.148 1.1 1.266 1.196 1.128 1.273 
1.58 2.173 3.149 3.823 4.741 6.47 6.462 6.705 6.063 5.191 
4.014 3.883 3.572 3.49 3.213 2.874 2.513 2.506 2.198 2.225 
2.168 2.3 2.239 2.06 2.123 2.263 2.106 2.406 2.868 3.444 
3.491 3.714 3.707 3.392 3.367 3.528 3.176 2.457 3.139 2.969 
3.218 3.143 3.471 3.968 4.206 5.136 5.263 6.002 6.401 7.471 
7.809 8.486 7.969 7.65 6.902 6.125 5.519 4.808 4.524 4.695 
4.462 3.474 2.778 3.398 3.329 2.865 3.194 3.601 4.244 4.576 
6.232 7.827 8.3 8.784 8.491 8.376 7.864 8.5 8.499 9.688 
10.831 12.344 14.956 14.51 15.0 13.095 13.632 11.651 7.402 5.021 
3.834 2.732 2.367 2.21 1.655 2.146 2.761 2.147 2.302 2.483 
2.917 2.464 2.925 2.899 2.741 2.413 1.926 1.857 1.91 1.582 
1.409 1.415 1.334 1.164 1.222 1.236 1.185 1.076 1.489 1.457 
1.177 1.22 1.4 1.37 1.318 1.239 1.519 1.266 1.254 1.299 
1.405 1.3 1.563 2.227 2.871 3.753 4.642 5.087 4.738 3.507 
2.817 2.243 1.764 1.661 1.698 1.613 1.251 1.309 1.46 1.48 
1.298 1.458 1.719 1.785 2.141 2.45 2.699 2.153 2.151 1.84 
1.432 1.109 1.128 1.131 1.047 1.107 1.211 1.249 1.229 1.398 
1.463 1.315 1.262 1.704 2.165 2.532 2.605 2.393 2.315 2.801 
2.673 2.411 2.172 1.94 1.513 1.632 1.795 1.646 1.383 1.445 
1.733 1.651 1.6 1.827 2.261 2.596 2.726 3.319 4.021 4.414 
2.708 2.219 1.743 1.572 1.416 1.157 1.153 1.145 1.191 1.121 
1.066 1.045 1.163 1.144 1.306 1.309 1.176 1.209 1.523 1.55 
1.487 1.705 1.691 1.888 2.806 3.881 5.016 5.812 7.385 9.328 
12.019 12.785 12.78 13.01 14.236 14.048 13.78 13.764 11.575 11.008 
10.522 8.471 7.291 6.03 4.341 2.86 2.879 2.29 2.388 2.452 
2.89 2.179 1.713 1.776 1.524 1.549 1.447 1.552 1.673 1.697 
1.522 1.885 2.038 2.32 2.066 1.696 1.874 1.549 1.419 1.375 
1.329 1.216 1.165 1.094 1.127 1.094 1.176 1.008 0.999 1.126 
1.218 1.269 1.425 1.926 1.855 1.824 1.853 1.405 1.338 1.479 
1.369 1.171 1.234 1.671 1.97 1.884 1.469 1.412 1.673 1.471 
1.366 1.343 1.394 1.403 1.468 1.931 2.058 1.957 2.231 2.513 
2.72 2.939 2.346 1.838 2.084 1.779 1.383 1.529 1.583 1.443 
1.313 1.472 1.41 1.444 1.324 1.354 1.5 1.489 1.66 2.146 
2.441 2.379 2.621 2.265 1.661 1.588 1.811 1.46 1.302 1.402 
1.661 1.482 1.193 1.236 1.666 2.078 2.202 2.681 4.231 5.225 
7.246 8.604 9.019 7.265 6.246 5.609 4.889 4.054 2.81 2.711 
2.335 2.061 2.107 2.125 1.731 1.592 1.868 2.247 2.016 1.905 
1.758 1.562 1.432 1.3 1.309 1.295 1.309 1.505 1.528 1.329 
1.461 1.601 1.707 1.619 1.616 1.789 1.843 1.554 1.478 1.541 
1.97 2.176 2.12 2.877 4.185 5.273 5.423 5.484 4.908 5.102 
6.432 4.896 4.985 3.573 4.457 3.854 4.209 4.456 5.004 6.496 
7.333 10.089 11.873 15.0 15.0 15.0 15.0 15.0 15.0 15.0 
15.0 15.0 12.935 10.751 6.768 4.492 2.836 2.209 2.059 1.788 
1.636 1.634 1.719 1.552 1.289 1.204 1.5 1.513 1.415 1.626 
1.924 1.916 1.793 1.926 2.254 2.3 2.293 3.413 3.659 5.219 
5.459 7.702 8.019 8.63 8.415 10.594 10.962 12.358 14.728 15.0 
13.68 15.0 11.539 10.669 9.027 9.293 7.578 6.826 5.725 5.379 
4.869 3.471 2.676 2.146 1.897 1.687 1.638 1.597 1.436 1.497 
1.544 1.596 1.566 1.621 1.763 1.853 1.745 2.106 2.914 3.145 
3.292 3.502 2.743 2.469 2.125 1.719 1.451 1.533 1.945 1.73 
2.225 2.547 3.561 3.773 4.82 5.482 4.901 4.651 4.361 4.168 
3.712 3.034 2.956 2.561 2.404 1.941 1.749 1.384 1.422 1.439 
1.396 1.563 1.645 1.594 1.428 1.725 2.312 2.885 3.218 4.609 
4.665 5.298 5.229 4.076 3.296 2.77 2.618 2.324 2.011 1.597 
1.573 1.603 1.349 1.339 1.452 1.532 1.573 1.592 1.681 1.811 
1.774 1.678 1.503 1.384 1.372 1.256 1.459 1.908 2.514 3.382 
4.494 5.982 7.26 9.318 10.088 11.332 10.662 9.006 6.806 5.598 
4.823 4.205 2.93 2.585 2.151 1.903 1.996 1.89 1.552 1.507 
1.627 1.679 1.622 1.383 1.521 1.558 1.401 1.254 1.487 1.327 
1.116 1.386 1.485 1.725 2.014 2.886 4.16 5.177 6.213 6.277 
5.313 4.694 3.383 2.301 1.684 1.473 1.293 1.209 1.106 1.258 
1.002 1.156 1.185 1.19 1.206 1.542 2.04 2.492 2.541 3.092 
4.155 5.491 5.639 5.371 5.289 5.157 5.363 6.325 5.789 6.665 
7.091 8.305 8.626 8.525 8.434 8.996 8.532 7.232 5.86 5.138 
4.092 3.374 2.973 2.709 2.34 1.829 1.709 1.671 1.724 1.498 
1.363 1.42 1.609 1.676 1.426 1.441 1.642 1.806 1.641 1.841 
1.902 1.631 1.791 1.718 1.812 1.86 1.893 1.707 1.343 1.49 
1.4 1.228 1.239 1.382 1.436 1.363 1.295 1.461 1.286 1.384 
1.487 1.864 1.622 2.128 2.625 3.376 3.864 5.382 7.514 10.999 
12.589 14.799 13.695 12.455 12.843 13.691 14.101 11.541 11.11 9.265 
6.898 7.231 6.702 7.55 7.524 10.075 10.285 12.345 13.004 15.0 
15.0 13.691 10.71 10.669 9.329 8.839 7.002 7.488 6.779 7.05 
6.73 8.695 9.541 10.028 8.942 11.265 9.855 12.672 11.685 11.946 
12.646 14.19 13.689 15.0 15.0 15.0 15.0 15.0 15.0 15.0 
15.0 15.0 15.0 15.0 15.0 15.0 15.0 13.729 13.558 14.348 
12.31 11.365 10.887 8.708 7.897 7.907 9.308 10.127 11.314 10.642 
11.407 11.329 11.177 10.213 10.325 10.438 8.278 7.814 7.692 6.46 
4.635 3.88 3.702 3.044 2.17 1.783 1.487 1.466 1.334 1.312 
1.285 1.157 1.386 1.334 1.369 1.402 1.606 1.694 1.774 2.004 
2.688 3.434 3.51 3.712 2.916 3.249 3.183 3.147 2.286 2.193 
2.262 2.007 1.393 1.516 1.637 1.664 1.574 1.632 2.069 2.016 
1.921 1.786 2.154 1.952 2.207 2.279 2.511 2.953 3.664 3.783 
4.305 4.7 5.188 5.013 5.512 4.922 4.697 4.283 4.893 5.355 
5.442 6.093 6.434 7.387 7.304 7.578 7.806 7.888 7.815 7.916 
7.524 8.317 9.033 9.411 9.575 8.89 9.381 11.028 9.949 11.686 
11.635 13.974 13.307 13.746 13.781 11.202 11.425 10.209 10.096 9.095 
8.32 6.821 6.177 4.797 4.244 2.991 2.416 1.9 1.618 1.716 
1.669 1.719 2.088 2.076 1.683 1.394 1.365 1.393 1.303 1.544 
1.819 1.736 1.965 1.642 2.04 2.159 2.271 2.404 2.325 2.576 
2.965 3.107 3.452 3.591 4.19 3.466 2.547 2.8 2.839 2.226 
1.892 2.463 2.548 2.29 2.323 2.146 2.398 2.128 2.479 2.785 
3.642 4.265 4.999 6.866 9.244 10.74 15.0 15.0 15.0 12.142 
10.639 6.968 6.111 4.865 3.787 3.061 2.647 2.495 2.39 2.042 
2.105 2.29 2.315 2.218 2.387 2.51 2.339 2.254 2.396 2.81 
2.526 2.795 3.037 3.431 3.501 3.579 3.494 4.495 4.293 4.953 
5.176 6.059 7.067 8.25 9.521 9.793 10.419 11.288 11.226 10.534 
11.599 12.011 11.085 10.351 10.625 10.371 9.455 10.302 9.73 7.862 
6.905 6.854 6.139 5.808 4.896 5.063 4.481 4.77 4.338 4.924 
6.415 7.226 9.589 10.278 15.0 11.926 15.0 15.0 15.0 15.0 
15.0 14.004 15.0 12.851 13.796 9.796 8.248 8.385 7.603 6.713 
5.762 4.499 2.76 2.423 1.848 1.519 1.511 1.395 1.25 1.204 
1.075 1.183 1.275 1.266 1.24 1.453 1.723 1.666 1.672 1.987 
2.522 2.874 3.676 5.107 6.292 5.531 4.772 4.898 4.115 2.568 
2.63 2.619 2.127 1.787 2.066 2.143 2.028 2.019 2.359 2.892 
3.124 2.79 2.115 1.919 2.219 2.057 1.564 1.565 1.871 1.767 
1.559 1.548 1.672 1.694 1.579 1.692 1.863 1.814 1.744 1.957 
1.939 1.781 1.738 1.341 1.335 1.586 1.538 1.259 1.288 1.332 
1.378 1.194 1.319 1.666 1.862 2.434 3.161 4.506 4.458 5.339 
5.058 5.462 5.04 4.945 5.104 4.502 4.109 2.926 2.866 2.466 
2.534 2.012 2.059 1.853 2.112 2.071 1.804 1.643 1.791 1.673 
1.422 1.337 1.573 1.644 1.609 1.963 1.941 1.821 1.705 2.196 
2.434 2.534 2.533 2.29 2.03 1.818 1.927 1.645 1.443 1.436 
2.031 2.264 2.43 2.651 2.62 2.566 2.48 2.763 2.894 3.805 
4.477 5.324 6.816 9.548 10.572 11.086 12.136 11.325 9.538 6.436 
4.102 3.155 2.739 2.229 2.074 1.744 1.747 1.648 1.381 1.444 
1.458 1.391 1.374 1.63 1.941 2.407 2.774 3.032 3.65 3.224 
2.927 3.168 3.754 3.912 4.11 3.974 3.758 3.612 3.393 3.004 
2.691 2.559 3.031 2.956 2.756 3.206 3.765 2.952 3.443 3.607 
3.209 2.834 3.404 3.206 3.051 3.253 4.395 6.467 7.256 9.268 
10.26 13.332 13.017 14.001 11.871 10.874 8.449 7.411 5.388 4.106 
2.861 2.611 2.119 1.945 1.772 2.013 2.029 1.837 1.55 1.618 
1.549 1.41 1.483 1.39 1.363 1.381 1.687 1.932 2.153 1.625 
1.306 1.306 1.434 1.623 1.463 1.363 1.544 1.418 1.277 1.247 
1.363 1.292 1.171 1.317 1.453 1.485 1.6 1.977 2.435 2.845 
2.614 1.822 1.758 1.554 1.284 1.051 1.033 1.192 1.109 1.016 
1.049 1.154 1.196 1.071 1.204 1.14 1.039 1.028 1.226 1.251 
1.144 1.294 1.672 1.374 1.293 1.5 1.44 1.23 1.422 1.564 
1.832 1.849 2.563 3.252 3.841 4.882 5.768 6.484 5.791 4.532 
3.808 3.756 3.494 3.348 2.972 2.61 2.609 2.103 2.001 1.718 
1.837 1.827 1.559 1.355 1.48 1.433 1.349 1.366 1.349 1.327 
1.249 1.184 1.179 1.139 1.125 1.227 1.251 1.312 1.419 1.581 
2.288 3.864 5.741 8.016 9.935 9.467 9.892 8.917 7.959 6.433 
4.818 3.644 2.744 2.051 2.048 1.885 1.678 1.626 1.595 1.613 
1.439 1.681 1.54 1.602 1.553 1.214 1.106 1.374 1.393 1.064 
1.129 1.299 1.204 1.203 1.403 1.556 1.554 1.708 2.481 3.517 
4.932 5.586 5.582 4.965 4.134 3.104 2.571 2.095 2.075 1.457 
1.64 1.362 1.287 1.105 1.184 1.056 1.017 1.087 1.198 1.242 
1.296 1.488 1.695 1.767 2.489 2.654 4.418 5.739 6.44 7.004 
7.89 8.446 9.816 9.306 10.216 10.988 12.002 10.613 10.832 10.207 
9.854 7.886 5.724 4.58 3.787 3.484 2.427 2.365 2.093 2.395 
2.547 2.035 1.644 1.862 1.819 1.509 1.751 2.293 2.597 2.06 
1.562 1.838 1.491 1.307 1.444 1.48 1.304 1.068 1.355 1.486 
1.665 1.696 1.916 1.742 1.981 2.534 2.642 2.463 2.007 2.046 
1.752 2.056 2.264 2.993 3.153 2.944 2.388 2.004 1.646 1.44 
1.422 1.542 1.36 1.414 1.588 1.727 1.603 1.614 1.692 1.886 
1.776 1.447 1.867 2.653 3.481 3.934 4.166 2.881 1.773 1.714 
1.087 1.324 1.196 1.077 1.028 1.034 1.221 1.608 1.878 1.49 
1.193 1.135 1.319 1.386 1.286 1.327 1.551 1.685 1.624 1.898 
2.523 2.572 1.927 1.991 1.741 1.375 1.096 1.41 1.413 1.213 
1.145 1.111 1.06 1.176 1.197 1.397 1.746 2.461 2.995 4.008 
3.896 3.193 2.817 2.719 2.309 2.004 1.52 1.499 1.591 1.438 
1.004 1.196 1.307 1.229 1.114 1.202 1.223 1.206 1.13 1.309 
1.572 1.835 2.052 1.881 1.647 1.386 1.282 1.432 1.369 1.259 
2.123 2.687 2.699 2.377 2.012 1.241 0.993 1.024 0.92 1.011 
1.142 1.13 1.133 1.278 1.236 1.222 1.387 1.351 1.14 1.222 
1.239 1.11 1.184 1.19 1.042 1.088 1.108 1.209 1.11 1.162 
1.217 1.262 1.108 1.17 1.516 1.749 1.48 1.653 1.515 1.454 
1.401 1.52 1.439 1.458 1.534 1.866 1.807 1.427 1.39 1.532 
1.485 1.383 1.334 1.533 1.72 2.219 1.785 1.72 1.68 1.814 
1.429 1.306 1.657 1.594 1.46 1.491 1.569 1.712 1.638 1.447 
1.735 1.706 1.545 1.609 1.707 1.694 1.919 2.262 2.61 2.564 
2.128 2.42 2.758 2.684 2.204 2.021 2.137 1.769 1.83 1.903 
2.305 2.521 2.928 3.119 3.808 3.219 3.539 2.437 2.201 1.684 
1.303 1.287 1.275 1.262 1.437 1.885 1.666 1.55 1.537 1.552 
1.401 1.477 1.466 1.706 2.023 2.159 1.76 1.708 1.835 1.697 
1.624 1.529 1.713 1.712 1.431 1.364 1.546 1.637 1.748 1.609 
2.004 2.69 2.815 2.659 2.711 2.729 1.862 1.714 2.022 1.974 
1.841 1.668 1.877 2.156 1.981 2.07 2.219 2.177 2.401 2.461 
2.698 2.685 2.044 1.729 2.129 2.163 1.911 2.026 2.126 2.189 
1.822 1.498 1.464 1.605 1.568 1.501 1.458 1.753 1.799 2.015 
1.965 1.618 1.525 1.485 1.504 1.396 1.273 1.482 1.557 1.631 
1.639 1.596 1.454 1.581 1.594 1.366 1.651 1.711 1.756 1.69 
1.796 1.932 1.697 1.772 1.988 1.693 1.853 1.763 1.933 1.743 
1.855 2.098 2.057 2.173 2.365 2.652 1.997 1.975 1.859 1.837 
1.706 1.73 1.531 1.623 1.469 1.411 1.62 1.642 1.686 1.81 
1.615 1.714 2.144 2.144 1.881 1.721 1.707 2.001 1.975 2.11 
2.09 1.981 1.772 2.048 1.933 1.63 1.322 1.139 0.996 0.942 
1.035 1.404 1.737 2.442 2.668 3.309 3.16 3.182 2.349 1.815 
1.486 1.474 1.575 1.504 1.472 1.311 1.447 1.207 1.097 0.998 
1.08 1.21 1.513 1.924 2.027 2.681 2.156 2.012 2.478 2.114 
1.741 1.866 2.029 1.995 1.637 1.577 1.806 2.003 2.126 2.864 
4.251 5.69 7.515 9.136 9.224 9.608 9.241 9.228 8.95 8.731 
10.034 10.145 8.974 10.235 10.786 10.402 11.03 13.281 14.77 13.984 
13.299 13.807 14.589 
END
