PFRMAT local QA
AUTHOR LAW-CASP14
af2-standard_T1175_2.pdb local_accuracy_only 6.954 4.941 4.636 2.89 2.177 1.864 3.063 3.541 4.395 3.868 2.841 
1.459 1.565 1.311 1.247 1.201 1.169 1.238 1.232 1.504 1.323 
1.197 1.108 1.009 1.071 1.056 1.231 1.632 3.329 4.414 5.296 
4.198 3.869 1.552 1.436 1.183 1.551 1.833 2.018 3.305 3.085 
2.244 2.556 2.601 1.894 1.871 1.443 1.348 1.344 1.355 1.653 
1.724 2.195 1.767 1.529 1.341 1.292 1.185 1.255 1.377 1.521 
2.269 2.538 5.248 6.857 8.796 10.912 12.541 11.721 11.69 10.521 
10.014 10.994 11.052 11.046 10.99 10.972 10.372 9.995 9.515 8.862 
8.037 7.145 7.224 7.563 7.5 6.015 6.271 4.696 2.978 1.583 
1.265 1.075 1.05 0.981 1.122 1.276 2.514 1.723 1.732 1.393 
1.499 1.292 1.249 1.253 1.289 1.442 1.591 1.9 1.276 1.163 
1.09 1.19 1.387 1.71 2.987 3.411 2.33 3.321 2.996 3.41 
2.685 2.143 1.932 1.61 2.12 2.155 3.183 2.585 1.673 1.288 
1.267 1.384 1.672 1.941 3.119 3.777 3.98 4.0 3.942 2.593 
3.193 2.678 2.912 3.274 2.907 2.459 2.306 1.972 2.32 2.522 
3.207 2.752 1.823 1.342 1.266 1.341 2.308 1.741 2.217 1.821 
1.99 1.803 2.026 2.105 2.254 2.329 2.137 2.478 2.339 2.563 
1.981 2.463 1.693 1.327 1.204 1.36 1.63 2.521 5.987 7.422 
7.465 6.945 4.901 5.441 4.21 3.597 3.473 2.895 2.382 2.459 
1.955 1.789 1.71 1.898 1.996 2.137 2.957 3.663 3.96 3.7 
4.784 9.623 8.384 12.127 12.356 10.397 9.812 7.598 5.262 3.652 
1.91 1.508 1.484 1.376 1.5 1.434 1.642 1.423 1.429 1.392 
1.685 1.74 2.057 2.23 3.351 5.501 7.022 5.587 7.455 5.312 
3.861 2.819 2.478 1.712 1.829 1.636 1.65 1.558 2.102 2.097 
1.982 2.066 3.02 2.807 3.397 4.585 6.333 7.956 10.089 8.111 
8.935 9.355 7.04 6.155 5.415 7.843 9.539 14.055 14.851 15.0 
15.0 15.0 15.0 15.0 15.0 15.0 15.0 15.0 15.0 15.0 
15.0 15.0 15.0 15.0 15.0 15.0 15.0 15.0 15.0 15.0 
15.0 13.598 14.01 12.545 13.291 13.214 11.603 8.977 10.012 8.567 
10.305 11.898 13.342 13.314 12.718 15.0 12.762 12.975 7.078 3.975 
2.014 2.835 3.311 4.614 7.438 8.368 5.953 6.012 4.556 3.545 
3.288 
END
