PFRMAT local QA
AUTHOR MASS-CASP14
af2-standard_T1175_2.pdb local_accuracy_only 9.975 9.525 8.563 8.504 8.225 6.452 6.208 6.04 5.52 4.3 3.58 
2.275 1.985 1.348 1.18 1.076 0.984 1.085 1.187 1.437 1.501 
1.472 1.186 1.131 1.099 1.163 1.227 1.414 1.602 2.311 2.675 
2.819 2.397 1.777 1.523 1.401 1.375 1.497 1.799 2.146 2.274 
2.302 2.47 2.137 1.863 1.799 1.761 1.765 1.749 1.957 2.106 
2.818 3.244 2.983 3.199 3.48 3.614 3.433 3.709 3.704 4.1 
5.124 5.379 7.366 8.31 9.283 9.128 11.23 10.27 9.507 8.803 
9.657 7.888 8.491 7.799 7.885 7.544 7.2 7.034 6.691 5.873 
5.444 5.092 5.404 5.222 6.045 6.267 6.14 4.462 3.041 2.244 
1.431 1.177 0.976 0.772 0.795 0.856 1.106 1.475 1.492 1.213 
1.045 1.04 1.178 1.178 1.277 1.402 1.542 1.908 1.891 1.956 
1.909 1.939 1.604 1.769 2.305 2.762 3.163 3.836 4.161 4.906 
4.963 4.5 5.591 6.137 6.183 6.089 6.395 6.768 6.489 5.657 
4.364 4.38 4.058 4.293 3.668 4.222 5.38 6.14 5.792 4.155 
4.868 5.499 5.638 5.724 4.461 3.543 3.015 2.805 2.74 3.415 
3.618 3.824 2.945 3.061 3.035 2.698 3.013 3.476 3.156 3.028 
2.98 3.02 2.797 2.247 2.252 1.789 1.592 1.358 1.393 1.686 
1.998 1.945 1.795 1.521 1.536 1.629 2.439 3.095 3.836 4.145 
3.59 3.773 3.58 3.974 3.639 3.707 3.947 3.4 3.789 3.859 
3.444 3.267 3.667 3.403 3.149 2.555 2.319 2.205 2.482 2.857 
2.845 3.462 3.792 3.891 4.371 4.148 4.185 3.834 3.175 2.638 
1.728 1.417 1.481 1.515 1.58 1.935 2.023 2.224 1.886 2.013 
1.785 1.905 1.545 1.516 1.395 1.331 1.812 1.809 3.119 3.762 
4.08 3.997 3.266 3.199 3.196 3.214 3.129 3.163 3.784 4.409 
4.619 4.62 4.76 4.267 5.143 4.659 4.748 3.607 4.23 4.869 
5.216 6.223 5.489 5.155 5.443 5.859 7.546 7.485 9.051 9.795 
10.99 15.0 15.0 15.0 15.0 15.0 15.0 15.0 15.0 15.0 
15.0 15.0 15.0 15.0 15.0 15.0 15.0 15.0 10.628 10.377 
6.883 4.939 4.397 3.876 3.492 3.138 3.015 3.17 3.631 3.608 
4.063 5.136 6.375 6.245 6.391 6.984 6.238 5.025 3.693 2.494 
1.988 1.389 1.263 1.283 1.173 1.393 1.517 1.726 1.575 1.807 
2.786 
END
