PFRMAT local QA
AUTHOR LAW-CASP14
af2-standard_T1137s4_4.pdb local_accuracy_only 15.0 15.0 15.0 15.0 15.0 15.0 15.0 15.0 15.0 15.0 9.071 
7.656 6.531 5.8 3.553 2.999 2.894 3.092 3.101 4.132 4.409 
4.185 4.397 5.021 6.23 13.147 9.302 14.834 7.587 9.602 9.482 
11.241 15.0 13.14 8.422 9.573 8.333 8.299 7.759 6.862 5.043 
4.066 3.048 3.361 1.644 1.364 0.874 0.704 0.589 0.614 0.606 
0.764 0.727 0.857 0.857 0.701 0.808 0.865 0.691 0.677 0.611 
0.687 0.598 0.807 0.527 0.758 0.824 1.007 1.176 1.012 1.011 
0.661 0.618 0.608 0.537 0.595 0.604 0.631 0.802 1.297 1.282 
1.752 1.562 1.104 0.811 0.734 0.541 0.538 0.538 0.569 0.657 
0.738 0.961 0.986 0.75 1.021 0.817 0.999 0.946 0.868 0.705 
0.734 0.591 0.62 0.585 0.649 0.831 0.939 1.274 1.463 2.106 
1.4 1.098 0.749 0.659 0.535 0.626 0.647 0.727 0.81 1.002 
1.232 1.58 1.497 1.352 1.083 1.108 0.953 1.082 0.967 0.852 
0.862 0.835 0.839 1.039 0.972 1.254 0.939 0.754 0.738 0.764 
0.888 1.41 1.674 1.689 1.597 1.43 1.459 1.38 1.327 1.28 
1.395 1.421 1.445 1.462 1.561 1.756 1.717 1.661 2.096 1.842 
2.106 1.949 2.142 1.976 1.822 2.06 1.941 2.115 1.93 2.317 
2.498 2.417 2.59 3.102 2.721 2.559 2.656 2.808 2.356 2.259 
2.241 2.123 1.783 1.648 1.506 1.417 1.335 1.392 1.453 1.381 
1.368 1.518 1.729 1.415 1.613 1.687 1.543 1.496 1.788 1.709 
1.736 1.76 2.062 2.139 2.37 2.976 3.35 3.016 3.432 3.912 
3.903 4.493 6.804 5.429 4.923 4.428 6.628 4.373 3.824 3.857 
3.164 3.02 3.082 3.398 3.034 4.077 7.216 9.879 10.918 14.921 
15.0 15.0 15.0 15.0 15.0 15.0 15.0 15.0 15.0 15.0 
15.0 15.0 14.773 14.319 10.879 6.378 5.851 3.846 3.164 2.696 
2.448 2.451 2.229 2.074 2.109 2.302 1.881 2.308 2.582 2.143 
2.06 2.315 2.426 2.384 3.078 2.98 3.014 3.137 3.358 3.433 
3.594 3.436 3.339 3.075 3.174 2.45 2.069 1.85 1.785 1.612 
1.584 1.713 1.72 1.695 1.727 1.925 1.965 2.095 1.942 2.344 
2.578 3.284 3.205 2.449 2.382 2.469 2.25 1.887 2.023 2.173 
2.011 2.076 2.279 2.207 2.307 2.238 2.285 2.306 2.32 2.254 
2.256 2.18 2.291 2.231 2.106 2.06 2.192 2.361 2.501 2.178 
2.342 2.186 2.259 2.203 2.703 3.483 4.579 7.55 5.506 6.858 
10.429 6.318 6.042 6.343 7.441 9.814 12.236 6.986 12.733 15.0 
15.0 15.0 15.0 15.0 15.0 15.0 15.0 15.0 15.0 15.0 
15.0 15.0 15.0 15.0 15.0 15.0 15.0 15.0 15.0 15.0 
15.0 15.0 15.0 15.0 14.275 15.0 15.0 11.595 11.102 14.102 
12.17 11.886 7.12 7.064 8.05 7.391 7.113 9.293 9.413 10.012 
15.0 12.721 10.915 8.872 7.881 5.112 4.533 2.791 4.399 6.888 
15.0 15.0 14.279 15.0 15.0 15.0 15.0 15.0 15.0 15.0 
15.0 15.0 15.0 15.0 15.0 15.0 15.0 15.0 15.0 15.0 
15.0 15.0 15.0 15.0 15.0 15.0 15.0 15.0 15.0 15.0 
15.0 15.0 15.0 15.0 15.0 15.0 15.0 15.0 15.0 15.0 
15.0 15.0 15.0 15.0 15.0 15.0 15.0 15.0 15.0 15.0 
15.0 15.0 15.0 15.0 15.0 15.0 15.0 15.0 15.0 15.0 
15.0 15.0 15.0 15.0 15.0 15.0 15.0 15.0 15.0 15.0 
15.0 15.0 15.0 15.0 15.0 15.0 15.0 15.0 15.0 15.0 
15.0 15.0 15.0 15.0 15.0 15.0 15.0 15.0 15.0 15.0 
15.0 15.0 15.0 15.0 15.0 15.0 15.0 15.0 15.0 15.0 
15.0 15.0 15.0 15.0 15.0 15.0 15.0 15.0 15.0 15.0 
15.0 15.0 15.0 15.0 15.0 15.0 15.0 15.0 15.0 15.0 
15.0 15.0 15.0 15.0 15.0 13.732 10.36 15.0 15.0 15.0 
15.0 15.0 15.0 15.0 15.0 15.0 15.0 15.0 15.0 15.0 
15.0 15.0 15.0 15.0 15.0 15.0 15.0 15.0 15.0 15.0 
15.0 15.0 15.0 15.0 15.0 15.0 
END
