PFRMAT local QA
AUTHOR MASS-CASP14
af2-standard_T1137s4_4.pdb local_accuracy_only 15.0 15.0 15.0 15.0 15.0 15.0 15.0 15.0 15.0 15.0 15.0 
15.0 14.945 14.905 14.31 13.279 12.771 13.988 13.538 13.2 13.124 
14.339 14.746 15.0 15.0 15.0 15.0 15.0 15.0 14.971 15.0 
15.0 13.724 13.095 13.879 12.817 11.519 11.487 13.254 13.343 12.82 
10.725 10.772 9.332 7.053 5.206 2.982 1.852 1.346 1.176 1.113 
1.071 0.965 1.099 1.266 1.212 1.503 1.378 1.297 1.579 1.669 
1.856 1.591 1.749 1.618 1.969 2.307 2.723 3.154 2.227 1.878 
1.491 1.362 1.133 1.206 1.408 1.469 1.33 1.333 1.772 2.478 
3.971 3.294 2.277 1.619 1.325 1.293 1.094 1.086 0.969 0.935 
1.327 1.829 1.845 1.842 1.84 1.608 1.542 1.804 2.088 1.75 
1.576 1.38 1.163 1.177 1.515 1.889 2.232 2.573 3.83 3.883 
3.809 3.449 2.489 1.638 1.336 1.164 1.196 1.436 1.983 2.617 
3.851 5.446 6.86 8.536 6.128 6.382 6.599 8.875 7.678 7.24 
5.79 5.401 4.507 5.589 5.466 4.841 4.118 3.697 3.684 3.637 
4.042 3.647 3.017 3.044 3.177 2.869 2.533 2.68 3.017 2.728 
3.112 2.979 3.165 3.052 3.321 3.555 3.46 3.586 3.972 5.06 
5.739 5.768 5.083 4.065 3.413 3.054 3.148 3.204 2.961 3.347 
3.897 3.678 3.914 3.628 4.164 4.452 4.762 5.451 5.421 5.227 
5.358 5.891 4.808 4.726 3.718 3.62 2.827 2.489 2.553 2.462 
2.3 2.515 2.692 2.594 2.888 2.866 2.838 2.561 2.889 3.102 
3.209 3.217 4.08 4.716 5.081 5.509 5.783 4.917 5.284 5.312 
4.707 5.02 4.664 4.962 4.353 4.838 4.67 4.551 4.652 4.674 
5.519 5.392 5.718 6.886 8.206 8.745 9.959 10.107 10.076 10.443 
11.158 11.443 12.908 14.665 14.379 12.653 14.916 15.0 15.0 15.0 
14.795 15.0 15.0 15.0 15.0 15.0 10.229 7.437 6.557 5.323 
5.257 5.845 5.712 5.298 5.835 5.689 5.38 5.445 5.818 5.5 
5.82 5.779 6.702 6.247 5.933 5.421 5.417 4.853 5.437 6.571 
7.066 7.529 8.732 8.6 7.385 7.204 7.92 8.602 7.366 7.577 
6.839 7.653 8.319 8.372 8.632 7.567 7.233 8.006 8.608 7.372 
7.044 6.694 6.165 5.658 5.988 5.048 4.516 3.904 4.187 4.19 
4.026 4.065 4.764 4.623 4.558 4.369 4.083 3.796 3.991 3.578 
3.554 3.679 3.787 3.91 3.714 3.553 4.547 5.181 5.496 5.34 
4.982 4.971 4.693 4.673 5.057 6.15 5.868 5.395 6.587 6.102 
7.238 7.969 8.307 7.531 7.487 6.217 5.843 5.068 4.659 5.205 
5.056 4.97 4.382 5.51 6.168 6.049 7.234 8.101 10.283 9.411 
11.345 9.782 8.28 6.78 7.371 6.003 4.716 4.911 4.762 4.185 
3.906 4.637 5.698 6.299 6.421 6.483 7.657 7.653 8.763 8.843 
10.119 9.371 9.18 8.015 8.666 9.559 10.127 10.721 11.774 13.383 
12.692 13.333 14.907 12.268 10.481 9.86 9.137 8.796 7.244 6.636 
6.781 6.765 6.618 5.137 5.695 5.544 5.684 5.205 4.159 3.997 
3.639 4.173 4.573 5.094 5.946 6.74 7.04 6.396 6.074 5.921 
5.739 5.682 5.492 5.614 5.804 6.685 8.213 8.912 10.043 10.422 
11.218 11.402 9.101 8.592 8.21 7.732 6.264 5.114 4.582 4.418 
4.091 4.416 5.071 4.988 6.131 5.828 6.484 6.233 7.257 7.766 
7.043 6.013 6.832 7.601 7.935 6.921 6.141 5.484 4.501 3.779 
4.299 5.834 6.142 5.628 5.672 5.448 5.113 5.337 5.55 7.075 
6.983 8.217 7.497 7.882 9.036 9.269 9.587 10.862 9.983 10.247 
11.164 10.86 11.655 9.476 10.322 10.243 11.932 10.368 7.79 5.456 
4.936 3.888 3.881 3.946 4.329 4.059 4.858 5.569 6.475 8.32 
8.449 7.753 8.412 8.423 8.363 8.296 10.978 11.126 13.828 15.0 
15.0 15.0 15.0 15.0 15.0 15.0 15.0 15.0 15.0 15.0 
15.0 15.0 15.0 15.0 15.0 15.0 15.0 15.0 15.0 15.0 
15.0 15.0 15.0 15.0 15.0 15.0 15.0 15.0 15.0 15.0 
15.0 15.0 15.0 15.0 15.0 15.0 15.0 15.0 15.0 15.0 
15.0 15.0 15.0 15.0 15.0 15.0 
END
