PFRMAT local QA
AUTHOR LAW-CASP14
af2-standard_T1137s7_3.pdb local_accuracy_only 0.51 0.473 0.554 0.609 0.646 0.727 0.659 0.714 0.726 0.612 0.601 
0.659 0.81 1.083 1.516 1.401 1.159 0.811 0.645 0.58 0.584 
0.631 0.58 0.777 0.69 0.719 0.5 0.457 0.47 0.404 0.355 
0.324 0.376 0.346 0.378 0.406 0.465 0.589 0.687 0.611 0.602 
0.498 0.44 0.465 0.505 0.451 0.465 0.579 0.582 0.553 0.66 
0.741 0.797 0.729 0.786 0.634 0.652 0.661 0.655 0.659 0.633 
0.775 0.833 1.327 1.548 0.97 0.798 0.767 0.788 0.895 0.895 
1.049 1.217 1.165 1.02 0.941 1.091 1.015 1.023 0.922 0.962 
0.758 0.676 0.644 0.575 0.601 0.703 0.76 0.939 0.774 0.938 
0.877 1.018 1.214 1.235 1.015 0.893 0.802 0.751 0.858 0.791 
0.666 0.783 0.881 0.872 0.934 1.098 1.134 1.225 1.164 1.18 
1.043 1.004 0.976 0.939 0.913 0.868 0.823 0.81 0.715 0.651 
0.677 0.666 0.591 0.566 0.613 0.587 0.527 0.586 0.604 0.688 
0.811 0.756 0.774 0.86 0.836 0.989 0.909 1.173 1.05 0.945 
0.991 0.902 0.833 0.752 0.76 0.672 0.602 0.593 0.632 0.537 
0.553 0.608 0.563 0.561 0.639 0.693 0.624 0.581 0.517 0.436 
0.444 0.42 0.417 0.455 0.48 0.464 0.555 0.685 0.829 0.789 
0.813 0.744 0.715 0.723 0.633 0.605 0.582 0.494 0.473 0.57 
0.466 0.428 0.485 0.543 0.423 0.386 0.536 0.543 0.497 0.418 
0.429 0.404 0.34 0.355 0.341 0.359 0.387 0.49 0.478 0.508 
0.573 0.494 0.446 0.581 0.722 0.477 0.448 0.401 0.417 0.428 
0.527 0.51 0.541 0.618 0.738 0.623 0.611 0.662 0.641 0.67 
0.615 0.588 0.526 0.479 0.549 0.616 0.539 0.592 0.714 0.561 
0.646 0.592 0.602 0.521 0.478 0.525 0.524 0.493 0.445 0.773 
0.625 0.742 0.82 0.942 0.728 0.803 0.771 1.037 1.258 1.222 
0.967 1.296 1.813 4.971 6.165 8.073 6.715 4.882 8.028 8.412 
8.33 8.369 11.417 11.866 10.227 11.914 13.568 11.763 10.854 9.506 
3.326 8.792 8.897 10.325 9.635 8.91 7.127 2.489 1.177 0.916 
1.044 1.217 0.837 0.844 0.795 0.857 1.101 1.686 1.642 0.966 
0.813 0.745 0.545 0.478 0.412 0.423 0.52 0.48 0.479 0.61 
0.732 0.724 0.831 0.994 1.26 1.285 1.382 1.495 1.354 0.941 
0.861 0.856 0.798 0.618 0.775 0.763 0.716 0.617 0.712 0.752 
0.787 0.93 1.008 1.098 1.414 2.086 5.422 7.87 11.516 13.82 
15.0 15.0 15.0 15.0 15.0 15.0 15.0 15.0 15.0 15.0 
15.0 15.0 15.0 15.0 15.0 15.0 15.0 15.0 15.0 15.0 
15.0 15.0 15.0 15.0 15.0 15.0 15.0 15.0 15.0 15.0 
15.0 15.0 15.0 15.0 15.0 15.0 15.0 15.0 15.0 15.0 
15.0 15.0 15.0 15.0 15.0 15.0 15.0 15.0 15.0 15.0 
15.0 15.0 10.719 8.43 5.191 4.564 2.813 3.003 3.14 2.325 
1.657 2.389 1.862 1.315 1.125 1.233 1.145 0.813 0.962 0.912 
0.831 0.837 0.846 0.678 0.704 0.541 0.585 0.572 0.579 0.592 
0.612 0.627 0.727 0.743 0.666 0.654 0.543 0.562 0.478 0.518 
0.536 0.606 0.686 0.704 0.648 0.672 0.641 0.698 0.595 0.534 
0.545 0.59 0.596 0.561 0.494 0.437 0.445 0.485 0.533 0.554 
0.596 0.591 0.587 0.617 0.734 0.82 0.711 0.952 0.827 0.823 
0.776 0.802 0.73 0.649 0.745 0.748 0.659 0.643 0.629 0.546 
0.548 0.531 0.568 0.581 0.613 0.688 0.704 0.564 0.664 0.721 
0.618 0.593 0.603 0.579 0.655 0.779 0.748 0.715 0.865 0.78 
0.666 0.611 0.544 0.514 0.509 0.531 0.541 0.533 0.601 0.652 
0.712 0.798 0.785 0.688 0.59 0.527 0.5 0.538 0.52 0.555 
0.586 0.591 0.717 0.923 1.265 1.846 1.49 1.11 0.862 0.671 
0.593 0.588 0.573 0.584 0.56 0.56 0.596 0.632 0.747 0.783 
0.999 1.5 1.688 1.198 1.167 0.959 1.062 1.654 1.083 1.202 
1.105 1.4 1.205 1.432 1.25 1.096 0.985 0.803 0.732 0.656 
0.662 0.63 0.67 0.844 0.879 1.027 1.283 0.964 0.958 0.769 
0.681 0.655 0.637 0.695 0.661 0.743 0.692 0.944 0.958 1.581 
1.427 2.026 2.988 2.516 2.117 1.467 0.891 0.765 0.652 0.656 
0.591 0.6 0.569 0.551 0.559 0.641 0.725 0.756 0.916 1.207 
1.172 1.159 0.847 0.728 0.77 0.64 0.764 0.737 0.575 0.575 
0.524 0.64 0.651 0.745 0.842 0.862 0.881 0.8 0.876 1.492 
2.563 3.004 1.225 1.822 0.605 0.609 0.502 0.561 0.571 0.589 
0.603 0.57 0.564 0.493 0.537 0.516 0.544 0.64 0.728 1.085 
1.01 1.544 1.706 2.511 2.785 2.775 2.909 5.19 6.449 7.059 
10.588 13.946 15.0 15.0 15.0 15.0 15.0 15.0 15.0 15.0 
15.0 15.0 15.0 15.0 15.0 15.0 15.0 15.0 15.0 15.0 
15.0 15.0 
END
