PFRMAT local QA
AUTHOR MASS-CASP14
af2-standard_T1137s7_3.pdb local_accuracy_only 3.39 2.562 2.131 1.699 1.2 1.193 1.12 1.283 1.355 1.197 1.184 
1.297 1.614 1.808 2.244 2.464 2.531 2.152 1.726 1.785 2.015 
1.897 1.607 1.396 1.277 1.325 0.999 1.129 1.086 1.002 0.899 
0.818 0.761 0.859 0.895 0.808 1.008 1.332 1.669 1.603 1.358 
1.124 1.154 1.229 1.033 1.048 1.088 1.158 1.218 1.284 1.206 
1.392 1.459 1.29 1.48 1.431 1.554 1.506 1.521 0.959 0.956 
0.964 1.056 1.586 1.992 1.73 1.464 1.323 1.626 1.716 1.422 
1.852 2.047 1.847 1.748 1.482 1.696 1.918 1.509 1.918 2.102 
2.137 2.066 2.52 2.717 2.806 3.449 4.202 4.145 3.713 3.503 
2.63 2.41 2.221 1.777 1.54 1.318 1.198 1.219 1.403 1.343 
1.391 1.326 1.731 1.64 1.544 2.202 2.848 3.321 3.249 3.889 
3.178 2.04 2.247 2.0 2.034 1.372 1.82 1.882 1.58 1.552 
1.775 1.956 1.84 1.884 2.2 2.472 2.582 2.991 3.108 4.185 
5.013 4.218 3.618 2.976 2.312 1.829 1.808 1.909 1.737 1.287 
1.363 1.585 1.638 1.319 1.296 1.346 1.095 1.094 1.072 1.028 
1.13 1.146 1.189 1.152 1.218 1.547 1.605 1.45 1.16 1.087 
1.107 1.18 1.195 1.417 1.252 1.413 1.445 1.493 1.607 1.373 
1.574 1.738 1.763 1.904 1.814 2.026 2.21 2.058 2.042 1.94 
1.768 1.412 1.568 1.846 1.72 1.902 2.231 2.378 2.253 2.185 
1.866 1.452 1.237 1.195 1.078 1.229 1.229 1.526 1.514 1.639 
1.893 2.125 2.626 2.736 3.514 4.023 4.514 5.774 4.915 3.686 
3.795 3.577 3.498 3.985 4.03 3.91 2.7 2.192 2.048 2.022 
1.553 1.641 1.381 1.632 1.7 1.457 1.434 1.671 1.794 1.579 
1.775 1.616 1.493 1.369 1.308 1.388 1.359 1.184 1.354 1.383 
1.766 1.697 1.938 1.722 1.91 1.895 1.748 2.201 2.856 3.434 
4.012 4.002 3.821 4.013 3.844 3.883 3.888 4.147 5.037 5.074 
5.44 5.488 5.599 5.164 5.695 6.563 7.067 7.973 9.65 10.746 
11.691 10.729 10.072 9.192 8.996 7.472 6.399 5.671 5.047 4.399 
4.057 3.195 2.837 2.573 2.45 2.644 2.771 3.385 3.387 2.974 
3.556 3.53 3.654 3.352 2.958 2.797 2.922 2.607 2.491 2.513 
2.48 2.031 1.732 1.993 2.06 1.776 1.701 2.003 2.033 1.673 
2.021 2.508 2.581 2.216 1.998 1.932 1.625 1.582 1.65 1.902 
1.865 2.09 2.729 3.121 4.26 5.872 6.489 8.193 10.718 11.651 
13.085 12.015 13.691 13.614 13.817 14.489 15.0 15.0 14.953 12.342 
9.633 8.976 8.581 8.905 8.326 8.086 7.198 7.344 7.23 7.469 
7.117 7.109 6.563 6.695 5.708 5.549 6.38 6.97 6.72 5.751 
5.588 5.219 5.557 6.304 7.094 7.291 8.105 8.607 9.51 9.274 
9.6 9.704 9.081 9.952 11.073 11.874 9.279 8.084 6.954 7.383 
6.55 6.042 5.062 4.892 4.23 4.484 4.632 5.37 4.884 4.612 
4.746 5.065 5.371 5.228 4.85 3.708 2.853 2.522 2.187 2.089 
1.669 1.41 1.14 1.195 1.183 1.151 1.101 1.181 1.173 1.36 
1.344 1.287 1.513 1.937 1.966 1.489 1.237 0.971 0.923 0.911 
0.988 0.912 0.938 0.944 1.022 1.129 1.313 1.408 1.529 1.168 
0.931 0.645 0.207 0.22 0.283 0.693 0.961 1.137 1.567 1.925 
2.137 2.122 1.69 1.79 1.62 1.564 1.489 1.863 1.962 1.796 
1.808 1.9 1.986 1.909 1.94 1.969 2.006 1.897 1.78 1.565 
1.456 1.436 1.44 1.566 1.878 1.916 2.228 1.785 1.783 1.865 
1.854 1.557 1.412 1.377 1.367 1.322 1.34 1.285 1.354 1.435 
1.289 1.291 1.234 1.247 1.374 1.292 1.279 1.18 1.22 1.142 
1.362 1.751 1.658 1.568 1.356 1.333 1.24 1.169 1.147 1.113 
1.077 0.951 1.071 1.053 1.33 1.815 1.85 1.463 1.257 1.168 
1.376 1.328 1.244 1.195 1.202 1.27 1.453 1.463 1.882 1.882 
2.624 3.195 3.125 2.88 2.378 2.084 2.137 2.139 1.968 2.014 
1.543 1.685 1.697 1.961 1.724 1.947 1.936 1.789 1.427 1.224 
1.128 1.258 1.342 1.853 2.115 2.789 2.933 2.236 1.918 1.428 
1.267 1.177 1.301 1.434 1.484 1.377 1.421 1.539 1.799 1.847 
1.967 2.55 2.91 3.196 3.026 2.828 2.486 2.066 1.781 1.369 
1.25 1.414 1.53 1.613 1.999 1.924 2.186 2.496 3.438 4.649 
5.063 4.754 4.04 3.357 3.058 2.927 2.545 2.137 1.428 1.308 
1.175 1.202 1.39 1.473 1.369 1.295 1.256 1.453 1.936 2.424 
3.04 3.254 3.55 3.332 2.938 2.153 1.741 1.548 1.345 1.27 
1.349 1.31 1.294 1.334 1.373 1.539 1.769 1.822 1.682 1.908 
2.07 2.27 2.493 2.947 3.507 3.736 4.505 5.953 7.735 11.16 
13.83 15.0 15.0 15.0 15.0 15.0 15.0 15.0 15.0 15.0 
15.0 15.0 15.0 15.0 15.0 15.0 15.0 15.0 15.0 15.0 
15.0 15.0 
END
