PFRMAT local QA
AUTHOR LAW-CASP14
af2-standard_T1191_5.pdb local_accuracy_only 15.0 15.0 15.0 15.0 15.0 15.0 15.0 15.0 15.0 15.0 15.0 
15.0 15.0 15.0 15.0 15.0 15.0 15.0 9.519 5.838 3.479 
1.836 1.559 1.283 1.246 1.128 0.998 0.891 0.882 0.842 0.927 
0.881 0.956 0.898 0.876 0.825 0.851 0.836 1.039 1.207 1.722 
2.053 2.07 2.327 2.372 1.864 1.249 1.041 0.952 1.007 1.004 
1.043 0.992 0.984 0.91 0.861 0.811 0.824 0.921 1.077 1.201 
1.273 1.67 1.321 1.088 0.972 0.952 0.845 0.962 0.999 1.092 
1.115 1.273 1.263 1.302 1.494 1.26 1.143 1.441 1.478 2.34 
1.717 2.549 1.825 1.844 1.261 1.855 1.834 2.67 3.32 4.189 
3.756 4.866 4.186 2.611 2.477 1.981 1.801 1.848 1.582 2.398 
1.55 2.224 1.384 1.158 1.102 0.917 0.935 0.887 1.003 1.068 
1.177 1.661 1.174 1.073 1.064 1.177 1.146 0.991 0.99 0.955 
1.151 1.241 1.139 0.895 0.818 0.967 0.709 0.634 0.66 0.636 
0.617 0.623 0.714 0.716 0.755 0.791 0.937 0.92 0.976 0.987 
1.111 1.362 1.667 2.234 1.772 1.906 1.348 1.572 1.8 3.589 
4.701 5.546 4.847 2.983 2.393 2.361 2.092 2.57 2.633 2.77 
2.497 1.757 1.814 1.602 1.667 1.509 1.247 1.123 1.088 0.892 
1.031 0.897 0.806 0.927 0.945 0.991 0.909 1.007 0.968 1.092 
1.067 1.179 1.271 1.393 1.477 1.677 1.946 2.298 2.643 2.315 
2.083 2.49 2.465 1.956 2.04 1.752 1.442 1.593 1.614 1.627 
2.481 2.584 2.259 2.773 3.126 4.041 3.367 2.338 1.546 1.246 
1.197 1.051 1.057 1.045 1.192 1.185 1.122 1.477 1.357 1.087 
1.071 1.101 0.946 1.068 0.981 1.162 1.074 1.24 1.304 1.633 
1.647 2.681 3.273 3.068 3.164 2.323 1.94 1.664 1.245 1.241 
1.682 1.824 1.854 1.989 2.409 2.786 2.204 2.393 2.365 2.2 
1.972 1.724 1.383 1.222 1.199 1.055 1.131 1.175 1.544 2.42 
2.744 2.237 2.97 2.55 1.599 1.464 1.063 1.077 1.121 1.024 
1.12 1.187 1.217 1.203 1.511 1.492 1.581 1.337 1.805 1.335 
1.534 1.691 1.92 1.683 1.742 1.545 1.417 1.015 1.017 0.812 
0.908 0.84 0.895 0.881 0.991 0.909 1.039 1.023 1.076 1.044 
1.266 1.616 2.746 2.724 4.745 3.279 2.477 1.341 1.841 1.796 
1.396 1.786 1.423 1.459 1.339 1.319 1.525 1.571 1.725 1.416 
1.227 0.933 1.631 2.62 3.644 3.532 2.086 3.205 5.142 5.334 
6.124 5.007 5.184 3.578 4.018 3.285 5.253 5.573 6.873 4.745 
6.882 8.051 9.032 10.782 12.205 14.799 15.0 15.0 15.0 15.0 
15.0 15.0 15.0 15.0 15.0 15.0 15.0 15.0 15.0 15.0 
15.0 15.0 15.0 15.0 15.0 15.0 15.0 15.0 15.0 15.0 
15.0 15.0 14.791 14.464 14.269 15.0 14.428 13.105 15.0 13.768 
12.394 10.688 9.235 5.396 4.254 5.081 4.221 3.896 3.159 2.184 
2.398 1.566 1.939 1.958 2.108 1.922 2.719 1.466 1.805 1.043 
1.188 1.244 1.487 1.582 1.434 1.292 1.574 1.193 1.379 1.884 
2.05 2.037 3.251 2.962 3.409 4.175 3.872 2.855 2.454 1.62 
1.414 1.773 1.745 1.335 1.459 1.67 1.423 1.304 1.593 1.68 
1.476 1.624 1.885 2.089 1.867 2.233 2.428 2.603 2.787 2.944 
2.489 3.329 3.956 2.983 2.837 2.108 1.956 1.75 1.608 1.271 
1.418 1.418 1.174 1.05 1.199 1.183 1.014 1.111 1.458 1.105 
1.443 1.176 1.271 1.182 1.103 1.273 1.406 1.39 1.466 1.676 
1.921 1.51 1.886 2.121 2.814 3.224 6.743 4.895 6.591 9.135 
9.338 9.869 7.506 6.978 5.004 3.547 2.511 2.054 1.812 1.823 
1.539 1.397 1.314 1.406 1.245 1.144 1.134 1.329 1.073 0.946 
1.002 1.148 0.982 1.044 1.156 1.587 1.169 0.944 0.96 1.025 
0.974 0.9 1.013 1.068 1.177 1.308 1.376 1.331 1.649 1.631 
1.614 1.741 1.738 1.511 1.443 1.349 1.286 1.251 1.091 1.092 
1.188 1.197 1.112 1.163 1.455 1.319 1.189 1.394 1.538 1.332 
1.544 1.533 1.517 1.367 1.162 1.372 1.358 1.223 1.308 1.466 
1.375 1.394 1.911 1.83 2.909 2.291 1.712 2.176 2.711 2.045 
2.099 1.704 1.436 1.453 1.437 1.253 1.15 1.12 1.11 1.054 
1.051 1.016 1.122 1.034 1.103 1.167 1.309 1.526 1.708 1.501 
1.702 3.127 3.923 6.635 2.724 8.482 10.988 10.918 9.585 9.458 
7.392 2.632 5.928 5.967 8.784 9.804 3.913 2.25 6.273 6.493 
5.681 3.326 2.316 2.059 1.697 1.842 1.835 1.841 1.583 1.419 
1.576 1.503 1.221 1.463 1.407 1.361 1.276 1.517 1.61 1.681 
1.866 2.191 2.216 2.313 2.073 1.904 1.75 1.467 1.381 1.301 
1.338 1.166 1.109 1.181 1.066 1.062 1.2 1.146 1.138 1.275 
1.396 1.428 1.52 1.293 1.395 1.611 1.533 1.294 1.419 1.492 
1.417 1.301 1.535 1.677 1.628 1.643 1.934 1.469 1.412 1.275 
1.332 1.137 1.146 1.176 1.183 1.16 1.339 1.474 1.265 1.394 
1.682 1.54 1.412 1.953 1.894 1.74 1.667 1.688 1.681 1.413 
1.435 1.489 1.36 1.308 1.296 1.275 1.223 1.188 1.136 1.137 
1.104 1.179 1.397 1.191 1.275 1.019 1.104 1.156 1.065 1.18 
1.354 1.403 1.356 1.784 1.667 1.665 1.874 2.161 1.792 1.941 
1.802 1.934 1.768 1.896 1.846 1.48 1.612 1.671 1.477 1.41 
1.588 1.552 1.366 1.57 1.642 1.394 1.517 1.084 1.268 1.108 
1.009 1.007 1.131 1.18 1.156 1.132 1.188 1.376 1.204 1.258 
1.326 1.207 1.195 1.388 1.311 1.472 1.719 1.617 1.638 1.363 
1.481 1.496 1.386 1.284 1.421 1.387 1.257 1.332 1.549 1.431 
1.474 1.756 1.632 1.584 1.798 3.029 4.123 5.556 3.031 3.611 
3.607 2.957 2.201 2.11 3.932 3.967 4.242 2.267 2.92 2.901 
3.717 3.257 3.617 3.631 3.891 3.373 2.892 2.829 2.764 2.81 
2.397 2.387 2.25 2.335 2.325 1.941 1.549 2.049 2.262 1.846 
1.783 2.834 2.785 2.584 2.203 2.017 2.364 2.447 2.633 2.481 
2.68 2.82 2.994 3.131 2.775 2.407 2.352 2.343 2.364 3.261 
3.645 4.263 3.92 3.292 2.871 2.482 2.41 2.346 2.082 1.933 
2.117 2.45 2.505 4.661 6.397 5.669 7.843 8.838 8.556 9.726 
10.915 12.284 15.0 15.0 15.0 14.599 11.234 8.857 6.081 5.018 
2.701 2.097 1.573 1.291 1.555 1.561 1.278 1.419 1.448 1.545 
1.24 1.606 1.69 2.089 3.736 6.304 7.784 7.053 4.985 3.314 
2.518 2.006 2.032 2.078 2.093 2.071 2.298 2.765 3.442 4.037 
2.808 1.849 1.692 1.833 1.829 1.857 1.739 1.749 1.75 1.973 
1.833 1.878 1.802 2.162 2.211 2.308 2.314 2.812 3.013 3.291 
3.595 3.876 4.153 5.339 6.236 7.268 8.364 9.446 9.36 9.338 
8.775 5.942 4.73 3.088 3.276 2.778 3.065 2.282 3.535 3.401 
2.918 2.118 1.703 1.146 1.008 0.898 0.859 0.812 0.785 0.82 
0.741 0.694 0.711 0.8 0.746 0.861 0.843 1.15 1.456 1.901 
2.431 2.216 2.656 2.49 2.798 3.076 3.645 4.003 4.998 7.55 
7.996 10.082 9.698 9.115 8.251 7.536 6.621 6.677 5.855 6.118 
7.029 7.985 8.635 8.767 9.327 7.758 5.199 3.597 3.181 2.627 
2.374 2.291 2.066 1.855 1.678 1.319 1.113 0.957 0.835 0.76 
0.744 0.852 0.928 0.992 1.228 1.24 1.106 1.084 0.986 0.883 
0.918 0.938 1.008 1.21 1.325 1.661 1.806 1.954 2.003 2.204 
2.518 3.398 5.011 7.079 8.796 8.684 7.778 6.854 5.725 4.786 
4.274 4.309 4.429 3.931 3.582 3.623 3.895 4.094 4.781 5.936 
8.119 10.083 10.516 9.002 11.432 11.473 8.136 9.298 4.388 3.502 
2.36 2.07 1.88 1.783 1.672 1.637 1.616 1.663 1.451 1.346 
1.179 1.276 1.216 1.278 1.369 1.415 1.904 2.039 2.054 2.779 
2.786 3.011 3.794 3.7 3.291 3.831 2.496 2.517 2.393 2.139 
2.41 3.053 3.608 4.08 4.121 3.688 3.779 2.913 2.839 3.022 
3.352 4.073 5.007 5.48 5.317 5.033 4.401 3.552 2.925 2.303 
2.216 2.109 2.459 3.071 3.469 4.771 5.847 8.607 12.316 11.668 
10.824 15.0 15.0 15.0 15.0 15.0 15.0 15.0 15.0 15.0 
15.0 14.847 13.401 14.262 13.816 14.019 13.926 11.199 11.463 9.969 
6.922 4.657 3.232 2.468 2.267 1.86 1.772 1.775 1.824 1.977 
2.489 3.107 4.623 7.704 11.173 12.58 12.774 12.927 15.0 12.326 
9.164 5.395 3.437 3.086 2.898 2.629 2.988 2.533 2.487 2.793 
2.886 3.84 7.589 15.0 15.0 15.0 15.0 15.0 15.0 15.0 
15.0 15.0 11.967 12.755 11.201 8.74 5.685 1.932 1.658 1.815 
1.957 2.155 3.033 3.366 3.545 5.022 4.138 3.412 3.884 2.768 
2.802 2.511 1.781 2.227 2.165 1.627 1.727 2.159 1.986 1.623 
2.298 3.338 8.273 3.708 5.025 3.967 3.456 2.583 2.102 1.717 
1.508 1.529 1.524 1.929 2.12 2.962 2.983 4.85 9.277 11.454 
12.645 9.263 7.254 2.987 2.906 2.089 1.91 1.474 1.408 1.287 
1.45 1.548 1.891 2.457 4.396 5.042 4.5 6.212 5.545 3.32 
2.718 1.739 1.531 1.451 1.545 1.607 1.538 1.847 2.03 2.444 
3.437 4.928 8.862 6.721 5.727 3.515 2.717 1.993 1.881 1.707 
1.567 1.654 2.055 3.056 4.6 3.057 3.807 3.654 4.216 5.691 
6.324 6.9 6.156 4.604 4.209 3.281 3.869 5.246 4.982 5.807 
6.146 5.785 4.189 3.244 2.542 2.395 2.095 1.741 1.658 1.56 
1.523 1.512 1.701 1.923 2.188 2.957 2.646 2.461 3.59 3.618 
3.369 1.967 1.672 1.357 1.398 1.312 1.563 1.492 1.68 1.639 
1.876 2.787 3.172 6.574 7.734 5.384 6.822 8.021 7.593 5.789 
5.564 4.191 3.066 2.276 1.751 1.981 2.039 1.683 1.525 1.613 
1.735 1.676 1.728 2.01 1.987 1.741 1.492 1.603 1.27 1.168 
1.241 1.567 1.531 1.807 1.881 2.005 2.829 3.071 3.57 4.578 
3.682 3.384 2.14 1.8 1.592 1.419 1.413 1.359 1.358 1.22 
1.272 1.437 1.518 1.89 1.918 2.535 2.287 2.048 2.762 2.94 
2.939 2.769 3.384 3.569 3.331 3.67 4.281 4.373 4.863 5.549 
6.155 6.792 6.629 5.256 4.775 5.008 5.41 5.031 4.234 3.928 
4.092 3.592 2.059 2.089 1.566 2.107 1.889 1.714 1.514 1.307 
1.173 1.233 1.139 1.249 1.263 1.352 1.607 1.638 2.296 2.095 
1.911 2.038 1.707 1.538 1.361 1.195 1.163 1.13 1.279 1.479 
1.616 2.102 1.889 1.532 1.458 1.325 1.494 1.784 1.74 1.73 
2.507 2.64 7.798 6.869 7.378 8.898 9.551 11.324 10.881 12.857 
12.788 12.551 11.682 12.321 12.976 12.538 12.414 11.814 12.008 12.829 
13.435 13.556 10.806 9.97 13.062 11.12 9.232 6.838 4.898 1.977 
1.409 1.038 0.846 0.837 0.847 0.995 1.101 1.269 0.985 0.843 
0.878 0.872 0.883 0.918 0.998 0.994 0.958 0.893 1.07 1.037 
1.206 1.008 1.31 1.203 1.216 0.95 0.845 0.839 0.799 0.841 
1.014 1.276 1.424 2.352 6.418 6.19 8.464 7.298 8.54 7.289 
9.387 7.556 6.843 6.892 5.096 4.382 1.985 2.797 2.699 2.201 
1.825 1.578 1.091 0.976 0.833 0.832 0.81 0.873 1.129 1.275 
1.742 1.918 1.341 1.132 0.917 0.863 0.84 0.91 0.942 1.189 
1.419 1.913 2.028 1.621 1.295 1.055 0.947 0.872 0.878 0.975 
1.119 1.393 1.545 1.26 1.047 0.903 0.986 0.972 1.13 1.272 
1.614 1.464 1.518 1.268 1.235 1.381 1.732 2.224 2.514 3.673 
2.661 2.248 1.552 1.807 1.889 2.873 3.501 5.235 4.427 3.983 
1.941 1.702 1.286 1.221 1.096 1.346 1.295 1.305 1.533 1.286 
1.161 0.986 0.992 0.933 0.967 0.958 1.106 1.248 1.475 1.291 
1.106 0.99 0.904 0.879 0.863 0.833 0.888 0.859 0.887 0.828 
0.831 0.883 0.908 1.051 1.263 1.309 1.771 1.274 1.098 1.086 
1.034 1.045 1.001 0.942 0.896 0.866 0.813 0.962 1.004 0.88 
1.053 0.937 1.112 1.235 1.747 1.66 1.213 2.026 1.725 1.665 
1.506 2.101 2.394 2.765 2.945 2.531 2.441 1.958 1.406 1.435 
1.737 1.409 1.118 1.272 1.25 0.964 1.127 1.319 2.565 2.898 
3.236 3.565 2.052 2.251 1.841 2.272 1.69 1.887 2.414 2.109 
1.963 2.778 3.57 2.906 3.854 5.091 5.563 7.242 5.405 5.079 
5.231 5.585 6.253 5.098 4.142 3.49 2.156 1.989 2.19 1.633 
1.814 2.425 2.969 3.272 1.894 1.819 2.15 3.137 6.926 8.4 
10.008 11.176 12.155 11.47 12.658 13.712 13.749 13.102 11.401 8.894 
7.21 4.528 4.688 5.278 4.713 3.871 3.683 2.899 1.87 1.69 
1.501 1.285 1.192 1.189 1.642 1.714 2.583 2.205 1.575 1.218 
1.094 1.072 1.167 1.322 1.663 1.493 1.459 2.266 2.533 3.517 
4.318 4.007 4.245 3.97 4.924 6.674 7.0 6.618 5.66 3.894 
3.022 2.312 1.899 1.476 1.433 1.176 1.158 1.202 1.177 1.566 
1.54 1.568 1.593 1.554 1.312 1.366 1.36 1.29 1.195 1.347 
1.422 1.433 1.452 1.592 1.761 1.744 1.947 1.83 2.309 1.645 
2.231 2.708 1.816 2.005 1.455 1.345 1.351 1.546 1.504 2.066 
2.164 3.348 2.704 4.442 6.169 7.208 4.685 5.287 4.888 
END
