PFRMAT local QA
AUTHOR MASS-CASP14
af2-standard_T1191_5.pdb local_accuracy_only 15.0 15.0 13.425 12.236 13.537 12.299 13.4 12.523 13.241 13.583 13.377 
14.742 15.0 15.0 15.0 14.773 13.973 14.319 12.041 7.41 5.271 
3.26 3.224 2.846 2.744 2.644 2.192 1.791 1.865 1.888 2.134 
2.299 2.194 2.241 2.401 2.521 2.728 3.157 3.193 4.246 5.482 
8.025 8.635 8.734 7.849 6.177 3.917 3.113 2.291 1.705 1.575 
1.437 1.351 1.163 1.096 1.078 1.045 0.956 0.972 1.11 1.37 
1.432 1.607 1.42 1.193 1.133 1.156 1.189 1.273 1.285 1.336 
1.68 1.615 1.964 2.148 2.686 3.324 3.835 3.864 4.294 5.034 
5.473 6.465 7.776 5.858 4.862 4.942 5.119 4.79 4.03 4.501 
4.439 5.104 4.352 3.664 4.142 3.675 3.946 3.378 3.12 2.892 
3.033 2.902 3.314 2.409 1.999 1.571 1.49 1.358 1.374 1.441 
1.715 1.831 1.667 1.705 1.517 1.812 1.69 1.345 1.299 1.297 
1.519 1.719 1.667 1.279 1.266 1.263 1.29 1.33 1.223 1.146 
1.196 1.038 1.136 1.177 1.253 1.218 1.476 1.595 1.601 1.472 
1.462 1.816 2.233 2.955 3.125 3.734 3.889 4.924 6.089 7.741 
9.258 10.863 10.442 12.471 12.621 12.549 10.191 11.296 12.244 12.286 
8.991 7.356 6.042 4.894 3.247 2.093 2.198 2.038 1.818 2.027 
1.917 2.028 2.001 2.135 2.226 2.233 2.406 3.001 3.424 2.941 
3.212 3.055 2.746 2.979 2.908 2.646 3.362 4.161 6.405 6.625 
5.427 7.405 7.99 7.298 8.653 7.717 6.806 5.791 6.843 7.071 
7.604 8.592 8.039 8.832 12.68 15.0 11.566 6.597 4.281 3.795 
2.998 2.52 2.163 1.848 2.082 2.565 2.564 2.655 4.858 5.142 
5.492 7.058 6.853 6.335 5.057 5.396 4.445 4.914 3.815 4.215 
4.7 5.946 7.002 6.1 6.747 5.289 5.832 5.502 6.504 7.845 
8.465 8.69 9.697 9.898 12.21 11.501 6.941 6.092 6.897 7.25 
7.666 7.671 7.612 6.743 6.48 6.956 6.021 5.793 6.845 7.099 
6.489 6.401 5.881 4.771 3.172 3.229 2.781 3.089 3.149 3.317 
4.214 4.977 6.376 6.316 6.263 6.314 4.998 4.437 4.261 5.491 
6.119 7.22 6.964 6.89 5.612 4.556 2.854 1.879 1.337 1.157 
1.084 1.093 1.119 1.155 1.099 1.047 1.15 1.347 1.374 1.808 
2.166 3.126 3.951 4.74 6.654 6.648 7.202 6.092 6.511 6.32 
6.703 7.301 6.879 6.183 6.669 7.032 7.261 8.438 7.965 8.129 
7.528 5.967 7.405 6.919 7.952 8.984 8.656 9.895 11.848 12.827 
10.517 9.088 8.987 8.524 6.996 6.395 6.48 5.74 6.539 8.161 
7.688 8.503 8.764 9.931 9.718 11.035 11.094 11.442 13.118 14.869 
15.0 15.0 15.0 15.0 15.0 14.601 15.0 12.653 13.464 10.358 
11.57 11.057 15.0 15.0 15.0 14.391 14.408 12.332 13.435 12.553 
13.48 11.349 10.977 10.219 9.594 8.808 7.811 7.703 7.778 6.853 
6.614 6.354 5.057 3.877 2.655 2.468 2.36 2.595 2.792 2.988 
3.454 3.332 3.951 3.906 3.678 3.544 3.654 4.263 5.029 3.562 
4.141 4.842 4.907 4.101 4.719 7.014 7.739 8.165 7.794 9.07 
9.088 8.188 11.248 12.172 11.203 10.95 8.102 4.974 3.272 2.192 
2.073 1.71 1.803 1.659 1.739 1.822 1.826 1.879 1.915 2.077 
2.241 2.384 2.39 2.767 2.375 3.5 4.668 6.228 6.725 6.892 
6.953 6.951 7.215 6.238 5.021 2.989 2.433 2.303 1.953 1.607 
1.705 1.752 1.591 1.353 1.485 1.504 1.308 1.39 1.65 1.686 
1.66 1.858 1.995 1.746 1.514 1.928 1.762 1.47 1.747 2.076 
2.134 2.099 2.01 2.272 2.617 3.429 4.115 5.104 5.073 6.953 
8.578 10.354 9.827 10.379 9.415 7.671 5.588 5.106 3.784 3.682 
2.398 2.015 1.856 1.845 1.68 1.268 1.365 1.293 1.187 1.041 
1.217 1.31 1.198 1.266 1.344 1.889 1.925 1.45 1.254 1.58 
1.464 1.275 1.389 1.526 1.568 1.589 2.039 2.639 3.135 3.533 
3.193 2.61 2.423 2.184 1.681 1.401 1.543 1.644 1.471 1.272 
1.38 1.631 1.67 1.942 1.991 1.916 1.829 1.927 2.338 2.077 
1.924 2.071 2.122 1.807 1.522 1.849 1.815 1.563 1.439 1.712 
1.448 1.412 1.595 1.701 2.076 2.07 1.94 2.35 2.512 2.428 
2.528 2.102 1.485 1.606 1.506 1.351 1.315 1.182 1.087 1.136 
1.068 1.111 1.195 1.261 1.159 1.5 2.057 2.557 2.792 3.112 
3.664 4.555 6.055 6.977 7.334 8.402 7.945 7.397 7.393 6.069 
4.803 4.493 3.479 3.288 3.391 3.445 3.208 4.075 4.112 5.033 
5.188 4.608 3.987 3.042 2.54 2.495 2.876 2.454 1.759 1.857 
2.378 2.106 1.901 1.987 2.121 1.913 1.575 1.895 2.213 2.268 
2.426 2.773 3.138 2.847 2.237 2.443 2.324 1.988 1.722 1.927 
1.954 1.592 1.491 1.571 1.473 1.256 1.424 1.582 1.48 1.863 
1.928 1.971 1.688 1.372 1.634 1.644 1.667 1.541 1.733 1.72 
1.445 1.767 2.206 2.563 2.41 2.125 2.086 1.963 1.658 1.705 
1.448 1.295 1.197 1.228 1.221 1.149 1.145 1.381 1.429 1.76 
2.032 1.932 1.902 2.757 3.68 3.852 2.964 2.727 2.722 2.23 
1.715 1.63 1.721 1.479 1.314 1.373 1.41 1.328 1.36 1.55 
1.8 2.109 2.227 1.914 1.638 1.558 1.44 1.277 1.149 1.19 
1.191 1.149 1.152 1.293 1.345 1.404 1.368 1.516 1.712 1.851 
1.763 1.572 1.576 1.695 1.517 1.286 1.505 1.501 1.333 1.349 
1.53 1.414 1.58 1.789 2.089 1.549 1.62 1.458 1.567 1.194 
1.077 1.244 1.403 1.177 1.046 1.142 1.239 1.202 1.164 1.268 
1.207 1.182 1.274 1.567 1.681 1.807 1.931 2.16 1.823 1.502 
1.688 1.663 1.36 1.433 1.479 1.363 1.299 1.398 1.531 1.315 
1.429 1.701 1.499 1.398 1.805 2.408 2.651 2.731 2.487 3.376 
4.055 4.393 4.119 4.09 4.53 4.401 4.246 3.116 3.318 2.912 
3.007 2.936 3.099 4.341 5.125 4.596 4.961 4.124 4.5 4.594 
4.846 4.197 4.0 4.039 4.143 3.831 4.45 4.444 6.013 7.272 
7.186 8.053 8.266 6.526 6.742 5.264 5.713 5.613 5.896 6.075 
7.0 6.426 6.44 5.679 5.884 4.678 5.353 5.016 4.763 5.562 
6.678 7.861 8.441 8.171 8.73 7.616 7.191 6.706 6.437 6.363 
6.48 5.238 5.024 6.187 6.165 6.6 6.797 7.837 8.56 8.848 
9.605 10.294 11.696 13.337 12.651 11.676 13.828 11.772 8.908 6.261 
4.403 3.053 2.462 2.299 2.354 2.119 1.999 2.164 2.5 2.452 
2.1 2.47 2.533 3.354 4.421 5.319 6.229 5.55 6.861 6.802 
6.372 7.121 5.45 5.828 4.573 5.207 4.657 4.972 5.347 5.819 
4.771 4.042 3.027 2.194 1.91 2.151 1.955 1.871 2.1 2.331 
2.914 2.804 2.369 3.315 3.303 3.214 3.279 3.13 3.052 3.154 
3.124 3.373 3.851 4.372 4.77 5.117 4.798 5.303 5.982 5.795 
6.15 6.573 7.2 7.635 8.259 8.306 7.882 7.931 9.098 9.547 
11.613 11.224 7.45 7.069 6.721 5.508 4.333 4.447 4.091 4.775 
4.897 4.692 4.39 5.278 4.144 5.529 5.528 6.24 6.126 5.939 
6.958 7.833 8.261 10.249 12.091 13.03 10.971 12.264 12.503 14.42 
12.686 14.158 11.239 10.81 8.421 9.481 8.651 8.334 5.985 3.894 
3.118 2.952 2.342 2.133 2.311 2.506 2.511 2.872 3.324 3.443 
3.647 3.553 3.538 3.236 3.662 3.504 3.044 2.596 2.833 2.362 
2.367 2.63 2.879 4.216 5.425 5.586 7.209 6.81 6.779 5.397 
5.295 5.052 4.809 4.366 5.021 5.069 4.538 4.832 5.785 5.057 
5.984 6.373 5.867 5.585 6.111 6.05 6.02 6.271 5.989 6.075 
6.211 7.647 7.701 8.692 7.799 7.687 6.626 6.6 5.981 5.381 
5.181 4.681 5.598 6.076 6.685 6.455 6.46 6.571 6.908 5.217 
3.487 2.33 2.006 1.701 1.603 1.662 1.489 1.667 1.905 1.851 
2.255 2.369 2.813 3.795 4.085 4.691 5.895 5.981 5.443 7.032 
6.581 6.547 6.583 7.661 8.14 8.348 7.968 6.349 6.211 6.247 
6.5 6.237 6.666 7.752 7.94 7.327 7.425 7.791 7.643 7.78 
6.313 6.992 7.044 5.552 5.163 4.632 3.134 2.482 2.13 1.818 
1.641 1.649 1.908 2.087 2.786 3.712 3.772 4.551 5.189 5.119 
4.739 4.499 5.044 4.554 4.716 5.142 5.741 6.206 6.456 6.504 
7.912 7.622 6.76 6.338 6.017 5.564 5.498 4.795 5.586 5.62 
6.609 5.397 3.985 3.206 2.499 2.126 1.68 1.633 1.51 1.484 
1.437 1.667 1.751 2.012 3.024 4.183 4.971 6.918 7.387 6.803 
5.546 5.925 4.783 4.559 4.584 4.771 4.899 5.436 6.2 6.791 
8.818 9.531 11.405 13.083 14.077 15.0 15.0 15.0 13.943 13.103 
10.046 7.414 6.267 5.799 5.278 4.71 4.442 4.566 3.84 3.645 
3.832 3.627 4.673 5.372 6.197 6.253 6.635 6.573 6.683 5.97 
4.851 3.675 3.547 3.454 3.062 2.832 2.899 3.099 2.917 2.994 
3.252 3.535 4.277 4.439 5.133 4.813 3.471 2.76 1.908 1.678 
1.55 1.719 1.688 1.623 1.68 1.602 1.734 2.011 2.939 4.138 
5.24 5.908 5.521 5.167 4.363 4.605 4.169 4.882 4.212 4.898 
4.438 4.376 4.937 5.181 6.031 7.402 9.399 9.532 9.067 8.395 
6.836 5.684 5.438 5.3 5.056 5.118 4.996 5.071 5.181 5.82 
6.017 7.381 7.788 9.763 10.116 9.077 7.904 6.42 6.501 6.931 
7.134 7.734 7.95 8.075 8.511 9.083 10.065 9.981 10.862 12.118 
12.333 11.216 9.704 8.763 8.921 8.131 9.435 10.547 10.601 12.333 
14.789 15.0 12.822 8.858 6.562 4.671 3.571 2.736 2.299 2.173 
1.891 1.646 1.655 1.935 2.152 3.509 3.566 4.351 4.805 5.933 
5.611 4.736 3.16 2.63 2.591 2.493 2.495 2.597 2.297 2.208 
2.45 2.747 2.865 2.963 2.863 2.554 2.75 3.804 4.1 4.133 
5.248 6.5 6.412 5.465 5.325 4.961 5.172 5.064 4.194 4.442 
4.447 5.365 4.784 6.744 7.116 6.474 4.948 4.871 4.742 4.59 
4.868 4.463 4.086 4.248 3.811 4.028 3.68 3.458 3.438 4.072 
4.254 4.355 4.128 4.204 3.482 3.615 2.761 2.889 2.219 2.477 
2.192 2.381 2.959 3.124 3.275 3.387 2.566 2.409 3.213 3.195 
3.22 3.468 3.758 3.703 3.592 3.624 3.376 3.664 4.635 5.035 
4.603 5.287 5.922 4.963 4.428 3.614 4.45 4.244 4.573 5.56 
5.92 5.163 5.374 5.652 5.069 5.062 4.378 3.413 2.464 1.962 
1.85 1.683 1.616 1.353 1.41 1.345 1.528 1.716 2.569 2.437 
2.386 2.653 2.209 2.158 2.114 2.032 2.007 1.954 2.198 2.41 
3.18 3.937 3.54 3.032 2.984 2.737 2.913 3.1 3.245 3.278 
3.574 3.882 5.199 6.786 8.358 9.948 9.66 9.956 10.81 12.977 
14.194 11.139 13.315 13.128 14.258 15.0 15.0 15.0 15.0 15.0 
15.0 13.395 15.0 14.822 11.921 10.39 9.7 9.743 7.504 4.773 
3.313 2.222 1.864 1.705 1.854 1.885 2.114 1.644 1.196 1.161 
1.137 1.213 1.197 1.24 1.59 1.664 1.621 1.37 1.594 1.477 
1.857 1.646 1.995 2.45 2.44 2.136 2.594 2.626 2.358 2.399 
2.793 3.281 3.497 4.729 5.524 7.69 8.317 10.483 11.182 13.899 
12.71 15.0 12.355 12.131 9.733 10.161 8.85 8.135 10.709 10.259 
8.097 5.825 5.42 6.086 5.328 4.747 5.225 4.843 4.853 4.404 
5.862 5.376 4.53 3.181 2.649 1.88 1.504 1.46 1.355 1.243 
1.356 1.715 2.136 1.882 1.57 1.569 1.528 1.416 1.756 2.469 
3.079 4.617 4.167 3.282 2.237 1.66 1.337 1.096 1.152 1.376 
2.141 2.197 2.33 2.468 2.455 3.179 3.555 3.409 4.146 4.426 
3.968 3.128 3.095 2.716 2.913 2.523 3.305 3.766 3.864 3.166 
2.41 1.778 1.639 1.478 1.24 1.231 1.67 1.959 2.645 2.382 
1.939 1.447 1.283 1.114 0.908 1.119 1.323 1.598 1.937 1.892 
1.446 1.258 0.888 0.195 0.24 0.562 1.217 1.806 2.113 2.025 
1.737 1.984 1.962 2.532 3.216 3.625 5.047 5.086 4.832 5.565 
5.349 3.942 2.278 2.031 1.711 1.418 1.211 1.379 1.771 1.767 
2.017 2.273 2.65 3.325 3.78 3.892 3.778 3.0 3.164 3.831 
4.414 5.03 4.743 4.079 3.546 3.735 3.667 2.952 2.533 2.78 
2.238 1.969 1.696 1.8 1.572 1.522 1.632 1.742 2.458 3.14 
4.388 5.503 5.677 5.85 5.521 4.713 4.579 4.259 4.054 4.387 
4.415 4.675 5.578 5.536 7.371 7.819 7.918 7.369 6.826 6.188 
6.963 6.769 6.817 5.534 4.698 4.134 4.348 4.078 4.125 3.588 
2.996 3.775 5.041 5.298 4.52 4.426 5.286 4.87 6.194 7.617 
8.735 12.055 12.089 13.68 15.0 15.0 14.96 12.499 11.278 8.912 
7.655 5.286 4.093 2.681 2.391 1.784 1.598 1.543 1.601 1.593 
1.593 1.707 1.805 1.826 2.21 2.456 2.884 2.411 1.678 1.337 
1.098 1.123 1.237 1.346 1.7 1.523 1.297 1.372 1.34 1.339 
1.772 2.876 2.968 2.716 3.295 3.899 3.79 3.537 2.665 2.39 
2.652 2.166 1.766 1.773 1.42 1.232 1.371 1.496 1.977 2.721 
3.061 3.428 3.373 2.819 2.262 2.553 2.28 2.011 1.879 2.01 
1.959 1.749 2.024 2.867 2.99 2.65 2.893 2.744 3.126 2.897 
3.408 3.921 3.945 3.692 2.922 2.546 1.943 1.738 1.718 1.611 
1.544 1.658 1.546 1.583 1.714 1.499 1.403 1.74 2.621 
END
