PFRMAT local QA
AUTHOR MASS-CASP14
af2-standard_T1118_4.pdb local_accuracy_only 15.0 15.0 15.0 15.0 15.0 15.0 15.0 13.119 11.559 7.474 4.903 
4.201 3.452 3.205 2.829 2.467 2.736 2.771 2.251 1.958 1.729 
2.199 2.275 1.744 1.76 1.723 1.676 1.397 1.524 1.74 2.221 
2.205 2.241 1.75 1.776 1.539 1.741 1.885 2.035 2.668 3.076 
2.935 3.115 4.564 5.662 5.571 6.132 6.446 6.595 5.475 5.209 
5.418 5.066 4.139 3.115 2.718 2.395 2.319 2.287 1.871 1.721 
2.068 2.396 1.877 1.719 2.333 2.391 2.096 1.932 1.589 1.776 
1.692 1.745 1.906 2.026 2.271 1.976 1.864 1.465 1.289 1.311 
1.266 1.482 1.863 1.981 2.409 3.086 4.914 6.644 10.002 12.528 
15.0 15.0 15.0 15.0 15.0 15.0 15.0 15.0 15.0 15.0 
15.0 15.0 15.0 15.0 15.0 15.0 15.0 15.0 15.0 15.0 
15.0 15.0 15.0 15.0 15.0 11.167 11.105 10.182 9.885 9.523 
8.229 7.477 6.248 5.433 4.471 3.417 2.826 2.595 2.417 2.253 
2.191 1.882 1.434 1.545 1.323 1.244 1.203 1.229 1.459 1.568 
1.415 1.349 1.667 1.665 1.581 1.797 1.784 1.94 2.059 1.805 
2.117 2.197 2.017 1.894 2.363 2.582 2.204 2.655 2.895 2.379 
3.321 4.256 5.769 6.799 6.674 8.175 9.142 11.801 11.59 8.357 
4.867 4.319 3.652 2.82 2.384 2.358 2.565 2.896 2.629 3.268 
4.18 5.082 4.722 4.372 4.326 3.639 3.098 3.114 3.677 4.336 
4.822 4.352 4.749 5.923 7.111 10.231 12.512 15.0 15.0 15.0 
15.0 15.0 11.439 8.268 4.263 3.221 2.913 2.126 2.335 2.114 
1.948 2.282 1.605 1.906 1.674 1.599 1.412 1.377 1.406 1.493 
1.572 1.747 2.02 2.435 3.267 3.14 2.848 2.687 2.702 2.183 
2.154 1.725 1.637 1.784 2.105 2.592 2.765 2.572 2.757 2.875 
2.794 3.795 4.828 6.401 6.208 6.194 6.319 6.416 5.544 5.222 
4.264 4.33 4.199 4.49 5.152 7.09 8.236 9.708 8.371 8.189 
8.586 9.535 8.123 9.139 8.43 9.442 8.977 8.524 8.749 9.155 
10.216 8.657 6.117 6.02 5.867 6.757 6.415 7.631 8.022 7.0 
6.995 7.393 8.745 9.826 11.042 11.532 15.0 15.0 15.0 15.0 
14.066 15.0 12.908 11.663 11.037 9.355 8.464 7.776 8.572 7.82 
10.407 11.621 12.03 11.292 11.421 9.27 11.071 8.252 10.062 9.282 
9.263 7.438 9.605 8.1 10.253 9.561 10.619 10.147 10.258 10.541 
11.019 11.579 12.076 14.211 15.0 15.0 14.364 11.076 9.041 5.805 
4.762 3.343 3.139 3.333 3.863 3.619 3.81 3.459 4.422 4.875 
4.979 4.844 4.917 4.251 4.03 3.398 4.055 4.153 4.693 4.746 
5.692 7.057 7.901 7.976 8.164 9.69 10.784 11.628 10.075 8.564 
7.792 7.18 6.348 5.5 4.296 3.436 3.62 2.711 2.455 2.453 
2.311 2.953 2.51 2.857 3.32 3.622 3.79 3.181 2.636 3.235 
3.19 3.628 3.827 3.882 4.172 4.442 5.676 7.146 9.118 10.3 
12.89 10.989 10.945 10.568 11.233 9.094 7.1 6.457 6.023 5.065 
4.685 3.464 3.724 4.103 3.857 2.992 2.933 2.47 2.105 2.152 
2.517 2.991 3.258 3.733 4.536 6.245 7.549 8.968 9.911 10.293 
9.444 10.319 9.69 8.099 8.377 8.839 9.296 10.351 10.573 10.331 
9.768 9.189 8.886 7.047 8.357 7.294 7.82 6.88 4.578 4.353 
4.403 4.471 5.088 5.001 5.603 4.992 5.956 5.337 6.599 7.594 
8.644 10.548 12.456 15.0 15.0 15.0 15.0 15.0 14.406 12.41 
10.528 10.566 9.172 7.223 5.583 5.038 5.136 4.868 5.175 5.094 
5.333 6.524 6.302 6.841 9.093 8.516 8.71 6.695 7.248 6.612 
7.721 8.867 9.403 9.942 9.653 9.691 9.74 9.343 9.679 8.839 
8.138 6.819 5.173 4.942 3.826 3.993 3.385 3.566 3.052 3.031 
2.609 2.67 3.15 3.185 2.488 1.857 1.525 1.435 1.408 1.382 
1.23 1.507 1.626 1.869 1.83 2.112 2.467 2.524 2.552 2.94 
3.244 3.396 3.747 4.717 6.86 9.25 10.763 10.469 8.399 6.101 
4.864 3.413 2.576 2.09 2.102 2.062 1.721 1.657 1.435 1.266 
1.147 1.134 1.136 1.178 1.437 1.614 2.036 2.372 2.155 1.751 
1.138 0.039 0.007 0.003 0.019 0.063 0.613 1.038 1.165 1.035 
1.196 1.34 1.542 2.052 2.319 2.492 3.223 4.164 4.882 5.265 
4.155 2.729 2.128 1.59 1.735 1.46 1.325 1.36 1.237 1.262 
1.175 1.343 1.524 1.592 1.622 1.814 1.908 2.139 2.707 3.603 
5.244 6.225 5.655 4.764 2.853 1.844 1.458 1.506 1.266 1.354 
1.266 1.346 1.442 1.384 1.799 2.227 2.816 3.372 3.632 4.714 
4.84 5.241 5.88 6.393 7.249 7.212 6.592 4.084 2.763 2.464 
2.759 2.633 1.892 1.377 1.234 1.325 1.405 1.555 1.636 1.966 
2.557 2.749 3.671 3.473 4.416 4.089 4.587 5.226 6.625 7.123 
5.92 3.689 3.085 2.502 2.345 2.247 2.181 2.294 2.7 3.125 
4.498 5.414 6.347 7.448 6.986 7.454 7.368 7.759 7.772 9.269 
10.479 8.213 5.707 4.24 3.398 3.003 2.749 2.85 2.664 2.472 
2.488 2.314 2.425 2.108 2.019 2.26 2.504 2.877 3.365 3.064 
3.447 3.623 3.617 4.694 6.285 6.202 6.679 5.168 3.441 2.646 
2.157 1.862 1.556 1.525 1.333 1.305 1.321 1.371 1.673 1.956 
2.441 2.401 2.061 1.938 2.223 2.752 2.885 2.898 2.278 2.05 
1.682 1.573 1.378 1.712 1.678 1.349 1.393 1.096 1.235 1.327 
1.357 1.656 1.682 1.647 1.636 1.754 2.233 2.761 3.553 3.997 
4.79 4.316 4.833 4.229 3.657 2.311 1.923 1.54 1.354 1.139 
1.288 1.288 1.346 1.435 1.877 2.003 2.472 2.639 2.085 2.003 
2.474 2.804 2.77 3.125 3.63 4.399 4.284 4.461 4.277 4.074 
3.985 6.075 7.116 7.409 6.668 8.904 9.045 9.857 9.373 10.558 
10.149 9.822 8.251 9.759 10.781 
END
