PFRMAT local QA
AUTHOR LAW-CASP14
af2-standard_T1118_4.pdb local_accuracy_only 15.0 15.0 15.0 15.0 15.0 15.0 15.0 10.13 5.129 3.655 2.946 
2.304 2.812 1.722 2.1 1.494 1.666 1.792 1.806 2.167 1.657 
1.802 1.536 1.413 1.276 1.353 1.282 1.247 1.332 1.4 1.348 
1.417 1.545 1.501 1.631 1.536 1.904 2.436 3.458 3.442 4.114 
3.32 3.069 3.158 2.933 2.592 2.418 1.999 2.002 1.874 1.818 
2.477 2.522 2.852 2.242 2.337 1.853 1.907 1.851 1.609 1.541 
1.785 1.726 1.563 1.76 2.018 2.119 2.179 2.232 2.021 1.915 
1.808 1.735 1.857 1.743 1.924 1.969 1.71 1.77 1.609 1.779 
1.836 1.983 2.366 2.761 5.561 7.893 10.568 12.322 14.091 14.686 
15.0 15.0 15.0 15.0 15.0 15.0 15.0 12.109 12.173 9.455 
8.012 5.897 6.973 6.995 5.49 3.665 3.401 3.069 2.631 2.378 
2.172 1.58 1.683 2.175 2.134 2.325 2.413 2.388 1.481 1.614 
1.612 2.172 3.097 4.825 1.43 1.155 1.067 0.928 0.979 0.921 
0.885 0.716 0.717 0.716 0.685 0.733 0.772 0.983 0.804 0.951 
0.829 0.79 0.824 0.766 0.773 0.891 0.95 1.117 1.137 1.048 
1.422 1.117 0.938 1.167 1.307 1.124 1.009 0.93 0.907 1.177 
1.309 1.88 2.479 1.891 2.121 2.251 2.486 2.1 1.838 1.816 
2.258 1.624 2.144 1.614 1.323 1.013 0.828 1.064 1.099 1.858 
2.425 2.736 2.304 2.488 2.187 1.275 1.17 1.107 1.084 1.017 
1.308 1.412 1.571 2.032 3.56 3.953 3.165 4.037 3.121 2.434 
2.42 2.423 3.34 3.043 2.3 1.457 1.133 0.949 1.3 0.985 
0.839 0.858 0.732 0.717 0.74 0.72 0.752 0.758 0.766 0.789 
0.793 0.794 0.835 0.913 0.941 0.891 1.417 0.924 1.161 0.807 
0.895 0.822 0.863 0.776 0.884 0.85 0.822 0.853 0.886 1.087 
1.177 1.556 1.948 2.116 1.988 1.794 1.842 1.751 2.113 2.285 
2.626 2.266 2.519 1.876 2.19 4.436 3.497 2.993 3.41 3.546 
3.3 2.629 1.937 1.49 1.545 1.588 1.714 2.183 2.411 2.837 
3.449 3.751 2.712 2.327 1.775 1.528 1.301 1.247 1.416 1.558 
1.951 2.722 3.226 3.688 3.973 4.436 5.801 6.396 5.668 5.62 
6.082 7.023 6.094 5.668 4.583 4.132 3.111 2.978 2.663 2.171 
1.779 1.532 1.333 1.354 1.546 1.829 2.326 2.56 2.896 2.861 
1.942 2.055 2.023 1.676 1.515 1.436 1.547 1.912 2.397 2.671 
2.975 3.281 3.615 3.723 3.699 4.071 5.185 3.169 3.243 3.141 
2.639 2.409 2.125 1.842 2.14 2.394 2.292 1.996 2.51 3.128 
2.973 3.435 3.851 2.986 2.906 3.194 3.747 3.358 4.73 4.28 
4.779 3.56 4.029 4.98 5.903 6.366 4.508 4.161 3.625 3.212 
3.238 2.977 3.205 2.846 2.615 2.107 1.935 1.635 1.533 1.469 
1.603 1.476 1.544 1.587 1.616 1.602 1.676 1.649 1.636 1.504 
1.611 1.549 1.63 1.801 1.787 1.982 2.249 2.736 2.579 2.645 
2.546 2.48 2.871 3.009 3.329 3.773 3.685 3.479 3.328 2.797 
2.662 2.977 3.58 4.747 5.671 4.032 3.893 4.315 3.902 3.444 
3.699 3.691 3.618 3.424 3.052 2.908 2.407 2.387 2.193 2.246 
2.513 2.779 3.223 2.947 2.021 2.176 1.673 1.736 1.477 1.509 
1.49 1.559 1.786 2.042 2.742 2.585 2.924 2.88 1.969 1.886 
1.387 1.367 1.242 1.226 1.113 1.232 1.325 1.622 1.716 2.234 
2.348 3.088 2.639 2.402 2.114 2.112 2.175 2.311 3.088 3.486 
4.304 4.911 4.779 5.248 4.928 4.518 3.966 3.902 3.47 5.176 
5.091 5.76 6.039 6.663 7.123 6.511 6.054 5.418 5.301 4.222 
4.083 3.336 2.99 2.291 2.093 1.894 2.036 1.755 2.014 1.955 
1.812 1.352 1.393 1.07 1.083 0.925 1.015 0.989 1.101 1.084 
1.206 1.282 1.768 1.919 1.491 1.269 1.146 1.024 1.003 0.958 
0.885 0.931 0.888 0.958 1.029 1.057 1.19 1.259 1.394 1.637 
1.692 1.766 2.006 1.889 2.403 2.791 2.529 2.592 2.062 1.843 
1.594 1.423 1.224 1.103 1.099 1.015 1.057 0.865 0.91 0.836 
0.895 0.818 0.981 0.983 1.107 1.187 1.428 1.663 2.334 1.237 
1.216 0.99 0.998 0.871 0.897 0.852 0.819 0.774 0.754 0.831 
0.918 1.111 1.327 1.622 2.107 2.261 2.339 2.234 2.8 2.531 
2.163 2.03 1.918 1.808 1.476 1.122 1.067 0.867 0.864 0.816 
0.76 0.897 0.805 1.006 0.868 1.014 0.885 1.026 1.278 2.113 
3.4 3.926 2.302 1.794 1.299 1.02 0.911 0.853 0.834 0.836 
0.837 0.746 0.79 0.805 0.844 0.889 1.029 1.338 1.364 2.287 
2.875 3.833 5.997 6.626 7.478 5.238 4.217 3.141 2.665 2.338 
1.83 1.98 1.641 1.16 0.971 0.905 0.793 0.772 0.736 0.76 
0.764 0.835 0.885 0.971 1.101 1.232 2.413 2.696 3.903 4.326 
2.978 2.497 1.79 1.201 1.03 0.911 0.879 0.824 0.777 0.837 
0.932 0.952 1.065 1.092 1.298 1.38 1.552 2.405 3.232 4.005 
3.78 1.728 1.891 1.377 1.253 1.163 1.182 1.245 1.227 1.116 
0.888 0.891 0.833 0.791 0.834 0.824 0.895 0.87 0.965 1.131 
1.175 1.42 1.829 2.507 3.179 3.144 3.891 2.436 2.294 1.45 
1.073 1.029 0.933 0.822 0.826 0.786 0.792 0.823 0.823 0.84 
0.891 0.943 0.965 1.12 1.195 1.251 1.295 1.333 1.158 1.202 
1.118 1.042 1.098 1.038 0.959 0.94 0.871 0.832 0.821 0.764 
0.786 0.77 0.831 0.924 0.947 1.196 1.453 1.878 2.206 2.225 
2.467 2.232 2.347 1.757 1.599 1.141 1.061 0.932 0.874 0.821 
0.779 0.819 0.84 0.827 0.882 0.981 0.999 1.522 1.371 1.537 
1.726 1.505 1.431 1.509 1.559 1.493 1.945 1.829 1.768 1.901 
1.938 2.829 1.96 1.642 0.986 1.014 1.022 1.299 1.22 1.425 
1.419 1.646 1.684 1.892 2.126 
END
