PFRMAT local QA
AUTHOR LAW-CASP14
af2-standard_T1155_3.pdb local_accuracy_only 7.284 6.663 4.993 5.648 5.141 4.562 4.289 3.762 3.582 3.221 2.672 
2.469 2.42 2.258 2.079 2.143 2.132 2.069 2.094 2.236 2.175 
2.196 2.352 2.461 2.187 2.206 2.299 1.959 1.933 2.054 2.024 
1.954 2.469 1.952 1.961 2.078 2.192 2.185 2.261 2.57 2.724 
2.871 3.198 4.101 3.879 3.061 3.002 2.701 2.677 2.367 2.255 
2.102 2.004 1.821 1.83 1.864 1.836 1.822 1.925 2.065 2.068 
2.383 2.598 2.626 2.734 4.906 6.757 8.98 8.259 8.486 6.58 
8.017 8.552 9.267 9.223 8.495 7.643 5.287 5.887 4.398 7.517 
7.293 7.886 5.495 5.151 4.503 3.663 3.441 3.276 2.622 2.505 
2.213 2.067 1.963 2.065 1.829 1.824 2.066 2.195 1.871 1.979 
2.092 2.048 2.033 2.163 2.413 2.453 2.936 3.383 5.501 5.96 
8.576 10.949 12.021 13.078 13.932 
END
