PFRMAT local QA
AUTHOR MASS-CASP14
af2-standard_T1155_3.pdb local_accuracy_only 4.438 3.353 2.674 2.952 3.354 4.132 3.681 3.369 3.971 4.059 3.764 
3.313 2.985 2.509 2.061 2.214 2.321 1.877 2.257 3.161 3.098 
3.686 4.336 4.801 4.541 4.201 3.503 3.277 2.573 3.218 2.356 
2.086 1.964 1.689 1.518 1.57 1.753 1.551 1.72 2.066 1.85 
1.674 1.794 2.073 1.853 1.453 1.469 1.82 2.095 2.037 1.95 
1.971 1.495 1.406 1.725 1.78 1.388 1.46 1.736 2.082 2.107 
2.856 3.443 4.045 3.627 4.26 4.241 6.217 8.355 10.698 11.234 
12.587 14.585 15.0 15.0 15.0 11.644 8.916 5.753 4.288 3.412 
3.175 3.259 2.542 2.365 2.052 2.172 2.057 1.675 1.636 1.739 
1.588 1.546 1.682 1.738 1.532 1.352 1.695 1.672 1.525 1.581 
1.69 1.607 1.632 1.749 1.966 2.085 2.471 3.348 4.445 6.599 
8.369 11.769 15.0 15.0 15.0 
END
