PFRMAT local QA
AUTHOR MASS-CASP14
af2-standard_T1181_5.pdb local_accuracy_only 7.995 6.724 6.194 5.653 5.775 5.774 5.079 4.133 3.704 3.626 3.244 
2.775 2.889 2.668 2.562 2.16 2.378 2.988 3.274 2.676 2.448 
2.036 2.237 2.139 2.211 1.877 1.634 1.543 2.028 2.521 2.927 
3.001 2.987 3.074 3.365 3.243 3.245 2.867 2.181 1.86 1.679 
1.55 1.701 1.898 2.246 1.882 1.658 1.184 1.032 1.163 1.161 
1.274 1.55 2.022 2.618 2.715 2.639 2.087 1.997 1.905 1.989 
2.442 2.378 1.89 1.847 1.633 1.835 1.866 1.454 1.577 1.433 
1.498 1.516 2.021 2.05 1.725 1.371 1.857 2.191 2.471 3.64 
4.218 5.521 6.01 7.586 8.541 9.227 9.118 8.7 8.226 6.846 
4.573 3.217 2.408 1.669 1.372 1.351 1.547 1.683 2.648 2.61 
2.627 2.178 1.822 1.39 1.537 1.624 1.479 1.374 1.204 1.12 
1.374 1.382 1.277 1.057 0.95 0.99 0.979 1.013 1.252 1.696 
2.088 1.748 1.642 1.583 1.612 1.759 2.019 2.004 1.884 1.685 
2.036 2.08 1.922 1.686 1.445 1.508 1.782 1.809 1.695 2.225 
2.395 2.855 3.082 3.413 4.04 4.283 4.409 4.264 3.565 2.838 
2.601 2.642 2.876 3.032 2.847 3.575 4.363 4.838 4.972 4.937 
5.338 4.026 3.036 2.89 2.668 3.26 4.053 3.598 4.157 3.746 
2.77 2.329 2.191 2.068 1.764 1.754 2.159 2.357 2.065 1.981 
1.615 1.3 1.225 1.361 1.557 1.361 1.547 1.363 1.255 1.35 
1.612 1.631 1.489 1.313 1.449 1.56 1.802 2.114 2.0 1.86 
1.575 1.647 1.678 1.866 1.888 2.096 2.66 2.951 2.398 2.174 
1.994 2.052 2.571 2.185 1.95 1.487 1.249 1.175 1.121 1.382 
1.318 1.4 1.531 1.897 2.245 2.961 4.686 5.122 5.423 4.058 
3.154 2.483 2.241 1.739 1.977 1.967 1.97 1.593 1.323 1.601 
1.86 2.02 2.978 2.624 2.71 2.403 3.047 4.232 4.59 5.986 
7.041 7.779 8.796 8.375 8.565 7.75 8.264 7.334 8.97 8.155 
6.733 6.879 7.41 6.725 6.311 4.588 4.044 3.286 2.566 2.075 
1.73 1.493 1.618 1.519 1.321 1.502 1.527 1.668 1.829 1.576 
1.871 2.101 2.535 2.424 1.936 2.044 1.736 1.983 2.085 2.009 
2.102 2.032 1.874 1.682 1.686 1.782 1.59 1.167 1.27 1.198 
1.403 1.573 1.144 1.479 1.636 2.009 2.544 3.047 3.456 3.752 
4.09 4.329 4.458 4.571 3.499 2.577 2.483 1.977 1.559 1.46 
1.144 1.035 1.039 1.052 1.18 1.023 0.987 0.856 0.895 0.795 
0.807 0.983 1.024 0.9 1.158 1.248 1.533 1.861 1.535 1.644 
1.49 1.425 1.142 1.024 0.937 0.894 1.084 1.202 1.511 1.584 
1.919 1.821 1.717 1.746 1.786 1.619 1.442 1.36 1.266 1.647 
1.675 1.811 2.263 2.053 2.303 2.893 2.842 2.854 2.546 1.84 
1.251 1.111 0.986 1.005 1.174 1.366 1.809 2.326 2.611 3.574 
4.039 5.138 5.46 5.692 5.044 4.273 3.138 2.528 1.938 1.528 
1.174 1.245 1.041 0.982 0.973 0.901 1.13 1.187 1.125 1.117 
1.005 1.402 1.588 1.362 1.964 1.828 2.058 1.602 1.453 1.382 
1.544 1.571 1.33 1.459 1.613 1.311 1.255 1.066 1.415 1.444 
1.191 0.967 0.985 1.081 1.26 1.235 1.346 1.158 1.105 1.079 
1.107 1.147 1.296 1.589 1.591 1.725 1.697 1.439 1.328 1.317 
1.602 1.471 1.094 1.055 1.001 1.266 1.297 1.052 1.186 1.187 
1.262 1.13 1.121 1.123 1.52 1.784 1.872 2.269 2.304 2.468 
2.08 1.859 1.538 1.277 1.084 1.122 1.292 1.229 0.946 1.015 
0.94 1.199 1.577 1.532 1.771 1.453 1.346 1.354 1.196 1.243 
1.323 1.561 2.167 3.107 4.218 4.417 4.777 4.794 4.307 3.882 
3.216 2.34 1.688 1.665 1.292 1.151 1.032 1.001 1.285 1.254 
1.096 1.026 0.939 1.092 1.126 1.597 2.233 2.287 2.208 1.837 
1.827 1.436 1.377 1.182 1.155 1.255 1.242 1.519 2.195 2.409 
3.267 2.629 2.099 1.729 1.609 1.465 1.161 1.167 1.092 1.288 
1.259 1.012 1.08 0.988 1.114 1.155 1.401 1.817 2.308 2.989 
3.79 3.466 2.806 2.172 1.622 1.121 1.021 0.948 0.899 1.027 
1.091 1.003 1.148 1.1 0.96 1.045 1.002 1.222 1.48 1.122 
1.226 1.072 1.325 1.593 1.681 2.134 2.098 2.403 2.336 2.12 
2.198 1.727 1.51 1.463 1.784 1.847 1.879 1.694 1.655 1.217 
1.123 1.267 1.298 1.243 1.267 1.287 1.356 1.436 1.798 2.366 
3.169 3.5 3.393 2.798 2.847 2.65 2.398 2.055 1.597 1.734 
1.602 1.748 2.174 2.637 2.687 2.402 1.709 1.428 1.411 1.29 
1.477 1.666 1.699 2.247 2.375 3.051 3.504 3.257 3.5 3.024 
2.602 2.012 2.026 1.829 2.389 2.716 3.486 3.419 3.061 2.691 
2.491 2.327 2.389 2.372 2.447 2.344 1.978 1.869 2.026 2.365 
3.157 4.566 5.642 7.706 9.067 11.997 11.207 9.915 10.028 10.006 
9.565 8.972 9.952 7.93 7.622 6.732 6.01 6.121 5.963 5.98 
6.407 6.812 5.999 7.731 8.155 8.869 8.218 7.975 8.75 8.536 
7.7 8.273 7.697 7.979 7.484 8.213 7.663 7.739 7.829 7.683 
8.87 9.965 11.79 13.862 15.0 15.0 15.0 
END
