PFRMAT local QA
AUTHOR LAW-CASP14
af2-standard_T1181_5.pdb local_accuracy_only 12.671 12.118 11.765 10.921 9.178 8.833 8.122 6.148 4.453 3.676 3.676 
2.379 2.202 2.531 2.477 1.852 1.966 2.341 2.25 2.189 1.607 
1.399 1.214 1.071 1.194 1.116 1.172 1.044 1.175 1.548 1.551 
1.308 1.496 1.245 1.814 2.246 1.957 2.155 1.486 0.944 0.89 
0.882 0.868 1.069 1.103 1.073 0.981 1.023 0.878 0.809 0.979 
1.16 1.49 1.59 1.63 1.735 1.682 1.355 1.514 1.333 1.606 
1.539 1.549 1.431 1.02 0.963 1.27 1.373 1.245 1.281 1.203 
1.221 1.385 1.432 1.61 1.36 1.136 1.084 1.128 1.32 3.33 
4.396 5.713 5.849 4.398 5.465 5.384 5.152 3.197 3.62 4.699 
4.036 2.723 1.599 1.33 1.072 0.915 1.078 1.454 1.898 3.04 
3.696 2.026 1.9 1.107 1.051 1.086 1.005 0.89 0.878 0.808 
0.853 1.044 1.092 0.876 1.126 0.951 0.934 1.073 1.26 1.862 
2.053 1.372 1.102 1.023 1.129 1.317 2.313 2.38 1.319 1.049 
1.4 1.249 1.157 0.947 1.011 1.036 1.263 1.666 1.726 4.449 
9.338 10.621 13.005 12.858 14.503 13.857 13.435 10.597 9.35 3.656 
2.341 1.811 2.09 1.665 2.301 2.245 2.734 2.821 3.0 4.16 
3.969 3.003 2.361 2.05 1.762 1.555 1.576 1.439 1.25 1.475 
1.391 1.295 1.276 1.413 1.408 1.243 1.361 1.693 1.534 1.777 
1.784 1.534 1.548 1.448 1.675 1.413 1.272 1.093 1.07 1.079 
1.117 1.131 1.083 1.161 1.173 1.309 1.32 1.532 1.52 1.44 
1.346 1.358 1.351 1.37 1.377 1.595 1.634 1.597 1.443 1.195 
1.142 1.06 1.137 1.245 1.315 1.284 1.09 1.203 1.203 1.398 
1.543 1.798 2.269 2.706 4.2 5.938 8.259 8.929 8.926 8.267 
7.193 3.914 3.052 1.973 1.881 1.497 1.428 1.331 1.18 1.138 
1.136 1.165 1.227 1.364 1.179 1.327 1.191 4.031 5.093 7.043 
7.049 8.911 8.46 10.152 10.864 10.165 10.509 8.541 7.672 4.322 
2.652 1.667 2.183 1.515 1.815 1.937 1.855 1.392 1.24 1.143 
1.081 1.035 1.1 1.163 1.08 1.094 1.06 1.164 1.332 1.549 
2.005 2.524 1.704 1.24 1.21 1.517 1.18 1.41 1.522 1.273 
1.241 1.048 0.988 1.028 1.058 1.086 1.189 1.092 1.089 1.069 
1.186 1.358 1.246 1.628 1.679 2.33 3.907 4.478 7.987 8.673 
10.369 10.775 9.488 8.378 6.624 2.333 2.804 1.495 1.186 1.077 
0.995 0.974 0.888 1.016 1.024 0.983 1.028 0.912 0.874 0.918 
1.006 1.119 1.283 1.222 1.476 1.625 1.74 1.791 1.525 1.93 
1.501 1.287 1.143 0.952 0.889 0.854 0.909 0.915 1.14 1.158 
1.166 1.129 1.024 0.971 1.04 0.948 0.902 0.976 1.013 1.232 
1.335 1.353 1.473 1.361 1.299 1.332 1.34 1.276 1.087 0.962 
0.985 0.921 0.919 0.856 0.895 1.025 1.229 1.547 1.764 2.176 
2.575 3.463 7.363 6.021 4.655 2.337 2.31 1.471 1.177 1.107 
0.912 1.061 1.049 1.006 1.126 1.174 1.315 1.428 1.37 1.528 
1.113 1.018 0.991 0.948 0.961 0.879 0.819 0.83 0.82 0.9 
0.89 0.969 0.988 1.124 1.187 1.234 1.264 1.319 1.426 1.463 
1.363 1.209 1.017 0.898 0.886 0.805 0.778 0.704 0.748 0.77 
0.774 0.913 0.987 1.013 1.022 1.209 1.252 1.167 1.357 1.29 
1.43 1.46 1.245 1.108 0.927 0.878 0.877 0.76 0.735 0.718 
0.756 0.736 0.813 0.93 1.157 1.184 1.161 1.185 1.587 1.952 
1.612 1.461 1.162 1.143 1.191 1.319 1.574 1.465 1.282 1.082 
0.889 0.898 0.945 0.846 0.89 0.835 0.77 0.74 0.798 0.823 
0.975 1.058 1.199 1.659 2.342 3.713 2.143 3.876 1.528 1.799 
1.677 1.298 1.037 0.998 1.0 0.866 1.008 1.092 1.315 1.446 
1.279 1.165 0.884 0.949 0.888 1.014 1.038 1.109 1.152 0.87 
0.822 0.804 0.801 0.885 0.88 0.909 0.89 1.137 2.368 5.259 
6.757 5.585 1.808 1.298 0.835 0.799 0.756 0.868 0.975 1.13 
1.365 1.179 1.288 1.023 1.118 1.193 1.056 1.297 1.43 1.612 
3.19 2.74 2.231 1.844 1.375 1.109 1.011 0.91 0.82 0.85 
0.9 0.806 0.952 0.866 0.748 0.869 0.966 1.095 1.31 1.21 
1.357 1.445 1.627 2.353 2.83 2.21 2.592 4.129 1.954 3.496 
5.199 2.228 2.378 1.284 1.056 1.063 1.068 2.382 1.481 1.228 
0.979 0.965 1.013 1.109 1.261 1.245 1.505 1.786 2.371 6.228 
6.72 6.899 4.956 5.961 4.468 6.13 4.412 3.641 2.223 1.991 
1.356 1.48 2.113 4.05 1.424 2.565 1.472 1.293 1.237 1.268 
1.489 1.664 1.455 2.238 2.864 4.385 7.481 6.532 8.343 7.703 
5.035 2.983 2.316 2.291 2.933 5.014 7.136 7.231 9.1 8.145 
5.528 5.666 4.255 4.661 4.04 3.714 3.848 5.266 7.135 9.62 
11.823 10.793 10.798 10.591 11.187 13.573 15.0 15.0 15.0 15.0 
15.0 15.0 15.0 15.0 15.0 15.0 15.0 15.0 15.0 15.0 
15.0 15.0 15.0 15.0 15.0 15.0 15.0 15.0 14.552 12.935 
11.49 10.747 11.073 9.479 7.331 7.057 6.205 5.61 5.235 5.88 
3.93 3.853 4.379 5.962 7.718 10.522 13.769 
END
