PFRMAT local QA
AUTHOR LAW-CASP14
af2-standard_T1197_2.pdb local_accuracy_only 15.0 15.0 15.0 15.0 15.0 15.0 13.898 8.404 6.495 2.117 5.464 
2.633 3.273 2.114 1.42 0.795 0.679 0.64 0.734 0.719 0.849 
0.844 0.764 0.758 0.591 0.598 0.575 0.596 0.604 0.674 0.838 
0.858 1.248 0.875 0.711 0.623 0.543 0.524 0.5 0.523 0.652 
0.709 0.882 0.914 0.832 0.725 0.554 0.449 0.444 0.429 0.478 
0.508 0.654 0.705 0.788 1.081 1.062 1.145 1.246 1.025 1.301 
1.211 1.051 1.107 1.117 0.933 0.832 0.988 0.907 0.741 0.795 
0.904 0.704 0.824 0.658 0.689 0.54 0.612 0.525 0.518 0.445 
0.464 0.513 0.487 0.565 0.755 0.762 0.7 0.659 0.583 0.508 
0.401 0.392 0.402 0.451 0.487 0.522 0.668 0.613 0.572 0.503 
0.451 0.493 0.598 0.571 0.519 0.635 0.721 0.803 0.722 0.667 
0.721 0.804 0.683 0.744 0.621 0.608 0.573 0.504 0.516 0.534 
0.469 0.434 0.477 0.453 0.424 0.475 0.472 0.488 0.439 0.511 
0.498 0.491 0.552 0.57 0.584 0.583 0.525 0.501 0.501 0.516 
0.566 0.459 0.471 0.435 0.509 0.515 0.434 0.508 0.533 0.661 
0.798 0.871 0.666 0.578 0.447 0.49 0.499 0.568 0.674 0.632 
0.655 0.796 0.717 0.746 0.949 1.166 1.698 2.426 4.588 4.248 
2.496 4.026 2.257 5.339 5.242 4.428 4.086 1.769 1.42 0.567 
0.543 0.518 0.465 0.49 0.447 0.592 0.539 0.543 0.61 0.682 
0.643 0.669 0.579 0.494 0.479 0.489 0.436 0.445 0.446 0.423 
0.423 0.461 0.423 0.414 0.429 0.435 0.438 0.477 0.488 0.432 
0.539 0.558 0.531 0.525 0.592 0.602 0.512 0.625 0.744 1.02 
0.854 1.064 0.765 0.969 0.882 0.727 0.721 0.87 0.78 0.709 
0.788 0.807 0.682 0.679 0.473 0.498 0.465 0.552 0.609 0.753 
1.034 0.668 0.613 0.56 0.609 0.506 0.469 0.472 0.444 0.396 
0.4 0.389 0.382 0.404 0.418 0.482 0.47 0.457 0.452 0.453 
0.399 0.458 0.512 0.53 0.595 0.602 0.546 0.529 0.603 0.578 
0.524 0.564 0.64 0.618 0.839 0.788 0.796 0.786 0.869 0.906 
1.185 1.158 1.538 1.414 1.488 2.21 1.131 1.2 
END
