PFRMAT local QA
AUTHOR MASS-CASP14
af2-standard_T1197_2.pdb local_accuracy_only 15.0 14.967 13.889 12.869 14.08 12.616 13.562 10.586 11.859 7.517 6.813 
5.454 3.949 2.922 1.719 1.305 1.269 1.202 1.095 1.163 1.275 
1.133 1.029 1.336 1.29 1.31 1.258 1.212 1.148 1.37 1.646 
1.833 1.599 1.427 1.309 1.186 0.941 0.804 0.906 0.968 1.008 
1.087 1.344 1.782 1.75 1.589 1.315 1.094 0.897 0.811 0.885 
0.896 0.874 1.158 1.458 1.671 1.695 1.587 1.912 2.107 2.394 
2.239 1.998 2.085 2.353 2.396 1.859 2.012 1.718 1.523 1.669 
1.664 1.682 1.793 1.629 1.801 1.47 1.279 1.386 1.296 1.212 
1.164 1.093 1.045 1.118 1.65 2.095 2.042 1.521 1.06 0.866 
0.365 0.0 0.0 0.0 0.0 0.0 0.0 0.0 0.0 0.0 
0.0 0.002 1.256 1.097 1.212 1.599 2.008 2.472 2.439 2.168 
1.954 1.527 1.263 1.099 1.036 1.143 1.219 0.809 0.102 0.0 
0.0 0.0 0.0 0.0 0.0 0.0 0.0 0.0 0.0 0.0 
0.014 0.439 1.151 1.403 1.541 1.59 1.3 1.203 1.279 1.411 
1.214 1.065 0.997 0.912 1.021 1.025 0.899 0.889 1.004 1.314 
1.834 2.385 2.388 1.814 1.549 1.31 1.249 1.505 1.884 1.737 
2.224 2.129 2.767 3.118 3.076 2.848 3.235 3.758 3.737 3.881 
3.375 4.023 4.615 5.53 5.27 5.468 4.351 3.656 2.36 2.023 
1.582 1.388 1.243 1.369 1.243 1.215 1.319 1.22 1.458 1.492 
1.647 1.765 1.462 1.372 1.096 1.034 1.113 1.043 0.53 0.022 
0.0 0.094 0.201 1.047 1.024 1.036 1.092 1.297 1.339 1.125 
1.333 1.47 1.486 1.453 1.595 1.858 1.828 1.748 2.159 2.73 
2.129 2.132 2.288 2.474 1.986 1.581 1.698 2.013 1.775 1.642 
1.818 1.851 1.817 1.521 1.452 1.531 1.695 1.447 1.544 1.911 
1.92 1.803 1.771 2.056 1.666 1.41 1.422 1.39 1.09 1.087 
1.165 1.252 1.066 1.048 1.334 1.675 1.653 1.616 1.993 1.865 
1.624 1.561 1.326 1.232 1.368 1.322 1.275 1.429 1.35 1.293 
1.131 1.526 1.579 1.419 1.429 1.705 1.965 2.13 2.459 2.866 
3.868 3.806 4.277 5.218 5.737 5.79 5.133 4.494 
END
