PFRMAT local QA
AUTHOR MASS-CASP14
af2-standard_T1158v2_1.pdb local_accuracy_only 12.256 11.101 9.22 6.776 5.729 5.63 3.664 2.84 2.06 2.2 1.938 
2.363 2.291 3.462 3.799 4.606 4.461 4.292 4.364 4.071 3.763 
3.441 3.432 3.13 3.065 2.704 2.697 2.884 2.944 2.462 2.469 
2.737 3.318 3.754 4.893 4.858 5.129 4.757 4.12 4.662 4.921 
4.765 3.984 3.71 3.462 3.668 3.795 3.98 5.584 5.856 6.313 
4.72 3.486 3.274 2.391 1.783 1.69 1.909 2.049 1.862 2.235 
2.564 2.566 2.346 2.695 3.024 3.268 2.965 3.171 3.492 3.578 
4.096 4.255 4.945 4.885 4.571 4.484 3.783 3.025 2.693 2.725 
2.534 2.772 2.417 2.758 3.311 3.388 3.874 4.951 5.824 5.839 
4.868 5.828 4.974 5.555 5.568 5.978 5.435 5.315 5.32 5.145 
4.686 4.063 2.973 2.548 2.503 2.24 1.723 1.559 1.613 1.444 
1.262 1.375 1.455 1.69 1.468 1.474 1.888 1.981 2.134 2.419 
2.887 2.944 3.566 3.582 3.927 3.484 3.303 3.175 2.807 2.569 
2.957 2.856 2.628 2.881 2.835 2.628 2.632 2.959 3.091 2.652 
2.853 2.899 2.658 2.711 2.617 2.668 2.614 2.506 2.407 2.219 
2.428 2.536 2.064 2.329 2.307 2.146 1.873 1.599 1.583 1.461 
1.492 1.294 1.404 1.4 1.306 1.284 1.239 1.258 1.094 1.091 
1.174 1.269 1.111 1.238 1.524 1.387 1.27 1.289 1.23 1.182 
1.291 1.713 1.974 2.453 2.594 4.271 4.816 5.313 5.565 5.446 
4.851 3.4 2.643 3.016 2.838 2.301 2.145 2.246 2.789 2.442 
2.062 2.535 2.547 2.171 2.914 2.878 2.891 3.322 3.351 4.042 
4.166 3.708 3.706 3.636 3.704 3.728 3.416 3.249 2.877 2.483 
2.601 2.701 2.47 2.605 2.547 3.052 2.833 2.554 2.651 3.211 
3.3 3.273 3.81 4.439 4.159 4.648 4.659 5.683 4.953 5.395 
5.164 5.301 5.332 5.717 5.822 6.534 6.171 6.564 5.904 5.94 
5.072 4.649 3.918 4.014 3.421 3.317 3.236 3.707 3.738 3.05 
3.255 5.213 4.934 4.707 4.588 4.934 4.03 4.221 3.619 2.871 
2.651 2.236 2.29 2.759 2.406 2.637 2.465 2.23 2.066 2.548 
2.62 1.991 2.285 2.097 2.095 2.281 2.398 2.911 3.172 2.987 
2.859 2.75 2.135 1.829 2.054 2.153 2.348 1.944 2.723 3.235 
2.598 2.403 2.308 2.599 2.327 1.828 1.879 2.44 2.038 1.728 
1.998 2.496 2.435 2.502 2.15 2.604 3.256 3.21 2.881 3.014 
3.292 3.108 3.471 3.585 3.423 3.635 3.854 3.686 3.581 3.571 
4.087 4.321 4.342 4.113 3.944 4.068 3.743 4.044 4.446 4.334 
3.933 3.142 3.31 3.08 2.548 2.553 2.503 2.168 2.011 1.707 
1.828 1.859 1.884 2.101 1.881 1.869 2.191 2.658 2.984 2.503 
2.405 2.471 2.665 2.572 3.066 3.348 3.207 3.266 3.745 3.256 
2.649 2.698 2.606 2.55 2.142 2.254 2.528 2.18 2.561 2.256 
2.276 2.379 2.314 2.236 1.794 2.014 2.008 1.791 1.734 1.799 
1.984 2.23 2.411 2.758 3.887 5.344 5.906 5.656 6.404 7.459 
8.121 6.705 6.967 7.204 6.051 4.305 3.267 2.415 1.822 1.423 
1.593 1.707 1.719 1.683 1.992 2.05 2.766 3.319 4.151 5.076 
5.122 4.35 4.732 3.937 3.146 2.581 2.267 2.293 2.088 2.085 
1.756 1.608 1.523 1.413 1.508 1.891 1.807 1.695 1.473 1.323 
1.295 1.246 1.157 1.419 1.818 2.099 2.3 2.145 1.977 1.701 
2.052 1.908 1.566 1.471 1.619 1.794 1.863 1.646 1.866 2.022 
1.976 2.339 2.702 2.773 2.555 2.213 1.965 1.587 1.485 1.62 
1.574 1.6 1.424 1.391 1.404 1.584 1.806 2.338 3.011 3.249 
2.834 2.462 2.227 1.942 1.777 1.395 1.257 1.101 1.215 1.321 
1.444 1.411 1.626 1.81 2.333 3.145 3.535 3.366 3.336 3.424 
3.377 2.461 2.345 2.42 2.225 2.01 1.748 1.99 2.364 2.075 
2.451 2.561 3.274 3.58 3.405 2.901 3.008 3.116 2.899 3.093 
2.781 2.404 2.164 1.804 1.836 1.797 1.872 2.074 2.517 2.801 
2.905 2.765 2.876 2.362 2.458 2.655 2.669 2.428 2.021 2.026 
1.984 1.763 1.761 1.854 2.038 2.069 2.17 2.116 2.032 2.488 
2.129 1.919 1.487 1.141 1.028 1.055 1.123 1.368 1.402 1.696 
1.729 2.204 2.829 2.544 2.527 2.686 2.533 2.043 2.045 2.331 
1.992 1.889 1.856 2.223 2.185 2.198 2.345 2.461 2.718 2.7 
2.261 2.515 2.589 2.047 1.619 1.546 1.493 1.487 1.71 2.056 
2.536 2.703 2.907 2.871 2.677 2.61 2.569 2.684 2.211 1.964 
1.58 1.413 1.336 1.255 1.371 1.767 1.905 1.681 1.814 1.662 
1.702 1.648 1.808 1.627 1.716 1.923 2.648 2.788 2.603 2.661 
2.953 2.648 2.752 2.509 1.952 1.893 2.012 1.996 2.098 2.122 
3.15 4.615 6.522 6.934 8.442 9.251 8.159 9.708 8.504 8.006 
10.036 12.165 12.452 14.89 13.434 15.0 14.614 15.0 15.0 15.0 
15.0 15.0 15.0 15.0 15.0 14.313 13.323 9.328 10.625 7.354 
10.183 8.055 10.545 9.599 12.83 9.399 10.891 14.308 15.0 15.0 
15.0 15.0 15.0 15.0 15.0 15.0 15.0 15.0 15.0 12.748 
12.243 10.317 9.238 7.983 11.488 10.796 13.784 13.786 14.832 14.609 
12.56 9.376 7.054 5.809 3.66 3.109 3.0 2.391 1.986 1.839 
2.261 2.422 2.483 3.112 3.561 4.481 6.436 7.057 7.488 8.693 
9.178 8.436 6.767 7.451 7.392 7.63 6.515 6.531 6.124 5.1 
4.647 4.301 4.181 3.467 2.846 2.413 2.586 2.262 2.328 2.472 
2.621 2.757 2.582 2.956 2.771 3.275 2.549 2.928 3.259 4.249 
4.316 4.927 5.865 6.145 7.27 9.979 12.382 14.232 15.0 15.0 
15.0 14.225 15.0 9.239 6.069 4.76 3.778 3.231 2.517 2.923 
2.424 2.414 1.926 2.346 2.359 2.471 2.437 2.684 3.086 2.726 
2.939 3.014 3.19 3.337 2.937 2.938 3.547 3.954 3.911 3.674 
3.895 3.952 4.124 4.335 3.987 4.078 4.25 3.506 3.223 3.437 
3.162 2.565 2.146 2.133 1.791 1.485 1.407 1.734 1.751 1.491 
1.466 1.734 1.681 1.581 1.667 2.001 2.469 2.499 2.374 2.322 
2.37 2.274 2.177 2.483 2.649 2.21 1.869 2.137 2.042 1.634 
1.717 2.032 1.949 2.046 1.751 2.133 2.147 1.728 2.166 2.108 
1.764 2.185 2.183 1.889 1.719 1.803 1.795 1.594 1.469 1.777 
1.755 1.597 1.761 1.688 1.682 1.656 1.805 1.922 1.993 1.884 
2.501 2.428 2.656 2.869 3.202 3.199 3.34 3.381 3.69 3.528 
4.501 4.491 4.53 5.011 5.183 5.292 5.064 4.905 4.545 3.736 
4.408 4.073 3.585 4.014 4.672 4.266 3.459 3.992 3.913 3.871 
3.399 3.318 3.392 2.763 2.512 2.592 2.418 1.866 2.123 2.613 
2.653 3.271 4.466 4.976 4.924 5.188 6.226 4.831 3.082 2.665 
2.619 2.389 2.099 2.198 2.691 2.866 2.464 2.605 2.928 2.704 
3.142 2.793 2.51 2.608 2.947 3.03 2.97 2.393 2.536 2.719 
2.268 1.948 2.165 2.346 2.136 2.093 2.59 2.42 2.482 2.508 
2.379 2.058 2.01 2.203 2.509 2.602 2.72 2.992 2.971 3.017 
2.958 2.972 2.714 2.856 2.612 2.461 2.203 2.535 2.432 2.12 
1.998 2.07 1.965 2.108 2.178 2.444 2.635 2.676 2.727 2.702 
2.937 2.886 2.695 2.59 2.758 2.813 2.705 3.248 3.607 4.218 
4.151 3.753 3.388 3.585 3.477 3.821 2.912 2.555 2.701 2.649 
2.799 2.29 2.262 2.4 2.309 2.228 2.582 2.431 2.573 2.893 
2.292 2.228 2.259 2.297 2.196 2.018 2.466 2.506 2.662 2.862 
2.764 2.246 2.61 3.01 2.935 2.91 2.945 3.621 3.501 3.883 
3.684 3.447 3.331 3.404 3.52 4.01 4.364 3.836 4.121 3.281 
3.328 3.229 3.151 3.023 2.874 3.265 3.413 3.362 3.147 2.82 
2.781 3.03 2.691 2.48 2.309 2.419 2.057 1.807 1.495 1.226 
1.203 1.206 1.463 1.56 1.703 1.602 1.813 2.249 3.054 3.185 
4.064 4.23 4.557 4.445 3.537 3.364 2.89 2.752 2.422 2.336 
2.337 2.353 2.517 2.229 2.428 3.167 3.072 2.643 2.082 2.182 
2.008 2.168 1.943 2.077 2.211 2.707 2.543 2.36 2.183 1.938 
1.982 1.773 1.572 1.384 1.597 1.946 1.803 1.667 1.549 1.633 
1.811 1.886 1.698 1.666 1.634 1.45 1.162 1.276 1.245 1.426 
1.997 1.964 1.885 2.188 2.677 3.449 2.598 2.512 2.217 2.493 
2.241 2.223 2.063 2.008 1.821 1.55 1.388 1.359 1.255 1.699 
2.236 2.954 2.891 2.426 2.134 2.191 2.184 2.107 1.879 1.547 
1.414 1.587 1.238 1.012 1.191 1.486 1.847 2.307 2.818 2.7 
2.725 2.6 2.719 2.315 1.84 1.981 2.064 2.163 1.963 2.139 
2.252 2.219 2.188 2.289 2.627 3.101 3.314 2.795 3.024 3.776 
4.415 4.631 4.507 4.779 4.459 4.712 4.835 4.997 3.697 4.341 
4.516 4.606 4.009 3.86 3.584 2.79 2.283 2.231 2.248 2.072 
1.924 2.154 2.073 1.929 1.986 2.126 2.165 2.281 2.509 2.234 
2.304 2.841 3.079 2.529 2.259 1.777 1.412 1.491 1.572 1.802 
1.951 2.093 2.296 2.508 2.811 2.368 2.277 2.757 2.934 2.793 
2.453 2.761 2.22 1.995 2.038 2.251 2.312 1.842 2.429 3.16 
3.048 2.875 3.319 3.346 2.573 2.059 1.931 1.707 1.646 1.591 
2.046 2.071 2.069 1.957 1.927 2.031 1.801 1.893 2.081 2.041 
1.815 1.376 1.237 1.235 1.269 1.394 1.877 1.921 1.552 1.548 
1.448 1.525 1.309 1.364 1.585 1.591 1.642 1.802 2.122 1.908 
2.336 3.189 3.404 4.15 4.063 3.369 3.306 3.169 3.241 3.627 
3.72 3.678 4.517 5.509 5.082 5.915 6.074 6.547 4.849 4.649 
4.986 4.583 3.639 3.997 4.212 4.052 3.619 3.821 4.232 4.447 
4.14 5.067 5.101 5.941 5.627 6.478 7.257 7.028 8.164 8.879 
9.736 11.319 11.741 11.97 11.999 11.175 10.56 8.624 10.044 9.009 
11.251 11.27 14.479 12.122 11.797 12.958 13.745 12.664 13.884 14.603 
13.733 12.325 14.059 14.853 13.16 13.62 12.821 11.126 11.838 11.211 
12.165 13.725 15.0 15.0 15.0 15.0 15.0 15.0 15.0 
END
