PFRMAT local QA
AUTHOR LAW-CASP14
af2-standard_T1158v2_1.pdb local_accuracy_only 15.0 15.0 15.0 15.0 10.387 12.345 5.777 2.828 1.426 1.569 1.398 
3.596 8.513 7.511 10.61 9.439 9.597 8.702 4.415 7.562 3.392 
1.535 1.105 0.998 1.13 1.738 0.866 1.124 1.235 1.219 1.018 
1.451 1.419 1.25 1.408 1.988 1.594 1.376 1.065 1.092 1.051 
1.719 1.17 0.889 1.032 1.026 0.789 1.24 1.106 1.142 0.933 
0.88 0.695 0.793 0.986 0.739 0.697 0.85 0.903 0.777 0.862 
1.062 1.125 1.11 1.369 1.604 1.74 1.963 2.38 2.584 2.849 
3.216 3.831 3.795 4.219 3.383 3.557 2.301 1.706 1.256 1.509 
1.563 1.292 1.255 1.546 1.505 1.333 1.738 1.848 2.59 2.824 
2.029 3.734 4.454 2.567 4.241 6.35 3.921 3.087 4.739 3.805 
2.637 2.332 2.56 2.391 1.811 1.334 1.629 1.647 1.288 1.688 
1.717 1.346 1.16 1.585 1.539 1.121 1.173 1.366 1.109 1.047 
1.34 1.47 2.583 3.383 4.678 3.796 3.965 3.625 2.911 2.819 
2.857 2.927 2.422 2.549 2.4 2.136 1.905 2.752 2.572 2.325 
1.899 2.65 2.155 1.892 1.859 2.009 1.699 1.049 1.131 1.314 
1.131 0.759 0.91 1.048 0.774 0.613 0.736 0.725 0.629 0.555 
0.64 0.641 0.555 0.574 0.548 0.569 0.519 0.578 0.512 0.499 
0.518 0.536 0.52 0.475 0.557 0.569 0.519 0.535 0.603 0.65 
0.773 0.899 1.215 1.008 1.217 1.586 1.855 1.659 1.712 1.17 
1.419 1.382 1.088 0.962 1.146 1.05 0.843 0.99 1.041 0.987 
0.767 0.867 0.902 0.706 0.728 0.836 0.848 0.784 0.808 1.069 
0.966 1.27 1.354 1.469 1.557 1.828 1.546 1.452 1.277 1.254 
1.051 0.944 0.903 0.859 0.774 0.809 0.846 0.809 0.856 0.998 
1.011 0.885 0.915 0.842 0.871 0.791 0.824 0.867 0.951 0.878 
1.044 1.086 1.245 1.392 1.562 1.811 1.979 1.805 2.194 1.866 
1.811 1.491 1.494 1.317 1.253 1.11 1.059 1.141 1.126 0.941 
1.072 1.074 1.016 0.849 0.942 0.915 0.813 0.809 0.867 0.794 
0.765 0.777 0.814 0.799 0.739 0.836 0.875 0.77 0.79 0.902 
0.885 0.755 0.804 0.785 0.725 0.731 0.659 0.653 0.727 0.811 
0.847 0.992 1.011 0.913 0.897 0.923 0.824 0.775 0.796 0.796 
0.743 0.709 0.725 0.727 0.69 0.648 0.713 0.741 0.712 0.725 
0.813 0.848 0.893 0.935 1.05 1.101 1.16 1.289 1.388 1.449 
1.449 1.506 1.554 1.565 1.455 1.233 1.275 1.782 1.358 1.037 
1.092 1.285 1.054 0.996 1.061 1.42 1.055 1.052 1.204 1.329 
1.241 1.355 1.384 1.463 1.219 1.325 1.09 1.158 1.036 1.133 
1.093 1.113 0.942 1.125 1.084 0.981 1.005 1.152 1.193 1.139 
1.39 1.494 1.586 1.759 2.178 2.275 1.812 1.979 2.484 2.222 
1.473 2.156 1.932 1.235 1.281 1.574 1.261 1.025 1.367 1.385 
1.102 1.142 1.29 1.138 0.918 1.102 1.028 0.862 0.786 0.958 
0.852 0.871 0.833 0.973 2.523 8.744 11.042 12.627 12.651 14.436 
13.285 12.078 13.385 10.199 8.236 3.555 1.479 1.433 1.244 1.311 
1.318 1.544 1.562 1.402 1.427 1.253 1.436 1.262 1.718 2.227 
3.416 2.503 2.86 2.147 1.494 1.456 1.41 1.442 1.781 1.419 
1.457 1.276 1.318 1.012 1.156 1.017 1.005 0.952 0.853 0.853 
0.825 0.73 0.894 1.353 2.26 6.728 2.329 1.569 1.384 1.015 
0.946 1.192 1.046 0.829 0.957 1.017 1.023 0.844 1.144 0.868 
1.054 1.14 1.293 1.399 1.44 1.748 1.506 1.34 1.448 1.396 
1.631 1.16 0.759 0.682 0.688 0.75 0.782 1.196 1.263 1.836 
1.263 0.926 0.845 0.819 0.905 0.874 0.901 0.897 0.914 1.014 
0.895 0.942 1.113 1.141 1.388 1.353 2.072 1.971 2.429 2.08 
1.823 1.403 1.349 1.233 1.171 1.009 1.045 1.054 1.016 0.954 
1.086 1.049 1.149 1.248 1.194 1.15 1.385 1.455 1.197 1.369 
1.035 1.202 0.944 0.975 1.0 1.001 0.953 1.063 0.992 1.0 
1.014 1.419 1.371 1.398 2.248 1.803 1.738 1.316 1.119 1.326 
1.128 0.967 0.979 0.963 0.983 1.007 0.825 0.905 0.96 0.905 
0.854 0.729 0.704 0.582 0.591 0.602 0.725 0.77 0.879 1.064 
1.088 1.394 1.539 1.38 1.457 1.349 1.367 1.209 1.173 1.217 
1.154 0.993 1.012 1.199 1.042 1.048 1.051 1.122 1.312 1.119 
0.974 1.191 1.029 0.756 0.734 0.665 0.571 0.661 0.715 0.991 
1.586 2.447 2.358 2.825 2.415 1.963 2.552 2.297 1.581 1.299 
1.131 1.077 1.012 1.074 1.21 1.507 1.667 1.423 1.587 1.599 
1.484 1.318 1.4 1.65 1.959 2.546 8.069 7.251 9.233 12.702 
12.349 14.18 15.0 15.0 15.0 15.0 15.0 15.0 14.464 14.103 
15.0 15.0 15.0 15.0 15.0 15.0 15.0 15.0 15.0 15.0 
15.0 15.0 15.0 15.0 15.0 15.0 15.0 15.0 15.0 15.0 
15.0 15.0 15.0 15.0 15.0 15.0 15.0 12.768 12.24 8.443 
13.029 13.385 15.0 15.0 15.0 15.0 15.0 15.0 15.0 15.0 
15.0 15.0 15.0 15.0 15.0 15.0 15.0 15.0 12.723 9.728 
7.026 6.102 4.533 6.898 7.639 10.943 12.034 14.811 14.847 13.849 
12.29 10.936 7.754 6.267 3.537 2.811 2.146 1.845 1.543 1.385 
1.379 1.236 0.964 1.013 1.182 0.853 0.912 1.434 2.27 2.973 
3.675 3.605 3.37 5.176 5.083 3.572 4.726 4.938 3.281 2.988 
3.01 3.393 2.416 1.808 2.904 2.925 2.258 2.601 3.62 2.966 
2.88 2.847 2.728 2.256 1.892 2.198 3.191 1.817 4.341 5.406 
6.89 8.884 10.204 11.305 11.49 12.98 14.372 15.0 15.0 15.0 
15.0 15.0 15.0 15.0 15.0 15.0 15.0 12.352 13.436 12.095 
11.417 9.788 8.067 6.289 7.605 6.449 5.157 4.976 3.671 4.208 
2.381 4.319 4.25 3.014 2.416 2.524 2.347 1.928 1.649 2.337 
2.112 1.439 1.232 1.373 1.12 0.915 0.901 0.906 0.816 0.725 
0.766 0.748 0.705 0.646 0.649 0.65 0.606 0.614 0.629 0.644 
0.623 0.676 0.764 0.651 0.624 0.756 0.799 0.838 0.808 1.049 
0.94 0.971 1.09 1.161 1.088 1.104 0.955 0.989 0.958 0.901 
0.802 0.848 0.876 0.774 0.819 0.822 0.883 0.845 0.885 0.912 
0.88 0.831 0.879 0.904 0.879 0.823 0.799 0.783 0.691 0.74 
0.662 0.651 0.647 0.776 0.639 0.652 0.801 0.813 0.719 0.855 
1.091 0.929 0.979 1.182 1.201 1.303 1.62 1.554 1.31 1.933 
2.07 5.039 4.01 6.015 7.21 6.04 5.825 6.022 4.346 2.569 
2.421 2.094 1.634 1.277 1.393 1.249 0.992 0.992 1.067 0.963 
0.824 0.916 0.975 0.891 0.751 0.823 0.793 0.633 0.744 0.822 
0.772 0.771 1.027 1.047 0.794 0.912 0.976 0.826 0.653 0.713 
0.71 0.602 0.565 0.67 0.68 0.587 0.545 0.607 0.582 0.547 
0.608 0.67 0.618 0.663 0.671 0.673 0.812 0.812 0.826 1.043 
0.997 0.867 0.802 0.868 0.778 0.571 0.637 0.617 0.593 0.577 
0.572 0.571 0.565 0.516 0.578 0.557 0.524 0.478 0.54 0.556 
0.521 0.557 0.578 0.579 0.574 0.623 0.618 0.636 0.672 0.657 
0.706 0.81 0.816 0.943 0.873 1.053 1.161 1.398 1.314 1.622 
1.969 1.665 2.006 2.535 2.741 2.314 2.631 2.835 2.592 2.161 
2.325 1.911 1.456 1.211 1.126 1.291 1.317 1.106 1.117 1.336 
1.094 1.263 1.179 1.11 1.064 1.067 1.017 0.873 0.924 0.887 
0.772 0.739 0.812 0.753 0.663 0.813 0.942 0.787 0.991 1.401 
1.357 1.105 2.221 2.572 1.6 1.98 3.072 2.033 1.422 2.368 
1.688 1.065 1.162 1.524 1.045 0.902 1.416 1.306 1.25 1.202 
1.107 1.24 1.202 1.106 1.521 2.838 5.002 3.836 2.779 1.821 
2.05 1.656 1.319 1.011 0.772 0.795 0.741 0.661 0.672 0.668 
0.705 0.764 0.814 0.992 0.904 1.216 1.139 1.689 1.727 4.047 
6.846 7.088 5.872 3.646 1.791 1.543 1.148 1.182 1.199 1.02 
0.943 0.809 0.787 0.673 0.71 0.696 0.687 0.572 0.545 0.547 
0.628 0.608 0.711 0.936 1.411 1.866 1.462 1.126 1.03 0.832 
0.914 1.056 0.847 0.801 0.777 0.813 0.733 0.674 0.773 0.776 
0.934 0.912 0.962 0.987 0.975 0.826 0.748 0.745 0.754 0.766 
0.85 0.87 0.921 0.891 1.132 1.177 1.495 1.363 0.895 0.774 
0.975 0.743 0.654 0.66 0.679 0.628 0.667 0.615 0.689 0.833 
1.022 1.55 1.276 1.4 1.442 1.298 1.382 1.823 1.914 2.104 
1.654 1.786 1.633 1.308 1.715 1.257 2.028 2.572 3.506 2.042 
2.275 1.501 1.431 1.348 1.245 1.186 1.156 1.073 1.059 1.141 
1.127 1.073 1.201 1.241 1.245 1.541 1.874 1.674 1.989 2.467 
2.756 3.17 2.572 2.291 2.261 2.6 2.404 2.463 1.819 2.04 
1.425 1.449 1.691 2.586 4.075 3.126 3.162 2.405 1.944 1.474 
1.401 1.112 1.079 1.035 0.9 0.926 0.975 0.999 0.817 1.001 
1.03 0.942 0.953 0.772 0.708 0.562 0.577 0.526 0.59 0.686 
0.85 1.043 1.296 1.391 2.09 2.3 2.788 2.94 2.434 2.114 
1.795 1.776 1.487 1.19 1.268 1.272 1.146 1.14 1.169 1.199 
1.181 0.837 1.065 0.891 0.651 0.603 0.494 0.521 0.581 0.615 
0.843 1.131 1.409 1.379 1.635 1.384 0.878 1.405 1.593 0.826 
0.722 0.668 0.712 0.707 0.798 0.83 0.951 1.048 1.028 1.038 
0.954 0.962 0.974 0.887 0.909 1.048 1.203 2.251 1.596 1.517 
2.333 2.658 3.425 4.789 5.015 3.206 3.115 2.585 4.042 5.278 
5.064 4.803 6.472 7.047 7.754 10.372 11.069 10.517 9.509 8.905 
10.077 9.718 4.685 5.684 8.035 5.062 3.64 7.186 9.056 6.46 
5.014 9.572 10.416 9.766 10.944 13.307 13.905 15.0 15.0 15.0 
15.0 15.0 15.0 15.0 15.0 15.0 15.0 15.0 15.0 15.0 
15.0 15.0 15.0 15.0 15.0 15.0 15.0 15.0 15.0 15.0 
15.0 15.0 15.0 15.0 15.0 15.0 15.0 15.0 15.0 15.0 
15.0 15.0 15.0 15.0 15.0 15.0 15.0 15.0 15.0 
END
