PFRMAT local QA
AUTHOR LAW-CASP14
af2-standard_T1129s2_5.pdb local_accuracy_only 3.501 3.823 1.076 0.937 0.996 1.002 1.293 1.399 1.727 1.672 1.559 
1.266 0.925 0.765 0.701 0.764 0.903 1.187 4.226 5.137 5.251 
4.199 3.529 2.126 1.961 2.752 1.173 1.943 3.196 2.239 3.685 
3.389 2.028 0.891 0.775 0.674 0.677 0.751 0.948 0.88 1.364 
0.948 0.849 0.865 0.951 1.136 1.156 1.282 1.277 1.418 1.077 
1.303 0.952 1.138 1.239 1.529 2.891 2.431 1.467 2.731 1.09 
0.907 0.848 0.859 0.894 0.958 0.981 1.202 1.262 1.406 1.255 
1.247 1.505 1.345 1.445 1.48 1.483 1.344 1.252 0.982 0.861 
0.726 0.747 0.672 0.639 0.588 0.58 0.621 0.743 0.919 1.015 
0.91 0.794 0.709 0.633 0.573 0.601 0.7 0.705 0.675 0.718 
0.716 0.799 0.836 1.068 1.349 1.938 2.366 2.867 3.083 4.206 
6.201 7.646 7.164 8.274 7.951 6.78 4.824 2.686 2.66 2.104 
1.806 1.33 1.049 0.862 0.77 0.708 0.673 0.609 0.598 0.603 
0.676 0.833 0.641 0.62 0.59 0.632 0.713 0.786 0.989 1.168 
2.487 1.729 2.221 1.428 1.248 1.197 1.118 0.994 0.977 0.778 
0.807 0.965 0.781 0.704 0.647 0.739 0.762 0.87 0.949 1.163 
1.514 1.773 2.183 2.448 3.369 3.781 6.395 6.092 4.115 3.309 
2.91 3.121 2.542 2.298 2.488 2.563 2.564 2.205 2.864 2.706 
2.365 3.004 3.321 3.223 3.402 3.845 4.397 4.571 4.844 4.648 
4.494 4.178 4.097 3.928 4.159 4.131 4.357 3.676 3.623 3.772 
4.342 4.06 3.79 3.919 4.569 4.296 2.795 2.978 3.049 3.035 
1.826 2.392 2.892 1.843 1.452 1.074 0.989 0.843 0.766 0.671 
0.67 0.71 1.012 0.97 0.941 0.712 1.051 0.995 1.11 1.312 
1.884 3.199 4.16 6.43 5.303 6.138 8.343 9.214 10.863 11.433 
11.188 10.36 8.878 6.791 6.717 4.416 3.867 3.379 4.699 4.607 
5.215 5.374 5.474 5.646 5.12 7.042 7.472 10.14 10.801 12.667 
10.615 10.424 7.902 6.422 3.241 3.67 2.756 2.756 2.149 2.214 
1.885 1.648 1.129 1.141 1.242 1.134 2.85 3.112 3.172 3.64 
4.565 3.611 5.297 5.428 5.895 6.681 6.82 5.813 8.528 8.657 
8.891 9.612 8.441 7.137 5.802 4.132 3.945 2.952 3.576 5.365 
8.312 8.013 8.167 6.307 3.841 1.357 0.814 0.903 0.866 0.757 
0.865 0.919 0.883 0.861 0.8 0.827 0.82 0.903 0.929 1.225 
1.345 1.274 1.191 1.143 1.165 1.127 1.334 2.92 3.605 4.152 
1.568 3.595 1.688 1.959 1.319 1.144 1.246 1.321 1.452 1.53 
1.936 1.55 1.379 1.318 1.17 1.43 1.577 1.474 1.682 1.639 
2.334 2.393 2.082 1.952 1.362 1.227 1.101 0.964 1.288 1.046 
2.08 2.47 2.609 4.211 3.895 4.079 2.402 3.404 2.542 1.705 
1.626 1.357 1.368 1.123 1.241 0.837 0.967 0.771 0.746 0.911 
0.804 1.043 1.52 1.784 1.45 1.904 1.227 1.75 1.523 1.272 
1.032 1.228 1.535 2.088 4.13 5.874 6.71 1.29 10.228 5.299 
7.77 4.6 6.138 3.578 5.732 4.676 9.345 8.647 8.939 7.477 
5.716 6.25 3.515 3.863 2.411 1.608 0.986 1.107 0.87 0.985 
0.916 1.026 1.002 1.04 1.269 1.707 2.88 3.052 3.584 2.622 
2.205 1.491 1.507 1.908 2.938 3.962 4.814 4.933 2.738 1.843 
1.19 1.377 1.602 2.568 2.199 1.923 1.314 1.115 1.065 1.447 
1.511 1.921 1.595 1.188 0.895 0.953 2.129 2.217 5.52 5.864 
5.669 2.356 1.676 1.084 1.152 1.118 1.177 2.08 2.485 5.993 
7.007 8.125 8.525 9.16 10.191 9.051 1.932 2.041 1.207 1.12 
1.039 1.08 1.315 1.101 2.8 2.29 4.244 3.635 5.375 5.06 
3.778 2.131 1.493 0.918 0.689 0.623 0.641 0.648 0.75 0.744 
0.784 0.902 0.899 0.989 1.11 1.097 1.076 1.056 0.926 0.745 
0.755 0.922 0.967 1.369 1.854 2.549 3.397 3.067 2.845 5.755 
11.305 10.974 11.571 12.288 12.989 12.195 12.899 11.681 9.27 3.78 
2.994 2.254 1.58 1.202 1.383 1.68 1.885 1.67 2.61 1.899 
1.745 1.151 1.043 0.925 0.77 0.727 0.698 0.693 0.791 0.796 
1.042 1.277 1.291 0.985 0.883 0.728 0.747 0.784 0.796 0.781 
0.791 0.909 1.003 1.168 1.661 2.95 5.86 7.236 7.972 8.019 
14.396 15.0 15.0 15.0 15.0 15.0 15.0 11.693 10.18 9.48 
5.418 7.172 6.097 12.632 14.613 15.0 15.0 15.0 15.0 13.28 
8.496 6.776 2.495 1.717 1.224 1.064 0.938 0.87 0.854 0.783 
0.783 0.737 0.854 1.016 1.397 2.746 3.857 2.215 2.044 1.03 
0.994 0.824 0.937 0.889 0.98 0.996 1.046 1.079 1.184 2.058 
1.851 3.564 5.688 3.406 3.086 1.895 1.93 1.447 1.179 1.023 
0.814 0.804 0.736 0.748 0.711 0.875 0.939 0.723 0.813 
END
