PFRMAT local QA
AUTHOR MASS-CASP14
af2-standard_T1129s2_5.pdb local_accuracy_only 3.263 1.995 1.592 1.422 1.448 1.593 2.27 2.413 2.916 3.05 2.045 
1.466 1.117 1.07 0.986 0.949 1.13 1.574 2.197 3.064 3.55 
3.998 4.384 4.635 5.342 4.327 3.723 2.994 3.669 3.52 2.67 
2.473 2.052 1.45 1.122 1.131 1.237 1.163 1.481 1.304 1.237 
1.17 1.135 1.101 1.179 1.295 1.485 1.373 1.527 1.574 1.658 
1.696 1.53 1.612 1.955 2.471 3.073 3.624 3.35 3.518 2.888 
1.833 1.424 1.201 1.394 1.735 1.826 2.577 2.66 2.333 1.787 
1.845 1.893 1.621 1.847 2.007 2.482 2.135 2.212 1.77 1.444 
1.321 1.319 1.206 1.136 1.089 1.05 1.051 1.004 1.551 1.741 
1.745 1.655 1.909 2.014 2.064 2.37 2.676 2.894 3.674 4.302 
5.589 6.5 8.272 10.192 10.857 11.68 12.295 11.281 12.2 14.033 
15.0 15.0 15.0 15.0 15.0 15.0 12.945 12.526 9.465 8.74 
8.161 6.958 5.267 4.639 3.794 3.756 3.32 2.569 2.944 2.388 
2.569 1.851 1.8 1.309 1.271 1.347 1.53 1.896 2.645 4.306 
6.42 5.839 6.094 5.969 4.637 3.066 2.556 2.142 1.726 1.627 
1.988 2.101 1.919 1.972 2.176 2.248 2.391 2.804 2.72 3.064 
3.458 3.968 4.915 5.696 5.926 5.946 6.057 6.173 4.953 4.277 
3.604 3.232 2.876 2.487 2.981 3.413 3.519 3.401 3.722 3.357 
3.077 3.78 3.587 4.146 4.242 4.928 6.705 9.079 9.673 10.484 
9.087 9.631 9.662 10.843 12.02 12.491 10.683 7.784 7.597 7.897 
7.264 8.244 8.821 9.694 8.308 7.942 8.958 10.882 10.549 11.508 
9.477 6.784 5.235 4.031 2.709 1.945 1.792 1.335 1.103 1.056 
1.049 1.193 1.381 1.378 1.399 1.361 1.48 1.328 1.35 1.429 
1.384 1.692 2.19 3.127 3.7 5.677 6.612 8.126 8.815 9.252 
9.713 8.837 7.647 7.139 7.256 7.786 6.878 7.095 6.162 6.578 
5.808 6.011 5.369 5.343 5.407 6.692 7.255 7.648 9.821 10.797 
10.235 11.043 9.594 8.163 5.711 3.945 2.942 2.047 1.915 1.721 
1.608 1.652 1.562 1.779 1.946 2.038 2.301 2.2 2.088 2.163 
2.534 2.438 2.789 3.187 2.826 3.278 3.035 3.895 3.849 4.788 
5.305 6.327 6.641 7.931 6.795 6.066 4.775 3.855 3.405 3.76 
3.688 3.634 3.344 3.113 2.29 2.272 2.285 2.049 1.662 1.363 
1.461 1.216 1.186 1.288 1.224 1.271 1.36 1.515 1.596 1.971 
2.442 1.961 1.913 1.412 1.458 1.415 1.907 2.409 2.694 2.285 
2.095 2.125 2.237 1.999 1.601 1.322 1.292 1.389 1.767 2.39 
2.511 2.343 1.791 1.624 1.476 1.701 1.947 1.93 2.264 2.206 
3.171 3.597 3.607 3.291 2.693 2.327 1.884 1.726 1.778 1.689 
1.822 2.252 2.436 2.944 2.975 2.844 2.765 2.658 2.709 2.429 
2.401 1.876 1.371 1.421 1.403 1.306 1.376 1.502 1.627 1.577 
1.767 2.207 3.184 3.269 3.96 4.34 5.299 5.64 5.94 4.829 
4.215 3.567 3.006 2.515 2.588 2.794 2.409 3.047 2.994 2.492 
2.971 2.738 2.916 2.614 2.798 2.529 1.9 1.513 1.64 1.992 
1.988 2.002 1.94 2.032 1.824 1.387 1.263 1.364 1.231 1.166 
1.266 1.246 1.34 1.593 1.776 1.796 2.26 2.83 2.736 2.521 
2.07 1.644 1.55 1.559 1.813 2.469 3.085 3.067 2.639 2.24 
1.653 2.112 2.307 2.754 2.581 2.228 1.878 1.475 1.419 1.58 
1.707 1.633 1.302 1.311 1.246 1.112 1.167 1.203 1.3 1.798 
2.4 2.446 2.05 2.082 1.917 1.725 1.763 2.253 2.63 2.551 
2.413 2.298 2.281 2.725 3.07 2.924 1.988 1.78 1.483 1.354 
1.264 1.483 1.609 1.838 1.98 2.204 2.742 2.81 3.419 3.721 
3.831 3.267 2.467 1.842 1.47 1.304 1.189 1.212 1.208 1.304 
1.376 1.529 1.852 2.01 2.319 2.157 1.982 2.03 1.94 1.765 
1.719 1.691 1.489 1.854 1.729 1.844 1.587 1.68 1.779 2.023 
2.198 2.68 3.477 4.324 5.138 5.319 5.804 5.908 5.546 4.443 
3.741 2.613 2.185 1.84 1.83 2.046 2.556 2.797 3.203 3.006 
2.435 1.812 1.512 1.382 1.228 1.132 1.028 1.086 1.166 1.26 
1.514 1.666 1.992 1.759 1.456 1.362 1.385 1.22 1.145 1.127 
1.084 1.489 1.362 1.588 1.833 2.019 2.594 3.111 3.474 4.481 
5.704 6.882 6.555 5.977 6.389 5.444 5.763 5.972 6.172 5.944 
5.1 5.729 6.142 7.095 8.583 7.996 8.824 8.166 10.848 10.839 
9.505 7.399 5.068 3.677 3.187 2.479 1.756 1.484 1.205 1.014 
0.892 0.864 0.938 1.152 1.219 1.37 1.535 1.441 1.35 1.151 
1.096 1.044 1.139 1.14 1.271 1.541 1.662 1.928 1.902 2.231 
1.798 2.322 2.404 2.234 1.968 1.394 1.374 1.296 1.468 1.304 
0.993 1.002 0.902 1.005 0.928 0.99 1.045 1.068 1.734 
END
