PFRMAT local QA
AUTHOR MASS-CASP14
af2-standard_T1158v1_4.pdb local_accuracy_only 13.385 12.571 9.839 7.503 6.364 6.006 3.779 2.746 1.911 1.93 1.64 
1.979 1.94 2.954 3.21 3.968 4.079 4.112 4.287 3.978 3.572 
3.386 3.142 2.702 2.56 2.223 2.137 2.405 2.559 2.108 1.989 
2.234 2.564 2.929 3.764 3.623 3.699 3.524 3.174 3.847 4.117 
3.912 3.147 2.871 2.732 2.969 3.021 3.279 4.958 5.175 5.635 
4.268 3.365 3.255 2.391 1.785 1.688 1.904 2.007 1.796 2.206 
2.475 2.466 2.323 2.727 3.096 3.261 3.143 3.265 3.542 3.68 
4.252 4.442 4.885 4.807 4.485 4.362 3.825 3.118 2.867 2.882 
2.637 2.891 2.522 2.882 3.36 3.437 3.845 4.911 5.558 5.558 
4.548 5.38 4.492 4.964 4.846 5.224 4.657 4.628 4.539 4.514 
4.137 3.657 2.717 2.334 2.309 2.085 1.618 1.502 1.549 1.41 
1.256 1.355 1.447 1.665 1.43 1.403 1.75 1.881 2.009 2.33 
2.778 2.847 3.502 3.54 3.872 3.513 3.37 3.159 2.85 2.684 
3.033 2.863 2.608 2.834 2.721 2.5 2.473 2.725 2.736 2.37 
2.451 2.472 2.222 2.32 2.245 2.325 2.308 2.211 2.141 2.037 
2.225 2.312 1.973 2.225 2.219 2.256 1.94 1.672 1.633 1.53 
1.554 1.336 1.426 1.383 1.317 1.306 1.258 1.286 1.117 1.123 
1.176 1.33 1.133 1.235 1.548 1.437 1.351 1.302 1.269 1.216 
1.362 1.745 1.995 2.377 2.62 4.025 4.404 4.742 4.964 5.263 
4.697 3.282 2.611 2.978 2.733 2.053 1.963 2.036 2.498 2.079 
1.823 2.222 2.327 1.966 2.759 2.724 2.766 3.169 3.199 4.02 
4.206 3.894 3.928 3.934 4.034 4.072 3.777 3.597 3.204 2.851 
2.947 3.08 2.769 3.002 2.909 3.511 3.2 2.795 2.839 3.671 
3.634 3.499 4.174 4.88 4.318 4.844 4.885 5.884 5.394 5.919 
5.522 5.435 5.527 5.964 6.018 6.665 6.509 6.882 6.306 6.344 
5.324 4.898 4.206 4.278 3.556 3.445 3.454 3.803 3.938 3.3 
3.471 5.262 4.937 4.757 4.583 4.891 3.857 4.058 3.408 2.83 
2.624 2.269 2.33 2.744 2.403 2.599 2.419 2.259 2.077 2.545 
2.676 2.059 2.364 2.186 2.215 2.42 2.576 3.081 3.461 3.313 
3.214 3.014 2.369 2.055 2.311 2.429 2.59 2.269 2.904 3.329 
2.646 2.444 2.404 2.671 2.42 1.894 1.971 2.565 2.285 1.889 
2.211 2.756 2.724 2.608 2.222 2.622 3.183 3.117 2.887 3.061 
3.259 3.199 3.695 3.737 3.364 3.641 3.829 3.768 3.633 3.564 
4.18 4.487 4.52 4.314 4.209 4.261 3.908 4.144 4.573 4.351 
3.927 3.07 3.096 2.858 2.373 2.414 2.374 2.1 2.011 1.759 
1.864 1.919 1.961 2.188 1.963 1.933 2.249 2.724 3.097 2.649 
2.532 2.572 2.789 2.733 3.242 3.434 3.228 3.269 3.735 3.278 
2.678 2.707 2.636 2.563 2.156 2.329 2.55 2.25 2.632 2.299 
2.3 2.39 2.295 2.15 1.76 1.987 1.962 1.772 1.775 1.815 
2.004 2.213 2.443 2.725 3.81 5.012 5.733 5.437 6.256 7.381 
8.306 7.022 7.104 7.408 6.164 4.418 3.295 2.344 1.738 1.344 
1.495 1.606 1.639 1.613 1.888 1.977 2.629 3.162 4.007 5.031 
5.243 4.381 4.779 3.935 3.189 2.653 2.327 2.305 2.045 2.069 
1.775 1.608 1.458 1.336 1.46 1.801 1.706 1.598 1.402 1.255 
1.24 1.178 1.109 1.299 1.747 2.152 2.442 2.253 2.123 1.855 
2.099 1.911 1.557 1.442 1.579 1.77 1.864 1.597 1.752 1.776 
1.71 1.999 2.342 2.375 2.311 1.934 1.676 1.432 1.373 1.498 
1.496 1.467 1.285 1.281 1.319 1.544 1.784 2.3 2.939 3.027 
2.55 2.286 2.017 1.847 1.653 1.349 1.205 1.08 1.247 1.404 
1.527 1.493 1.676 1.875 2.418 3.207 3.579 3.305 3.174 3.157 
3.129 2.343 2.287 2.382 2.227 2.079 1.778 1.994 2.377 2.069 
2.455 2.536 3.094 3.405 3.158 2.724 2.796 2.893 2.69 2.932 
2.516 2.146 1.901 1.694 1.624 1.535 1.551 1.768 2.242 2.47 
2.374 1.956 2.108 1.919 1.882 2.071 2.093 2.106 1.855 1.964 
2.03 1.797 1.739 1.807 1.956 1.922 1.962 1.907 1.818 2.24 
1.904 1.707 1.383 1.104 1.008 1.059 1.179 1.413 1.487 1.745 
1.767 2.127 2.541 2.27 2.165 2.4 2.239 1.856 1.921 2.24 
1.885 1.784 1.748 2.156 2.107 2.153 2.22 2.309 2.569 2.583 
2.165 2.367 2.404 1.96 1.598 1.526 1.468 1.465 1.68 2.05 
2.564 2.699 2.964 2.847 2.662 2.498 2.486 2.587 2.05 1.833 
1.48 1.382 1.293 1.285 1.413 1.837 2.021 1.915 1.948 1.704 
1.726 1.647 1.819 1.623 1.675 1.854 2.539 2.582 2.25 2.335 
2.682 2.53 2.698 2.418 1.973 1.914 1.948 1.865 2.021 2.02 
2.851 4.25 6.193 6.94 8.091 8.634 8.421 10.297 8.972 7.477 
8.781 8.571 8.582 8.754 10.446 12.344 13.674 15.0 15.0 15.0 
15.0 15.0 15.0 15.0 15.0 15.0 15.0 15.0 15.0 8.423 
9.075 8.045 9.264 8.407 8.66 6.62 6.852 7.629 7.48 8.637 
9.596 11.568 13.007 15.0 15.0 15.0 15.0 15.0 15.0 15.0 
15.0 15.0 11.733 9.505 11.542 10.34 11.676 13.141 13.267 14.525 
12.016 10.318 8.405 6.915 4.312 3.537 3.321 2.533 2.122 1.932 
2.337 2.576 2.663 3.314 3.855 4.781 6.586 7.119 7.586 8.625 
9.084 8.255 6.673 7.205 7.148 7.499 6.382 6.365 5.872 4.906 
4.47 4.126 4.068 3.353 2.649 2.257 2.405 2.13 2.133 2.307 
2.37 2.497 2.238 2.591 2.347 2.762 2.136 2.518 2.854 3.841 
4.062 4.73 5.595 5.946 7.146 9.223 12.22 13.662 15.0 15.0 
15.0 14.133 15.0 8.347 5.362 4.31 3.409 2.753 2.1 2.434 
2.067 2.09 1.665 2.126 2.251 2.303 2.343 2.552 2.914 2.617 
2.899 2.911 3.112 3.222 2.899 2.821 3.354 3.918 3.846 3.438 
3.562 3.394 3.589 3.756 3.451 3.57 3.779 3.159 2.792 3.106 
2.754 2.318 1.94 2.013 1.722 1.5 1.486 1.872 1.893 1.691 
1.642 1.932 1.91 1.808 2.077 2.485 3.048 2.949 2.567 2.782 
2.68 2.432 2.278 2.417 2.677 2.349 1.886 2.157 1.976 1.624 
1.636 1.91 1.887 1.973 1.733 1.974 1.95 1.533 1.972 1.969 
1.634 2.036 2.029 1.725 1.626 1.787 1.884 1.647 1.53 1.892 
1.878 1.702 1.866 1.788 1.776 1.754 1.924 2.067 2.153 2.001 
2.657 2.579 2.804 2.987 3.289 3.291 3.468 3.501 3.82 3.71 
4.685 4.746 4.695 5.238 5.379 5.51 5.181 5.119 4.666 3.889 
4.599 4.214 3.579 3.996 4.648 4.238 3.352 3.671 3.479 3.259 
2.832 2.749 2.847 2.309 2.126 2.242 2.152 1.755 2.004 2.414 
2.548 3.179 4.367 4.825 4.795 4.893 5.87 4.483 2.871 2.552 
2.493 2.313 2.087 2.109 2.631 2.828 2.499 2.644 3.012 2.778 
3.209 2.861 2.511 2.512 2.801 2.844 2.836 2.361 2.497 2.679 
2.357 2.023 2.229 2.428 2.289 2.134 2.731 2.463 2.597 2.54 
2.447 2.021 2.004 2.102 2.379 2.367 2.523 2.741 2.839 2.928 
2.93 2.943 2.723 2.902 2.62 2.49 2.222 2.558 2.48 2.154 
1.995 2.021 1.895 2.027 2.049 2.253 2.437 2.418 2.428 2.404 
2.579 2.59 2.322 2.296 2.363 2.414 2.381 2.703 2.972 3.25 
3.21 2.81 2.603 2.434 2.527 3.014 2.681 2.21 2.564 2.484 
2.837 2.38 2.292 2.385 2.299 2.165 2.476 2.294 2.363 2.745 
2.291 2.241 2.247 2.33 2.245 2.03 2.434 2.514 2.589 2.673 
2.584 2.102 2.515 2.855 2.719 2.823 2.919 3.438 3.227 3.551 
3.208 2.988 2.835 2.752 2.75 3.112 3.278 3.09 3.059 2.672 
2.764 2.792 2.817 2.711 2.679 3.326 3.514 3.35 3.217 2.969 
2.784 3.05 2.679 2.504 2.266 2.479 2.085 1.865 1.514 1.271 
1.201 1.186 1.462 1.593 1.784 1.691 1.91 2.312 3.15 3.356 
4.391 4.444 4.76 4.515 3.675 3.477 2.994 2.765 2.426 2.259 
2.242 2.228 2.353 2.136 2.299 3.024 2.964 2.647 2.097 2.238 
2.083 2.22 2.021 2.138 2.303 2.888 2.871 2.574 2.444 2.135 
2.058 1.831 1.63 1.416 1.6 1.934 1.826 1.688 1.574 1.676 
1.982 2.064 1.948 1.868 1.8 1.541 1.231 1.311 1.265 1.449 
1.971 1.889 1.852 2.175 2.755 3.526 2.673 2.441 1.999 2.166 
2.03 2.008 1.882 1.864 1.691 1.496 1.331 1.304 1.206 1.625 
2.255 2.871 2.784 2.475 2.231 2.36 2.332 2.173 1.912 1.592 
1.43 1.578 1.251 1.007 1.172 1.463 1.831 2.289 2.705 2.575 
2.555 2.516 2.56 2.137 1.74 1.893 1.994 2.09 1.938 2.137 
2.271 2.307 2.295 2.397 2.752 3.253 3.369 2.753 2.906 3.655 
4.239 4.696 4.344 4.482 4.15 4.412 4.627 4.837 3.571 4.266 
4.471 4.586 3.788 3.711 3.458 2.627 2.174 2.229 2.349 2.124 
1.996 2.219 2.103 1.981 2.145 2.223 2.302 2.374 2.672 2.452 
2.536 3.023 3.126 2.546 2.321 1.787 1.434 1.513 1.612 1.858 
1.986 2.16 2.425 2.563 2.84 2.405 2.341 2.887 3.108 3.049 
2.651 2.921 2.415 2.057 2.04 2.337 2.393 1.863 2.449 3.145 
3.022 2.848 3.224 3.32 2.543 2.011 1.847 1.641 1.555 1.515 
1.917 1.934 1.904 1.839 1.824 1.961 1.782 1.883 2.221 2.263 
2.084 1.496 1.26 1.28 1.298 1.409 1.865 1.96 1.638 1.576 
1.364 1.474 1.357 1.405 1.647 1.647 1.684 1.845 2.257 1.956 
2.358 3.168 3.338 4.003 3.911 3.131 3.051 2.896 2.975 3.256 
3.355 3.351 4.062 4.914 4.582 5.156 5.465 6.026 4.519 4.19 
4.682 4.348 3.497 3.779 3.957 3.949 3.562 3.658 4.076 4.234 
3.849 4.586 5.065 6.144 6.015 6.755 7.923 7.99 10.045 10.289 
12.153 14.029 15.0 15.0 15.0 15.0 15.0 15.0 15.0 15.0 
15.0 15.0 15.0 15.0 14.818 15.0 15.0 14.446 15.0 15.0 
15.0 15.0 15.0 15.0 15.0 15.0 15.0 11.112 9.741 9.005 
8.977 10.683 11.411 13.612 15.0 15.0 15.0 15.0 15.0 
END
