PFRMAT local QA
AUTHOR LAW-CASP14
af2-standard_T1158v1_4.pdb local_accuracy_only 15.0 15.0 15.0 15.0 8.566 6.024 5.709 2.563 1.407 1.72 1.438 
3.0 5.225 5.471 8.195 7.159 7.826 6.903 4.231 4.832 2.428 
1.424 1.085 0.88 1.097 1.436 0.792 0.992 1.088 1.007 0.872 
1.266 1.209 1.08 1.199 1.708 1.37 1.226 0.921 1.036 0.97 
1.436 1.051 0.821 1.115 1.12 0.815 1.308 1.218 1.232 0.971 
0.891 0.688 0.784 1.038 0.752 0.685 0.862 0.988 0.907 0.909 
1.195 1.242 1.297 1.582 1.926 1.984 2.468 3.049 3.245 3.685 
4.355 5.908 5.974 6.765 5.184 4.472 2.765 1.776 1.28 1.445 
1.535 1.333 1.154 1.633 1.663 1.48 1.982 2.429 3.244 3.481 
2.499 4.748 5.124 2.827 5.061 6.537 3.598 3.289 5.096 3.931 
2.783 2.712 2.563 2.253 1.703 1.281 1.488 1.519 1.213 1.484 
1.518 1.23 1.071 1.418 1.41 0.993 1.075 1.226 0.994 0.975 
1.294 1.49 3.313 4.644 6.976 5.023 4.827 4.082 2.994 2.833 
2.878 2.895 2.267 2.512 2.396 2.024 1.787 2.619 2.432 2.179 
1.79 2.46 2.03 1.768 1.693 1.936 1.667 1.011 1.116 1.307 
1.179 0.731 0.907 1.051 0.773 0.615 0.739 0.731 0.652 0.565 
0.651 0.633 0.554 0.58 0.555 0.549 0.526 0.556 0.479 0.47 
0.511 0.515 0.507 0.475 0.559 0.573 0.542 0.559 0.62 0.66 
0.765 0.888 1.245 1.004 1.17 1.524 1.738 1.56 1.645 1.15 
1.386 1.31 1.039 0.911 1.036 0.922 0.744 0.868 0.894 0.894 
0.662 0.778 0.801 0.642 0.7 0.777 0.784 0.742 0.793 1.021 
0.912 1.338 1.264 1.387 1.412 1.815 1.462 1.42 1.274 1.276 
1.069 0.987 0.967 0.924 0.805 0.827 0.87 0.839 0.932 1.04 
1.036 0.96 1.006 1.067 1.022 0.917 1.064 1.023 1.104 1.132 
1.425 1.158 1.384 1.479 1.696 1.816 1.884 1.681 1.848 1.584 
1.542 1.275 1.281 1.128 1.082 0.965 0.93 0.966 0.945 0.81 
0.864 0.91 0.885 0.762 0.84 0.853 0.766 0.784 0.864 0.796 
0.769 0.768 0.828 0.803 0.743 0.828 0.857 0.78 0.781 0.938 
0.891 0.814 0.888 0.806 0.753 0.762 0.69 0.672 0.785 0.823 
0.914 1.094 1.027 0.955 0.989 0.961 0.834 0.784 0.813 0.797 
0.743 0.746 0.735 0.709 0.666 0.648 0.701 0.723 0.712 0.725 
0.792 0.814 0.9 0.924 1.007 1.034 1.163 1.214 1.274 1.349 
1.396 1.449 1.498 1.51 1.426 1.248 1.256 1.706 1.389 1.134 
1.123 1.339 1.131 1.125 1.127 1.548 1.151 1.127 1.284 1.422 
1.332 1.481 1.509 1.466 1.243 1.349 1.009 1.056 1.003 1.032 
1.033 1.049 0.937 1.09 1.032 0.977 1.011 1.113 1.17 1.159 
1.38 1.413 1.507 1.655 2.02 2.129 1.7 1.858 2.356 2.08 
1.37 1.991 1.771 1.141 1.167 1.43 1.146 0.936 1.269 1.287 
1.002 1.086 1.258 1.08 0.871 1.073 1.012 0.849 0.782 0.946 
0.867 0.875 0.848 1.007 2.805 9.169 11.374 12.954 15.0 14.03 
12.809 10.202 11.523 8.234 5.766 2.594 1.205 1.123 1.116 1.227 
1.39 1.705 1.847 1.573 1.652 1.4 1.548 1.384 1.923 2.419 
4.452 3.498 4.415 3.748 1.733 1.618 1.519 1.637 2.089 1.585 
1.61 1.266 1.182 0.879 0.956 0.882 0.883 0.845 0.78 0.776 
0.773 0.679 0.803 1.179 1.532 4.197 1.699 1.347 1.256 0.939 
0.927 1.132 1.015 0.813 0.937 1.002 0.995 0.797 1.111 0.85 
1.041 1.187 1.332 1.501 1.596 1.95 1.627 1.311 1.336 1.247 
1.391 0.866 0.688 0.636 0.646 0.713 0.753 1.13 1.271 1.589 
1.163 0.822 0.754 0.686 0.795 0.765 0.761 0.78 0.81 0.915 
0.848 0.878 1.054 1.079 1.286 1.315 1.938 1.811 2.166 1.862 
1.662 1.31 1.274 1.186 1.127 0.966 1.008 1.006 0.995 0.926 
1.021 0.986 1.093 1.177 1.14 1.107 1.293 1.645 1.115 1.255 
0.961 1.128 0.836 0.827 0.872 0.809 0.814 0.919 0.922 1.018 
0.961 0.987 1.665 1.207 1.528 1.529 1.515 1.173 1.023 1.245 
1.028 0.899 0.905 0.921 0.93 0.966 0.778 0.848 0.908 0.872 
0.754 0.661 0.632 0.55 0.559 0.589 0.725 0.791 0.938 1.114 
1.115 1.639 1.567 1.387 1.395 1.297 1.277 1.134 1.134 1.138 
1.064 0.935 0.963 1.118 1.007 1.011 0.999 1.075 1.26 1.088 
0.922 1.086 0.916 0.692 0.672 0.628 0.564 0.648 0.718 0.978 
1.5 2.346 2.318 2.745 2.158 1.972 2.262 2.002 1.381 1.106 
0.988 0.947 0.891 0.933 1.056 1.252 1.491 1.461 1.5 1.478 
1.291 1.135 1.168 1.358 1.578 2.001 5.978 5.009 6.882 9.878 
10.32 11.171 13.122 13.523 13.736 14.553 14.566 14.967 13.311 13.447 
15.0 15.0 15.0 15.0 15.0 15.0 15.0 15.0 15.0 15.0 
15.0 15.0 15.0 15.0 15.0 15.0 15.0 15.0 15.0 15.0 
15.0 15.0 14.499 10.528 10.71 5.635 10.406 10.427 9.823 8.47 
5.103 5.773 3.814 7.653 10.122 13.3 13.627 15.0 15.0 15.0 
15.0 15.0 15.0 15.0 15.0 15.0 15.0 15.0 15.0 15.0 
15.0 14.752 11.892 10.372 7.604 10.893 11.267 13.276 12.591 11.543 
8.068 8.274 6.249 5.383 2.83 2.334 1.994 1.632 1.307 1.309 
1.305 1.163 0.957 0.993 1.157 0.833 0.895 1.278 2.214 2.825 
4.136 3.459 3.206 4.758 4.671 3.392 4.626 4.917 3.16 3.786 
2.937 3.421 2.277 1.652 2.815 3.154 2.651 2.493 3.565 2.733 
2.631 2.737 2.432 1.76 1.755 1.858 2.526 1.617 6.009 4.771 
5.5 9.568 10.697 10.993 11.564 13.092 14.052 15.0 15.0 15.0 
15.0 15.0 15.0 15.0 15.0 15.0 15.0 11.393 12.694 11.638 
11.11 9.617 8.028 6.814 7.764 6.651 5.966 5.588 3.983 4.186 
2.534 4.597 4.387 2.781 2.501 2.545 2.319 1.879 1.585 2.21 
1.96 1.398 1.199 1.291 1.072 0.918 0.869 0.861 0.768 0.714 
0.725 0.712 0.659 0.637 0.645 0.623 0.59 0.644 0.644 0.632 
0.644 0.695 0.723 0.663 0.673 0.73 0.763 0.79 0.833 1.031 
0.912 0.91 1.238 1.182 1.029 1.207 0.914 0.922 0.908 0.84 
0.749 0.769 0.791 0.723 0.738 0.742 0.757 0.736 0.786 0.807 
0.776 0.768 0.836 0.8 0.799 0.791 0.734 0.74 0.67 0.724 
0.659 0.638 0.635 0.714 0.628 0.652 0.781 0.794 0.695 0.835 
1.057 0.896 0.95 1.146 1.155 1.216 1.561 1.458 1.219 1.763 
1.948 3.769 3.968 5.826 7.038 6.226 5.866 5.961 4.318 2.459 
2.241 1.883 1.427 1.105 1.193 1.066 0.84 0.893 0.883 0.811 
0.687 0.779 0.833 0.785 0.709 0.792 0.776 0.633 0.77 0.846 
0.77 0.75 0.999 0.956 0.749 0.795 0.899 0.762 0.624 0.671 
0.69 0.585 0.57 0.662 0.62 0.594 0.556 0.605 0.567 0.545 
0.584 0.634 0.606 0.64 0.64 0.641 0.794 0.8 0.811 1.031 
0.982 0.861 0.753 0.847 0.765 0.559 0.617 0.618 0.603 0.547 
0.576 0.558 0.561 0.523 0.572 0.563 0.537 0.489 0.517 0.572 
0.538 0.563 0.577 0.584 0.561 0.604 0.564 0.604 0.63 0.6 
0.63 0.713 0.725 0.829 0.765 0.934 1.004 1.253 1.162 1.441 
1.795 1.52 1.757 2.061 2.125 1.706 1.899 1.879 1.648 1.421 
1.58 1.41 1.22 0.991 0.961 1.114 1.192 0.99 1.008 1.237 
1.005 1.109 1.077 1.024 0.948 0.93 0.911 0.794 0.805 0.807 
0.731 0.697 0.747 0.733 0.643 0.768 0.885 0.754 0.894 1.153 
1.122 0.957 1.629 1.686 1.211 1.394 1.902 1.234 0.992 1.325 
1.034 0.796 0.859 1.024 0.838 0.795 1.07 0.978 0.968 0.869 
0.829 0.829 0.945 0.91 1.268 1.588 2.728 1.853 1.708 1.422 
1.614 1.501 1.206 0.95 0.736 0.748 0.711 0.637 0.645 0.632 
0.675 0.743 0.781 0.962 0.871 1.116 1.098 1.547 1.681 2.901 
6.226 6.08 4.162 2.538 1.613 1.356 1.122 1.137 1.13 0.969 
0.889 0.757 0.727 0.64 0.67 0.669 0.676 0.568 0.543 0.544 
0.622 0.61 0.723 0.987 1.662 2.452 1.652 1.27 0.995 0.838 
0.936 1.048 0.883 0.839 0.828 0.859 0.788 0.709 0.817 0.812 
0.981 0.951 0.972 0.976 0.904 0.816 0.72 0.726 0.723 0.735 
0.824 0.85 0.88 0.856 1.0 1.154 1.156 1.084 0.827 0.786 
0.889 0.72 0.669 0.687 0.67 0.623 0.663 0.618 0.699 0.854 
1.047 1.406 1.27 1.31 1.341 1.198 1.226 1.651 1.714 2.061 
1.518 1.569 1.487 1.243 1.511 1.169 1.706 2.107 2.697 1.77 
1.979 1.372 1.34 1.247 1.17 1.156 1.133 1.051 1.054 1.124 
1.114 1.082 1.219 1.278 1.278 1.763 2.144 1.756 2.037 2.563 
2.807 2.879 2.452 2.372 2.222 2.396 2.218 2.276 1.657 1.845 
1.425 1.426 1.567 2.491 3.097 2.463 2.731 2.289 2.053 1.5 
1.422 1.199 1.104 1.046 0.921 0.934 0.971 0.987 0.807 0.975 
0.987 0.92 0.909 0.753 0.686 0.559 0.577 0.534 0.609 0.704 
0.881 1.095 1.574 1.529 2.205 2.341 2.683 2.927 2.484 2.245 
1.964 1.855 1.555 1.219 1.272 1.273 1.177 1.126 1.15 1.174 
1.157 0.816 1.041 0.872 0.644 0.593 0.496 0.521 0.584 0.617 
0.782 1.1 1.267 1.277 1.391 1.204 0.836 1.254 1.351 0.795 
0.719 0.685 0.725 0.733 0.823 0.869 0.998 1.138 1.086 1.087 
0.977 1.029 1.025 0.909 0.931 1.041 1.162 2.061 1.593 1.544 
2.256 2.609 3.275 4.706 4.934 3.139 2.489 2.038 3.604 4.596 
3.865 3.49 4.627 5.11 5.493 6.633 7.121 6.11 5.277 4.81 
6.14 6.159 3.146 3.939 5.134 3.223 2.739 4.751 6.308 4.338 
3.678 7.337 8.07 7.492 8.877 10.161 11.595 13.738 12.825 13.144 
15.0 15.0 15.0 15.0 15.0 15.0 15.0 15.0 15.0 15.0 
15.0 15.0 15.0 15.0 15.0 15.0 15.0 15.0 15.0 15.0 
15.0 15.0 15.0 15.0 15.0 15.0 15.0 15.0 15.0 15.0 
15.0 15.0 15.0 15.0 15.0 15.0 15.0 15.0 15.0 
END
