PFRMAT local QA
AUTHOR MASS-CASP14
af2-standard_T1112_2.pdb local_accuracy_only 7.822 6.258 4.212 2.694 1.763 1.186 1.008 0.835 0.865 0.842 0.919 
0.929 1.007 1.169 1.459 1.502 1.754 1.823 1.718 1.291 1.403 
1.503 1.462 1.252 1.56 1.794 1.618 1.988 2.472 2.708 2.585 
1.87 1.625 1.427 1.212 1.168 1.159 0.94 0.909 0.968 1.111 
1.612 1.746 1.715 2.038 1.782 1.942 2.253 2.422 3.3 2.618 
2.397 2.331 2.179 1.843 2.135 2.368 2.209 1.825 2.057 1.693 
1.733 1.432 1.479 1.788 1.862 2.345 1.87 2.284 2.063 1.947 
1.742 1.859 1.543 1.743 1.63 1.294 1.475 1.506 1.363 1.306 
1.52 1.966 1.8 1.764 1.372 1.209 0.91 0.741 0.729 0.794 
0.835 1.044 1.183 1.514 1.592 1.353 1.165 1.404 1.544 1.411 
1.306 1.248 1.19 1.313 1.227 1.17 1.242 1.205 1.136 1.228 
1.783 1.967 2.125 1.766 1.431 1.655 1.761 2.23 2.677 2.616 
1.995 1.934 1.938 2.164 2.412 2.282 2.658 2.486 2.061 2.099 
1.915 1.548 1.516 1.063 1.026 0.675 0.289 0.128 0.328 0.715 
1.021 1.229 1.505 1.699 1.955 1.423 1.483 1.37 1.434 1.277 
1.074 1.111 1.175 1.181 1.234 1.107 1.283 1.213 1.18 1.306 
1.68 1.647 1.415 1.153 1.204 1.011 0.968 0.86 0.922 1.011 
1.227 1.427 2.042 2.667 2.838 3.143 3.202 2.939 2.684 2.378 
2.351 2.598 2.906 3.536 3.796 3.286 3.236 2.855 2.2 2.041 
2.104 2.064 1.895 1.59 1.779 1.924 1.879 2.008 2.201 2.19 
2.168 1.956 1.935 1.898 1.744 1.711 1.82 1.587 1.533 1.817 
1.821 1.839 1.635 1.799 1.953 1.868 1.571 1.415 1.156 1.12 
1.139 0.968 0.979 1.114 1.273 1.55 1.896 2.087 2.353 1.947 
2.44 2.877 2.201 2.349 1.931 1.964 1.623 1.648 1.92 1.879 
1.782 1.724 1.613 1.605 1.565 1.763 1.874 2.011 2.281 2.012 
1.656 1.253 1.089 0.892 0.986 1.023 1.059 1.078 1.269 1.369 
1.275 1.395 1.542 1.591 1.301 1.313 1.438 1.365 1.195 0.936 
1.019 1.064 1.1 1.097 1.296 1.32 1.674 1.653 1.864 1.956 
2.351 2.252 1.985 2.221 2.66 2.636 2.454 2.608 2.819 2.465 
2.342 1.924 2.062 2.097 2.16 1.608 1.229 1.336 1.23 1.305 
1.754 1.872 1.81 1.954 2.015 2.023 2.078 1.774 1.917 1.967 
1.827 1.611 1.498 1.747 1.689 1.51 1.886 1.797 1.62 1.468 
1.821 1.919 1.908 2.064 2.367 2.603 2.208 2.185 1.836 1.887 
2.06 2.106 2.112 2.068 2.383 2.576 2.934 3.352 3.627 3.436 
2.962 2.41 2.112 1.868 1.49 1.1 0.906 0.89 0.848 0.789 
0.872 1.044 1.329 1.745 2.345 2.86 2.455 2.387 2.621 2.348 
1.903 1.685 1.869 1.885 1.813 2.072 2.395 2.282 1.981 1.934 
1.804 1.942 1.716 1.744 1.534 1.342 1.319 1.394 1.318 1.499 
1.912 1.788 1.724 2.079 1.967 1.772 1.948 1.966 1.837 1.652 
1.972 2.274 2.45 2.743 3.007 3.809 3.616 3.609 2.785 2.499 
2.247 2.748 3.302 3.906 4.432 4.634 4.485 4.191 4.447 3.089 
2.378 2.027 1.826 1.781 1.753 1.612 1.829 2.096 1.973 1.886 
1.592 1.532 1.472 1.346 1.322 1.39 1.694 2.023 2.19 2.259 
2.666 3.253 4.474 4.994 5.471 5.623 4.789 4.606 3.537 2.584 
2.298 2.186 1.906 1.521 1.577 1.689 1.599 1.504 1.737 1.754 
1.688 1.647 1.803 1.833 1.749 2.218 2.908 3.774 4.691 
END
