PFRMAT local QA
AUTHOR LAW-CASP14
af2-standard_T1112_2.pdb local_accuracy_only 8.757 6.181 5.711 2.753 1.106 0.993 0.837 0.819 0.809 0.812 0.865 
1.045 1.234 1.518 1.609 2.127 2.375 2.424 2.238 1.782 2.048 
2.002 1.891 1.483 1.857 2.107 1.6 1.545 2.333 2.97 3.555 
3.403 1.397 1.098 0.937 0.954 0.987 0.902 0.899 1.002 1.121 
1.319 2.027 2.612 2.718 2.808 3.469 4.818 4.033 4.333 3.872 
2.84 3.105 3.232 2.691 2.331 2.673 2.953 2.22 2.393 1.465 
1.352 1.517 1.364 2.491 3.366 4.757 4.417 3.341 3.068 2.581 
1.946 1.768 1.404 1.501 1.413 1.208 1.357 1.353 1.139 1.103 
1.314 1.296 1.161 1.255 0.976 0.995 0.88 0.786 0.817 0.939 
0.998 0.97 1.253 1.469 1.677 1.343 1.376 1.554 1.582 1.759 
1.541 1.422 1.569 1.658 1.27 1.092 1.379 1.323 1.069 1.162 
1.534 1.396 1.445 1.131 1.052 0.97 1.059 1.709 2.298 3.747 
2.277 1.688 1.153 1.322 1.654 2.166 2.128 1.887 1.708 1.49 
1.478 1.167 1.194 1.005 0.942 0.881 0.799 0.822 0.747 0.903 
1.041 1.373 1.451 1.508 1.276 1.154 0.956 0.865 0.867 0.897 
0.805 0.769 0.904 0.902 0.889 0.872 1.033 1.083 1.064 1.209 
1.338 1.411 1.484 1.321 1.166 0.966 0.883 0.826 0.878 0.966 
1.198 1.57 2.078 2.419 2.431 3.071 4.019 4.208 2.528 1.919 
1.575 1.402 1.914 2.28 2.764 3.803 3.702 3.693 2.659 2.766 
2.338 2.785 2.613 2.217 2.326 2.482 2.362 2.304 2.439 2.508 
2.449 2.388 2.313 1.886 1.702 1.725 1.336 1.08 1.26 1.177 
1.07 1.237 1.264 1.183 1.155 1.362 1.142 1.198 1.022 1.034 
1.342 1.651 2.491 2.146 2.622 2.972 2.895 3.084 3.845 3.143 
2.316 2.673 2.477 3.048 2.495 2.219 1.893 1.652 1.605 1.671 
1.325 1.224 1.373 1.355 1.047 1.228 1.608 1.552 1.891 1.138 
1.147 0.964 0.839 0.772 0.838 0.866 1.057 1.459 1.378 1.58 
1.886 1.416 1.554 1.733 1.464 1.391 0.991 1.055 0.945 0.887 
0.818 0.942 0.889 1.118 1.468 1.86 2.118 2.375 2.8 2.804 
3.374 2.824 2.616 3.31 3.016 3.64 3.859 3.44 3.282 2.686 
1.971 2.256 2.544 1.85 1.373 1.111 1.036 1.019 1.024 1.33 
1.401 1.872 2.098 2.842 3.193 3.542 2.846 2.674 2.97 3.19 
3.367 2.843 2.517 3.119 3.123 2.832 2.717 3.159 3.001 2.678 
2.58 2.911 2.822 2.281 2.521 1.884 1.391 1.212 1.267 1.317 
1.594 1.66 1.752 1.598 1.604 1.598 1.541 1.689 1.702 2.129 
2.536 2.254 2.926 2.397 2.01 1.915 1.74 1.748 1.564 1.568 
1.642 1.768 2.206 2.549 3.104 3.702 3.099 3.069 3.669 3.239 
2.586 2.979 3.358 2.698 2.483 2.9 3.162 3.16 3.056 2.907 
2.439 2.091 2.048 2.029 1.889 1.893 1.798 2.034 1.803 1.854 
2.184 1.997 2.198 2.411 2.149 2.108 2.543 2.694 2.424 2.471 
2.973 2.954 2.531 2.911 3.286 2.322 2.095 1.966 1.94 1.92 
1.64 1.764 1.686 2.122 2.249 2.971 2.137 2.011 2.225 2.352 
2.275 2.117 2.431 2.568 2.881 2.543 2.822 3.253 3.248 3.055 
2.399 2.13 2.082 1.884 1.694 1.632 1.371 1.4 1.266 1.42 
1.758 2.404 2.773 4.112 3.942 4.598 3.151 2.818 2.259 1.732 
1.383 1.632 1.407 1.128 1.252 1.36 1.064 1.021 1.289 1.228 
1.045 1.201 1.46 1.517 1.337 2.461 3.302 3.738 4.149 
END
