PFRMAT local QA
AUTHOR LAW-CASP14
af2-standard_T1178_5.pdb local_accuracy_only 15.0 15.0 15.0 15.0 15.0 15.0 15.0 15.0 15.0 15.0 15.0 
15.0 15.0 15.0 13.384 12.688 8.884 1.724 1.555 1.552 1.238 
1.657 1.471 1.073 1.625 1.636 1.319 1.025 0.895 0.874 1.04 
1.086 1.525 1.149 1.385 1.669 1.386 1.702 1.619 1.62 1.717 
2.013 2.429 2.675 2.687 2.57 2.003 2.104 1.736 1.619 1.499 
1.186 1.253 1.281 1.317 1.45 1.575 2.102 2.643 3.625 4.449 
5.059 6.386 7.052 7.279 6.029 1.379 1.201 1.053 1.394 1.076 
1.091 0.923 0.93 0.921 1.046 1.112 1.192 1.197 1.111 1.035 
1.005 0.969 0.926 0.819 0.878 0.936 0.867 0.874 0.904 0.948 
1.119 1.195 1.567 1.272 1.113 0.963 0.848 0.86 1.001 1.234 
1.446 2.115 1.814 1.544 1.128 1.068 1.014 1.046 0.93 1.2 
1.098 1.481 1.959 1.39 1.994 1.675 1.681 1.689 1.292 1.555 
1.339 1.499 1.753 1.657 2.305 2.457 3.587 2.985 3.113 2.795 
2.814 2.998 2.536 1.999 2.082 1.495 1.284 1.158 1.062 1.017 
1.052 1.17 1.15 1.579 2.423 4.555 4.633 6.321 3.677 4.218 
3.887 3.209 2.121 1.335 1.36 1.123 1.035 0.956 0.924 0.823 
0.918 0.878 0.973 1.108 1.185 1.793 2.137 1.987 2.532 2.795 
2.252 1.763 1.397 1.302 1.368 1.323 1.605 1.501 1.47 1.477 
1.377 1.655 2.895 3.135 4.725 5.172 7.721 8.815 8.192 10.407 
12.074 11.915 12.126 10.916 8.149 7.248 5.361 4.804 4.868 2.787 
2.475 1.767 1.57 1.811 1.737 2.891 3.371 5.957 6.793 4.824 
3.921 2.196 1.807 1.453 1.35 1.415 1.475 1.773 2.034 1.92 
2.249 1.2 1.469 1.392 1.181 0.97 0.873 0.794 0.78 0.79 
0.842 0.873 0.994 1.093 1.284 1.287 1.544 1.498 1.927 1.57 
2.013 1.911 1.567 1.595 1.56 1.356 1.3 1.51 2.792 2.522 
2.316 2.276 2.439 1.888 3.403 4.195 3.906 5.857 6.657 5.162 
5.019 3.169 2.576 1.976 1.766 1.287 1.594 1.47 1.406 1.156 
1.45 1.438 1.525 1.9 1.847 2.955 2.876 3.207 2.345 1.691 
1.29 1.21 1.152 1.258 0.941 1.253 1.253 1.757 2.53 3.689 
4.153 4.493 4.143 4.246 4.007 4.067 4.162 4.326 4.26 4.288 
4.378 4.229 4.393 5.236 4.891 
END
