PFRMAT local QA
AUTHOR MASS-CASP14
af2-standard_T1178_5.pdb local_accuracy_only 14.775 13.652 12.603 12.821 12.858 12.541 13.199 11.996 12.533 10.44 10.935 
10.092 9.301 6.647 5.127 3.792 3.012 2.532 2.388 2.647 2.525 
2.706 2.627 3.42 2.859 2.707 2.157 1.63 1.264 1.327 1.489 
1.871 2.652 2.731 2.704 3.583 4.129 5.534 6.445 6.859 7.632 
8.42 9.492 10.968 12.428 12.103 9.956 8.216 6.413 5.932 4.983 
5.273 4.528 4.713 4.487 5.96 6.74 8.088 9.443 9.674 11.513 
11.207 11.051 10.496 9.368 7.977 6.389 4.281 3.73 3.109 2.193 
1.473 1.096 1.061 1.076 1.374 1.679 1.93 1.952 1.531 1.262 
1.229 1.194 1.271 1.21 1.104 1.093 0.97 1.074 1.053 1.123 
1.379 1.778 1.995 1.637 1.334 1.217 1.064 1.066 1.116 1.298 
1.647 1.946 1.884 1.452 1.377 1.331 1.249 1.08 1.173 1.2 
1.332 1.816 2.274 2.05 2.735 3.206 3.269 3.055 2.262 1.674 
1.742 1.457 1.232 1.339 1.645 2.18 2.467 2.306 2.231 2.083 
2.812 2.653 2.074 2.707 2.357 2.188 2.114 1.89 1.748 2.007 
2.226 2.761 3.036 3.636 4.619 7.423 9.068 10.826 8.831 9.725 
9.123 7.002 4.396 2.731 1.796 1.477 1.233 1.225 1.174 1.068 
1.11 1.061 1.115 1.242 1.178 1.351 1.658 2.182 3.195 3.987 
4.431 4.494 3.737 3.403 2.996 2.369 2.441 2.237 2.165 2.299 
2.619 3.035 4.383 5.051 6.328 7.594 10.811 14.008 13.428 12.92 
14.573 15.0 15.0 13.957 12.426 10.613 10.19 9.009 7.723 7.942 
8.365 7.705 8.171 7.354 8.627 8.927 8.543 10.179 10.637 9.371 
8.512 6.875 6.175 5.204 5.106 4.713 4.732 5.019 4.636 3.991 
3.151 2.473 2.252 2.084 1.719 1.347 1.174 1.249 1.21 1.116 
1.058 1.006 1.172 1.36 1.507 1.86 1.859 1.841 2.22 2.762 
3.242 3.556 2.687 2.678 2.616 2.647 2.602 2.408 2.672 2.68 
2.305 2.354 1.945 1.76 1.697 1.54 2.113 2.297 2.38 2.323 
2.51 2.146 2.277 2.051 1.775 1.528 1.641 1.843 1.718 2.056 
1.83 2.179 2.474 2.692 2.82 3.235 3.123 3.272 2.782 2.245 
1.925 1.75 1.698 1.562 1.449 1.387 1.672 2.101 3.516 4.752 
7.668 7.363 8.375 9.132 9.202 9.396 11.236 10.972 11.337 12.582 
14.362 15.0 15.0 15.0 15.0 
END
