PFRMAT local QA
AUTHOR LAW-CASP14
af2-standard_T1194_2.pdb local_accuracy_only 15.0 15.0 13.277 13.195 12.016 10.69 11.637 9.986 8.48 7.809 5.548 
5.371 4.242 4.093 2.283 2.199 2.236 2.558 3.237 4.389 5.73 
6.774 7.821 8.807 7.623 9.247 5.917 7.031 5.827 3.255 3.231 
3.434 3.265 2.172 2.292 1.806 1.716 1.364 1.356 1.171 1.271 
1.315 1.551 1.839 1.977 1.82 1.628 1.402 1.283 1.33 1.296 
1.525 1.499 1.891 1.693 1.788 1.667 1.831 1.464 1.494 1.213 
1.19 1.287 1.123 1.045 1.071 1.033 1.075 1.171 1.559 1.988 
2.404 2.147 2.434 3.209 2.043 4.074 1.711 2.46 1.991 1.956 
1.987 2.515 2.468 1.587 1.48 1.161 1.131 1.095 1.122 1.221 
1.283 1.492 1.449 1.745 1.92 2.291 1.964 2.031 1.713 1.671 
1.501 1.37 1.304 1.277 1.377 1.701 2.944 3.777 4.66 4.848 
5.014 4.762 5.194 5.3 4.859 4.761 3.763 3.202 1.85 2.454 
1.821 2.559 2.191 1.525 1.373 1.235 1.175 1.27 1.407 1.32 
1.436 1.695 2.665 2.724 2.354 1.8 2.053 1.754 1.848 1.382 
1.248 1.195 1.149 1.212 1.329 1.645 1.875 1.752 1.779 1.506 
1.496 1.362 1.527 2.027 2.377 3.048 2.425 2.726 1.966 2.491 
1.534 1.246 1.132 0.981 1.157 1.135 1.383 
END
