PFRMAT local QA
AUTHOR MASS-CASP14
af2-standard_T1194_2.pdb local_accuracy_only 15.0 15.0 15.0 15.0 15.0 12.221 7.157 4.075 3.044 2.694 2.185 
2.088 2.239 2.238 1.93 1.707 2.072 1.873 2.446 2.624 2.45 
2.542 2.365 2.906 3.014 4.344 4.811 4.528 4.786 3.189 2.462 
1.92 1.799 1.581 2.088 2.016 1.671 1.487 1.503 1.641 1.976 
2.674 3.599 4.454 3.58 2.664 2.118 1.729 1.391 1.461 1.254 
1.207 1.119 1.136 1.143 1.316 1.243 1.535 1.923 2.277 2.155 
2.455 2.45 1.822 1.548 1.234 1.129 1.133 1.141 1.564 1.877 
1.52 1.478 1.61 1.682 1.608 1.508 1.359 1.599 1.687 2.24 
3.07 3.22 2.581 1.569 1.168 1.047 1.048 1.078 1.044 1.119 
1.06 1.008 1.128 1.334 1.434 2.206 2.893 4.212 4.852 5.348 
5.219 4.163 2.849 2.854 2.922 2.792 3.241 4.012 5.42 7.449 
8.375 9.265 9.395 7.639 6.238 4.572 3.87 3.175 2.957 3.161 
3.523 3.202 2.96 2.718 2.465 2.749 2.693 2.829 2.852 2.502 
2.716 2.961 2.779 3.009 2.622 2.771 3.404 3.818 3.464 3.008 
2.793 2.975 2.244 2.323 2.089 2.809 3.26 3.56 2.807 2.24 
2.298 2.377 2.418 2.976 3.219 2.929 2.269 2.404 1.935 2.234 
2.232 2.564 2.68 2.894 3.213 3.894 5.072 
END
