PFRMAT local QA
AUTHOR LAW-CASP14
af2-standard_T1131_3.pdb local_accuracy_only 15.0 15.0 15.0 14.268 12.902 12.163 10.682 8.892 6.887 4.839 4.081 
3.427 2.866 2.507 2.148 2.018 1.907 1.896 1.698 1.671 1.84 
1.868 1.796 1.86 1.914 2.29 2.052 2.581 3.624 5.174 6.082 
5.677 4.646 3.386 2.477 2.376 1.992 2.498 2.485 2.717 2.589 
2.903 3.016 4.336 3.777 3.919 2.817 2.716 2.325 2.155 2.1 
2.025 2.113 1.864 1.804 2.017 2.062 2.028 2.31 2.414 2.622 
3.051 4.161 4.553 5.187 4.482 7.771 8.459 9.702 10.144 11.555 
11.532 12.255 10.06 11.506 11.516 10.21 11.983 13.514 12.895 14.967 
15.0 15.0 15.0 15.0 15.0 15.0 15.0 15.0 14.548 12.923 
11.564 11.964 10.96 11.595 11.772 12.21 13.095 13.196 13.822 12.227 
11.816 11.275 10.974 11.105 12.459 10.657 12.41 13.519 11.06 13.256 
15.0 14.531 14.266 11.887 12.793 14.059 11.846 10.638 13.993 13.727 
11.824 12.292 12.4 11.36 13.583 15.0 15.0 15.0 15.0 15.0 
15.0 15.0 15.0 15.0 14.277 14.259 13.086 12.658 10.186 10.747 
8.683 9.571 8.981 8.826 5.609 6.127 4.422 3.086 2.712 3.098 
2.763 2.748 3.15 3.049 2.819 2.953 3.396 4.123 4.887 5.417 
5.701 6.856 8.166 9.012 10.185 11.215 12.102 11.917 12.037 11.583 
12.723 12.745 
END
