PFRMAT local QA
AUTHOR MASS-CASP14
af2-standard_T1131_3.pdb local_accuracy_only 15.0 12.654 8.752 8.4 8.738 6.783 5.98 5.112 5.045 4.096 3.717 
3.69 3.186 2.692 2.635 2.565 2.36 2.587 2.297 2.066 2.062 
1.974 1.735 1.816 1.964 2.34 2.572 2.954 3.47 5.767 7.71 
7.282 6.771 5.42 3.854 3.473 3.049 3.444 3.364 4.035 4.595 
5.813 7.24 8.396 8.555 9.343 7.43 5.836 5.343 4.424 3.572 
3.622 3.288 3.594 2.987 3.261 3.445 3.248 3.954 4.34 4.446 
5.497 6.49 7.382 7.563 6.672 8.143 8.655 8.412 9.35 9.955 
11.104 9.498 10.417 10.73 11.159 11.55 12.003 10.534 10.965 10.948 
12.673 13.125 13.999 14.862 12.56 15.0 15.0 15.0 15.0 14.095 
12.404 12.512 12.143 12.46 13.162 15.0 15.0 15.0 15.0 15.0 
15.0 15.0 15.0 15.0 15.0 15.0 15.0 15.0 15.0 15.0 
15.0 15.0 15.0 15.0 15.0 15.0 15.0 15.0 15.0 15.0 
15.0 15.0 15.0 15.0 15.0 15.0 15.0 15.0 15.0 15.0 
15.0 15.0 15.0 15.0 14.796 14.906 15.0 15.0 12.892 12.166 
13.97 13.851 14.72 12.821 14.194 15.0 14.838 13.65 14.546 15.0 
13.346 12.122 11.432 11.531 10.285 10.697 12.507 14.196 13.172 15.0 
15.0 15.0 15.0 15.0 15.0 15.0 15.0 15.0 15.0 15.0 
15.0 15.0 
END
