PFRMAT local QA
AUTHOR LAW-CASP14
af2-standard_T1122_3.pdb local_accuracy_only 15.0 15.0 15.0 15.0 15.0 15.0 15.0 15.0 15.0 15.0 15.0 
15.0 15.0 15.0 15.0 15.0 15.0 15.0 15.0 15.0 15.0 
15.0 15.0 15.0 15.0 15.0 15.0 15.0 15.0 15.0 15.0 
15.0 15.0 15.0 15.0 15.0 15.0 15.0 15.0 15.0 15.0 
15.0 15.0 15.0 15.0 15.0 15.0 15.0 15.0 15.0 14.785 
13.545 13.109 11.037 9.288 7.437 5.919 3.514 4.127 3.43 2.367 
2.267 1.949 1.869 1.846 1.865 1.849 1.673 1.753 1.858 1.675 
1.805 2.058 1.807 2.142 2.631 2.599 2.516 2.892 3.212 4.199 
5.211 8.003 8.055 7.588 9.909 11.223 12.615 13.787 15.0 15.0 
15.0 15.0 15.0 15.0 15.0 15.0 15.0 15.0 15.0 15.0 
15.0 15.0 15.0 15.0 15.0 15.0 15.0 15.0 15.0 15.0 
14.211 8.597 5.55 3.74 3.296 1.94 1.582 1.542 1.366 1.419 
1.341 1.27 1.231 1.324 1.245 1.171 1.206 1.17 1.159 1.204 
1.264 1.302 1.375 1.487 1.499 1.538 1.905 2.154 2.374 2.227 
2.82 2.758 3.095 3.226 2.881 3.27 3.405 2.876 2.716 2.483 
2.484 2.336 2.286 2.04 2.064 1.9 2.125 2.175 1.883 2.487 
2.374 2.302 2.665 3.922 3.335 2.155 4.22 6.048 8.99 10.585 
9.623 9.445 11.954 11.233 9.372 10.8 12.148 9.812 15.0 15.0 
15.0 15.0 15.0 15.0 15.0 15.0 15.0 15.0 15.0 15.0 
15.0 13.705 13.138 10.463 8.355 7.398 5.844 3.794 3.295 2.199 
1.86 1.832 1.461 1.339 1.316 1.329 1.453 1.286 1.301 1.446 
1.258 1.256 1.322 1.389 1.317 1.417 1.614 1.584 1.705 1.774 
1.868 2.251 2.557 3.372 3.013 2.881 2.324 2.628 2.161 1.749 
1.762 1.754 1.52 1.368 1.379 1.352 1.365 1.321 1.355 1.301 

END
