PFRMAT local QA
AUTHOR MASS-CASP14
af2-standard_T1122_3.pdb local_accuracy_only 15.0 15.0 15.0 15.0 15.0 15.0 15.0 15.0 15.0 15.0 15.0 
15.0 15.0 15.0 15.0 15.0 15.0 15.0 15.0 15.0 15.0 
15.0 14.812 15.0 15.0 15.0 15.0 15.0 15.0 15.0 15.0 
15.0 15.0 15.0 15.0 15.0 15.0 15.0 15.0 15.0 15.0 
15.0 15.0 15.0 15.0 15.0 15.0 15.0 13.597 11.595 10.126 
9.815 7.443 7.363 6.471 5.547 5.251 5.107 6.102 6.255 5.358 
4.698 4.297 3.628 3.384 3.351 3.436 3.417 3.483 3.064 3.256 
3.551 3.412 3.511 4.032 3.799 3.871 4.223 4.687 5.484 6.457 
8.08 8.633 8.762 8.422 8.593 9.258 10.684 12.987 13.812 15.0 
15.0 15.0 15.0 15.0 15.0 15.0 15.0 15.0 15.0 15.0 
15.0 15.0 15.0 15.0 15.0 15.0 15.0 15.0 13.677 14.37 
12.474 9.937 8.768 7.302 6.313 5.161 3.894 3.132 3.073 2.836 
2.576 2.43 2.929 2.483 2.735 2.283 2.716 2.613 2.669 2.564 
3.069 2.976 2.507 2.495 2.516 2.33 2.19 2.687 3.224 3.142 
3.72 4.446 4.334 4.764 5.029 5.408 4.361 3.109 3.302 3.207 
2.522 2.235 1.831 1.954 1.648 1.772 2.099 1.886 1.599 2.041 
2.159 1.932 2.269 2.754 3.062 3.029 3.775 5.303 7.201 8.784 
8.711 9.045 9.287 8.639 7.659 8.686 9.75 10.687 10.995 12.808 
15.0 15.0 15.0 14.689 12.173 12.987 10.666 12.157 11.256 11.124 
11.593 10.264 8.898 9.209 9.12 6.581 4.977 3.658 3.374 2.688 
2.79 2.519 2.359 2.307 2.183 2.413 2.795 2.448 2.449 2.483 
2.503 2.641 2.547 2.537 2.724 2.936 2.763 2.901 3.25 3.319 
3.963 4.255 4.178 4.285 3.921 2.747 2.459 2.524 2.405 2.023 
2.123 2.186 2.091 1.935 2.247 2.63 2.865 2.654 2.957 3.865 

END
