PFRMAT local QA
AUTHOR LAW-CASP14
af2-standard_T1114s1_3.pdb local_accuracy_only 15.0 15.0 15.0 15.0 15.0 15.0 15.0 15.0 15.0 15.0 15.0 
15.0 15.0 15.0 11.469 10.834 8.297 7.057 3.377 3.048 2.871 
2.454 2.323 2.208 2.053 1.759 1.763 1.915 1.839 1.76 1.736 
1.792 1.764 2.015 1.781 1.853 1.827 1.99 1.978 2.088 1.982 
2.107 2.535 2.542 3.567 6.518 6.791 6.894 11.024 11.671 12.822 
13.824 15.0 13.004 11.725 11.87 12.997 14.127 13.487 12.132 9.791 
8.458 10.185 11.412 11.398 11.751 12.211 11.294 11.775 13.426 15.0 
15.0 15.0 15.0 15.0 15.0 15.0 15.0 15.0 15.0 15.0 
15.0 15.0 15.0 14.574 13.658 12.603 12.513 14.038 12.943 11.276 
12.118 9.064 8.663 4.598 2.73 2.187 1.887 1.983 2.054 1.917 
1.891 1.943 1.875 1.906 2.102 2.013 2.038 2.204 2.388 2.596 
2.706 3.063 3.122 3.111 3.306 3.742 3.342 3.684 3.531 3.308 
3.194 3.343 3.078 3.007 3.275 2.89 3.06 2.486 2.747 2.606 
2.615 2.527 2.637 2.471 2.215 2.151 2.146 2.077 1.893 1.878 
1.9 1.922 1.894 2.127 2.217 2.422 2.634 2.141 2.759 2.757 
3.174 3.163 3.924 4.565 5.354 5.907 6.192 5.338 6.223 5.807 
4.749 4.433 4.908 4.576 2.905 3.017 2.336 2.145 1.923 2.069 
2.197 1.753 1.658 1.521 1.624 1.547 1.586 1.549 1.677 1.587 
1.635 1.734 1.882 1.836 1.913 2.001 2.026 1.976 
END
