PFRMAT local QA
AUTHOR MASS-CASP14
af2-standard_T1114s1_3.pdb local_accuracy_only 15.0 15.0 15.0 15.0 15.0 15.0 15.0 15.0 15.0 15.0 15.0 
15.0 15.0 15.0 15.0 15.0 12.915 11.808 11.852 11.046 10.476 
10.704 12.728 12.627 13.149 12.421 13.469 12.593 13.384 13.724 13.457 
13.763 14.266 10.947 8.881 8.313 7.011 7.893 7.68 6.544 6.482 
6.154 7.645 9.23 9.664 10.269 10.284 8.959 10.033 10.425 9.974 
9.23 9.617 10.065 7.816 8.992 9.227 10.083 9.293 8.702 9.597 
10.217 9.275 10.36 9.413 10.153 10.489 9.254 8.767 8.78 10.564 
10.045 10.5 11.666 11.39 12.23 13.7 12.87 10.927 9.135 11.155 
11.523 12.44 11.295 11.189 11.165 12.579 11.78 11.271 11.73 10.011 
8.796 8.317 7.599 7.065 6.266 5.683 5.792 5.128 5.145 5.272 
5.722 5.292 6.283 5.913 6.059 6.559 6.527 6.834 7.079 8.098 
7.94 8.367 7.561 6.495 7.271 5.82 5.484 4.223 4.819 3.679 
4.136 4.009 3.878 3.662 3.45 2.961 2.505 2.102 1.721 1.861 
1.896 1.775 1.78 1.745 1.604 1.573 1.799 1.93 1.846 1.919 
1.994 1.777 1.652 1.775 2.042 2.415 3.197 4.023 5.639 6.415 
7.795 8.752 9.376 8.134 8.386 7.125 6.793 5.635 6.186 5.816 
5.819 5.309 4.913 4.829 3.891 3.565 3.229 3.127 2.817 2.784 
2.518 2.443 2.118 2.1 2.105 2.292 2.383 2.522 2.415 2.269 
2.323 2.907 2.805 2.972 3.185 3.905 4.196 4.417 
END
