PFRMAT local QA
AUTHOR LAW-CASP14
af2-standard_T1137s4_2.pdb local_accuracy_only 15.0 15.0 15.0 15.0 15.0 15.0 15.0 15.0 15.0 15.0 9.422 
7.935 7.035 6.317 4.969 4.261 3.601 3.729 4.132 6.332 6.771 
5.915 6.036 6.848 8.329 15.0 12.912 15.0 9.368 11.26 10.606 
13.097 15.0 14.0 8.659 9.136 7.879 7.903 7.4 6.525 4.708 
3.829 2.948 2.627 1.641 1.27 0.843 0.682 0.58 0.609 0.583 
0.757 0.741 0.852 0.838 0.688 0.774 0.866 0.681 0.688 0.613 
0.699 0.599 0.809 0.523 0.746 0.813 0.977 1.13 0.975 1.001 
0.654 0.617 0.613 0.539 0.596 0.606 0.634 0.788 1.321 1.32 
1.835 1.626 1.127 0.81 0.733 0.536 0.537 0.537 0.569 0.648 
0.717 0.986 0.976 0.737 0.998 0.816 0.976 0.942 0.868 0.71 
0.748 0.602 0.617 0.58 0.628 0.813 0.875 1.266 1.428 2.13 
1.5 1.116 0.745 0.642 0.528 0.607 0.639 0.72 0.804 0.99 
1.208 1.542 1.455 1.327 1.07 1.092 0.95 1.063 0.94 0.834 
0.857 0.824 0.855 1.067 1.025 1.313 1.033 0.783 0.837 0.786 
0.918 1.539 1.803 1.858 1.702 1.591 1.613 1.496 1.448 1.389 
1.525 1.521 1.548 1.528 1.618 1.661 1.65 1.519 1.932 1.61 
1.984 1.708 1.937 1.756 1.597 1.782 1.702 1.804 1.562 1.854 
1.829 1.739 1.713 1.965 1.925 1.894 2.026 2.13 2.046 2.136 
2.18 2.181 1.802 1.705 1.539 1.451 1.384 1.445 1.51 1.442 
1.434 1.577 1.788 1.479 1.673 1.771 1.643 1.574 1.887 1.795 
1.87 2.021 2.288 2.175 2.543 2.836 2.959 2.66 3.0 3.16 
3.118 3.645 5.15 3.921 3.511 3.57 5.236 4.009 3.526 3.599 
3.101 3.031 3.094 3.764 4.248 4.998 7.875 10.666 13.22 15.0 
15.0 15.0 15.0 15.0 15.0 15.0 15.0 15.0 15.0 15.0 
15.0 15.0 15.0 14.128 10.994 7.871 5.51 4.291 3.851 2.862 
2.471 2.411 2.138 2.013 2.024 2.091 1.707 2.021 2.131 1.795 
1.77 1.983 1.968 1.912 2.3 2.258 2.401 2.534 2.663 2.661 
3.024 2.834 2.885 2.715 2.932 2.26 1.947 1.787 1.751 1.587 
1.598 1.788 1.786 1.755 1.831 2.039 2.077 2.224 2.15 2.519 
2.655 3.244 3.182 2.46 2.443 2.434 2.249 1.953 2.066 2.211 
2.06 2.117 2.33 2.258 2.349 2.283 2.374 2.412 2.381 2.365 
2.369 2.308 2.372 2.317 2.222 2.17 2.437 2.812 3.402 2.591 
2.481 2.249 2.377 2.468 3.277 3.927 4.332 6.26 4.939 4.889 
5.115 4.435 4.584 5.745 5.451 5.871 4.794 4.063 7.154 12.027 
15.0 10.192 13.731 9.206 12.935 14.673 15.0 15.0 12.442 12.529 
15.0 15.0 15.0 15.0 15.0 15.0 15.0 15.0 15.0 13.819 
13.116 13.135 12.432 11.26 7.272 8.649 7.736 5.576 4.881 5.189 
5.011 5.698 5.084 4.274 4.772 5.087 6.388 7.441 9.304 8.846 
11.441 15.0 14.244 10.62 11.282 10.044 6.582 4.033 5.543 6.923 
10.98 12.431 8.228 12.958 11.319 15.0 15.0 15.0 15.0 15.0 
15.0 15.0 15.0 15.0 15.0 15.0 15.0 15.0 15.0 15.0 
15.0 15.0 15.0 15.0 15.0 15.0 15.0 15.0 15.0 15.0 
15.0 15.0 15.0 15.0 15.0 15.0 15.0 15.0 15.0 15.0 
15.0 15.0 15.0 15.0 15.0 15.0 15.0 15.0 15.0 15.0 
15.0 15.0 15.0 15.0 15.0 15.0 15.0 15.0 15.0 15.0 
15.0 15.0 15.0 15.0 15.0 15.0 15.0 15.0 15.0 15.0 
15.0 15.0 15.0 15.0 15.0 15.0 15.0 15.0 15.0 15.0 
15.0 15.0 15.0 15.0 15.0 15.0 15.0 15.0 15.0 15.0 
15.0 15.0 15.0 15.0 15.0 15.0 15.0 15.0 15.0 15.0 
15.0 15.0 15.0 15.0 15.0 15.0 15.0 15.0 15.0 15.0 
15.0 15.0 15.0 15.0 15.0 15.0 15.0 15.0 15.0 15.0 
15.0 15.0 15.0 15.0 15.0 15.0 15.0 15.0 15.0 15.0 
15.0 15.0 15.0 15.0 15.0 15.0 15.0 15.0 15.0 15.0 
15.0 15.0 15.0 15.0 15.0 15.0 15.0 15.0 15.0 15.0 
15.0 15.0 15.0 15.0 15.0 15.0 
END
