PFRMAT local QA
AUTHOR MASS-CASP14
af2-standard_T1137s4_2.pdb local_accuracy_only 15.0 15.0 15.0 15.0 15.0 15.0 15.0 15.0 15.0 15.0 15.0 
15.0 15.0 15.0 15.0 13.708 12.876 14.085 13.54 13.082 12.942 
14.253 14.572 15.0 15.0 15.0 15.0 15.0 15.0 15.0 15.0 
15.0 14.912 13.605 13.96 13.188 11.75 11.586 13.08 12.993 12.819 
10.679 10.769 9.472 7.089 5.293 2.983 1.851 1.342 1.183 1.102 
1.057 0.964 1.111 1.289 1.243 1.541 1.426 1.324 1.596 1.674 
1.849 1.584 1.729 1.627 1.992 2.305 2.723 3.127 2.239 1.89 
1.506 1.396 1.18 1.242 1.456 1.542 1.371 1.391 1.851 2.699 
4.322 3.568 2.455 1.73 1.407 1.355 1.13 1.105 1.003 0.954 
1.389 1.879 1.887 1.875 1.85 1.571 1.463 1.708 1.961 1.601 
1.412 1.271 1.054 1.096 1.411 1.809 2.112 2.455 3.405 3.682 
3.645 3.274 2.287 1.534 1.276 1.121 1.118 1.335 1.768 2.324 
3.423 5.305 6.993 9.311 6.656 6.915 7.131 9.346 8.103 7.75 
5.999 5.675 4.636 5.755 5.682 5.046 4.41 3.997 4.071 4.04 
4.516 4.097 3.471 3.578 3.618 3.139 2.764 2.988 3.467 3.154 
3.6 3.35 3.452 3.187 3.394 3.591 3.397 3.688 3.88 4.892 
5.352 5.259 4.642 3.89 3.25 2.936 2.871 2.871 2.644 2.928 
3.337 3.207 3.316 3.129 3.551 3.807 4.074 4.721 4.882 4.68 
4.986 5.681 4.799 4.825 3.879 3.8 2.971 2.677 2.734 2.616 
2.474 2.72 3.011 2.893 3.185 3.145 3.113 2.849 3.11 3.4 
3.771 3.931 4.992 5.627 5.786 6.284 6.121 5.145 5.379 5.404 
4.678 4.869 4.398 4.519 3.918 4.337 4.117 4.22 4.247 4.312 
4.514 4.644 4.78 5.657 7.48 8.452 9.034 9.778 10.239 10.519 
10.954 11.853 13.872 15.0 14.501 13.06 14.952 15.0 15.0 15.0 
14.968 15.0 15.0 15.0 15.0 15.0 10.131 7.332 6.741 5.464 
5.426 5.895 5.78 5.29 5.933 5.764 5.43 5.521 6.071 5.563 
6.284 6.175 7.283 6.59 6.123 5.358 5.316 4.672 5.131 6.087 
6.567 7.013 8.037 8.031 6.886 6.575 7.23 7.821 6.717 6.912 
6.491 7.338 7.871 7.954 8.393 7.519 7.147 7.9 8.666 7.468 
7.188 6.948 6.169 5.621 6.117 5.332 4.748 4.174 4.427 4.51 
4.275 4.378 4.948 5.073 4.688 4.828 4.299 4.062 4.339 3.863 
3.636 3.959 3.91 3.951 3.652 3.561 4.41 5.213 5.289 5.054 
4.484 4.563 4.253 4.178 4.255 4.918 4.81 4.332 5.164 5.032 
6.101 6.441 6.74 6.008 5.84 4.867 4.721 4.003 3.613 4.058 
3.869 3.976 3.52 4.478 5.338 5.328 6.309 7.047 9.263 8.486 
10.743 9.154 7.98 6.972 7.1 5.392 4.259 4.282 4.191 3.66 
3.366 4.019 4.865 5.589 5.712 6.19 6.613 7.135 7.812 7.707 
9.565 8.624 8.798 7.607 7.98 9.914 9.635 9.935 11.429 13.017 
12.607 12.443 13.804 11.443 10.571 9.993 9.944 10.055 8.179 7.919 
8.476 8.819 8.839 7.411 7.746 7.495 6.82 6.766 5.618 6.075 
5.605 5.815 6.439 7.579 8.033 8.352 9.466 9.186 9.926 8.723 
9.317 8.871 9.143 8.739 8.87 8.478 9.96 9.769 11.057 10.069 
10.808 11.598 9.234 9.14 8.777 8.42 6.463 5.253 4.992 4.655 
4.316 4.658 5.494 5.375 6.355 5.961 6.804 6.374 7.419 7.603 
6.857 5.953 6.376 7.254 7.546 6.633 5.84 5.276 4.293 3.702 
4.219 5.706 6.073 5.77 5.807 5.706 5.453 5.805 6.239 7.782 
7.749 9.126 9.072 9.699 11.121 10.947 12.153 14.619 13.098 11.855 
13.403 11.308 11.406 8.869 10.482 10.501 13.796 11.304 9.083 5.75 
5.453 3.968 4.317 3.767 4.31 3.775 5.191 6.388 7.128 8.879 
9.189 7.515 8.454 7.708 6.626 6.469 7.823 7.916 9.303 10.153 
11.409 10.641 11.112 10.186 12.308 11.033 11.072 9.42 9.857 9.297 
10.246 9.673 10.102 9.849 11.316 11.805 11.944 12.6 13.128 14.146 
15.0 14.784 13.834 14.6 14.366 14.241 13.661 13.072 12.711 13.465 
12.892 13.985 12.918 14.542 15.0 13.832 13.851 14.292 15.0 15.0 
15.0 15.0 15.0 15.0 15.0 15.0 
END
