PFRMAT local QA
AUTHOR LAW-CASP14
af2-standard_T1175_4.pdb local_accuracy_only 6.755 5.0 4.645 2.717 2.061 1.753 2.759 2.84 3.595 3.055 2.178 
1.508 1.506 1.297 1.233 1.203 1.167 1.279 1.273 1.585 1.4 
1.259 1.184 1.049 1.118 1.096 1.272 1.734 2.255 3.662 4.445 
3.756 3.199 1.555 1.42 1.194 1.541 1.814 2.017 3.125 3.022 
2.261 2.632 2.73 1.9 1.938 1.489 1.44 1.362 1.394 1.709 
1.755 2.256 1.765 1.529 1.358 1.32 1.212 1.287 1.407 1.525 
2.234 2.511 4.765 5.63 8.673 9.856 10.207 9.928 10.664 8.52 
7.528 7.785 7.568 6.321 7.217 6.906 6.428 6.327 6.145 6.04 
5.881 5.38 5.801 6.064 6.211 4.913 5.396 4.115 2.46 1.577 
1.281 1.098 1.069 0.995 1.139 1.266 2.335 1.727 1.826 1.39 
1.493 1.31 1.259 1.293 1.34 1.564 1.779 2.198 1.439 1.256 
1.177 1.258 1.491 2.047 3.587 3.783 2.78 3.784 3.429 3.853 
2.973 2.292 1.997 1.657 2.022 2.121 3.003 2.509 1.715 1.314 
1.334 1.363 1.649 1.863 2.948 3.572 3.942 3.781 3.82 3.13 
3.55 3.064 3.313 3.607 3.25 2.781 2.562 2.311 2.351 2.342 
2.961 2.502 1.784 1.35 1.284 1.359 2.089 1.855 2.01 1.742 
1.972 1.866 2.106 2.271 2.381 2.452 2.291 2.764 2.524 2.684 
2.002 2.356 1.686 1.324 1.214 1.362 1.631 2.596 4.683 6.485 
6.225 6.028 4.266 4.159 3.771 3.612 2.852 2.462 2.102 2.275 
1.91 1.795 1.771 1.915 2.074 2.225 3.095 3.743 3.787 3.38 
3.796 8.314 7.272 10.951 11.714 9.444 10.057 7.608 5.518 3.562 
1.871 1.492 1.459 1.336 1.522 1.439 1.625 1.538 1.488 1.441 
1.71 1.77 2.068 2.239 3.401 5.406 6.684 5.291 7.295 4.896 
3.6 2.733 2.327 1.701 1.898 1.537 1.709 1.545 2.069 1.991 
1.874 2.022 2.95 2.744 3.417 4.474 6.093 7.819 10.059 9.066 
9.493 10.384 10.014 8.707 9.28 11.667 12.948 15.0 15.0 15.0 
15.0 15.0 15.0 15.0 15.0 15.0 15.0 15.0 15.0 15.0 
15.0 15.0 15.0 15.0 15.0 15.0 15.0 15.0 15.0 15.0 
13.487 13.438 13.308 12.85 12.843 12.082 10.622 8.605 9.434 9.123 
9.195 11.328 12.396 12.636 12.106 15.0 12.453 12.866 7.084 4.321 
2.009 2.774 3.263 4.299 7.144 8.281 5.769 6.601 4.879 3.999 
3.807 
END
