PFRMAT local QA
AUTHOR MASS-CASP14
af2-standard_T1175_4.pdb local_accuracy_only 9.978 9.583 8.568 8.025 7.518 5.984 5.565 5.54 4.944 3.831 3.299 
2.139 1.859 1.294 1.145 1.07 0.963 1.072 1.161 1.47 1.568 
1.466 1.145 1.081 1.002 1.02 1.128 1.363 1.549 2.171 2.383 
2.573 2.296 1.781 1.545 1.461 1.455 1.57 1.873 2.307 2.511 
2.64 2.794 2.272 1.963 1.885 1.847 1.816 1.76 2.003 2.15 
2.897 3.324 3.031 3.273 3.555 3.7 3.51 3.734 3.725 4.159 
5.364 5.605 7.755 8.304 9.308 9.416 11.3 10.633 9.29 8.968 
9.688 8.035 8.103 7.517 7.147 6.868 6.622 6.353 6.111 5.378 
4.68 4.294 4.611 4.439 5.168 5.406 5.233 4.131 2.756 2.046 
1.338 1.156 0.918 0.754 0.782 0.878 1.179 1.627 1.546 1.255 
1.098 1.128 1.205 1.19 1.348 1.513 1.746 2.217 2.313 2.355 
2.214 2.313 1.908 2.083 2.723 3.04 3.419 4.082 4.277 5.093 
4.953 4.562 5.505 6.045 6.246 6.112 6.449 6.815 6.293 5.364 
4.176 4.158 3.912 4.347 3.732 4.264 5.312 5.628 5.171 3.786 
4.548 5.451 5.659 5.674 4.492 3.656 3.18 2.844 2.813 3.229 
3.462 3.506 2.966 2.976 3.191 2.821 3.214 3.657 3.311 3.12 
3.113 3.024 2.943 2.38 2.429 1.955 1.731 1.489 1.451 1.848 
2.185 2.075 1.992 1.696 1.76 1.828 2.822 3.648 4.247 4.351 
3.707 3.931 3.583 3.768 3.494 3.412 3.627 2.97 3.294 3.172 
2.753 2.463 2.686 2.457 2.269 1.844 1.649 1.577 1.843 2.143 
2.295 2.85 3.324 3.481 3.936 4.095 4.395 3.872 3.28 2.821 
1.871 1.574 1.622 1.675 1.77 2.254 2.289 2.554 2.152 2.178 
1.869 1.938 1.504 1.485 1.386 1.269 1.693 1.652 2.771 3.122 
3.491 3.217 2.727 2.627 2.758 2.794 2.854 2.901 3.395 4.026 
4.141 4.288 4.384 4.048 4.995 4.798 4.824 3.833 4.362 5.197 
5.741 7.696 8.059 8.291 10.766 11.26 15.0 15.0 15.0 15.0 
15.0 15.0 15.0 15.0 15.0 15.0 15.0 15.0 15.0 15.0 
15.0 15.0 15.0 15.0 15.0 15.0 15.0 15.0 11.092 10.361 
6.922 5.621 4.705 4.034 3.609 3.101 3.022 3.024 3.465 3.305 
3.597 4.719 5.99 6.006 6.161 6.791 6.352 5.151 3.752 2.722 
2.256 1.621 1.473 1.544 1.429 1.664 1.876 2.067 1.902 2.247 
3.604 
END
