PFRMAT local QA
AUTHOR MASS-CASP14
af2-standard_T1137s5_5.pdb local_accuracy_only 15.0 15.0 15.0 15.0 15.0 15.0 15.0 15.0 15.0 15.0 13.588 
10.634 9.02 6.973 7.186 6.382 6.645 5.945 6.141 5.991 6.067 
6.029 6.137 6.226 5.853 5.901 5.978 6.172 6.231 6.218 6.663 
6.567 7.058 8.044 8.374 9.294 9.833 9.709 9.793 10.971 11.591 
13.136 14.83 15.0 15.0 15.0 15.0 15.0 15.0 12.521 10.5 
9.358 5.727 3.06 1.96 1.575 1.231 1.05 1.056 1.123 1.142 
1.256 1.47 1.391 1.661 1.822 1.386 1.923 1.754 1.743 1.404 
1.328 1.077 1.386 1.809 2.212 2.479 2.061 1.71 1.433 1.229 
1.207 1.161 1.377 1.361 1.168 1.259 1.6 2.204 2.591 2.586 
1.76 1.359 1.113 1.163 1.034 0.979 0.825 0.826 1.181 1.618 
1.747 1.623 1.862 1.456 1.553 1.728 1.644 1.474 1.259 1.196 
1.135 1.125 1.278 1.559 1.602 1.648 2.537 2.504 2.166 1.642 
1.586 1.161 0.923 0.361 0.89 1.238 1.728 3.846 6.167 8.842 
10.887 11.871 11.583 8.25 6.041 4.774 4.939 3.914 4.289 3.126 
3.038 2.867 3.565 5.101 6.226 5.742 5.927 6.424 6.363 6.934 
7.227 6.721 5.137 5.433 5.02 4.25 4.396 4.781 4.693 4.512 
4.756 6.506 7.006 7.27 8.802 10.221 12.231 11.544 14.186 11.018 
9.655 7.934 7.079 5.935 5.452 5.117 5.392 5.08 5.052 5.064 
4.796 5.082 5.847 6.753 7.417 8.263 8.218 8.506 7.594 7.137 
7.264 7.913 7.74 8.399 10.13 9.458 8.604 7.202 6.977 6.453 
6.118 5.846 7.172 6.567 7.126 7.908 6.288 5.659 5.435 4.962 
4.182 4.54 4.431 4.294 3.952 4.638 4.453 4.549 3.681 4.327 
3.777 4.473 4.565 5.632 5.998 7.376 11.008 14.075 12.495 12.176 
13.413 14.433 15.0 15.0 15.0 15.0 15.0 15.0 15.0 15.0 
15.0 15.0 15.0 15.0 15.0 15.0 15.0 15.0 15.0 15.0 
13.738 12.346 11.881 11.102 10.501 10.17 10.184 11.29 9.219 8.706 
9.525 9.667 8.2 9.612 9.495 8.862 7.453 7.397 7.101 7.019 
6.857 7.809 9.732 10.334 11.67 9.463 8.914 8.365 9.005 8.327 
9.043 9.43 8.901 8.194 8.349 6.754 7.119 6.648 6.246 6.424 
7.008 6.66 7.792 8.48 8.172 7.78 7.608 7.315 6.04 6.16 
7.291 6.941 8.012 8.364 8.673 10.342 8.744 9.596 9.635 10.544 
8.867 8.843 8.783 10.094 10.448 10.343 11.527 12.594 13.703 13.835 
14.28 15.0 15.0 15.0 15.0 15.0 15.0 15.0 15.0 15.0 
15.0 15.0 15.0 15.0 15.0 14.95 15.0 13.935 14.612 14.307 
15.0 15.0 15.0 15.0 15.0 15.0 15.0 15.0 15.0 15.0 
15.0 15.0 13.345 12.978 12.599 13.815 14.534 15.0 15.0 15.0 
15.0 15.0 15.0 15.0 15.0 15.0 15.0 15.0 15.0 15.0 
15.0 13.538 12.871 10.993 11.482 11.667 11.382 10.679 12.765 12.09 
12.581 14.306 15.0 15.0 15.0 15.0 15.0 15.0 15.0 
END
