PFRMAT local QA
AUTHOR LAW-CASP14
af2-standard_T1137s5_5.pdb local_accuracy_only 15.0 15.0 15.0 15.0 15.0 15.0 15.0 15.0 13.369 7.243 5.476 
3.507 3.432 3.652 5.116 3.771 3.586 3.507 3.516 5.515 7.782 
8.664 8.973 7.551 9.142 13.72 15.0 15.0 14.025 13.198 15.0 
15.0 15.0 15.0 15.0 15.0 11.729 9.15 8.508 6.195 6.841 
7.644 5.539 6.066 6.597 6.121 4.972 2.132 1.674 2.43 2.382 
2.773 1.938 1.4 0.959 0.822 0.764 0.803 0.749 0.851 0.868 
1.012 1.034 0.948 1.406 1.414 1.033 1.039 1.024 1.23 0.783 
0.847 0.613 0.802 0.819 1.036 1.198 0.974 1.161 0.749 0.841 
0.829 0.701 0.95 0.849 0.816 0.872 1.069 1.091 1.409 1.256 
1.001 0.84 0.81 0.719 0.724 0.685 0.827 0.787 1.06 1.271 
1.202 0.925 1.205 1.004 1.316 1.36 1.185 0.961 0.936 0.8 
0.919 0.884 0.913 1.25 1.227 1.422 1.612 1.693 1.505 1.269 
1.076 0.795 0.673 0.774 0.769 0.887 1.248 1.324 2.607 2.803 
1.98 2.17 2.175 1.597 1.402 1.136 1.012 0.978 1.002 0.947 
0.9 0.932 1.085 1.211 1.952 1.326 1.252 1.224 1.237 1.427 
1.832 1.907 2.093 1.978 1.87 1.841 2.095 2.117 2.268 2.429 
2.911 3.205 3.44 3.578 3.837 4.845 5.186 8.704 9.712 15.0 
15.0 15.0 15.0 15.0 15.0 15.0 15.0 15.0 13.874 11.465 
8.742 6.168 4.483 4.357 3.485 2.671 2.402 2.457 2.236 2.083 
2.076 2.19 2.287 2.446 3.065 3.187 3.221 3.097 4.036 4.341 
4.464 4.057 3.551 3.715 3.012 3.059 2.762 2.405 2.268 2.093 
1.951 1.901 1.829 1.75 1.792 2.141 2.215 2.239 2.546 2.694 
2.461 2.496 2.75 2.858 2.946 3.05 3.295 4.225 5.345 9.188 
11.641 13.789 15.0 15.0 15.0 15.0 15.0 15.0 15.0 15.0 
15.0 15.0 15.0 15.0 15.0 15.0 15.0 15.0 14.092 12.474 
12.604 11.258 8.883 8.77 6.726 6.298 6.77 6.51 4.511 4.101 
4.309 5.099 4.464 4.0 4.015 3.62 3.781 4.044 4.794 4.62 
5.222 5.675 6.538 6.625 6.782 6.518 6.351 5.736 5.435 5.585 
4.376 3.83 3.802 3.494 3.403 3.572 3.515 3.073 2.954 3.194 
3.021 2.958 3.19 3.179 3.028 3.111 3.325 3.181 3.083 3.323 
3.453 3.195 3.094 3.333 3.347 3.466 3.608 3.619 3.436 3.996 
5.01 5.193 5.518 6.933 7.619 8.02 12.123 13.588 13.416 15.0 
15.0 15.0 15.0 15.0 15.0 15.0 15.0 15.0 15.0 15.0 
15.0 15.0 15.0 15.0 15.0 15.0 15.0 15.0 15.0 15.0 
15.0 15.0 15.0 15.0 15.0 15.0 15.0 15.0 15.0 15.0 
15.0 15.0 15.0 15.0 15.0 15.0 15.0 15.0 15.0 15.0 
15.0 15.0 15.0 15.0 15.0 15.0 15.0 15.0 15.0 15.0 
15.0 15.0 15.0 15.0 15.0 15.0 15.0 15.0 15.0 15.0 
15.0 15.0 15.0 15.0 15.0 15.0 15.0 15.0 15.0 
END
