PFRMAT local QA
AUTHOR MASS-CASP14
af2-standard_T1174_5.pdb local_accuracy_only 15.0 15.0 14.074 13.151 15.0 15.0 15.0 15.0 15.0 15.0 15.0 
15.0 15.0 15.0 15.0 15.0 15.0 15.0 15.0 15.0 15.0 
15.0 15.0 15.0 15.0 15.0 15.0 15.0 15.0 15.0 15.0 
15.0 15.0 15.0 15.0 15.0 15.0 15.0 15.0 15.0 15.0 
15.0 15.0 15.0 15.0 15.0 15.0 15.0 15.0 15.0 15.0 
15.0 15.0 15.0 15.0 15.0 15.0 15.0 15.0 15.0 15.0 
15.0 15.0 15.0 15.0 15.0 15.0 15.0 15.0 15.0 15.0 
15.0 12.424 9.85 8.136 7.03 6.868 7.87 10.096 10.736 8.541 
5.712 4.573 3.443 3.337 3.12 3.981 5.856 6.504 6.752 5.55 
5.038 5.132 4.987 3.784 2.565 1.975 1.76 1.541 1.475 2.085 
2.568 2.39 1.939 1.474 1.282 1.22 1.19 1.348 1.34 1.521 
1.68 1.696 1.964 2.052 1.784 1.425 1.188 1.324 1.499 2.022 
2.801 3.811 5.348 7.477 9.476 10.479 12.9 13.578 13.975 13.058 
15.0 15.0 14.343 14.105 15.0 14.308 15.0 15.0 15.0 15.0 
15.0 15.0 15.0 15.0 15.0 15.0 15.0 12.96 14.313 14.737 
13.245 11.013 9.825 9.965 8.936 9.084 8.935 8.656 9.922 10.103 
11.294 12.293 15.0 12.081 10.903 8.677 5.61 4.005 3.069 3.207 
3.142 4.487 5.752 4.702 3.207 2.265 1.641 1.533 1.406 1.626 
1.849 2.195 2.372 2.301 2.495 2.569 2.015 1.935 1.817 1.877 
2.21 3.159 3.684 5.291 5.642 6.574 7.748 8.668 7.813 8.032 
7.496 8.227 8.372 8.931 8.349 7.801 7.75 8.25 7.907 8.788 
9.826 12.397 11.558 12.472 11.523 10.278 8.288 6.476 6.145 5.773 
6.077 5.675 7.202 6.798 8.165 8.543 9.584 10.117 10.525 10.882 
11.033 10.113 10.086 11.335 10.928 10.328 8.264 7.642 7.764 7.079 
6.752 6.879 9.527 11.758 11.837 12.261 11.198 10.721 8.062 4.274 
2.776 1.916 1.776 1.693 1.62 1.66 2.036 2.568 3.623 4.968 
7.04 6.823 9.3 10.054 10.452 9.087 8.493 6.061 4.642 3.529 
3.641 3.423 2.775 2.725 2.831 3.6 4.729 5.753 6.755 7.719 
8.164 9.199 10.221 9.908 9.438 10.843 9.601 9.141 10.304 10.671 
10.796 11.467 10.107 10.574 9.958 10.969 11.355 11.401 12.898 11.349 
11.26 9.877 9.054 8.783 7.558 6.711 6.937 6.887 5.096 3.699 
2.937 2.378 1.59 1.348 1.325 1.393 1.391 1.66 1.726 1.965 
2.039 2.516 2.638 3.075 3.082 3.13 3.362 3.233 2.506 2.377 
1.998 1.901 1.877 2.541 3.785 4.611 5.473 
END
