PFRMAT local QA
AUTHOR LAW-CASP14
af2-standard_T1174_5.pdb local_accuracy_only 15.0 11.702 10.749 15.0 15.0 11.706 15.0 15.0 10.611 10.2 13.092 
8.56 6.626 7.892 12.213 5.295 9.406 15.0 13.585 12.923 15.0 
15.0 15.0 15.0 15.0 15.0 15.0 15.0 14.078 13.862 13.883 
12.184 13.8 15.0 15.0 13.149 14.448 15.0 14.118 11.648 14.723 
14.121 8.881 8.893 13.973 13.708 14.133 15.0 15.0 12.94 15.0 
15.0 15.0 15.0 15.0 8.674 8.379 6.555 5.6 5.565 3.946 
5.304 5.689 7.848 9.96 13.266 15.0 15.0 11.227 8.479 6.507 
5.787 3.874 3.146 2.597 2.549 2.432 3.122 3.295 4.199 3.221 
2.535 1.954 1.797 1.639 1.685 1.973 2.714 4.694 5.248 3.288 
3.059 2.743 2.381 1.552 1.448 1.38 1.246 1.323 1.446 1.544 
1.841 1.778 1.611 1.492 1.257 1.224 1.214 1.306 1.274 1.298 
1.513 1.289 1.845 1.524 1.627 1.386 1.395 1.503 1.472 2.073 
2.418 3.112 3.269 4.201 3.337 3.211 3.121 3.397 3.714 3.352 
4.305 4.223 5.267 5.292 5.934 7.245 9.716 7.342 6.647 7.11 
7.408 4.997 4.871 4.436 4.083 4.292 3.843 3.649 3.411 3.833 
3.311 2.763 2.86 2.444 2.39 2.621 2.814 3.594 3.917 5.101 
4.378 4.117 4.304 3.742 3.163 2.542 2.106 2.017 1.798 1.706 
1.817 1.875 2.32 1.973 1.744 1.7 1.56 1.978 1.82 2.076 
1.96 1.936 2.151 1.683 2.08 1.962 1.826 1.888 1.96 2.846 
2.939 4.536 5.847 7.317 10.373 15.0 15.0 15.0 15.0 15.0 
15.0 15.0 15.0 15.0 15.0 15.0 15.0 15.0 15.0 15.0 
15.0 15.0 15.0 13.751 14.508 11.001 9.104 11.388 14.826 13.711 
13.194 15.0 15.0 15.0 15.0 15.0 15.0 15.0 12.562 8.343 
10.256 5.664 6.054 5.262 4.889 3.971 4.283 4.87 6.242 6.321 
7.715 8.876 8.112 8.544 10.829 7.824 7.971 15.0 9.819 9.189 
8.607 7.704 5.973 6.236 5.752 4.412 5.776 6.184 5.822 8.9 
10.815 8.647 8.47 11.2 8.248 8.353 7.489 7.22 4.628 4.525 
3.851 4.22 4.055 4.488 5.821 5.873 6.872 7.187 6.773 6.511 
7.792 7.695 7.581 9.923 12.009 13.173 12.112 11.091 9.761 9.419 
10.388 10.544 9.174 14.398 13.643 9.85 10.762 14.71 8.78 9.646 
9.232 6.806 6.788 6.104 6.391 5.474 8.383 7.518 7.326 8.437 
6.151 7.344 6.063 5.14 4.125 4.31 3.662 3.89 3.967 4.868 
5.573 6.977 9.007 8.239 8.945 9.175 10.526 7.783 6.445 7.297 
4.806 5.116 6.304 6.767 7.067 9.472 8.517 
END
