PFRMAT local QA
AUTHOR LAW-CASP14
af2-standard_T1150_5.pdb local_accuracy_only 9.157 7.182 1.728 1.495 1.917 2.347 1.852 1.94 2.528 2.511 1.825 
2.535 2.774 2.337 2.123 2.531 2.656 2.068 1.747 2.18 1.779 
1.474 1.522 1.418 1.326 1.257 1.241 1.206 1.02 1.087 1.067 
0.955 0.849 0.982 0.943 0.855 0.774 0.716 0.825 0.785 0.725 
0.759 0.809 0.816 0.825 1.063 1.084 0.889 1.048 1.145 1.081 
1.063 1.374 1.381 1.173 1.253 1.581 1.845 1.268 1.418 1.69 
1.298 1.103 0.956 0.787 0.772 0.718 0.724 0.726 0.744 0.698 
0.686 0.714 0.875 0.781 0.734 0.773 0.883 1.017 1.413 1.683 
2.736 2.086 1.886 1.695 1.145 1.182 0.9 0.795 0.664 0.723 
0.742 0.784 0.835 0.822 0.812 0.878 0.857 0.8 1.007 0.797 
0.852 0.768 0.676 0.654 0.664 0.639 0.636 0.642 0.616 0.616 
0.667 0.694 0.689 0.797 1.029 0.96 1.028 1.253 1.307 1.086 
1.587 1.296 1.391 1.073 1.326 1.2 0.853 0.925 1.036 0.829 
0.676 0.733 0.746 0.673 0.652 0.766 0.774 0.789 0.837 1.148 
1.373 1.477 1.684 3.927 4.064 5.698 5.827 5.547 5.953 5.591 
5.245 4.077 4.248 2.881 1.8 2.725 2.791 2.382 1.644 2.809 
2.919 3.584 2.857 2.521 3.154 2.746 3.065 2.833 2.505 2.594 
2.49 1.992 1.687 1.716 1.699 1.377 1.134 1.18 1.103 1.299 
1.38 1.322 1.29 1.293 1.332 1.402 1.078 1.176 1.213 1.124 
1.031 1.273 1.315 1.223 1.599 2.229 3.458 3.111 5.218 4.416 
4.365 3.062 1.993 1.175 1.093 1.082 1.061 1.25 1.192 1.196 
0.973 0.946 1.074 1.203 1.293 1.26 1.263 1.018 0.999 1.052 
1.124 1.387 2.251 3.589 3.561 5.2 4.886 3.871 2.873 1.782 
1.465 1.128 1.102 1.067 1.076 1.336 1.175 1.526 1.337 1.033 
1.13 1.157 1.771 1.637 1.364 1.858 2.242 2.56 3.345 3.484 
3.012 3.76 2.463 1.505 1.221 1.003 1.573 1.47 1.067 1.823 
1.964 1.532 1.825 2.861 4.644 4.279 4.125 3.08 4.343 3.051 
3.553 2.881 2.497 2.404 2.759 2.153 1.226 1.227 1.093 1.148 
1.208 1.288 1.51 1.602 1.335 1.106 1.284 0.919 1.03 1.339 
1.348 1.727 1.791 1.947 3.438 6.385 5.971 2.143 1.177 1.118 
0.981 0.894 0.817 0.734 0.728 0.677 0.643 0.644 0.683 0.68 
0.626 0.681 0.895 0.825 0.75 1.06 1.087 1.067 1.527 1.85 
1.36 1.456 1.884 1.605 1.404 1.359 1.969 1.662 1.591 1.726 
2.032 1.582 1.645 1.31 1.379 1.233 0.9 0.988 1.004 0.864 
0.701 0.779 0.892 0.778 0.718 0.819 0.823 0.748 0.815 0.855 
0.904 0.873 1.081 1.299 1.307 1.385 1.573 1.751 2.206 2.638 
6.409 10.664 14.908 15.0 15.0 15.0 15.0 15.0 15.0 
END
