PFRMAT local QA
AUTHOR MASS-CASP14
af2-standard_T1150_5.pdb local_accuracy_only 5.281 3.96 2.84 2.275 2.794 2.869 2.727 2.607 2.686 3.073 2.506 
2.769 2.707 2.56 2.706 3.75 4.129 4.162 3.845 3.88 3.448 
2.709 2.573 2.44 2.024 1.485 1.612 1.577 1.376 1.136 1.347 
1.221 1.005 1.167 1.249 0.998 0.991 1.045 1.088 0.902 1.002 
1.069 1.159 1.102 1.147 1.138 1.117 1.136 1.277 1.331 1.283 
1.285 1.606 1.801 1.66 1.543 1.952 1.977 1.582 1.693 2.021 
1.687 1.433 1.254 1.081 0.995 1.029 0.921 1.164 1.319 1.029 
1.105 1.052 1.297 1.23 1.019 1.128 1.044 1.117 1.57 2.411 
3.738 3.827 2.909 1.787 1.494 1.153 0.975 0.91 0.891 1.129 
1.068 1.037 1.352 1.425 1.302 1.577 1.482 1.477 1.292 1.298 
1.312 1.219 1.13 1.059 1.17 1.102 1.083 1.065 0.99 0.951 
1.014 0.97 0.918 1.013 1.298 1.58 1.681 1.662 1.379 1.418 
1.578 1.639 1.44 1.546 1.441 1.247 1.119 1.026 1.186 1.149 
0.979 1.013 1.178 1.17 1.11 1.21 1.423 1.373 1.451 1.828 
2.338 2.897 3.141 4.101 4.36 5.257 5.189 6.087 6.746 6.961 
6.672 5.423 6.164 4.834 4.032 4.695 4.961 5.0 5.103 4.726 
4.838 4.444 4.608 3.513 3.502 3.185 3.092 2.612 2.374 2.399 
2.776 2.826 2.671 2.341 2.786 2.469 2.969 2.95 3.432 3.331 
3.145 2.688 2.321 2.172 2.226 2.481 1.945 1.997 2.011 1.996 
2.01 2.223 2.082 2.136 2.351 3.298 4.254 5.105 5.186 4.264 
3.565 2.723 2.377 1.97 2.027 1.793 1.966 2.127 1.833 1.822 
1.459 1.338 1.324 1.121 1.228 1.245 1.584 1.328 1.594 2.002 
2.087 2.125 2.391 3.007 3.572 5.767 7.902 8.213 8.157 8.567 
8.16 9.537 8.806 6.836 6.104 4.979 4.162 3.589 3.818 2.992 
2.688 2.851 2.155 2.064 2.43 3.103 3.047 2.814 3.367 3.758 
3.979 4.62 4.24 4.008 3.614 2.856 2.71 2.277 1.976 1.957 
2.265 2.563 2.417 2.214 2.262 2.073 2.197 2.213 2.173 1.981 
1.754 1.993 2.232 2.45 2.855 1.901 1.523 1.286 1.181 1.203 
1.162 1.13 1.067 1.269 1.46 1.331 1.694 1.596 1.472 1.577 
1.712 2.168 2.86 2.529 3.768 3.838 4.615 3.232 2.536 1.945 
1.818 1.51 1.475 1.335 1.363 1.256 1.192 1.057 1.125 1.158 
1.002 1.071 1.126 1.148 1.198 1.332 1.528 1.558 1.84 2.219 
1.607 1.819 2.005 1.959 1.753 1.782 2.081 2.571 2.561 2.722 
3.061 2.75 2.19 1.894 2.018 1.204 1.025 1.092 1.169 1.064 
1.048 1.016 1.251 1.193 1.283 1.467 1.44 1.213 1.171 1.27 
1.158 1.048 1.289 1.164 1.07 1.313 1.674 1.976 2.659 3.06 
3.334 4.933 8.102 8.95 11.191 12.724 14.098 15.0 15.0 
END
