PFRMAT local QA
AUTHOR LAW-CASP14
af2-standard_T1170_2.pdb local_accuracy_only 8.916 8.4 3.85 1.859 1.863 1.515 1.198 1.132 0.99 1.124 1.218 
1.194 1.113 0.87 0.904 0.888 1.245 1.289 0.965 1.163 1.354 
1.259 1.066 1.273 1.362 1.251 1.083 1.446 1.539 1.441 1.476 
2.005 2.072 2.028 1.545 1.159 0.989 0.851 0.629 0.625 0.593 
0.637 0.732 0.814 0.901 0.999 0.899 0.839 0.98 0.739 0.821 
0.91 0.752 0.64 0.744 0.745 0.7 0.658 0.769 0.813 0.771 
0.796 0.713 0.764 0.722 0.776 0.819 0.831 0.877 0.823 1.058 
1.197 1.027 1.29 1.193 1.132 1.257 1.208 0.989 1.076 1.137 
1.055 0.827 0.993 1.052 0.824 0.981 0.96 0.899 0.757 0.598 
0.627 0.634 0.615 0.765 0.759 0.679 0.786 0.817 0.856 1.002 
1.034 1.097 0.982 0.909 0.941 0.909 0.834 0.885 0.92 0.846 
0.737 0.942 0.986 1.012 1.045 1.018 1.401 1.516 3.464 3.534 
6.608 8.0 8.605 8.657 7.807 5.915 4.011 2.381 1.908 1.348 
1.11 1.065 0.889 0.955 0.873 0.765 0.625 0.547 0.49 0.538 
0.606 0.667 0.856 0.914 0.921 1.155 1.1 0.987 1.306 1.37 
1.425 1.041 1.246 1.289 1.009 0.846 0.974 0.783 0.8 0.727 
0.843 0.778 0.87 0.82 0.769 0.815 0.775 0.774 0.729 0.726 
0.709 0.694 0.703 0.696 0.738 0.716 0.763 0.809 0.879 1.01 
0.897 0.971 0.956 1.046 0.911 1.007 0.864 0.939 0.892 0.783 
0.795 0.821 0.74 0.717 0.78 0.761 0.776 0.746 0.794 0.766 
0.8 0.932 0.825 0.799 0.884 0.948 0.819 0.796 0.905 0.947 
0.913 0.948 1.077 1.158 1.262 1.809 2.407 2.576 2.132 2.461 
1.594 1.31 1.011 1.066 1.063 1.106 1.12 0.973 1.106 1.146 
1.07 0.993 1.137 1.175 1.105 0.981 0.896 0.867 0.864 0.825 
0.806 0.825 0.821 0.825 0.753 0.728 0.747 0.745 0.728 0.645 
0.717 0.728 0.738 0.775 0.89 0.873 0.919 0.999 0.865 0.909 
0.956 0.881 1.07 0.984 1.182 1.04 0.854 0.994 1.116 0.969 
0.826 1.153 1.088 1.298 1.205 1.49 1.329 1.147 1.231 1.175 
1.201 0.96 0.95 0.962 0.834 0.714 0.696 0.732 0.691 0.616 
0.596 0.59 0.611 0.756 0.863 1.051 1.017 0.947 0.76 0.716 
0.62 0.61 0.697 0.636 0.606 0.756 0.926 0.783 0.755 1.124 
1.182 1.554 1.401 3.04 4.469 6.373 8.225 
END
