PFRMAT local QA
AUTHOR MASS-CASP14
af2-standard_T1170_2.pdb local_accuracy_only 7.397 5.186 3.756 2.553 2.073 1.706 1.497 1.363 1.293 1.346 1.536 
1.458 1.167 1.141 1.24 1.338 1.4 1.389 1.096 1.302 1.535 
1.51 1.471 1.665 1.729 1.535 1.448 1.559 1.657 1.733 1.711 
1.857 2.345 2.66 2.144 1.835 1.724 1.46 1.027 0.866 0.731 
0.567 0.655 0.79 0.986 0.955 0.966 0.872 0.981 0.956 0.996 
0.99 0.834 0.912 0.972 0.983 0.91 0.999 1.126 1.309 1.349 
1.524 1.331 1.278 1.032 1.159 1.044 1.045 1.052 0.959 1.334 
1.368 1.106 1.435 1.509 1.41 1.801 1.365 1.137 1.216 1.433 
1.237 1.191 1.527 1.684 1.644 1.941 2.039 1.826 1.235 0.047 
0.0 0.0 0.0 0.0 0.012 0.782 1.114 1.226 1.19 1.34 
1.6 1.689 1.249 1.267 1.444 1.234 1.093 1.175 1.342 1.252 
1.278 1.558 1.675 1.712 1.351 1.494 1.815 2.138 2.518 3.424 
4.914 6.287 7.336 8.141 6.232 4.842 3.735 2.507 1.803 1.534 
1.487 1.462 1.398 1.472 1.378 1.074 0.83 0.727 0.732 0.972 
0.816 0.848 1.035 1.397 1.506 2.139 1.778 1.611 1.695 2.159 
1.737 1.399 1.518 1.702 1.53 1.442 1.409 1.277 1.372 1.597 
1.68 1.574 1.735 1.307 1.358 1.305 1.576 1.695 1.377 1.21 
1.448 1.539 1.399 1.216 1.418 1.452 1.38 1.625 1.847 1.887 
2.129 2.3 1.64 1.378 1.23 1.16 1.176 1.297 1.131 1.085 
1.097 1.146 1.038 1.048 1.257 1.184 1.172 1.287 1.376 1.049 
1.038 1.113 1.054 1.011 1.172 1.199 1.134 1.078 1.274 1.256 
1.218 1.452 1.446 1.423 1.545 1.97 2.507 2.772 3.504 2.96 
2.527 1.755 1.641 1.925 1.887 1.74 1.527 1.509 1.74 1.557 
1.402 1.263 1.492 1.672 1.725 1.544 1.32 1.482 1.673 1.538 
1.419 1.282 1.392 1.369 1.335 1.316 1.252 1.22 1.091 1.004 
1.069 1.18 1.123 1.132 1.448 1.659 1.788 2.082 2.085 1.937 
1.785 1.535 1.556 1.514 1.59 1.24 1.141 1.091 1.247 1.401 
1.432 1.685 1.798 1.799 1.744 1.96 2.011 1.851 1.882 2.055 
1.683 1.56 1.339 1.367 1.254 1.174 1.174 1.302 1.205 1.33 
1.136 1.079 1.225 1.588 1.893 1.898 1.84 1.597 1.147 1.097 
1.106 1.039 1.066 1.075 0.981 1.033 1.276 1.303 1.165 1.36 
1.461 1.673 1.958 2.856 3.663 5.083 6.044 
END
