PFRMAT local QA
AUTHOR MASS-CASP14
af2-standard_T1146_4.pdb local_accuracy_only 15.0 15.0 15.0 15.0 15.0 15.0 15.0 15.0 15.0 15.0 15.0 
15.0 15.0 15.0 15.0 14.581 14.758 14.784 13.587 14.872 13.84 
13.484 13.195 10.263 10.552 8.209 7.585 6.024 5.427 4.8 4.105 
3.669 3.716 3.308 2.717 2.946 2.983 2.377 2.622 2.721 3.687 
4.459 3.537 3.504 3.29 3.326 2.506 2.633 2.703 2.357 1.729 
1.62 1.63 1.688 1.509 1.325 1.36 1.286 1.158 1.185 1.342 
1.395 1.366 1.407 1.391 1.396 1.353 1.302 1.472 2.149 2.339 
1.899 1.752 2.27 2.847 3.076 3.651 3.131 3.009 2.353 2.311 
2.055 2.397 1.911 1.723 1.593 1.613 1.754 1.507 1.532 1.283 
1.012 0.93 0.965 1.013 1.059 0.975 1.028 1.002 1.017 1.038 
1.038 1.061 0.962 1.082 1.017 1.206 1.324 1.414 1.61 1.558 
1.321 1.09 1.21 1.301 1.173 1.072 1.183 1.311 1.282 1.297 
1.214 1.403 1.72 1.94 1.744 1.557 1.599 1.561 1.803 1.488 
1.425 1.55 1.412 1.273 1.549 1.686 1.847 1.557 1.574 2.132 
2.605 2.605 2.681 2.18 2.067 1.797 1.743 1.481 1.361 1.431 
1.472 1.257 1.295 1.52 2.201 2.054 2.784 3.712 4.632 4.233 
3.346 3.354 3.174 3.756 3.496 3.239 2.969 2.686 2.767 2.841 
2.816 2.956 2.457 2.555 3.175 4.072 4.437 5.368 7.219 8.065 
7.402 6.966 5.768 4.68 3.993 3.629 3.286 2.853 2.593 2.973 
2.675 2.651 3.198 3.335 3.039 3.559 3.97 4.107 3.75 3.941 
4.037 3.831 3.905 3.285 2.868 2.133 1.906 1.845 1.429 1.468 
1.271 1.2 1.374 1.548 1.747 1.671 1.564 2.361 2.688 3.2 
3.161 3.404 2.599 2.28 2.453 2.165 1.635 1.651 1.599 1.411 
1.136 1.037 1.14 1.161 1.131 1.209 1.488 2.572 3.836 4.388 
4.88 4.933 5.206 6.314 5.876 5.477 6.296 6.007 4.289 2.488 
1.845 1.563 1.228 1.273 1.172 1.246 1.136 1.237 1.403 1.763 
2.323 2.815 2.764 1.887 1.21 1.029 1.106 1.003 1.082 1.199 
1.328 1.827 2.509 3.606 5.431 6.054 4.763 3.728 3.005 2.621 
2.359 2.42 1.989 1.66 2.099 2.221 2.553 2.33 3.41 4.614 
4.523 5.15 5.185 5.029 3.963 2.121 1.468 1.51 1.285 1.019 
1.069 0.979 0.991 1.033 1.086 1.297 1.783 2.39 3.169 
END
