PFRMAT local QA
AUTHOR LAW-CASP14
af2-standard_T1146_4.pdb local_accuracy_only 15.0 15.0 15.0 15.0 15.0 15.0 15.0 15.0 15.0 15.0 15.0 
15.0 15.0 15.0 15.0 15.0 15.0 15.0 15.0 15.0 15.0 
15.0 15.0 15.0 15.0 14.352 12.986 10.893 9.522 8.557 2.134 
5.35 6.136 3.501 3.231 3.729 4.293 3.832 2.94 4.541 4.763 
5.552 4.244 3.665 5.276 4.287 2.962 3.564 3.935 2.269 1.822 
1.223 1.251 1.235 1.174 0.855 0.996 1.026 0.86 0.815 1.013 
1.064 0.912 0.929 0.83 0.738 0.759 0.753 0.909 1.041 1.134 
0.823 0.833 1.054 1.243 1.427 2.726 3.185 2.631 4.179 3.738 
2.724 3.63 1.013 1.03 0.897 0.938 0.97 1.066 0.922 0.785 
0.653 0.689 0.554 0.519 0.528 0.519 0.523 0.588 0.604 0.581 
0.611 0.648 0.677 0.723 0.798 0.805 1.316 1.254 1.313 1.111 
0.979 0.811 0.855 0.947 0.784 0.752 0.889 0.958 0.813 0.819 
0.903 0.975 1.071 1.016 1.069 0.951 1.144 1.152 1.564 1.044 
0.955 0.956 0.933 0.945 0.961 1.17 1.263 1.013 0.974 1.011 
1.107 0.994 0.963 0.978 1.067 1.012 1.08 1.09 0.957 0.921 
0.845 0.868 0.996 1.201 1.304 1.308 1.56 2.137 2.846 1.932 
1.635 1.642 2.032 2.214 2.799 2.599 2.81 2.399 3.921 4.158 
6.539 7.517 5.803 6.085 7.36 7.235 7.953 8.964 7.432 5.586 
4.587 6.396 5.282 6.0 9.243 12.243 15.0 13.003 13.634 14.23 
10.14 10.539 13.117 13.157 9.704 10.39 9.731 8.017 6.8 8.053 
7.916 4.639 6.861 4.013 2.855 2.676 2.122 2.272 1.586 1.336 
1.023 1.074 1.063 1.026 1.264 1.278 1.166 1.257 1.396 1.366 
1.313 1.495 1.343 1.307 1.467 1.315 1.109 0.919 0.947 0.822 
0.701 0.577 0.585 0.606 0.674 0.779 1.0 1.643 2.286 2.209 
4.477 4.059 4.609 6.067 6.605 4.844 5.626 4.163 3.159 1.769 
1.485 0.751 0.731 0.575 0.561 0.545 0.578 0.649 0.848 1.136 
1.348 2.234 1.771 1.473 0.97 0.881 0.714 0.7 0.604 0.663 
0.841 1.371 3.51 4.237 4.863 2.597 1.898 0.788 0.778 0.892 
0.914 0.938 0.962 0.82 1.003 0.981 0.935 1.018 1.077 1.147 
1.212 1.463 2.025 1.939 2.097 1.82 1.14 1.043 0.909 0.751 
0.78 0.698 0.738 0.806 0.972 1.215 1.242 1.344 1.238 
END
