PFRMAT local QA
AUTHOR MASS-CASP14
af2-standard_T1185s2_1.pdb local_accuracy_only 15.0 15.0 15.0 15.0 15.0 15.0 15.0 14.387 11.63 8.578 6.732 
4.405 2.909 2.094 2.068 1.707 1.351 1.448 1.264 1.255 1.267 
1.275 1.184 1.162 1.286 1.186 1.087 1.354 1.782 1.782 1.605 
1.2 1.173 1.244 1.338 1.475 1.372 1.222 1.505 1.62 1.306 
1.279 1.481 1.56 1.253 1.134 1.516 1.681 1.695 1.436 1.549 
1.339 1.381 1.614 1.621 1.375 1.187 1.441 1.529 1.322 1.255 
1.418 1.324 1.247 1.382 1.571 1.892 1.748 2.212 2.515 2.836 
3.706 5.195 8.654 11.88 14.625 15.0 15.0 15.0 14.642 12.33 
10.094 9.632 7.014 4.932 4.508 4.62 4.697 4.638 3.734 4.283 
4.173 4.051 3.529 3.588 3.217 2.64 2.277 1.616 1.454 1.389 
1.517 1.51 1.546 1.655 1.65 1.489 1.868 1.785 1.793 2.072 
2.182 2.27 1.728 1.577 1.559 1.561 1.422 1.418 1.127 1.096 
1.156 1.094 0.998 1.083 1.374 1.702 1.997 1.577 1.837 1.706 
1.929 1.751 1.386 1.318 1.463 1.507 1.429 1.422 1.4 1.417 
1.326 1.215 1.184 1.457 1.684 1.621 1.661 1.921 1.8 1.687 
1.516 1.284 1.105 0.925 0.893 0.791 0.809 0.952 1.358 1.6 
1.84 1.634 1.416 1.649 1.805 1.871 1.706 1.428 1.67 1.634 
1.4 1.438 1.589 1.44 1.316 1.33 1.464 1.451 1.382 1.564 
1.821 1.9 2.211 2.698 3.214 3.761 4.396 5.289 5.069 4.384 
3.599 3.341 3.567 2.905 2.517 3.224 3.278 2.321 2.145 1.88 
2.104 1.668 1.37 1.344 1.388 1.239 1.007 1.166 1.048 1.006 
1.196 1.185 1.378 1.457 1.249 1.443 1.412 1.235 1.302 1.468 
1.38 1.239 1.542 1.527 1.344 1.69 1.698 1.563 1.573 1.937 
1.892 1.602 1.736 1.365 1.04 0.888 0.848 0.733 0.199 0.769 
1.028 1.158 1.476 1.478 1.677 1.89 2.221 2.467 3.246 3.418 
2.996 3.33 2.525 2.273 2.097 1.674 1.612 1.873 1.71 1.498 
1.466 1.711 1.576 1.276 1.386 1.463 1.351 1.191 1.221 1.242 
1.052 1.104 1.448 1.749 1.586 1.361 1.097 1.043 0.87 0.781 
0.802 0.928 1.208 1.653 1.691 2.516 3.158 3.558 4.721 5.687 
6.245 6.014 4.561 3.879 2.963 2.681 2.377 2.268 2.251 2.135 
2.344 2.353 2.088 1.706 1.803 2.039 1.5 1.499 1.106 0.987 
1.013 1.029 1.058 1.065 1.088 1.336 1.919 2.816 2.694 2.028 
1.476 1.241 1.31 1.174 1.021 1.128 1.123 1.379 1.828 2.241 
2.252 2.063 1.777 1.555 1.386 1.217 1.185 1.182 1.167 1.227 
1.626 1.763 1.738 1.444 1.203 1.413 1.682 1.781 2.099 2.145 
2.9 3.351 4.356 4.091 3.795 4.728 5.288 5.842 6.915 6.901 
8.67 9.454 12.355 10.416 13.587 9.889 15.0 9.635 15.0 11.927 
15.0 13.73 12.946 15.0 15.0 
END
