PFRMAT local QA
AUTHOR LAW-CASP14
af2-standard_T1185s2_1.pdb local_accuracy_only 15.0 15.0 15.0 15.0 15.0 15.0 15.0 15.0 15.0 15.0 10.552 
8.314 4.68 2.863 3.64 3.775 2.373 2.791 2.244 2.781 2.503 
2.824 2.222 2.617 3.007 2.512 2.573 2.873 2.84 2.759 2.885 
3.008 2.66 2.547 2.207 2.463 2.498 2.241 2.208 2.612 2.365 
1.87 1.616 1.823 1.918 1.674 1.773 1.99 2.114 2.168 2.097 
1.756 1.659 1.67 1.849 1.771 1.52 1.574 1.535 1.515 1.744 
1.773 1.879 1.733 1.79 1.835 2.031 2.124 2.552 2.452 2.935 
3.837 7.726 10.208 13.584 15.0 15.0 15.0 15.0 15.0 15.0 
15.0 14.904 12.679 10.979 10.86 10.459 9.465 8.488 7.317 5.679 
4.642 3.625 3.352 3.082 2.474 1.54 0.961 0.94 0.773 0.872 
0.806 0.889 0.862 0.89 0.895 0.869 0.939 1.071 1.117 1.051 
1.428 1.12 0.985 0.814 0.923 0.835 0.895 0.829 0.732 0.676 
0.684 0.644 0.718 0.742 0.823 0.862 0.843 0.819 0.866 0.734 
0.863 0.802 0.758 0.694 0.818 0.801 0.724 0.699 0.791 0.786 
0.728 0.753 0.763 0.844 0.82 1.047 0.852 0.822 0.798 0.819 
0.814 0.806 0.776 0.713 0.644 0.614 0.61 0.753 0.892 1.072 
1.003 1.152 1.099 1.407 1.316 1.349 1.169 1.043 1.236 1.173 
1.036 1.018 1.232 1.118 1.103 1.265 1.286 1.277 1.254 1.47 
1.656 1.704 2.0 2.099 2.381 2.829 3.619 4.367 4.767 4.188 
3.131 3.463 3.164 2.208 1.913 2.436 2.127 1.675 1.57 1.368 
1.344 1.348 1.044 1.119 1.039 0.885 0.777 0.719 0.648 0.634 
0.749 0.745 0.936 0.932 0.922 0.982 0.888 0.86 0.949 0.942 
0.816 0.895 1.001 1.017 1.01 1.125 1.352 1.307 1.397 1.817 
1.904 1.718 2.066 1.258 0.921 0.892 0.699 0.663 0.608 0.66 
0.76 0.928 0.939 1.164 1.179 1.133 1.266 1.561 1.815 1.834 
1.777 2.062 1.708 1.716 1.56 1.551 1.384 1.39 1.325 1.246 
1.147 1.108 1.102 0.986 0.985 0.952 0.947 0.806 0.877 0.929 
0.961 0.84 1.029 1.146 1.164 1.034 0.864 0.749 0.671 0.622 
0.699 0.747 0.825 0.98 1.064 1.58 2.499 2.787 5.528 6.148 
10.043 8.618 7.519 4.439 3.462 2.128 1.783 1.13 1.326 1.433 
1.745 2.237 1.928 1.478 1.885 1.794 1.146 1.048 1.041 0.85 
0.786 0.777 0.765 0.819 0.839 1.177 1.299 1.849 1.652 1.328 
1.024 0.957 0.857 0.953 0.983 0.969 1.026 1.436 1.667 2.628 
1.975 1.809 1.316 1.137 1.006 0.888 1.026 0.933 1.102 0.985 
1.105 1.15 1.122 0.946 0.955 0.993 1.073 1.414 2.478 4.323 
5.505 7.304 8.392 15.0 13.967 12.512 15.0 15.0 15.0 15.0 
15.0 15.0 15.0 15.0 15.0 15.0 15.0 15.0 15.0 15.0 
15.0 15.0 15.0 15.0 15.0 
END
