PFRMAT local QA
AUTHOR MASS-CASP14
af2-standard_T1173_5.pdb local_accuracy_only 7.824 5.902 3.863 3.444 3.539 3.686 3.697 4.309 5.175 7.277 8.359 
9.502 9.564 10.268 10.497 9.592 6.818 5.198 3.423 2.345 1.724 
1.365 1.215 1.426 1.413 1.891 3.014 4.208 5.984 7.626 10.259 
11.375 9.241 6.34 4.001 2.862 1.752 1.524 1.53 1.969 2.398 
2.367 1.792 1.579 1.19 1.147 1.091 1.22 1.373 1.99 1.906 
1.69 1.589 1.535 1.415 1.426 1.356 1.516 1.722 2.4 3.478 
4.6 6.524 8.239 9.366 10.849 12.489 11.582 11.793 12.845 13.646 
14.171 14.877 14.889 14.513 13.527 13.525 14.2 13.095 12.381 11.651 
12.507 9.903 9.523 8.031 7.059 5.876 4.499 4.137 3.687 4.175 
4.227 4.983 4.955 4.797 3.824 3.625 3.685 3.408 3.631 3.902 
4.443 5.507 6.035 6.875 8.55 10.469 10.894 11.878 10.556 12.121 
8.704 7.351 6.452 6.983 6.079 5.99 7.799 6.877 6.06 5.069 
4.642 4.665 5.257 6.35 7.276 8.096 9.607 9.095 8.481 8.461 
7.894 6.377 6.145 4.402 3.358 3.425 2.882 3.075 3.284 3.96 
5.398 7.107 8.918 9.663 9.156 9.485 8.365 7.602 7.586 6.835 
5.527 5.649 6.565 7.164 5.82 4.9 5.618 5.567 5.796 6.616 
6.365 6.415 5.28 5.426 5.511 5.499 5.704 6.861 8.131 7.962 
5.816 3.985 2.923 2.567 2.575 2.416 3.338 3.097 3.081 3.197 
3.47 3.584 3.567 4.051 4.09 4.244 5.336 6.193 7.696 8.616 
7.911 8.631 8.318 9.251 9.398 10.432 9.464 8.622 6.071 5.038 
5.061 5.027 6.079 
END
