PFRMAT local QA
AUTHOR LAW-CASP14
af2-standard_T1173_5.pdb local_accuracy_only 4.147 2.88 2.744 2.823 2.957 2.964 3.06 2.901 2.812 2.696 3.085 
3.149 4.058 4.65 4.84 4.132 3.456 2.308 2.593 2.088 2.28 
2.11 2.039 2.094 2.337 3.813 4.411 5.155 5.953 5.069 5.258 
5.047 3.951 2.709 1.955 1.738 1.697 1.821 1.86 2.226 2.334 
2.652 2.437 2.01 1.791 1.822 1.674 1.734 1.725 2.134 2.839 
2.104 2.606 2.288 2.127 1.938 2.07 1.897 1.838 2.326 2.898 
3.045 4.065 5.477 5.773 6.725 6.976 7.917 9.32 11.284 14.412 
15.0 15.0 15.0 15.0 15.0 15.0 15.0 15.0 15.0 15.0 
12.43 11.963 8.775 5.505 5.521 5.231 5.928 5.638 6.45 6.506 
6.402 7.246 7.013 6.455 6.24 5.957 4.27 4.228 4.385 4.922 
4.626 5.047 4.186 3.885 3.544 4.305 3.97 4.756 5.409 6.166 
5.705 5.938 5.379 7.33 5.661 7.081 7.989 6.479 4.345 4.105 
3.903 3.834 4.065 3.843 4.785 5.652 9.536 9.77 13.055 14.937 
12.914 11.496 9.065 8.674 5.346 3.948 3.654 3.119 3.315 3.377 
3.679 3.848 4.06 4.322 3.83 3.349 2.922 3.22 3.564 4.193 
5.273 5.945 7.142 6.0 5.152 4.468 3.64 3.112 3.098 3.079 
3.494 3.577 3.22 3.296 3.267 3.293 3.911 5.544 6.294 7.297 
7.388 7.342 7.938 7.651 5.612 5.162 4.994 4.848 5.509 6.29 
6.788 7.596 7.626 6.82 6.688 5.407 5.58 6.072 6.853 6.509 
7.527 7.503 8.564 8.214 7.536 7.055 8.467 8.205 9.016 8.435 
8.287 7.039 6.873 
END
