PFRMAT local QA
AUTHOR MASS-CASP14
af2-standard_T1105v1_4.pdb local_accuracy_only 5.433 3.273 2.638 2.796 2.622 1.71 1.907 1.733 1.45 1.189 1.184 
1.263 1.087 1.041 1.091 1.27 1.259 1.5 1.832 1.953 1.919 
1.775 1.357 1.097 1.027 0.869 0.937 1.139 1.229 1.041 0.218 
0.003 0.097 0.007 0.936 1.229 1.171 1.13 1.34 1.667 1.692 
1.599 1.472 1.616 1.711 1.775 1.825 1.606 1.968 2.122 2.045 
1.689 1.68 1.673 2.257 2.696 2.373 1.995 1.811 1.583 1.323 
1.392 1.291 1.213 1.062 1.064 1.125 1.235 1.22 1.289 1.414 
1.27 1.443 1.503 1.684 1.745 2.412 2.874 2.593 1.723 1.495 
1.463 1.664 1.75 1.983 2.658 2.979 2.49 2.089 1.874 2.097 
1.881 1.51 1.44 1.272 1.133 1.268 1.297 1.155 1.07 1.162 
1.237 1.285 1.218 1.581 1.686 1.675 1.269 1.186 1.085 1.326 
1.282 1.237 1.291 1.12 1.038 1.274 1.389 1.085 1.205 1.377 
1.574 1.252 0.952 1.241 1.172 0.964 0.981 1.263 1.637 1.609 
1.916 1.619 1.378 1.613 1.567 1.521 1.541 1.43 1.36 1.245 
1.348 1.155 0.946 1.174 1.274 1.151 1.242 1.305 1.081 1.094 
1.551 1.893 1.695 1.641 1.663 1.593 1.435 1.323 1.566 1.468 
1.327 1.273 1.498 1.608 1.589 1.852 1.62 1.401 1.288 1.286 
1.361 1.124 1.106 1.297 1.218 1.069 1.307 1.268 1.333 1.188 
1.365 1.475 1.236 1.611 1.562 1.529 1.631 1.961 2.042 2.47 
2.775 1.896 1.323 1.211 1.139 1.131 1.084 1.142 1.159 1.135 
1.174 1.196 1.176 1.284 1.506 1.63 1.474 1.545 1.941 2.163 
2.088 2.232 2.455 2.796 3.021 2.87 3.963 3.882 3.054 3.536 
2.712 2.265 2.596 2.098 1.628 1.682 1.834 1.704 1.753 1.754 
1.96 1.774 1.624 1.301 1.383 1.194 1.394 1.521 1.761 1.745 
1.684 1.34 1.216 1.179 1.187 1.286 1.528 1.583 1.38 1.389 
1.733 1.615 1.537 1.774 1.908 1.864 2.061 1.792 1.566 1.833 
1.998 1.48 1.242 1.22 1.234 1.091 1.047 1.099 1.035 1.012 
1.142 1.206 1.176 1.205 1.258 1.155 1.048 1.124 1.501 1.387 
1.649 1.672 1.599 1.418 1.632 1.964 2.03 2.152 1.926 1.716 
1.715 1.446 1.324 1.337 1.212 1.109 1.404 1.435 1.49 1.493 
1.746 2.323 2.813 3.47 3.304 4.394 5.057 6.4 7.397 7.584 
6.699 5.415 5.642 4.621 4.948 4.929 4.162 3.804 2.966 2.047 
1.98 1.766 1.793 2.291 2.656 4.117 5.813 7.698 11.429 14.669 

END
