PFRMAT local QA
AUTHOR LAW-CASP14
af2-standard_T1105v1_4.pdb local_accuracy_only 8.122 4.842 3.984 3.966 2.416 0.992 1.405 0.777 0.859 0.627 0.651 
0.81 0.677 0.588 0.659 0.845 0.671 0.69 0.99 1.136 0.82 
0.907 0.679 0.61 0.702 0.653 0.891 1.038 1.377 1.021 0.884 
1.054 1.099 0.909 0.897 1.024 1.05 1.023 1.063 1.171 1.165 
1.196 1.172 1.257 1.134 1.228 1.449 1.277 1.356 1.254 1.177 
1.017 1.087 0.911 1.576 1.466 1.404 1.037 0.831 0.817 0.795 
0.716 0.683 0.672 0.669 0.665 0.695 0.711 0.705 0.809 0.866 
0.855 1.335 1.65 1.344 1.458 1.844 2.209 1.983 1.536 1.383 
1.242 1.172 1.54 1.229 2.456 2.18 1.842 1.388 1.111 1.153 
1.135 0.989 0.991 0.989 0.887 0.853 0.897 0.917 0.792 0.846 
0.871 0.883 0.851 1.01 1.052 1.096 1.028 0.903 0.756 0.764 
0.831 0.852 0.949 0.866 0.844 0.914 0.961 0.998 1.279 1.33 
1.39 1.289 1.241 1.363 1.444 1.058 1.133 1.271 1.447 1.392 
1.688 1.589 1.541 1.571 1.675 1.4 1.494 1.529 1.153 1.195 
1.221 1.085 0.879 0.961 1.052 0.875 0.895 0.965 1.0 0.924 
1.04 1.151 1.12 0.977 1.186 1.011 0.85 0.769 0.828 0.9 
0.779 0.829 0.899 0.811 0.767 0.852 1.028 0.872 0.791 0.81 
0.728 0.728 0.671 0.758 0.753 0.757 0.905 1.0 0.981 1.053 
1.297 1.715 0.93 1.225 0.883 0.894 0.819 1.33 0.913 2.031 
1.961 1.479 1.053 0.705 0.764 0.633 0.738 0.674 0.776 0.707 
0.677 0.704 0.682 0.704 0.777 0.787 0.865 1.098 1.18 1.182 
1.406 1.593 1.693 2.078 2.427 1.531 1.8 2.488 1.909 1.639 
1.251 1.022 1.002 0.956 0.793 0.734 0.682 0.687 0.577 0.698 
0.797 0.786 0.703 0.592 0.757 0.784 0.684 0.705 0.807 0.788 
0.827 0.759 0.669 0.716 0.703 0.825 0.928 0.908 0.792 0.912 
1.05 1.022 1.056 1.118 1.125 1.167 1.065 1.089 0.725 0.795 
0.871 0.767 0.632 0.613 0.541 0.582 0.541 0.501 0.49 0.512 
0.527 0.529 0.552 0.562 0.608 0.623 0.667 0.694 0.732 0.759 
0.79 0.892 0.915 0.935 1.049 1.223 1.094 1.21 1.128 1.122 
0.875 0.859 0.749 0.742 0.784 0.754 0.701 0.841 0.939 0.816 
0.896 1.133 1.201 1.213 1.806 1.899 2.167 3.367 3.562 2.951 
2.053 1.234 1.17 1.037 1.218 1.194 1.316 1.615 3.341 3.585 
2.57 5.687 9.331 10.894 11.321 10.145 8.292 8.871 9.192 8.324 

END
