PFRMAT local QA
AUTHOR MASS-CASP14
af2-standard_T1185s4_3.pdb local_accuracy_only 14.278 15.0 15.0 15.0 13.582 14.247 11.522 9.153 8.265 6.017 5.287 
5.072 3.923 4.304 4.122 4.151 4.265 4.625 4.87 4.271 3.463 
3.303 3.233 2.602 3.012 2.944 2.53 3.111 3.437 3.965 3.21 
3.438 3.997 4.779 5.729 4.485 3.89 2.846 2.811 2.172 1.744 
1.283 1.058 1.113 1.133 1.044 1.144 1.076 1.428 1.882 1.84 
1.578 1.869 1.801 1.69 1.649 1.364 1.322 1.433 1.523 1.397 
1.441 1.316 1.448 1.349 1.344 1.686 2.142 2.686 3.54 3.554 
3.295 2.397 2.012 1.706 1.273 1.042 0.776 0.815 0.705 0.746 
0.886 1.204 1.414 1.683 1.611 1.395 1.433 1.535 1.57 1.486 
1.252 1.348 1.513 1.438 1.342 1.553 1.626 1.683 1.657 2.119 
2.616 3.158 2.696 2.467 2.403 1.904 1.561 1.848 1.842 1.607 
1.552 0.085 0.007 0.0 0.077 0.667 1.017 0.961 0.971 1.285 
1.381 1.512 1.461 1.412 1.225 1.341 1.47 1.379 1.22 1.461 
1.543 1.411 1.861 1.933 1.699 1.654 1.842 1.994 1.805 2.002 
1.621 1.38 1.206 1.191 1.204 1.162 1.254 1.552 1.502 1.685 
1.953 2.137 2.393 2.865 3.649 5.316 6.127 6.278 7.069 7.555 
7.072 8.231 7.837 6.882 6.08 5.691 4.218 3.622 3.058 2.894 
2.088 1.604 1.781 1.608 1.256 1.463 1.413 1.189 1.108 1.181 
1.223 1.188 1.107 1.4 1.637 1.589 1.632 1.523 1.509 1.376 
1.423 1.361 1.399 1.985 2.426 3.584 5.554 6.91 10.079 13.234 
15.0 15.0 15.0 15.0 15.0 15.0 15.0 15.0 15.0 15.0 
15.0 15.0 13.85 10.344 8.829 6.393 4.421 3.64 2.94 2.285 
2.353 2.001 2.175 2.175 1.763 1.57 1.525 1.753 1.664 1.316 
1.507 1.666 1.448 1.331 1.248 1.158 1.2 1.188 1.061 1.04 
1.174 1.577 2.122 3.086 4.126 5.214 5.011 4.267 3.655 2.468 
1.551 1.156 1.127 0.99 1.039 1.101 1.16 1.27 1.509 2.129 
2.761 2.477 2.084 1.778 1.673 1.475 1.341 1.085 1.106 1.225 
1.396 1.821 2.208 2.085 1.377 1.226 1.407 1.21 1.606 
END
