PFRMAT local QA
AUTHOR LAW-CASP14
af2-standard_T1185s4_3.pdb local_accuracy_only 15.0 15.0 15.0 15.0 15.0 15.0 15.0 15.0 15.0 15.0 15.0 
13.409 12.511 12.858 11.057 8.456 6.125 9.253 6.634 5.772 1.361 
1.532 1.735 1.543 2.273 2.257 1.601 2.266 4.38 4.484 4.64 
3.736 6.982 7.124 7.521 4.341 3.58 1.697 1.371 1.119 0.817 
0.741 0.569 0.519 0.565 0.545 0.674 0.787 1.222 1.45 1.292 
0.906 1.036 0.838 1.008 1.133 1.046 0.904 1.115 1.175 1.14 
0.945 1.146 1.259 0.986 0.956 1.302 1.598 2.129 2.921 2.591 
2.122 1.491 1.335 1.094 0.872 0.744 0.596 0.54 0.528 0.555 
0.738 0.809 0.927 0.867 0.959 1.029 1.254 1.304 1.461 1.396 
1.27 1.36 1.427 1.365 1.4 1.689 1.973 1.955 2.361 3.395 
3.529 3.204 3.56 2.901 2.382 2.338 1.582 1.583 1.44 1.156 
1.053 1.061 0.879 0.699 0.651 0.654 0.603 0.75 0.764 0.984 
1.108 1.338 1.408 1.099 1.007 1.23 1.287 1.126 1.136 1.339 
1.558 1.444 1.472 1.993 1.766 1.431 2.101 1.889 1.265 1.514 
1.092 0.768 0.874 0.569 0.511 0.493 0.576 0.736 0.953 0.947 
1.304 1.434 1.606 2.211 3.651 3.685 2.91 3.678 4.338 4.352 
4.871 5.779 6.834 6.09 5.742 3.961 4.033 3.209 2.061 2.159 
1.747 1.456 1.289 1.381 1.168 1.065 1.078 1.07 0.935 0.906 
0.949 0.923 0.77 0.94 1.039 1.033 0.974 0.754 0.665 0.526 
0.487 0.562 0.753 0.857 1.32 2.131 2.868 4.02 4.741 6.534 
8.657 10.866 12.697 14.383 14.725 15.0 15.0 14.908 14.982 14.973 
12.819 11.506 11.739 11.689 11.527 9.276 8.165 6.059 4.731 2.819 
4.054 3.321 3.28 2.093 2.232 1.512 1.333 1.309 1.18 1.077 
1.185 1.076 0.863 0.709 0.669 0.605 0.606 0.595 0.641 0.713 
0.805 1.017 1.296 3.485 4.699 5.327 5.708 4.213 3.39 1.244 
1.095 0.869 0.894 0.767 0.831 0.868 1.002 1.114 1.061 1.542 
2.187 1.881 1.661 1.322 1.177 1.01 1.053 0.994 1.033 1.185 
1.313 1.468 1.653 1.589 1.304 1.3 1.398 1.429 1.379 
END
