PFRMAT local QA
AUTHOR MASS-CASP14
af2-standard_T1118v1_1.pdb local_accuracy_only 15.0 15.0 15.0 15.0 15.0 15.0 15.0 14.495 12.642 8.033 5.266 
4.33 3.562 3.328 2.941 2.572 2.866 2.916 2.406 2.024 1.773 
2.256 2.299 1.729 1.757 1.726 1.67 1.357 1.513 1.709 2.215 
2.272 2.252 1.906 1.863 1.667 1.973 2.102 2.346 3.14 3.804 
3.718 3.984 5.868 7.039 6.827 7.099 7.59 7.613 6.211 5.879 
6.129 5.655 4.645 3.432 2.966 2.554 2.424 2.383 1.894 1.704 
2.052 2.352 1.825 1.668 2.256 2.311 2.006 1.897 1.572 1.762 
1.677 1.74 1.909 2.015 2.293 2.02 1.885 1.443 1.295 1.316 
1.242 1.476 1.871 1.996 2.49 3.221 5.193 6.937 9.981 13.109 
13.402 15.0 15.0 15.0 15.0 13.061 12.635 12.061 12.105 12.248 
13.747 13.197 15.0 15.0 15.0 15.0 15.0 15.0 15.0 15.0 
15.0 15.0 15.0 15.0 15.0 11.538 11.135 10.147 9.708 9.358 
8.084 7.553 5.979 5.39 4.323 3.334 2.764 2.766 2.446 2.233 
2.143 1.864 1.375 1.497 1.39 1.284 1.211 1.258 1.511 1.647 
1.429 1.332 1.682 1.759 1.634 1.801 1.816 2.023 1.971 1.704 
1.927 1.92 1.732 1.679 2.006 2.098 1.773 1.956 2.214 1.908 
2.541 3.318 4.62 5.827 5.996 7.322 8.344 9.897 9.757 7.168 
4.686 4.501 4.267 3.433 2.837 2.687 3.043 3.364 2.809 3.444 
4.682 6.19 6.517 6.945 6.913 6.353 5.314 5.51 6.201 7.772 
9.286 8.691 9.351 10.686 12.776 15.0 15.0 15.0 15.0 15.0 
15.0 15.0 10.786 7.459 4.417 3.354 3.107 2.259 2.42 2.127 
2.026 2.347 1.683 2.106 1.859 1.815 1.688 1.655 1.526 1.61 
1.637 1.82 2.112 2.474 2.949 2.674 2.229 2.108 2.169 1.818 
1.768 1.514 1.394 1.539 1.893 2.416 2.579 2.499 2.69 2.88 
2.774 3.971 5.231 6.48 6.329 6.356 6.701 6.85 6.287 5.955 
5.252 5.334 5.392 5.605 5.988 7.125 8.643 10.015 8.786 8.328 
8.232 9.633 8.072 9.138 8.504 9.694 8.779 8.356 8.373 8.738 
9.614 8.003 5.511 5.368 5.362 5.898 5.849 6.972 7.645 6.984 
7.08 7.408 9.588 9.625 10.575 10.289 12.156 13.248 13.319 11.853 
11.366 11.617 10.251 8.831 8.561 8.099 7.27 7.576 8.703 7.996 
10.736 11.527 11.534 10.611 10.272 8.907 10.632 8.215 9.955 9.056 
8.834 7.251 9.212 7.972 10.126 9.777 10.92 10.683 10.783 10.846 
11.495 11.261 11.808 13.618 15.0 15.0 12.853 9.598 8.576 5.123 
4.336 2.98 2.868 3.15 3.615 3.478 3.684 3.38 4.37 4.961 
5.304 5.207 5.076 4.078 3.868 3.148 3.521 3.567 4.065 4.0 
4.804 6.082 7.09 7.113 7.288 8.587 9.781 10.525 8.948 7.634 
6.926 6.502 5.823 5.325 4.229 3.333 3.497 2.696 2.457 2.351 
2.249 2.679 2.32 2.522 2.962 3.106 3.43 3.017 2.626 3.174 
3.201 3.649 3.874 3.936 4.346 4.612 5.937 7.447 9.624 10.617 
13.126 11.22 11.341 11.074 11.786 9.948 8.262 8.026 7.694 7.25 
6.819 5.274 5.886 6.07 5.379 4.181 4.082 3.356 2.937 3.019 
3.351 4.177 4.323 4.891 5.625 7.476 8.627 9.783 10.671 10.711 
9.971 10.744 10.141 8.408 8.58 9.168 9.772 11.282 11.205 10.88 
10.207 9.46 9.302 7.312 8.877 7.59 8.256 7.494 5.034 4.723 
4.954 4.815 5.736 5.585 6.451 5.53 6.837 5.992 7.315 7.994 
8.932 10.701 12.525 15.0 15.0 15.0 15.0 15.0 14.324 12.369 
10.525 10.299 8.867 7.356 5.763 5.316 5.21 4.892 5.075 4.985 
5.091 6.38 6.074 6.697 8.731 8.046 8.613 6.783 7.16 6.75 
7.843 9.048 9.459 10.106 9.682 9.289 9.408 9.047 9.561 8.455 
7.847 6.835 5.133 5.062 3.867 4.083 3.465 3.611 3.044 3.033 
2.59 2.682 3.153 3.241 2.564 1.905 1.566 1.493 1.459 1.476 
1.328 1.652 1.727 1.975 1.926 2.24 2.52 2.64 2.717 3.249 
3.711 3.952 4.394 5.415 7.276 10.07 10.763 10.803 8.674 6.484 
5.275 3.699 2.918 2.261 2.217 2.089 1.732 1.594 1.417 1.302 
1.189 1.198 1.185 1.221 1.491 1.677 2.103 2.392 2.134 1.768 
1.19 0.132 0.038 0.017 0.074 0.141 0.9 1.092 1.171 1.017 
1.135 1.238 1.446 1.81 1.978 2.022 2.675 3.477 4.117 4.515 
3.673 2.452 1.942 1.477 1.656 1.398 1.307 1.298 1.209 1.246 
1.178 1.367 1.574 1.664 1.728 1.905 2.015 2.189 2.794 3.748 
5.341 6.37 5.655 4.807 2.883 1.852 1.464 1.493 1.282 1.391 
1.344 1.436 1.539 1.492 1.933 2.473 3.114 3.838 4.267 5.741 
6.062 6.852 7.594 8.118 8.805 8.544 7.701 4.83 3.416 3.011 
3.219 3.118 2.22 1.633 1.385 1.481 1.573 1.729 1.754 2.077 
2.782 2.978 3.997 3.869 4.747 4.49 4.952 5.459 6.785 7.488 
6.006 3.346 2.585 2.017 1.824 1.726 1.663 1.653 1.864 2.187 
3.275 3.888 4.769 5.655 5.288 5.629 5.826 6.284 6.781 8.388 
9.922 8.169 6.322 4.699 3.868 3.482 3.069 3.048 3.02 2.774 
2.761 2.613 2.702 2.489 2.389 2.94 3.29 3.965 4.58 4.792 
5.405 5.806 5.651 6.817 8.498 8.885 9.711 8.671 5.539 3.984 
2.851 2.268 1.693 1.657 1.438 1.417 1.488 1.555 1.893 2.288 
2.82 2.911 2.575 2.399 2.799 3.467 3.546 3.611 2.871 2.39 
1.963 1.835 1.565 1.887 1.83 1.48 1.53 1.214 1.381 1.437 
1.571 1.876 1.78 1.703 1.711 1.831 2.304 3.012 4.168 4.86 
5.796 4.96 5.018 4.439 3.483 2.15 1.793 1.456 1.304 1.132 
1.245 1.251 1.285 1.356 1.778 1.879 2.335 2.514 2.012 1.902 
2.276 2.632 2.624 2.981 3.539 4.021 4.031 4.146 4.105 3.795 
3.926 5.955 7.149 7.201 6.722 8.97 9.053 9.744 9.571 10.694 
10.341 10.2 8.934 10.318 11.582 
END
