PFRMAT local QA
AUTHOR LAW-CASP14
af2-standard_T1118v1_1.pdb local_accuracy_only 15.0 15.0 15.0 15.0 15.0 15.0 15.0 13.793 6.449 5.211 3.715 
3.291 3.266 1.839 2.228 1.562 1.756 1.894 1.88 2.26 1.642 
1.818 1.563 1.448 1.302 1.38 1.337 1.294 1.348 1.424 1.399 
1.421 1.557 1.465 1.621 1.528 1.943 2.652 3.793 3.418 4.248 
3.257 2.899 2.988 2.916 2.638 2.532 2.051 2.089 1.984 1.9 
2.668 2.703 3.395 2.501 2.665 1.955 2.105 1.987 1.67 1.604 
1.873 1.783 1.599 1.812 2.102 2.367 2.332 2.426 2.309 2.1 
2.014 1.87 1.882 1.765 2.053 1.913 1.743 1.748 1.637 1.852 
2.016 2.13 2.7 2.934 6.563 10.554 12.094 14.605 15.0 15.0 
15.0 15.0 15.0 15.0 13.449 11.725 8.619 7.153 6.198 5.451 
6.232 4.184 5.914 5.191 5.114 2.91 2.903 2.763 2.236 2.337 
1.573 1.332 1.326 1.622 1.665 1.822 1.951 2.344 1.541 1.438 
1.837 2.508 4.091 4.933 1.271 0.986 0.938 0.881 0.868 0.824 
0.841 0.712 0.718 0.727 0.694 0.718 0.752 0.911 0.756 0.86 
0.794 0.788 0.812 0.771 0.733 0.841 0.869 0.982 1.015 0.894 
1.062 0.912 0.817 0.89 0.963 0.937 0.875 0.841 0.833 0.96 
1.123 1.557 2.589 1.847 2.012 2.33 2.552 2.073 1.685 1.649 
1.942 1.323 1.952 1.477 1.178 0.921 0.832 1.017 1.174 2.94 
4.05 3.71 3.077 2.87 2.914 1.411 1.293 1.203 1.136 1.073 
1.476 1.517 1.572 2.037 3.081 3.973 3.602 4.319 3.695 2.955 
2.818 2.754 3.645 2.822 1.879 1.294 1.062 0.944 1.122 0.915 
0.809 0.794 0.73 0.717 0.751 0.733 0.771 0.787 0.781 0.774 
0.811 0.758 0.819 0.93 0.915 0.84 1.335 0.915 1.314 0.795 
0.892 0.835 0.893 0.804 0.915 0.869 0.82 0.831 0.857 1.032 
1.114 1.514 1.938 2.001 1.842 1.63 1.577 1.528 1.721 1.817 
1.89 1.648 1.653 1.344 1.357 1.974 2.107 1.725 2.002 2.088 
2.06 1.838 1.538 1.241 1.311 1.432 1.592 1.947 2.115 2.346 
3.138 3.31 2.296 2.027 1.622 1.429 1.192 1.105 1.167 1.245 
1.438 1.747 1.93 1.993 2.144 2.358 3.531 4.679 4.707 4.106 
4.576 5.011 4.19 3.573 2.485 2.406 1.789 1.75 1.633 1.473 
1.332 1.299 1.214 1.265 1.53 1.761 2.284 2.505 2.872 2.847 
1.942 2.032 1.996 1.644 1.448 1.356 1.408 1.653 1.737 1.846 
1.87 2.025 2.324 2.408 2.512 2.724 3.394 2.936 2.695 2.85 
2.344 2.188 1.973 1.705 1.979 2.195 2.062 1.86 2.287 2.853 
2.624 3.18 3.507 2.717 2.613 2.573 2.924 2.26 3.564 3.138 
3.436 3.254 3.791 4.491 4.579 5.34 3.798 3.499 2.909 2.495 
2.385 2.356 2.343 2.256 2.139 1.788 1.706 1.477 1.413 1.393 
1.53 1.487 1.546 1.668 1.714 1.737 1.951 1.823 1.806 1.611 
1.725 1.594 1.599 1.651 1.662 1.778 2.025 2.45 2.372 2.544 
2.47 2.482 2.72 2.877 3.091 3.429 3.394 3.101 3.085 2.611 
2.514 2.89 3.639 4.871 5.902 4.388 4.06 3.616 3.748 3.362 
3.513 3.582 3.538 3.362 3.088 3.003 2.582 2.549 2.347 2.331 
2.507 2.611 2.815 2.53 1.912 1.882 1.636 1.768 1.59 1.672 
1.643 1.705 2.037 2.342 3.107 2.808 3.116 2.986 2.012 1.766 
1.358 1.319 1.215 1.232 1.142 1.229 1.344 1.525 1.54 1.854 
1.967 2.56 2.361 2.376 2.168 2.261 2.42 2.641 3.358 3.672 
4.327 4.609 4.349 5.076 4.562 4.152 3.787 3.37 3.185 4.308 
4.412 5.475 5.703 5.92 5.904 5.629 5.649 5.226 5.626 4.531 
4.38 3.602 3.212 2.414 2.119 1.878 1.9 1.737 1.824 1.699 
1.51 1.154 1.313 1.054 1.088 0.93 1.006 1.015 1.018 1.063 
1.144 1.248 1.712 1.948 1.486 1.228 1.088 0.978 0.966 0.931 
0.872 0.917 0.871 0.938 0.987 1.044 1.167 1.197 1.352 1.553 
1.616 1.685 1.896 1.824 2.319 2.46 2.247 2.3 1.952 1.772 
1.535 1.43 1.211 1.114 1.078 0.962 1.019 0.812 0.894 0.82 
0.882 0.804 0.963 0.951 1.108 1.119 1.469 1.731 2.598 1.319 
1.219 0.974 0.987 0.856 0.88 0.837 0.805 0.773 0.736 0.804 
0.854 1.077 1.291 1.594 2.253 2.349 2.54 2.473 3.073 2.737 
2.368 2.102 2.021 1.867 1.497 1.084 1.015 0.827 0.832 0.79 
0.751 0.874 0.804 0.991 0.841 1.005 0.868 1.027 1.149 2.0 
3.686 4.723 3.05 1.794 1.249 1.024 0.935 0.873 0.871 0.849 
0.842 0.754 0.767 0.785 0.814 0.879 1.034 1.425 1.508 2.545 
3.226 4.326 6.573 6.901 8.296 6.25 5.197 3.588 3.051 2.618 
2.199 2.225 1.853 1.274 0.987 0.888 0.784 0.774 0.741 0.788 
0.786 0.871 0.922 1.003 1.069 1.192 2.397 2.819 3.703 3.916 
3.01 2.382 1.671 1.124 0.987 0.903 0.862 0.798 0.774 0.826 
0.896 0.915 1.019 1.092 1.382 1.534 1.754 2.736 3.841 4.486 
3.992 1.892 2.142 1.465 1.294 1.148 1.168 1.221 1.235 1.017 
0.854 0.867 0.807 0.767 0.814 0.821 0.872 0.858 0.949 1.196 
1.333 1.903 2.421 3.383 3.268 3.599 3.928 2.853 2.636 1.935 
1.183 1.335 1.001 0.861 0.822 0.782 0.792 0.808 0.828 0.833 
0.888 0.933 0.947 1.099 1.212 1.305 1.339 1.53 1.218 1.24 
1.133 1.054 1.093 1.037 0.962 0.945 0.851 0.811 0.778 0.723 
0.75 0.747 0.82 0.923 0.977 1.198 1.578 2.252 2.692 3.224 
3.171 2.706 2.528 1.733 1.47 1.086 0.979 0.857 0.802 0.728 
0.709 0.742 0.776 0.761 0.828 0.9 0.914 1.441 1.265 1.432 
1.639 1.379 1.392 1.473 1.495 1.49 1.752 1.715 1.625 1.747 
1.708 2.865 2.129 1.552 0.87 0.882 0.867 1.061 1.053 1.226 
1.252 1.484 1.581 1.824 1.83 
END
