PFRMAT local QA
AUTHOR MASS-CASP14
af2-standard_T1104_5.pdb local_accuracy_only 7.702 4.306 3.633 3.141 3.25 2.316 2.009 2.165 2.147 1.676 1.713 
1.778 1.836 1.616 1.921 1.855 2.031 2.385 2.714 2.777 3.005 
2.297 2.284 2.619 3.172 3.082 2.49 2.599 2.162 1.89 1.61 
1.657 2.024 2.037 1.726 1.916 2.215 2.546 2.404 1.717 2.125 
1.999 2.181 2.33 2.831 3.311 3.562 3.737 4.744 4.877 4.824 
5.439 6.598 7.209 7.594 9.19 9.248 8.643 7.598 5.306 5.964 
6.258 6.559 4.867 4.46 4.437 3.914 3.63 2.997 2.824 3.0 
2.658 1.857 1.86 2.043 1.966 2.056 2.524 2.952 2.648 2.069 
1.715 1.904 1.824 1.458 1.496 1.757 1.717 1.697 1.473 1.657 
1.982 2.211 2.394 2.936 3.12 3.333 3.596 3.899 3.088 2.091 
1.709 1.643 1.514 1.228 1.406 1.486 1.519 1.306 1.448 1.647 
1.558 1.802 2.191 2.297 2.305 3.022 
END
