PFRMAT local QA
AUTHOR LAW-CASP14
af2-standard_T1104_5.pdb local_accuracy_only 3.736 2.215 2.229 1.842 1.747 1.761 1.673 1.507 1.501 1.5 1.419 
1.371 1.442 1.316 1.365 1.346 1.322 1.387 1.402 1.409 1.457 
1.494 1.655 1.814 1.957 1.8 1.797 1.971 1.874 2.036 1.867 
2.123 1.896 2.101 2.558 2.85 3.361 3.976 3.736 3.208 4.098 
4.101 4.01 4.113 4.484 4.451 3.971 4.303 4.087 5.577 4.48 
6.766 5.759 6.392 3.957 6.563 6.701 7.016 8.099 6.522 5.965 
7.559 6.132 5.504 5.367 5.335 4.74 3.59 3.745 2.842 2.672 
1.974 1.746 1.783 1.792 1.655 1.597 1.81 1.787 1.66 1.721 
1.492 1.761 1.809 1.687 1.641 1.92 2.087 2.002 2.063 2.428 
2.676 2.727 3.15 3.362 3.363 3.491 3.642 3.949 3.425 2.608 
1.962 2.006 2.364 2.017 1.512 1.829 1.778 1.442 1.463 1.691 
1.451 1.436 1.52 1.6 1.54 1.599 
END
