PFRMAT local QA
AUTHOR MASS-CASP14
af2-standard_T1137s5_1.pdb local_accuracy_only 15.0 15.0 15.0 15.0 15.0 15.0 15.0 15.0 15.0 13.271 11.994 
9.732 9.163 7.167 7.619 6.925 6.947 6.191 6.632 6.735 6.757 
6.565 7.09 7.03 6.725 6.901 7.036 7.063 7.125 6.91 7.412 
6.838 6.939 7.81 7.823 7.983 8.597 8.191 8.283 9.295 9.844 
10.938 13.314 13.541 15.0 15.0 15.0 15.0 13.142 10.485 8.799 
8.319 5.413 2.848 1.877 1.461 1.132 1.004 1.038 1.088 1.117 
1.283 1.531 1.401 1.687 1.853 1.336 1.859 1.68 1.671 1.336 
1.268 1.052 1.365 1.789 2.201 2.483 2.016 1.736 1.495 1.26 
1.182 1.143 1.328 1.332 1.11 1.229 1.597 2.251 2.649 2.563 
1.714 1.302 1.059 1.01 0.359 0.558 0.202 0.728 1.091 1.49 
1.589 1.446 1.639 1.339 1.546 1.698 1.538 1.424 1.247 1.219 
1.14 1.138 1.27 1.563 1.616 1.708 2.623 2.48 2.206 1.656 
1.556 1.244 0.99 0.657 0.896 1.189 1.547 3.31 5.619 8.584 
11.015 12.685 12.789 9.06 6.596 4.9 5.132 4.056 4.196 3.136 
3.132 2.998 3.679 5.278 6.388 5.88 6.307 6.692 6.437 7.09 
7.364 6.277 4.767 5.005 4.459 3.66 3.934 4.227 4.301 4.037 
4.324 6.012 6.315 6.226 7.554 8.822 8.737 8.324 8.563 7.925 
6.756 5.771 5.767 4.981 4.72 4.511 4.722 4.429 4.341 4.367 
3.968 4.239 4.542 5.242 5.907 6.496 6.728 6.265 5.403 4.744 
4.409 4.739 4.508 4.955 5.508 5.083 4.861 4.4 4.183 4.036 
3.644 3.544 3.838 3.865 4.207 4.739 3.925 3.649 3.646 3.191 
2.776 2.868 2.81 2.733 2.483 2.894 2.882 2.954 2.675 2.983 
2.742 2.867 3.113 3.728 3.751 4.245 5.58 5.242 4.214 4.084 
4.09 3.621 4.018 4.63 4.811 5.228 6.276 6.779 6.625 6.943 
7.981 7.768 7.824 7.312 7.902 7.27 7.833 8.582 8.865 8.829 
8.28 8.304 7.645 7.87 8.543 8.608 8.802 10.219 8.632 8.036 
9.128 9.778 8.006 9.798 10.332 9.818 8.16 8.309 7.611 7.556 
7.033 7.814 10.248 9.882 10.359 9.559 8.772 8.678 9.046 8.678 
9.407 9.865 9.618 8.585 8.454 7.1 7.374 6.646 6.17 6.435 
6.875 6.812 8.029 9.112 8.307 8.45 7.712 7.739 6.203 6.82 
7.484 7.244 7.74 8.114 7.586 8.668 7.4 6.98 6.261 6.945 
5.209 4.519 4.271 5.137 5.199 4.993 6.488 7.421 8.631 8.628 
8.907 10.22 10.215 10.52 9.911 12.286 15.0 15.0 14.509 15.0 
15.0 15.0 15.0 15.0 12.471 11.971 12.761 11.59 12.279 12.452 
14.591 14.324 13.79 15.0 15.0 15.0 15.0 15.0 15.0 15.0 
15.0 11.952 9.251 9.509 8.237 9.769 10.392 11.935 10.356 13.963 
13.889 15.0 15.0 15.0 15.0 15.0 15.0 14.484 13.867 12.389 
11.553 9.964 8.808 7.369 7.378 6.91 7.117 6.46 7.481 7.507 
8.079 9.67 10.76 12.356 10.946 13.591 15.0 15.0 15.0 
END
