PFRMAT local QA
AUTHOR LAW-CASP14
af2-standard_T1137s5_1.pdb local_accuracy_only 15.0 15.0 15.0 15.0 15.0 15.0 15.0 15.0 3.88 3.324 3.15 
3.089 2.824 2.872 3.313 3.027 2.891 3.024 2.936 3.806 4.953 
5.58 5.206 4.798 5.994 8.267 11.007 10.365 8.897 9.649 11.893 
13.82 15.0 15.0 15.0 14.277 11.048 9.622 8.842 7.712 8.774 
8.418 7.324 8.552 8.689 7.988 7.267 2.053 1.455 2.014 1.867 
2.395 1.78 1.311 1.003 0.898 0.843 0.87 0.8 0.898 0.918 
1.083 1.205 1.036 1.681 1.575 1.142 1.107 1.064 1.198 0.869 
0.914 0.685 0.858 0.881 1.099 1.25 1.045 1.235 0.828 0.883 
0.875 0.773 0.942 0.865 0.879 0.908 1.036 1.048 1.282 1.12 
0.975 0.863 0.849 0.776 0.792 0.752 0.876 0.842 1.073 1.272 
1.212 0.98 1.226 1.026 1.284 1.364 1.178 0.983 0.983 0.838 
0.931 0.937 0.987 1.478 1.481 1.907 2.195 2.239 1.806 1.397 
1.099 0.875 0.729 0.823 0.813 0.928 1.189 1.282 2.126 2.377 
1.8 2.069 2.128 1.599 1.439 1.176 1.095 1.06 1.108 1.032 
0.971 0.992 1.15 1.295 2.107 1.407 1.345 1.292 1.331 1.501 
2.033 2.292 2.678 3.158 2.989 2.935 3.638 4.76 5.253 5.252 
7.618 8.608 7.544 8.895 10.249 10.405 13.211 11.268 14.888 15.0 
15.0 15.0 15.0 15.0 15.0 15.0 15.0 15.0 12.205 10.129 
10.373 6.195 4.934 4.833 3.322 3.295 2.898 3.079 2.585 2.378 
2.385 2.509 2.614 2.611 3.153 3.144 3.001 3.149 3.696 4.024 
3.942 3.71 3.213 3.184 2.849 2.814 2.263 2.152 1.997 1.756 
1.642 1.693 1.618 1.559 1.617 1.891 1.932 1.923 2.087 2.219 
2.14 2.176 2.309 2.295 2.374 2.43 2.506 2.688 2.925 2.983 
3.101 3.033 3.71 5.046 5.365 6.766 8.589 9.476 11.053 14.891 
15.0 15.0 15.0 15.0 15.0 15.0 15.0 15.0 15.0 15.0 
15.0 14.168 11.869 11.906 9.043 7.611 8.22 7.758 4.731 4.26 
4.44 5.092 4.388 4.011 4.145 3.69 3.754 3.855 4.569 4.448 
4.938 5.493 6.705 6.636 7.004 6.776 6.947 6.602 7.081 8.944 
6.71 5.585 5.919 5.432 5.537 6.145 5.854 4.343 4.194 4.301 
4.315 4.019 4.034 4.169 3.58 3.627 3.502 3.226 3.104 3.236 
3.088 2.852 2.805 2.85 2.806 2.909 3.147 2.948 2.964 2.972 
2.952 2.919 2.937 3.149 3.086 3.146 3.361 3.535 3.997 4.876 
5.742 5.667 8.267 6.953 5.615 7.238 10.421 12.393 15.0 15.0 
15.0 15.0 15.0 15.0 15.0 15.0 15.0 15.0 15.0 15.0 
15.0 15.0 15.0 15.0 15.0 15.0 15.0 15.0 15.0 15.0 
15.0 15.0 15.0 15.0 15.0 15.0 15.0 15.0 15.0 15.0 
15.0 15.0 15.0 15.0 15.0 15.0 15.0 15.0 15.0 15.0 
15.0 15.0 15.0 15.0 15.0 15.0 15.0 15.0 15.0 15.0 
15.0 15.0 15.0 15.0 15.0 15.0 15.0 15.0 15.0 
END
