PFRMAT local QA
AUTHOR MASS-CASP14
af2-standard_T1180_2.pdb local_accuracy_only 3.847 2.049 1.439 1.102 0.908 0.79 0.773 0.832 0.874 0.965 1.231 
1.346 1.761 2.048 2.538 2.241 1.956 2.043 2.19 1.926 1.99 
1.94 1.682 1.673 1.861 1.847 1.814 2.021 1.437 1.187 1.06 
0.639 0.182 0.157 0.985 1.193 1.356 1.537 1.704 2.039 2.501 
2.996 2.886 2.69 2.081 1.601 1.897 1.737 1.522 1.425 1.577 
1.458 1.3 1.455 1.61 1.482 1.371 1.743 1.811 1.433 1.28 
1.158 1.038 1.032 1.273 1.477 1.925 2.759 4.009 5.474 5.865 
6.732 5.9 5.819 5.576 4.841 4.378 3.794 3.063 2.324 2.549 
2.159 1.941 1.999 1.855 1.5 1.724 1.658 1.472 1.556 2.006 
2.129 2.224 2.025 1.705 1.406 1.04 0.988 1.048 0.954 1.099 
1.384 1.65 1.89 1.988 2.309 2.186 1.969 1.63 2.09 2.103 
1.688 1.773 2.165 2.307 2.296 2.971 3.348 3.397 3.191 2.195 
1.465 1.055 1.1 1.047 1.026 0.963 1.101 1.171 1.441 1.707 
1.588 1.554 1.484 1.598 1.699 1.704 1.562 1.312 1.595 1.565 
1.39 1.196 1.323 1.391 1.349 1.485 1.571 1.465 1.568 1.321 
1.186 1.054 1.017 0.798 0.735 0.521 0.727 0.851 1.091 1.325 
1.427 1.547 1.739 1.56 1.537 1.641 1.396 1.223 1.313 1.533 
1.539 1.584 1.714 1.775 1.57 1.939 2.101 2.342 1.96 2.28 
1.804 1.239 1.142 0.949 0.887 0.956 0.947 0.996 0.95 1.34 
1.534 1.68 1.458 1.589 1.512 1.556 1.469 1.524 1.64 1.738 
1.972 1.783 1.491 1.61 1.421 1.265 1.171 1.18 1.259 1.379 
1.621 2.105 3.01 4.866 5.784 6.384 7.171 6.886 7.119 5.758 
5.544 5.503 5.566 5.568 5.69 5.127 5.241 5.619 4.493 4.343 
4.614 4.206 4.044 4.08 4.894 5.115 3.731 2.324 1.508 1.267 
1.152 1.102 0.975 1.084 1.328 1.966 2.559 2.633 3.027 3.029 
2.621 1.977 1.549 1.582 1.569 1.374 1.126 1.17 1.332 1.427 
1.599 1.675 1.683 1.841 1.859 1.638 1.571 1.567 1.744 1.736 
1.477 1.528 1.812 2.007 2.136 2.214 2.664 2.342 1.963 1.837 
2.135 2.283 1.879 2.366 2.604 2.973 3.108 2.366 2.359 2.684 
2.14 1.583 1.907 1.843 1.686 1.55 1.608 1.795 1.565 1.553 
1.88 1.898 1.747 2.385 2.653 2.906 2.659 2.246 1.697 1.212 
1.061 1.019 0.967 1.132 1.229 1.339 1.416 1.695 2.354 2.304 
2.428 2.161 1.768 1.514 1.771 1.69 1.261 1.679 1.837 1.745 
1.826 1.655 1.339 1.209 1.254 1.183 1.262 1.359 1.254 1.212 
1.6 1.643 1.46 1.642 1.952 2.054 2.328 2.823 3.526 3.697 
3.697 3.682 3.276 3.857 4.302 3.949 4.526 4.135 4.481 3.642 
2.818 2.379 2.167 1.718 1.498 1.752 1.954 1.742 1.844 1.91 
1.77 1.698 1.842 1.895 1.692 1.694 1.763 1.623 1.426 1.409 
1.237 1.14 1.273 1.247 1.357 1.849 1.949 2.681 2.344 2.177 
1.783 1.687 1.406 1.31 1.156 1.317 1.305 1.142 1.235 1.58 
1.576 1.392 1.834 
END
