PFRMAT local QA
AUTHOR LAW-CASP14
af2-standard_T1180_2.pdb local_accuracy_only 1.491 1.263 0.904 0.829 0.817 0.739 0.806 0.832 0.875 1.188 1.604 
1.877 2.562 2.037 2.523 2.218 1.621 1.685 1.973 1.529 1.404 
1.618 1.638 1.225 1.377 1.65 1.442 1.385 0.93 0.898 0.751 
0.778 0.695 0.746 0.839 0.967 1.257 1.428 1.484 2.797 3.065 
3.529 3.294 2.706 2.104 1.581 1.514 1.589 1.487 1.201 1.373 
1.399 1.189 1.206 1.481 1.506 1.257 1.794 1.836 1.059 0.935 
0.783 0.732 0.748 0.759 1.021 2.005 2.925 3.927 4.243 2.983 
4.237 3.803 3.844 4.226 3.623 2.374 3.269 3.113 2.396 2.098 
1.476 1.507 1.51 1.49 1.046 1.347 1.379 1.163 1.118 1.552 
1.454 1.406 1.377 0.988 0.94 0.767 0.764 0.715 0.759 0.838 
1.014 1.155 1.43 1.695 1.655 1.847 1.844 1.365 1.723 1.888 
1.725 1.493 2.126 2.169 1.898 2.625 2.613 1.663 1.527 0.973 
0.912 0.808 0.755 0.781 0.719 0.747 0.765 0.931 1.067 1.054 
1.102 1.182 1.183 1.39 1.242 1.253 1.186 0.979 1.089 1.05 
0.898 0.853 1.011 1.069 0.954 1.014 1.242 1.271 1.29 0.941 
0.905 0.803 0.787 0.689 0.717 0.714 0.814 0.956 1.111 1.34 
1.518 1.462 1.591 1.394 1.257 1.382 1.346 1.056 1.103 1.183 
1.154 1.063 1.241 1.362 1.288 1.355 1.701 1.737 1.758 1.662 
1.605 1.109 0.983 0.848 0.719 0.78 0.763 0.942 1.011 1.242 
1.305 1.298 1.059 1.144 1.113 1.018 0.973 1.13 1.1 0.974 
1.092 1.23 1.091 1.168 0.899 0.921 0.768 0.784 0.819 0.966 
1.446 1.89 3.006 2.634 2.068 1.806 1.696 1.7 1.562 1.452 
1.885 2.897 2.436 4.687 4.678 3.052 5.644 6.357 5.151 5.447 
6.23 5.162 3.842 4.563 5.534 4.604 4.051 2.208 1.138 0.788 
0.731 0.743 0.846 0.946 1.216 1.237 1.331 1.088 1.148 0.941 
1.241 1.194 1.061 0.932 1.223 1.147 1.083 1.181 1.518 1.388 
1.465 1.604 1.202 1.206 1.058 0.954 1.171 1.073 1.255 1.375 
1.279 1.246 1.597 1.658 1.644 1.936 2.021 1.799 1.783 1.468 
1.665 1.734 1.656 1.713 2.01 1.962 1.971 1.911 1.776 1.804 
1.681 1.485 1.344 1.378 1.244 1.151 1.208 1.249 1.159 1.221 
1.368 1.522 1.55 1.905 2.551 2.521 2.714 1.41 1.102 0.86 
0.838 0.872 0.924 1.178 1.223 1.557 1.26 1.483 1.688 1.613 
1.73 1.533 1.351 1.472 1.35 1.276 1.027 1.105 1.195 1.364 
0.965 0.908 0.764 0.726 0.814 0.843 0.976 1.055 1.191 1.267 
1.272 1.292 1.239 1.377 1.474 1.466 1.657 1.935 2.972 4.485 
8.384 9.576 8.982 9.663 8.839 6.098 8.017 6.627 4.638 2.551 
1.856 1.456 1.465 1.63 1.442 1.451 1.596 1.398 1.395 1.542 
1.609 1.544 1.519 1.832 1.724 1.256 1.386 1.737 1.21 0.978 
0.887 0.825 0.844 0.808 0.951 1.021 1.223 1.253 1.144 1.173 
1.126 1.077 1.011 0.927 0.926 0.905 0.85 0.792 0.953 1.026 
0.962 0.944 1.248 
END
