PFRMAT local QA
AUTHOR LAW-CASP14
af2-standard_T1185s1_2.pdb local_accuracy_only 3.459 3.047 2.349 2.613 2.846 2.83 3.223 3.322 3.043 3.562 3.235 
3.066 2.945 2.524 2.858 2.983 2.743 2.716 2.595 2.634 2.507 
2.522 2.875 3.334 3.484 2.95 3.115 3.333 3.824 2.968 3.498 
4.191 4.333 3.628 3.513 4.043 3.755 3.224 3.452 3.567 3.404 
2.755 3.254 3.51 3.521 3.504 3.143 3.137 2.723 2.621 2.65 
2.335 2.609 2.808 2.683 2.547 2.809 2.874 3.006 3.264 4.068 
5.902 7.332 9.041 8.995 9.134 9.309 9.358 9.628 9.128 9.043 
8.23 7.237 7.037 6.127 6.072 4.433 2.972 1.458 1.005 0.946 
0.868 0.84 1.042 0.974 1.262 1.169 1.389 1.366 1.194 1.191 
1.442 1.528 1.27 1.554 1.109 1.12 0.866 0.848 0.862 0.902 
0.861 0.744 0.725 0.706 0.642 0.686 0.672 0.799 0.789 0.803 
0.727 0.832 0.713 0.855 0.867 0.823 0.73 0.948 0.924 0.816 
0.771 0.944 0.857 0.76 0.872 0.981 1.174 1.359 1.764 1.5 
1.187 1.033 0.908 0.903 0.781 0.764 0.694 0.657 0.622 0.625 
0.775 0.793 0.885 1.034 1.142 1.126 1.906 1.796 2.0 1.586 
1.483 1.739 1.567 1.262 1.462 1.804 1.717 1.554 2.039 2.417 
2.823 2.683 2.431 3.07 3.159 3.118 3.12 2.805 2.369 2.893 
2.503 1.591 2.04 1.884 1.142 0.958 0.852 0.801 0.746 0.91 
0.91 0.988 1.054 1.142 1.396 1.189 1.035 1.421 1.321 1.218 
1.135 1.372 1.351 1.249 1.202 1.466 1.18 1.044 1.216 1.419 
1.014 0.969 0.742 0.753 0.674 0.636 0.583 0.621 0.655 0.668 
0.689 0.783 0.798 0.869 0.901 0.911 0.981 1.05 1.138 1.378 
2.129 2.846 2.458 2.418 2.008 1.635 1.695 1.621 1.52 1.205 
1.375 1.299 1.187 1.167 1.184 1.144 1.122 1.011 1.064 1.031 
0.83 0.849 1.032 0.916 0.846 0.954 0.996 0.979 0.98 0.818 
0.735 0.683 0.608 0.617 0.68 0.682 0.772 0.974 1.251 1.896 
3.202 4.88 7.188 8.454 9.913 9.692 11.409 10.115 7.665 9.505 
8.131 6.543 9.146 8.276 5.974 8.951 9.978 8.804 10.492 12.413 
13.327 14.266 14.487 14.878 13.261 11.329 9.469 7.564 5.7 3.9 
2.888 2.055 2.108 1.17 1.574 2.06 2.624 1.875 1.451 1.803 
1.693 1.193 0.971 0.979 0.927 0.857 0.774 0.737 0.729 0.731 
1.021 1.194 1.462 1.862 1.423 1.156 0.882 0.842 0.79 0.93 
1.053 1.074 1.167 1.302 1.306 1.688 1.649 1.732 1.486 1.406 
1.058 0.978 0.957 0.889 1.059 1.028 1.141 1.34 1.296 1.066 
0.996 1.063 1.063 1.157 1.905 3.083 5.752 7.162 8.501 
END
