PFRMAT local QA
AUTHOR MASS-CASP14
af2-standard_T1185s1_2.pdb local_accuracy_only 2.058 1.578 1.403 1.154 1.011 1.041 1.347 1.433 1.647 2.054 1.909 
1.732 1.824 1.738 1.526 1.35 1.459 1.363 1.192 1.365 1.72 
1.698 1.419 1.199 1.164 0.988 0.998 1.277 1.174 1.154 1.38 
1.611 1.581 1.702 1.905 2.12 1.939 1.752 1.939 2.116 1.837 
2.052 2.19 1.972 1.826 1.792 1.888 1.55 1.296 1.585 1.567 
1.233 1.42 1.621 1.467 1.335 1.598 1.723 1.959 1.911 2.564 
3.122 4.494 5.292 6.283 7.314 8.481 8.738 9.199 8.18 8.725 
8.521 9.366 8.453 8.406 8.027 6.64 5.829 3.869 2.659 1.954 
1.329 1.361 1.444 1.525 1.557 1.557 1.694 1.8 1.719 2.109 
2.332 2.444 2.344 2.379 2.538 2.16 1.996 1.943 1.76 1.618 
1.427 1.012 1.082 1.044 1.039 0.922 0.903 1.125 1.317 1.23 
1.065 1.182 1.186 1.304 1.253 1.155 1.176 1.269 1.409 1.355 
1.307 1.344 1.282 1.311 1.269 1.337 1.534 1.741 2.005 2.177 
1.97 1.613 1.462 1.503 1.325 1.007 0.752 0.787 0.676 0.768 
0.889 1.142 1.55 1.854 1.769 1.59 1.862 2.023 1.997 1.874 
1.735 1.822 2.127 1.876 1.924 2.18 2.316 2.098 2.054 2.542 
2.874 2.57 2.398 2.934 2.811 2.947 2.718 2.198 2.106 2.386 
2.398 2.203 2.171 1.902 1.43 1.136 1.148 1.085 1.115 1.395 
1.343 1.211 1.109 1.119 1.324 1.254 1.145 1.291 1.315 1.41 
1.285 1.554 1.479 1.465 1.826 1.896 1.862 1.525 2.2 2.349 
1.927 1.656 1.271 1.135 0.946 0.797 0.7 0.535 0.782 0.966 
0.982 1.05 1.208 1.174 1.404 1.559 1.906 2.184 2.229 3.109 
3.526 3.772 3.461 3.83 3.159 2.773 2.388 2.69 2.408 2.0 
2.154 2.058 1.687 1.614 1.797 1.717 1.367 1.308 1.486 1.348 
1.178 1.334 1.497 1.408 1.709 2.138 2.143 2.054 1.758 1.316 
1.193 1.025 0.973 0.954 1.029 1.228 1.379 1.684 2.476 3.436 
5.086 6.942 9.463 10.754 12.0 11.207 13.579 13.887 13.622 13.293 
11.706 12.171 11.612 11.698 10.594 12.863 13.772 14.408 13.661 13.017 
12.32 12.866 10.882 10.724 10.411 9.098 7.638 6.388 4.906 3.916 
3.301 2.953 2.735 2.597 2.383 2.314 2.507 2.624 2.178 2.312 
2.853 2.513 2.093 1.71 1.462 1.254 1.097 1.038 1.076 1.117 
1.332 1.521 1.776 2.184 1.89 1.439 1.402 1.246 1.284 1.218 
1.282 1.412 1.512 1.832 2.446 2.902 2.665 2.509 1.927 1.685 
1.416 1.165 1.092 1.11 1.342 1.442 1.618 1.849 1.782 1.633 
1.256 1.295 1.428 1.783 2.276 3.171 4.458 5.714 6.43 
END
