PFRMAT local QA
AUTHOR MASS-CASP14
af2-standard_T1112_5.pdb local_accuracy_only 8.281 6.632 4.468 2.793 1.818 1.192 1.036 0.848 0.893 0.866 0.946 
0.938 1.036 1.216 1.529 1.608 1.777 1.793 1.692 1.258 1.378 
1.5 1.434 1.202 1.525 1.714 1.564 1.912 2.386 2.629 2.545 
1.847 1.602 1.434 1.191 1.123 1.116 0.918 0.897 0.934 1.109 
1.775 1.602 1.749 2.131 1.881 1.969 2.262 2.328 3.098 2.539 
2.324 2.242 2.09 1.769 2.035 2.243 2.086 1.741 1.951 1.649 
1.711 1.408 1.473 1.761 1.832 2.325 1.832 2.201 2.001 1.838 
1.669 1.799 1.513 1.705 1.592 1.254 1.447 1.479 1.329 1.252 
1.475 1.871 1.731 1.749 1.358 1.197 0.916 0.768 0.75 0.797 
0.821 1.021 1.176 1.515 1.598 1.373 1.222 1.463 1.626 1.531 
1.42 1.346 1.283 1.391 1.297 1.239 1.317 1.287 1.21 1.305 
1.855 2.017 2.196 1.771 1.441 1.635 1.723 2.154 2.577 2.538 
1.896 1.871 1.856 2.087 2.355 2.212 2.589 2.421 2.05 2.058 
1.908 1.499 1.445 1.041 1.005 0.655 0.273 0.117 0.292 0.687 
1.111 1.362 1.84 1.903 2.151 1.479 1.514 1.395 1.483 1.296 
1.077 1.107 1.172 1.171 1.233 1.117 1.3 1.233 1.196 1.311 
1.724 1.724 1.437 1.164 1.188 0.982 0.947 0.867 0.933 1.063 
1.349 1.589 2.259 2.888 3.112 3.407 3.416 3.094 2.775 2.467 
2.422 2.638 2.983 3.562 3.785 3.262 3.316 2.898 2.265 2.083 
2.141 2.083 1.89 1.588 1.775 1.922 1.866 2.004 2.252 2.254 
2.3 2.19 2.169 2.066 1.899 1.821 1.899 1.655 1.543 1.792 
1.809 1.836 1.648 1.755 1.957 1.966 1.658 1.467 1.22 1.189 
1.202 1.001 0.988 1.11 1.268 1.545 1.873 2.049 2.308 1.926 
2.403 2.8 2.351 2.324 1.902 1.951 1.659 1.668 1.967 1.902 
1.806 1.739 1.624 1.604 1.565 1.748 1.874 1.984 2.259 1.93 
1.615 1.228 1.053 0.88 0.991 1.02 1.017 1.07 1.335 1.379 
1.25 1.379 1.571 1.594 1.304 1.343 1.46 1.376 1.173 0.887 
0.962 1.032 1.063 1.054 1.206 1.215 1.529 1.531 1.681 1.764 
2.121 2.013 1.775 2.04 2.378 2.404 2.218 2.382 2.47 2.146 
2.037 1.7 1.879 1.971 2.104 1.527 1.243 1.325 1.222 1.303 
1.804 1.872 1.889 2.046 2.075 2.046 2.133 1.776 1.939 1.931 
1.803 1.553 1.489 1.691 1.68 1.483 1.873 1.811 1.599 1.416 
1.807 1.918 1.908 2.042 2.344 2.576 2.145 2.099 1.764 1.82 
1.989 2.044 2.056 2.014 2.31 2.551 2.945 3.439 3.782 3.593 
3.072 2.506 2.106 1.873 1.477 1.114 0.915 0.879 0.837 0.786 
0.893 1.067 1.362 1.75 2.387 2.891 2.506 2.406 2.632 2.367 
1.916 1.694 1.88 1.917 1.833 2.096 2.41 2.293 1.979 1.932 
1.8 1.943 1.707 1.731 1.514 1.324 1.302 1.378 1.314 1.52 
1.938 1.809 1.751 2.051 1.95 1.742 1.935 1.967 1.802 1.613 
1.929 2.212 2.315 2.698 2.912 3.555 3.072 2.694 1.87 1.583 
1.395 1.625 1.743 1.902 2.064 1.892 1.764 1.687 1.882 1.57 
1.373 1.221 1.244 1.288 1.414 1.356 1.58 1.876 1.878 1.785 
1.539 1.475 1.431 1.328 1.308 1.369 1.685 2.019 2.192 2.298 
2.699 3.259 4.47 4.98 5.423 5.587 4.717 4.496 3.43 2.532 
2.268 2.174 1.908 1.528 1.58 1.717 1.637 1.535 1.757 1.772 
1.692 1.66 1.807 1.849 1.767 2.242 2.955 3.881 4.821 
END
