PFRMAT local QA
AUTHOR LAW-CASP14
af2-standard_T1112_5.pdb local_accuracy_only 9.585 6.721 6.086 3.03 1.102 0.992 0.832 0.813 0.799 0.802 0.864 
1.013 1.276 1.477 1.649 2.306 2.503 2.463 2.25 1.73 1.965 
1.93 1.818 1.435 1.794 2.007 1.563 1.513 2.284 2.975 3.687 
3.654 1.378 1.086 0.923 0.945 0.971 0.896 0.898 1.015 1.14 
1.535 2.08 2.791 2.871 2.864 3.528 4.444 3.878 4.136 3.684 
2.65 2.913 3.04 2.448 2.136 2.496 2.71 2.039 2.218 1.367 
1.257 1.371 1.293 2.288 3.4 4.664 4.577 3.555 3.419 3.022 
2.391 1.575 1.372 1.384 1.378 1.194 1.32 1.326 1.182 1.087 
1.285 1.282 1.143 1.252 0.967 0.979 0.874 0.777 0.81 0.927 
0.965 0.934 1.166 1.337 1.474 1.255 1.327 1.463 1.588 1.784 
1.571 1.423 1.611 1.712 1.277 1.085 1.391 1.334 1.058 1.128 
1.474 1.346 1.358 1.099 1.028 0.953 1.164 1.656 2.206 2.756 
2.185 1.596 1.118 1.243 1.498 2.024 2.213 2.033 1.777 1.509 
1.491 1.154 1.179 0.993 0.936 0.859 0.792 0.815 0.75 0.902 
1.085 1.371 1.514 1.576 1.334 1.243 0.977 0.879 0.898 0.916 
0.843 0.791 0.914 0.912 0.902 0.879 1.046 1.094 1.067 1.216 
1.344 1.427 1.493 1.319 1.16 0.967 0.883 0.821 0.885 1.016 
1.329 1.831 2.351 2.668 2.812 3.285 4.06 4.129 2.462 1.854 
1.577 1.417 1.989 2.289 2.798 3.732 3.631 3.548 2.559 2.722 
2.223 2.781 2.624 2.207 2.293 2.546 2.454 2.334 2.575 2.697 
2.574 2.451 2.464 1.962 1.618 1.744 1.361 1.191 1.271 1.261 
1.096 1.268 1.282 1.211 1.172 1.404 1.154 1.223 1.03 1.04 
1.383 1.699 2.61 2.261 2.771 3.037 2.908 3.008 3.385 2.742 
2.223 2.639 2.581 3.133 2.596 2.298 1.89 1.694 1.629 1.665 
1.329 1.228 1.367 1.341 1.038 1.214 1.581 1.523 1.857 1.129 
1.138 0.951 0.83 0.773 0.821 0.892 1.051 1.418 1.388 1.605 
1.738 1.394 1.681 1.787 1.542 1.413 0.988 1.062 0.951 0.888 
0.814 0.934 0.889 1.124 1.437 1.773 1.825 1.884 2.371 2.552 
2.968 2.437 2.241 2.957 2.699 3.145 2.954 2.928 2.912 2.391 
1.876 1.986 2.349 1.688 1.336 1.103 1.029 1.002 1.008 1.303 
1.394 1.863 2.1 3.038 3.333 3.719 2.66 2.659 3.037 3.25 
3.37 2.851 2.524 3.093 3.039 2.707 2.541 2.935 2.739 2.227 
2.431 2.687 2.574 2.122 2.361 1.835 1.358 1.182 1.265 1.289 
1.589 1.672 1.92 1.617 1.642 1.592 1.538 1.658 1.724 2.133 
2.603 2.213 2.949 2.37 1.974 1.89 1.692 1.694 1.468 1.477 
1.57 1.695 2.324 2.723 3.318 4.178 3.472 3.249 4.003 3.453 
2.748 3.082 3.465 2.748 2.494 2.912 3.17 3.173 3.051 2.903 
2.411 2.065 2.02 1.993 1.853 1.848 1.723 2.026 1.703 1.74 
1.911 1.847 1.982 2.195 2.001 1.941 2.293 2.483 2.283 2.307 
2.795 2.8 2.436 2.76 3.005 2.288 2.042 2.052 1.861 1.785 
1.517 1.574 1.441 1.674 1.76 2.248 1.918 1.779 1.993 2.186 
2.056 1.932 2.204 2.34 2.631 2.349 2.591 2.907 2.982 2.596 
2.221 2.011 1.925 1.782 1.6 1.553 1.37 1.399 1.264 1.458 
1.814 2.474 2.826 4.122 3.942 4.58 3.169 2.811 2.228 1.724 
1.382 1.628 1.4 1.127 1.252 1.363 1.065 1.015 1.286 1.228 
1.041 1.195 1.464 1.521 1.43 2.569 3.548 4.057 4.493 
END
