PFRMAT local QA
AUTHOR MASS-CASP14
af2-standard_T1137s3_3.pdb local_accuracy_only 15.0 15.0 15.0 15.0 15.0 15.0 15.0 15.0 15.0 15.0 15.0 
15.0 15.0 15.0 15.0 15.0 15.0 15.0 15.0 15.0 15.0 
15.0 15.0 15.0 14.883 15.0 15.0 13.58 11.33 11.416 11.558 
12.189 13.283 13.799 12.499 13.575 9.617 6.776 3.843 2.432 1.48 
1.165 0.895 0.047 0.117 0.034 0.47 0.731 0.972 1.245 1.361 
1.128 1.433 1.501 1.515 1.204 1.272 1.069 1.158 1.425 1.845 
2.256 1.993 1.74 1.428 1.429 1.216 1.157 1.325 1.47 1.294 
1.307 1.459 1.849 2.95 2.746 1.913 1.541 1.281 1.281 1.282 
1.32 1.354 1.499 2.21 3.215 2.749 2.41 1.643 1.816 1.913 
1.662 1.35 1.274 1.259 1.329 1.091 1.354 1.618 1.988 2.345 
3.109 2.866 2.478 1.78 1.676 1.347 1.23 1.065 1.081 1.296 
1.664 2.289 3.79 5.98 7.344 8.762 9.535 12.479 15.0 15.0 
14.089 11.499 9.507 12.474 13.794 15.0 13.599 11.154 11.036 11.061 
12.628 12.568 11.037 11.935 11.376 10.136 9.556 12.141 11.357 12.565 
12.141 11.204 12.007 11.976 11.777 12.107 13.573 10.543 8.039 7.373 
6.907 5.221 4.371 4.244 4.134 3.625 3.828 4.155 4.163 3.531 
3.646 3.928 4.256 4.272 5.339 5.607 5.866 6.009 5.905 5.024 
3.748 3.577 3.322 2.968 3.051 3.068 3.269 3.216 2.771 3.067 
2.778 2.729 2.76 3.349 3.348 3.847 3.962 3.844 3.727 4.135 
3.654 3.061 3.085 2.845 2.928 2.924 3.615 3.626 3.715 3.74 
3.335 3.494 3.235 3.543 3.905 3.807 4.658 4.998 6.562 5.426 
6.568 5.913 4.901 4.776 4.417 4.183 4.17 4.251 4.578 4.748 
4.803 4.461 4.457 4.75 4.426 4.774 4.456 4.519 4.269 4.265 
4.55 4.351 4.435 4.162 4.001 3.868 4.212 4.407 4.557 4.586 
4.799 4.929 4.771 4.55 4.792 4.965 6.241 6.951 7.233 7.876 
8.941 8.661 8.966 9.797 10.057 8.834 8.551 5.998 4.916 4.435 
3.951 3.797 3.709 4.036 4.031 4.105 3.881 4.103 3.94 3.999 
3.878 4.083 3.899 3.639 3.458 3.717 3.824 3.557 3.14 3.294 
3.573 3.718 3.657 3.842 4.463 4.631 4.682 5.118 5.042 4.491 
4.503 4.437 4.109 4.245 5.06 5.234 5.017 6.288 5.995 6.839 
6.478 7.135 7.392 8.41 9.355 10.112 10.48 11.385 12.559 11.902 
10.726 11.03 11.452 10.764 10.071 8.621 8.659 8.636 8.486 8.737 
9.063 11.186 10.776 10.902 11.403 12.517 11.777 11.621 9.127 8.699 
7.968 8.65 7.785 7.162 6.561 6.965 7.816 8.928 8.332 7.143 
7.229 8.137 6.969 7.939 7.706 9.072 9.403 10.522 10.021 9.265 
8.088 6.576 7.274 7.675 6.42 6.668 6.462 5.996 6.591 7.511 
6.782 5.515 5.308 5.268 5.464 4.867 4.336 3.782 4.432 4.362 
4.346 4.281 4.23 4.327 3.666 3.203 3.765 4.369 4.606 4.87 
5.913 7.329 7.738 6.886 6.852 7.454 9.01 10.875 10.945 11.279 
11.506 11.607 13.381 12.438 10.818 9.215 8.298 7.263 8.648 8.968 
10.962 12.452 12.697 13.567 12.104 10.895 11.784 12.64 13.003 12.394 
15.0 15.0 14.857 15.0 13.202 11.297 10.834 10.323 7.759 6.545 
6.202 6.255 7.503 9.482 10.838 10.308 12.014 10.949 11.149 10.231 
9.985 10.072 10.696 13.568 13.756 13.165 13.449 11.611 12.277 11.528 
11.336 10.711 10.175 10.449 10.452 8.704 9.112 10.924 9.761 9.771 
9.758 9.87 10.301 10.63 9.772 10.306 10.78 10.566 10.87 10.294 
9.336 9.12 9.353 9.692 11.053 10.558 10.503 11.441 12.35 15.0 
14.081 14.956 12.409 12.457 12.396 10.829 10.793 8.908 7.8 8.28 
8.211 7.679 8.094 7.803 7.942 8.051 7.884 8.391 7.377 6.657 
6.566 6.111 5.461 5.488 6.296 6.676 7.643 7.186 7.65 6.943 
7.371 7.904 8.12 9.088 9.081 9.182 9.682 9.831 8.675 9.238 
10.618 10.256 12.973 13.342 15.0 15.0 15.0 15.0 15.0 15.0 
15.0 15.0 15.0 
END
