PFRMAT local QA
AUTHOR LAW-CASP14
af2-standard_T1137s3_3.pdb local_accuracy_only 15.0 15.0 15.0 15.0 15.0 15.0 15.0 15.0 15.0 15.0 15.0 
15.0 15.0 15.0 15.0 15.0 15.0 15.0 15.0 15.0 15.0 
15.0 15.0 15.0 15.0 15.0 15.0 15.0 14.617 14.256 10.787 
8.592 4.495 2.414 2.251 2.251 2.027 1.718 1.304 1.036 0.754 
0.684 0.677 0.614 0.744 0.784 1.038 0.853 0.715 0.967 0.93 
0.749 0.872 0.88 0.895 0.722 0.813 0.562 0.729 0.768 0.892 
1.069 0.968 1.026 0.822 0.76 0.739 0.644 0.787 0.742 0.761 
0.821 1.182 1.187 1.486 1.469 1.028 0.772 0.718 0.608 0.622 
0.611 0.723 0.832 1.297 1.446 1.154 1.11 0.87 0.967 0.93 
0.843 0.707 0.723 0.658 0.726 0.713 0.795 1.006 1.055 1.307 
1.319 1.502 1.378 1.015 0.946 0.662 0.597 0.657 0.592 0.686 
0.75 0.863 1.184 1.379 1.229 1.261 1.07 1.428 1.077 1.086 
1.097 0.884 0.851 1.011 1.167 1.749 1.125 1.124 1.186 1.086 
1.358 2.099 2.071 2.656 3.021 3.049 3.416 3.313 3.637 3.934 
3.931 4.643 5.334 4.094 4.065 4.081 3.853 3.393 2.091 1.852 
1.657 1.63 1.536 1.579 1.633 1.562 1.536 1.731 1.836 1.708 
1.737 1.985 1.95 2.04 2.474 2.437 2.772 3.554 4.457 5.931 
5.266 8.009 13.753 9.641 10.786 10.83 11.865 9.75 13.016 8.774 
4.85 3.304 3.049 2.507 2.374 2.259 2.05 1.781 1.769 1.727 
1.626 1.686 1.717 1.811 1.694 1.924 1.964 2.124 1.799 1.978 
2.102 1.709 1.628 1.882 1.662 1.633 1.749 1.983 1.632 1.743 
1.934 1.712 1.562 1.771 1.771 1.791 1.949 2.235 2.181 2.202 
2.195 2.171 1.955 1.905 1.801 1.711 1.715 1.695 1.858 1.657 
1.704 1.724 1.687 1.57 1.758 1.93 1.842 1.8 2.222 2.309 
2.316 2.537 2.703 2.821 3.339 4.226 4.91 4.6 6.709 6.824 
8.576 9.351 9.763 9.392 7.589 5.681 4.207 3.026 2.851 2.456 
2.213 2.106 2.216 2.101 1.892 1.967 2.112 1.828 1.874 2.031 
1.988 2.009 2.413 2.199 2.275 2.459 2.216 2.298 2.103 2.236 
2.039 1.979 2.131 2.193 2.066 2.133 2.238 2.136 2.347 2.396 
2.422 2.276 2.394 2.271 2.494 2.575 2.71 2.686 2.926 3.008 
3.418 3.071 2.872 3.033 4.323 6.018 15.0 15.0 15.0 15.0 
15.0 15.0 15.0 15.0 15.0 15.0 15.0 15.0 15.0 15.0 
15.0 15.0 15.0 15.0 15.0 15.0 15.0 15.0 15.0 15.0 
12.206 7.856 8.818 8.546 4.966 6.352 4.948 4.527 4.666 4.051 
3.599 5.056 6.167 6.03 6.014 12.022 15.0 13.437 15.0 15.0 
15.0 15.0 15.0 15.0 15.0 15.0 15.0 15.0 15.0 15.0 
15.0 12.234 15.0 15.0 15.0 15.0 15.0 15.0 15.0 15.0 
15.0 15.0 15.0 15.0 15.0 6.156 12.937 9.178 4.511 5.605 
5.503 6.668 7.856 4.561 3.618 4.635 13.728 6.723 6.651 7.348 
10.66 11.357 15.0 15.0 15.0 14.511 13.828 15.0 11.068 5.971 
6.893 8.065 7.798 9.462 8.652 14.361 5.823 10.115 11.967 9.088 
14.573 15.0 15.0 15.0 13.417 11.588 15.0 10.864 15.0 15.0 
12.95 12.897 15.0 15.0 15.0 15.0 15.0 15.0 15.0 15.0 
15.0 15.0 15.0 15.0 15.0 15.0 15.0 15.0 15.0 15.0 
15.0 15.0 15.0 15.0 15.0 15.0 15.0 15.0 15.0 15.0 
15.0 15.0 15.0 15.0 15.0 15.0 15.0 15.0 15.0 15.0 
15.0 15.0 15.0 15.0 15.0 15.0 15.0 15.0 15.0 15.0 
15.0 15.0 15.0 15.0 15.0 15.0 15.0 15.0 15.0 15.0 
15.0 15.0 15.0 15.0 15.0 15.0 15.0 15.0 15.0 15.0 
15.0 15.0 15.0 15.0 15.0 15.0 15.0 15.0 15.0 15.0 
15.0 15.0 15.0 15.0 15.0 15.0 15.0 15.0 15.0 15.0 
15.0 15.0 15.0 15.0 15.0 15.0 15.0 15.0 15.0 15.0 
15.0 15.0 15.0 
END
