PFRMAT local QA
AUTHOR LAW-CASP14
af2-standard_T1169_5.pdb local_accuracy_only 8.884 5.996 10.293 8.058 11.671 11.685 8.142 15.0 15.0 14.229 9.361 
9.498 7.452 7.897 9.896 12.895 15.0 15.0 15.0 15.0 15.0 
15.0 15.0 15.0 15.0 15.0 12.388 10.241 6.526 2.25 1.318 
1.479 1.605 5.209 3.455 4.378 1.925 1.387 1.054 0.904 0.988 
0.978 1.042 1.19 1.457 1.802 2.818 1.801 1.777 3.829 4.0 
7.654 7.409 8.491 7.937 9.675 10.07 7.23 8.082 7.136 10.497 
7.52 9.278 2.23 2.171 10.032 9.855 9.35 10.344 12.855 15.0 
15.0 15.0 14.186 14.453 13.15 13.846 13.932 12.252 8.131 4.95 
5.294 2.883 1.484 1.216 1.007 1.015 1.287 2.478 4.942 7.622 
9.965 9.87 11.268 12.191 12.649 15.0 15.0 15.0 15.0 15.0 
15.0 15.0 15.0 15.0 15.0 15.0 15.0 15.0 15.0 15.0 
15.0 15.0 15.0 15.0 15.0 14.574 11.945 10.944 10.413 9.808 
7.924 12.233 13.892 14.004 15.0 14.074 15.0 15.0 15.0 15.0 
14.04 10.552 10.037 8.027 8.618 8.338 8.263 9.62 10.681 11.739 
15.0 15.0 15.0 15.0 15.0 15.0 15.0 15.0 15.0 15.0 
15.0 15.0 15.0 15.0 15.0 15.0 15.0 15.0 15.0 15.0 
14.701 12.032 8.899 9.694 7.609 4.946 6.38 2.869 5.562 4.682 
5.803 6.517 6.429 8.526 8.887 10.899 12.801 15.0 15.0 15.0 
15.0 15.0 15.0 15.0 15.0 15.0 15.0 14.823 12.344 11.509 
10.836 11.518 11.398 12.291 13.788 13.809 13.774 15.0 13.406 12.696 
13.288 12.793 14.053 15.0 15.0 14.771 11.857 15.0 15.0 13.475 
13.398 11.848 8.985 8.562 8.0 7.731 6.091 3.512 3.825 2.741 
2.926 3.407 3.232 2.761 2.31 1.828 1.548 1.455 1.571 2.313 
1.848 1.886 1.413 1.411 1.595 1.475 1.77 2.137 2.784 3.748 
5.234 6.587 7.255 5.24 4.008 2.657 2.834 2.203 2.671 3.643 
4.848 4.687 5.687 6.606 11.104 5.476 7.657 3.594 2.428 5.82 
2.739 3.269 1.643 1.952 1.655 1.575 1.42 1.602 1.997 2.546 
5.269 7.252 8.54 7.578 8.014 5.084 3.127 1.861 1.632 1.468 
1.263 1.289 1.105 1.054 1.081 1.184 1.753 1.272 1.487 1.591 
2.143 3.982 9.129 12.537 14.121 13.777 15.0 15.0 15.0 12.833 
12.914 11.136 7.853 7.241 5.197 4.423 4.952 4.694 5.658 6.316 
8.485 10.059 11.367 15.0 14.826 15.0 15.0 15.0 15.0 15.0 
15.0 15.0 14.28 13.668 12.625 12.477 13.31 11.715 11.528 8.613 
11.619 11.961 13.233 14.153 14.193 13.929 14.539 14.795 15.0 15.0 
15.0 15.0 15.0 15.0 15.0 15.0 15.0 15.0 15.0 15.0 
15.0 15.0 15.0 15.0 15.0 15.0 13.787 11.369 9.832 8.927 
6.98 9.592 11.83 12.339 14.276 15.0 15.0 15.0 15.0 15.0 
15.0 15.0 15.0 15.0 14.649 13.131 10.274 5.021 3.406 3.2 
2.854 2.991 1.762 2.465 2.694 2.692 2.881 4.272 6.83 8.768 
6.124 11.746 10.68 15.0 12.575 15.0 13.418 15.0 15.0 15.0 
5.534 8.69 12.066 10.523 14.587 12.484 1.655 1.301 1.182 1.149 
1.316 1.538 1.713 2.406 1.997 2.311 2.08 1.389 1.584 1.268 
1.222 1.237 1.242 1.276 1.672 1.952 2.331 5.366 5.486 4.267 
9.142 6.593 7.624 3.837 2.635 1.951 1.482 1.513 2.121 3.302 
1.569 1.678 1.712 1.63 1.375 1.072 0.882 0.815 0.848 1.015 
1.075 1.529 1.594 3.791 2.748 4.123 3.532 2.77 2.54 2.107 
1.533 1.233 1.062 1.003 1.091 1.208 1.86 1.878 2.763 4.643 
1.707 1.373 1.359 1.255 1.454 1.303 1.383 1.926 2.059 1.672 
2.223 1.921 2.256 2.576 1.947 1.512 1.281 1.218 1.206 1.424 
1.527 1.995 3.056 1.775 1.719 1.46 1.373 1.156 1.087 1.065 
1.11 1.364 1.575 2.16 1.944 1.318 1.105 0.929 0.919 0.927 
1.132 1.397 1.585 1.48 1.229 1.089 0.864 0.82 0.823 0.971 
1.168 1.812 1.958 1.693 1.081 1.273 1.175 1.809 1.562 1.814 
1.743 2.447 2.75 4.343 4.83 6.068 7.625 11.019 9.041 10.416 
4.958 2.959 2.453 2.136 2.129 1.962 1.71 1.563 1.236 1.083 
0.913 0.872 0.854 0.871 0.979 0.959 0.953 1.184 1.762 1.91 
3.007 3.067 2.706 3.213 2.17 1.525 1.253 1.284 1.242 1.374 
1.362 1.571 3.087 3.918 6.404 6.727 8.146 5.763 3.731 3.976 
1.445 1.635 1.377 1.424 1.427 1.454 1.519 1.733 1.965 2.299 
2.093 2.157 1.85 1.758 1.556 1.475 1.34 1.324 1.29 1.356 
1.738 2.319 6.027 6.841 7.581 10.558 13.311 15.0 15.0 15.0 
15.0 15.0 15.0 15.0 15.0 14.327 15.0 11.293 9.077 7.696 
5.54 4.207 1.828 1.43 1.265 1.283 1.229 1.301 1.431 1.631 
1.747 1.905 1.951 2.459 2.186 1.783 1.643 1.316 1.338 1.252 
1.284 1.324 1.502 1.528 1.87 1.928 2.421 2.47 1.742 1.687 
1.481 1.27 1.358 1.287 1.254 1.305 1.431 1.591 2.334 1.662 
1.897 1.656 1.398 1.418 1.28 1.429 1.446 1.597 1.828 2.71 
2.898 3.742 3.408 3.037 2.994 2.864 2.453 2.469 2.084 2.626 
1.87 1.828 1.604 1.658 1.734 1.962 1.954 2.316 2.175 3.302 
5.625 5.946 14.086 4.525 3.348 6.543 4.087 7.846 1.84 5.565 
2.135 2.14 1.76 1.717 2.022 1.754 1.724 2.009 2.151 2.277 
4.043 1.501 1.26 1.265 1.407 1.553 1.402 1.879 1.118 2.317 
1.331 0.943 0.824 0.831 0.814 0.992 1.01 1.358 1.468 1.1 
1.434 1.154 0.909 0.952 0.883 1.046 1.169 1.506 1.385 7.143 
1.357 1.935 3.796 2.313 7.71 1.358 1.76 5.668 4.182 2.382 
15.0 1.759 1.714 1.614 4.035 2.836 5.214 5.337 5.195 4.879 
3.439 1.22 1.535 1.267 1.203 1.25 1.264 1.455 2.165 1.858 
2.181 1.676 1.28 1.159 1.088 1.157 1.216 1.148 1.407 1.584 
2.381 3.355 3.829 3.693 3.536 3.696 2.745 2.525 1.503 1.362 
1.237 1.323 1.671 1.286 1.545 2.962 8.765 10.172 9.955 11.252 
13.299 2.753 3.038 2.361 2.137 7.897 11.775 15.0 15.0 15.0 
15.0 15.0 15.0 15.0 15.0 15.0 15.0 15.0 15.0 10.614 
6.205 10.291 8.28 5.6 5.463 2.131 1.397 1.243 0.922 0.994 
1.142 1.213 1.56 1.535 1.362 1.046 1.056 1.009 1.234 1.25 
1.779 1.969 3.469 3.662 3.452 3.061 2.464 1.872 1.554 1.329 
1.397 1.338 1.318 1.547 1.933 2.197 3.452 4.17 4.403 4.264 
2.242 1.585 1.093 1.01 1.302 1.148 0.967 1.054 1.145 1.838 
3.403 4.992 5.226 3.218 1.783 1.574 1.27 1.248 1.22 1.559 
1.934 2.972 2.7 4.832 4.731 3.353 1.849 1.978 1.906 2.812 
2.09 3.354 4.18 5.755 5.5 4.578 4.797 2.633 2.625 2.019 
1.897 1.527 1.488 1.237 1.431 1.13 1.124 1.055 1.077 1.138 
1.322 1.611 2.444 2.193 3.593 10.223 13.827 13.958 13.53 12.812 
11.837 5.411 11.162 6.549 4.679 14.231 9.803 10.616 12.301 7.709 
13.219 12.684 10.091 10.632 12.113 8.3 9.822 7.732 7.535 3.282 
5.597 1.53 1.43 1.181 1.296 1.209 1.433 1.202 1.027 0.945 
0.92 0.927 1.074 1.059 1.223 1.372 1.623 1.894 2.31 2.759 
2.376 2.475 1.718 1.747 1.249 1.183 0.957 1.032 0.92 0.962 
1.045 1.137 1.315 1.521 1.461 1.459 1.533 1.338 1.328 1.411 
1.287 1.45 1.369 1.453 1.648 1.763 2.766 2.433 3.396 3.192 
4.726 7.271 6.992 7.998 10.351 10.113 12.907 12.888 14.063 14.764 
14.081 13.571 15.0 15.0 15.0 15.0 15.0 15.0 15.0 15.0 
14.678 14.646 13.979 14.239 12.803 12.117 12.087 10.536 9.699 11.039 
13.649 14.458 15.0 15.0 15.0 12.566 11.671 11.155 11.312 9.264 
11.564 13.96 13.039 13.169 12.467 14.32 12.682 14.609 14.02 14.573 
13.209 11.114 8.598 8.97 7.261 5.648 5.0 5.587 6.677 5.971 
5.132 4.019 3.827 4.305 7.236 7.556 4.985 5.284 6.928 14.726 
10.817 14.04 12.394 12.396 11.739 10.849 7.253 8.52 1.627 1.634 
1.449 1.414 1.72 1.645 1.443 1.219 1.396 1.621 1.841 2.638 
1.776 1.763 1.415 1.552 2.096 1.976 2.838 1.847 1.931 1.562 
1.672 1.794 1.956 2.868 3.861 6.014 6.429 3.673 3.963 6.235 
5.565 3.711 2.533 1.705 1.73 1.6 1.678 2.141 2.542 2.872 
3.028 3.51 3.253 2.085 1.754 1.492 1.427 1.393 1.692 1.711 
2.149 1.532 1.708 1.62 1.712 1.992 2.998 4.935 8.408 11.036 
14.397 15.0 15.0 15.0 14.956 10.07 9.547 6.303 2.773 2.066 
1.714 1.722 1.911 1.955 2.652 2.552 4.249 2.617 2.509 2.756 
2.7 2.932 2.98 3.46 3.385 2.688 2.696 2.0 1.868 1.629 
1.906 1.908 1.901 1.777 1.593 1.883 2.062 2.832 3.253 3.413 
4.931 6.413 6.21 4.211 5.581 4.96 4.053 4.272 3.667 3.359 
2.514 2.123 1.863 2.026 1.786 1.598 1.391 1.107 1.17 1.316 
1.244 1.075 1.007 1.082 0.938 0.907 0.888 0.914 0.992 1.249 
1.534 1.774 2.184 2.164 1.926 1.914 1.933 1.295 1.04 1.101 
1.025 1.048 1.474 1.559 1.893 2.991 4.274 7.116 5.247 5.294 
2.979 5.045 5.516 6.369 7.549 7.633 8.191 6.819 5.482 7.375 
2.44 11.17 12.413 3.523 7.283 3.849 8.631 3.264 4.865 3.51 
5.213 4.495 7.568 11.447 13.473 15.0 14.372 12.273 11.425 9.234 
15.0 13.894 14.362 5.813 15.0 12.212 14.888 14.289 14.358 10.984 
6.945 5.65 5.743 5.63 7.887 6.649 7.045 6.517 8.555 5.905 
6.809 5.138 3.771 2.427 1.802 2.21 1.945 2.27 2.104 1.632 
15.0 2.665 2.398 15.0 2.107 1.608 2.215 2.862 5.407 4.315 
8.349 7.751 8.965 5.748 8.196 10.445 15.0 15.0 15.0 9.173 
12.185 11.508 11.67 10.285 8.874 9.427 7.833 9.756 11.525 8.436 
10.924 14.48 14.482 14.171 15.0 12.265 9.461 6.989 4.781 2.327 
2.741 2.209 2.531 1.55 1.435 1.178 1.1 0.999 1.153 1.442 
1.384 1.456 1.105 1.159 1.081 1.06 1.257 1.201 1.449 1.316 
1.761 1.642 1.31 1.805 1.431 1.166 0.966 0.872 0.807 0.82 
0.802 0.893 0.888 0.857 0.92 0.946 0.826 0.973 1.083 1.331 
1.419 1.168 1.167 1.106 1.147 1.604 1.49 1.55 1.743 2.102 
2.705 2.292 1.583 1.45 1.422 1.475 2.617 2.176 2.738 1.64 
1.258 1.151 1.152 1.547 1.205 1.047 0.946 1.073 0.957 1.199 
1.394 1.178 1.056 1.051 0.926 1.065 1.065 1.346 1.397 1.682 
3.899 1.593 2.281 2.001 3.462 1.946 1.18 0.825 0.667 0.625 
0.596 0.598 0.682 0.708 0.832 1.279 2.062 2.723 2.773 2.239 
2.405 1.903 1.816 1.947 1.602 1.233 1.307 1.036 0.752 0.849 
0.771 0.947 0.935 1.185 1.265 1.049 1.027 0.936 1.056 0.874 
1.1 1.174 1.026 1.081 1.166 1.294 1.464 1.196 0.968 0.915 
0.725 0.7 0.676 0.72 0.842 0.932 1.067 1.15 1.207 1.297 
1.608 1.906 2.04 2.34 2.071 2.22 2.448 2.069 1.758 1.471 
1.22 1.044 0.999 0.789 0.947 0.843 1.039 1.35 1.973 2.393 
2.088 1.738 1.206 0.967 0.885 0.722 0.883 0.735 0.67 0.714 
0.699 0.721 0.824 0.98 1.253 1.036 1.496 1.181 1.175 1.092 
0.978 0.969 0.92 1.058 1.313 1.63 1.439 1.245 1.025 0.891 
0.879 0.972 1.076 1.071 1.146 1.24 1.155 1.091 1.135 1.175 
0.922 0.846 0.765 0.708 0.778 0.844 1.05 1.053 0.898 0.854 
0.751 0.664 0.722 0.81 0.819 0.997 1.143 1.159 1.044 1.064 
0.921 1.069 1.192 0.826 0.745 0.675 0.76 0.852 1.077 1.634 
3.227 7.056 12.661 14.249 15.0 15.0 15.0 15.0 15.0 11.029 
11.598 2.41 2.468 1.535 1.364 0.82 0.777 0.695 0.791 0.831 
1.047 1.089 1.013 1.054 1.028 0.983 1.017 1.205 1.779 2.733 
2.924 2.016 1.94 1.793 1.739 1.919 1.899 2.372 2.096 2.708 
3.375 4.483 4.831 5.184 4.961 5.34 5.105 5.523 5.106 4.63 
3.333 4.415 3.317 2.782 2.841 3.144 2.736 2.357 2.158 2.953 
2.94 3.926 3.037 2.339 2.005 1.441 1.437 1.082 0.824 0.71 
0.668 0.732 0.8 0.986 1.23 1.639 1.744 2.221 2.02 1.837 
1.562 1.274 1.154 1.099 1.174 1.281 1.461 1.501 1.476 1.399 
1.28 1.204 1.159 1.221 1.483 2.034 2.542 2.05 1.619 1.871 
1.529 2.346 2.465 2.098 2.048 1.925 2.718 2.397 2.946 2.805 
1.858 1.352 0.873 0.8 0.658 0.652 0.742 0.873 1.551 1.997 
3.365 1.723 1.177 0.836 0.75 0.754 0.858 0.763 0.735 0.916 
0.97 1.006 1.055 1.399 1.522 3.765 4.88 7.081 3.716 3.738 
2.001 1.881 2.063 2.332 1.917 2.32 1.731 1.732 1.401 1.444 
1.533 1.548 1.672 1.804 1.51 1.816 1.296 1.319 1.104 0.824 
0.789 0.798 0.83 1.03 1.014 0.871 1.035 0.876 0.923 0.872 
0.959 1.211 1.442 1.981 2.367 2.7 2.296 2.224 1.685 2.069 
1.518 1.584 1.299 1.809 1.71 1.681 1.628 1.963 2.57 2.33 
2.352 1.709 1.7 1.938 2.076 4.271 5.373 4.588 3.876 6.559 
6.265 7.732 3.746 6.129 2.568 5.39 4.161 1.847 1.701 1.456 
1.348 1.889 2.853 3.863 4.107 5.246 9.007 13.49 15.0 15.0 
13.804 13.932 6.296 2.199 3.018 1.761 2.205 2.145 2.382 2.325 
1.998 1.592 1.432 1.584 1.444 1.726 2.284 2.616 3.399 3.059 
3.781 3.02 2.499 1.686 1.952 2.933 2.682 1.781 1.429 1.145 
1.207 1.315 1.469 1.138 1.259 1.434 1.549 1.501 1.647 2.349 
1.706 1.307 1.526 1.186 1.116 1.136 1.309 1.338 1.275 1.321 
1.384 1.851 2.924 3.194 4.413 4.347 6.222 8.821 8.225 6.37 
1.993 1.64 1.362 1.147 1.232 1.107 1.126 1.242 1.277 1.131 
1.175 1.134 1.491 1.366 1.487 1.165 1.383 1.829 2.134 2.9 
5.859 5.183 7.627 8.345 8.98 8.881 10.222 9.526 7.259 7.334 
8.828 7.058 5.915 5.163 4.022 3.659 3.834 2.375 2.069 1.368 
1.593 1.592 2.379 2.14 9.659 15.0 1.154 1.3 2.271 1.31 
1.516 1.139 0.963 0.857 0.895 0.944 1.017 1.185 1.242 1.155 
1.043 0.837 0.786 0.788 0.806 0.861 0.861 0.947 1.083 1.673 
1.909 1.824 1.382 1.049 1.002 0.932 0.959 0.947 0.979 1.112 
1.145 1.46 1.886 2.156 1.743 1.669 1.299 1.191 1.131 1.204 
1.188 0.991 1.067 8.47 1.525 1.584 3.227 2.428 1.798 2.239 
1.92 1.642 1.933 1.951 1.961 2.136 2.957 2.768 2.477 2.257 
1.888 1.529 1.542 1.879 1.624 1.34 1.31 1.103 1.255 1.838 
1.332 1.632 1.506 2.911 2.323 2.552 1.986 1.388 1.45 1.223 
1.209 1.179 2.24 0.897 0.991 0.797 0.832 0.79 0.867 0.899 
0.967 1.043 1.243 1.554 4.095 7.065 7.067 4.81 2.93 1.423 
1.031 0.892 0.774 0.764 0.729 0.929 1.041 1.323 1.818 15.0 
1.442 0.975 0.999 1.056 0.786 0.846 1.284 1.297 13.388 2.321 
1.914 4.507 7.023 3.902 2.868 2.451 1.602 1.133 1.03 1.007 
11.618 1.38 1.3 1.154 1.362 1.631 2.278 1.913 1.371 2.85 
2.594 1.897 4.513 5.103 14.535 15.0 15.0 9.626 13.209 13.028 
10.903 2.61 1.907 6.569 1.536 4.516 1.066 1.105 0.86 0.992 
0.953 1.104 1.039 1.03 1.022 1.522 0.885 1.047 1.161 1.018 
1.295 1.023 0.935 1.103 1.21 1.552 1.26 1.155 0.93 0.832 
0.887 2.056 1.658 15.0 15.0 2.221 1.579 1.102 0.971 1.062 
1.107 1.22 1.425 1.43 1.481 1.608 1.405 1.505 1.376 1.423 
1.325 1.422 1.23 1.074 1.171 1.03 1.507 1.644 2.175 2.012 
1.797 1.255 1.038 1.02 1.167 1.146 1.211 1.342 1.307 1.403 
1.278 0.989 1.105 0.997 1.079 1.205 1.117 1.107 1.13 1.112 
1.189 1.085 1.437 1.047 1.235 1.645 1.334 1.248 1.086 1.118 
0.966 1.154 0.876 0.926 0.696 0.758 0.892 0.975 0.714 0.74 
0.762 0.878 0.999 0.944 1.19 1.247 1.667 3.291 10.347 11.832 
15.0 15.0 15.0 13.86 9.815 7.29 2.901 1.725 1.312 1.103 
1.017 1.06 0.868 0.846 0.724 0.716 0.905 0.965 0.828 0.86 
0.763 0.745 0.803 0.838 1.025 1.025 1.319 1.41 2.165 1.881 
1.387 1.512 1.217 1.057 0.945 0.972 0.834 0.938 1.011 1.214 
1.192 1.182 1.213 1.222 1.055 1.061 1.298 1.03 1.363 1.297 
1.446 1.34 1.63 2.297 1.387 4.07 1.382 1.185 0.965 1.263 
6.94 0.91 0.931 0.818 0.857 0.722 0.865 0.802 0.913 0.935 
0.936 1.045 0.91 0.992 12.769 1.068 1.0 3.893 1.437 2.09 
1.486 1.633 1.033 1.169 1.151 1.004 0.949 1.303 1.734 2.291 
2.063 2.087 2.448 2.317 2.264 2.235 4.475 2.685 4.312 3.414 
8.244 9.839 9.888 5.096 9.967 8.028 10.449 10.909 9.876 2.534 
5.873 1.956 2.13 2.101 2.475 2.01 2.155 2.004 1.974 2.048 
1.876 1.854 1.903 2.253 2.168 2.022 2.325 2.082 2.851 1.468 
2.401 2.164 3.157 14.431 7.566 13.225 8.092 13.856 13.024 5.893 
1.78 1.506 6.711 1.406 5.757 13.057 4.461 11.361 10.223 6.723 
11.085 6.705 5.709 13.455 15.0 12.971 3.565 11.39 15.0 11.921 
11.972 3.595 3.401 1.637 1.406 1.005 0.881 0.653 0.718 0.696 
0.679 0.81 2.484 2.694 1.347 1.454 0.897 0.797 0.732 0.63 
0.58 0.63 0.655 0.858 1.071 1.316 1.686 1.735 1.561 3.138 
4.286 1.565 3.502 3.724 4.009 5.214 4.418 3.626 3.819 4.268 
3.534 3.816 3.942 5.145 5.079 4.599 4.13 4.043 6.55 7.33 
4.486 5.413 8.342 11.978 10.924 13.591 15.0 15.0 15.0 15.0 
15.0 15.0 15.0 15.0 15.0 14.172 14.605 15.0 14.015 15.0 
15.0 14.57 9.474 14.868 10.383 10.502 3.756 3.679 2.469 7.42 
5.313 6.385 6.896 9.564 9.603 10.46 6.367 3.437 15.0 15.0 
15.0 15.0 15.0 15.0 15.0 15.0 15.0 15.0 15.0 15.0 
15.0 15.0 15.0 15.0 15.0 15.0 15.0 15.0 14.547 12.768 
12.702 11.692 11.839 14.614 15.0 15.0 15.0 15.0 15.0 15.0 
15.0 15.0 15.0 15.0 15.0 15.0 15.0 15.0 15.0 15.0 
15.0 15.0 15.0 15.0 15.0 15.0 15.0 15.0 15.0 15.0 
15.0 15.0 15.0 13.084 15.0 15.0 12.922 13.268 15.0 15.0 
12.307 15.0 15.0 13.526 9.887 11.155 12.463 3.617 2.25 2.132 
1.499 1.159 0.856 0.95 0.693 0.637 0.609 0.691 0.773 0.963 
1.358 0.996 1.137 1.087 0.814 0.769 0.849 0.887 1.684 1.037 
0.847 0.804 0.875 0.883 1.281 1.454 1.152 1.024 1.905 1.997 
15.0 4.382 6.575 9.122 11.807 3.993 1.118 12.438 1.849 15.0 
15.0 1.739 15.0 8.413 15.0 15.0 15.0 15.0 15.0 15.0 
15.0 15.0 14.725 15.0 1.104 1.146 1.159 1.069 0.958 0.988 
1.084 1.338 15.0 2.412 15.0 1.463 2.06 15.0 1.332 15.0 
1.312 1.051 0.77 1.009 0.77 1.042 0.752 0.663 1.291 0.82 
0.88 0.975 0.879 0.89 1.41 1.018 15.0 1.45 1.17 1.034 
0.732 0.795 0.724 0.833 0.865 0.962 0.711 0.64 0.773 0.81 
0.613 0.735 0.68 0.728 0.859 0.797 1.036 0.678 0.791 0.727 
1.346 1.401 1.084 0.954 0.909 1.115 1.217 0.992 1.346 0.962 
0.896 0.908 0.984 1.281 2.316 4.679 1.667 8.062 1.462 1.425 
1.224 1.043 1.397 1.472 1.419 1.519 1.462 1.536 1.727 1.309 
2.279 2.09 1.914 2.191 1.857 1.641 1.494 1.54 1.188 1.113 
0.967 0.908 0.977 0.981 0.91 0.876 0.882 1.029 1.124 1.01 
0.893 0.84 0.864 0.848 0.896 0.908 0.913 0.883 0.863 0.839 
0.895 0.804 0.868 0.83 0.769 0.857 0.846 0.893 0.998 0.939 
0.791 0.751 0.716 0.839 0.924 1.385 1.183 0.908 0.791 0.831 
0.886 0.804 0.821 0.849 0.956 1.089 1.251 1.28 1.076 15.0 
1.242 1.733 1.241 1.286 1.075 1.35 1.58 1.233 1.661 1.243 
1.104 1.428 1.812 2.607 2.243 1.938 1.853 1.673 1.716 4.255 
9.697 2.973 2.669 3.083 3.038 2.266 2.188 1.561 1.282 1.234 
1.168 0.851 1.128 0.951 0.946 0.923 0.951 0.898 0.949 0.88 
0.877 0.822 0.81 0.886 0.826 0.878 1.067 1.146 1.711 1.146 
1.367 0.892 0.97 0.809 0.871 0.843 0.879 1.007 1.12 0.984 
0.927 1.051 1.369 1.175 1.166 1.31 1.624 1.601 1.972 1.892 
1.399 7.016 2.285 1.908 2.267 2.223 2.247 2.893 2.885 2.66 
4.017 3.89 3.993 4.419 4.487 4.26 4.318 3.909 4.224 1.967 
1.971 1.24 1.115 1.263 1.255 0.953 1.253 1.059 1.037 1.048 
0.984 1.319 1.111 0.921 1.132 1.146 1.544 5.611 9.179 9.298 
1.508 6.049 4.337 2.2 4.048 4.834 2.899 3.54 4.325 3.036 
2.773 3.373 3.092 2.428 2.67 1.887 1.721 1.422 1.123 1.027 
1.191 1.494 2.45 3.108 3.759 6.062 4.235 5.906 6.346 6.625 
5.152 5.155 4.278 4.328 3.753 4.379 5.056 9.729 8.744 10.153 
6.147 2.308 2.614 2.209 2.516 3.963 3.845 3.832 5.063 6.162 
3.783 5.215 7.196 5.866 5.97 3.572 2.791 4.742 3.351 1.806 
1.531 1.044 0.976 1.125 0.888 0.986 0.966 3.432 2.813 1.503 
1.879 1.372 1.556 1.251 1.368 6.687 8.462 5.896 0.784 0.824 
0.79 1.016 0.968 1.152 1.824 1.716 2.072 1.48 1.665 1.993 
7.241 5.752 4.256 7.343 6.161 7.054 1.55 7.595 5.355 11.135 
8.762 15.0 11.378 6.261 5.496 5.449 2.932 3.023 2.563 2.267 
5.171 3.412 8.214 9.113 3.265 3.565 4.44 4.065 5.563 6.141 
6.801 7.172 6.803 6.054 3.26 3.905 3.772 3.334 2.817 4.487 
2.625 3.136 2.769 2.062 1.852 1.358 2.053 1.229 1.323 1.207 
1.327 1.378 1.511 1.807 1.663 1.677 2.461 2.638 2.83 4.334 
5.372 6.807 6.848 6.966 5.567 4.093 4.559 3.289 10.394 11.616 
15.0 15.0 15.0 15.0 15.0 15.0 15.0 15.0 15.0 15.0 
10.563 15.0 15.0 5.899 15.0 15.0 15.0 15.0 15.0 15.0 
15.0 15.0 15.0 3.369 15.0 15.0 15.0 15.0 15.0 15.0 
15.0 15.0 15.0 15.0 15.0 15.0 15.0 15.0 15.0 15.0 
15.0 15.0 15.0 15.0 15.0 15.0 15.0 15.0 15.0 15.0 
15.0 15.0 15.0 15.0 15.0 15.0 15.0 15.0 15.0 15.0 
15.0 15.0 15.0 15.0 15.0 9.773 15.0 15.0 15.0 15.0 
15.0 7.72 7.027 15.0 15.0 15.0 15.0 15.0 15.0 7.76 
4.873 12.822 12.978 15.0 15.0 15.0 15.0 9.918 4.345 7.775 
3.689 2.451 2.485 11.403 14.74 8.002 11.37 15.0 15.0 15.0 
15.0 15.0 15.0 15.0 15.0 14.101 12.373 14.134 12.838 7.279 
7.754 6.354 10.88 13.895 15.0 12.181 15.0 15.0 15.0 15.0 
15.0 15.0 15.0 15.0 15.0 2.323 7.172 15.0 10.046 15.0 
15.0 3.232 7.951 5.622 11.532 15.0 9.281 15.0 15.0 14.257 
15.0 2.795 15.0 15.0 6.253 15.0 11.715 14.536 15.0 15.0 
15.0 15.0 15.0 15.0 15.0 15.0 15.0 15.0 15.0 15.0 
15.0 15.0 15.0 15.0 15.0 15.0 15.0 15.0 15.0 15.0 
15.0 15.0 15.0 12.261 15.0 12.729 7.184 8.716 8.897 13.154 
12.03 15.0 15.0 15.0 15.0 15.0 15.0 15.0 12.06 15.0 
12.159 6.77 9.219 1.38 2.103 1.685 11.022 9.595 14.017 2.348 
3.001 1.19 0.953 1.053 2.278 1.324 9.985 8.819 14.019 15.0 
15.0 15.0 11.729 11.985 1.456 1.688 3.141 4.996 5.959 6.656 
6.566 6.13 4.4 3.009 3.478 2.997 3.544 3.713 3.533 2.007 
9.869 0.925 1.18 0.864 0.779 0.933 0.994 1.09 1.259 1.04 
1.147 1.157 1.379 1.123 11.032 0.901 0.888 0.768 1.006 11.682 
15.0 15.0 8.729 1.3 0.983 0.877 0.975 14.28 10.3 15.0 
15.0 15.0 12.576 15.0 11.369 8.639 12.564 7.495 1.576 3.052 
1.586 2.72 2.596 2.989 2.921 2.675 7.942 2.075 15.0 12.807 
15.0 13.621 12.339 12.01 13.053 12.105 12.053 11.84 11.928 11.467 
11.118 10.588 8.706 10.46 10.74 10.233 10.401 11.734 12.519 13.278 
11.91 15.0 11.336 9.218 7.665 6.187 4.508 3.55 4.403 3.062 
2.56 1.976 1.932 1.617 1.516 1.465 1.35 1.161 1.282 1.304 
1.22 1.141 1.293 1.336 1.214 1.368 1.475 1.502 1.535 1.876 
1.814 2.422 3.735 4.417 5.459 4.574 3.28 4.492 3.207 1.65 
2.222 1.886 1.418 1.211 1.424 1.287 1.13 1.171 1.261 1.25 
1.269 1.498 1.56 1.645 1.654 1.84 2.033 2.102 2.076 1.85 
1.952 1.961 1.813 1.763 1.443 1.511 1.404 1.195 1.22 1.273 
1.209 1.152 1.274 1.285 1.211 1.367 1.567 1.631 1.76 2.571 
2.748 3.787 5.577 8.177 10.949 14.328 15.0 15.0 15.0 15.0 
15.0 15.0 15.0 15.0 15.0 15.0 15.0 15.0 15.0 15.0 
15.0 15.0 15.0 15.0 15.0 15.0 15.0 15.0 15.0 15.0 
15.0 15.0 15.0 15.0 15.0 15.0 15.0 15.0 15.0 15.0 
15.0 15.0 15.0 13.03 15.0 15.0 15.0 15.0 13.607 11.633 
10.256 9.251 3.546 
END
