PFRMAT local QA
AUTHOR MASS-CASP14
af2-standard_T1169_5.pdb local_accuracy_only 3.233 3.107 2.75 2.754 3.071 3.816 4.462 6.162 7.468 8.239 10.458 
12.256 13.677 13.859 14.458 13.176 13.999 15.0 12.623 12.252 10.579 
12.577 12.668 12.555 11.197 11.972 11.505 11.542 9.384 9.479 7.85 
6.597 6.653 5.871 4.979 4.212 3.306 2.709 2.963 2.987 3.023 
2.954 2.878 2.988 2.633 2.186 2.301 2.286 2.441 3.234 4.599 
6.149 6.877 6.448 6.346 5.762 5.981 4.282 4.861 4.439 3.911 
3.446 3.475 4.401 5.133 6.59 7.343 9.516 10.17 10.313 12.771 
12.646 13.613 13.082 13.303 14.044 14.259 15.0 15.0 15.0 15.0 
15.0 15.0 15.0 14.415 14.417 15.0 15.0 15.0 15.0 15.0 
15.0 15.0 15.0 15.0 15.0 15.0 15.0 14.874 13.36 14.844 
14.187 12.709 12.805 12.363 13.434 13.423 14.857 15.0 15.0 15.0 
15.0 15.0 15.0 15.0 15.0 14.764 12.204 11.605 11.58 12.438 
12.169 12.316 13.361 14.671 14.722 13.73 13.034 13.244 11.98 12.04 
8.504 6.876 5.876 3.67 3.971 3.58 4.326 4.259 5.541 6.296 
6.39 5.918 6.597 6.379 5.618 5.77 5.27 5.465 5.579 8.382 
8.976 11.728 10.753 11.527 10.592 9.898 10.977 12.406 15.0 15.0 
15.0 15.0 15.0 13.29 11.689 10.605 8.302 8.753 9.227 8.032 
7.899 8.717 9.248 10.198 10.609 10.828 11.626 10.571 11.628 12.346 
13.091 13.825 14.641 15.0 15.0 15.0 15.0 15.0 15.0 13.438 
13.531 11.798 12.246 11.682 12.504 14.03 15.0 15.0 15.0 15.0 
15.0 15.0 15.0 14.075 13.173 10.825 9.784 7.787 8.27 8.055 
7.453 7.926 7.689 5.514 5.046 4.084 2.854 2.644 2.752 3.458 
3.48 4.58 4.37 3.417 2.855 2.169 2.178 2.353 1.817 1.914 
2.398 2.158 1.681 1.585 1.688 1.429 1.4 1.811 1.942 2.692 
3.356 3.966 4.083 4.144 3.359 2.666 2.634 2.576 2.749 2.773 
2.792 3.302 3.439 4.572 5.931 5.842 7.148 7.565 7.562 7.163 
6.628 5.256 3.763 3.847 3.157 2.82 2.504 2.751 2.654 2.867 
2.977 3.254 3.694 3.571 3.347 2.371 2.087 1.77 1.48 1.53 
1.433 1.607 1.914 2.051 2.042 2.335 1.731 1.806 1.758 2.05 
2.197 1.954 2.54 3.571 4.03 4.444 4.813 4.746 4.423 4.173 
3.794 3.884 4.148 4.105 3.368 3.372 3.721 3.486 3.597 3.623 
3.588 2.851 3.145 3.377 3.911 3.891 4.571 5.387 6.911 6.182 
5.775 4.531 3.198 2.729 2.417 2.413 2.048 1.996 2.426 2.893 
3.416 2.704 2.316 1.975 2.071 1.905 1.906 1.963 2.462 2.238 
2.893 4.082 4.889 6.004 5.863 6.248 6.437 7.015 8.576 10.338 
10.169 10.852 10.036 15.0 12.945 15.0 15.0 13.912 10.545 10.587 
8.62 10.021 15.0 9.593 11.079 8.343 9.501 9.291 10.492 8.442 
8.347 7.565 7.21 6.028 7.129 6.059 5.474 4.151 3.622 2.904 
2.542 2.336 1.942 2.219 2.489 2.547 2.424 2.635 3.188 3.361 
3.309 2.973 3.682 4.519 4.074 3.661 5.006 5.633 6.621 6.519 
5.32 4.415 3.254 3.029 2.52 2.228 1.47 1.605 1.651 1.556 
1.979 2.184 3.199 3.979 4.752 6.022 5.627 5.102 4.315 3.152 
2.228 1.804 1.504 1.487 1.696 2.419 3.527 4.357 5.203 6.779 
6.542 6.38 4.312 3.473 2.792 2.217 1.753 1.851 1.929 2.063 
1.796 1.982 1.957 1.619 1.698 1.565 1.196 1.034 1.033 1.131 
1.312 1.821 2.008 2.137 2.378 2.668 3.153 4.102 4.2 3.371 
2.594 1.84 1.467 1.545 1.476 1.7 1.936 2.321 2.366 2.031 
1.605 1.302 1.111 1.209 1.3 1.67 1.642 2.341 2.641 3.96 
4.486 6.058 5.476 4.683 3.31 2.232 1.861 1.498 1.559 1.874 
2.341 2.978 3.732 4.052 4.707 4.06 3.242 2.135 1.592 1.35 
1.396 1.682 2.12 2.244 2.494 2.216 1.459 1.227 1.109 0.861 
1.363 1.793 2.105 1.908 1.613 1.349 1.223 1.096 1.082 1.329 
2.034 2.851 3.126 2.605 1.794 1.486 1.42 1.43 1.464 1.609 
1.989 2.159 2.781 3.335 3.674 4.488 4.291 5.482 5.731 6.51 
6.873 5.906 6.323 5.407 5.003 3.427 2.793 2.277 1.954 1.664 
1.393 1.149 1.374 1.346 1.413 1.395 1.862 2.051 2.921 3.05 
3.614 3.79 4.669 3.579 2.457 1.912 1.578 1.261 1.259 1.279 
1.302 1.49 1.891 2.167 3.525 5.197 5.79 5.4 4.99 3.394 
2.13 1.9 1.748 1.625 1.362 1.211 1.434 1.657 2.795 3.678 
3.301 2.571 1.79 1.27 1.064 1.024 1.102 1.166 1.116 1.458 
2.103 2.873 5.819 7.881 8.258 9.247 15.0 15.0 15.0 15.0 
15.0 15.0 15.0 12.302 7.557 6.583 6.241 5.288 4.592 4.27 
3.753 2.774 2.035 1.557 1.352 1.35 1.218 0.976 1.027 0.985 
1.249 1.532 2.207 2.159 1.97 1.838 1.532 1.188 1.144 1.181 
1.227 1.466 1.73 2.053 3.167 3.509 4.627 4.577 3.386 2.251 
1.838 1.607 1.716 1.648 1.316 1.501 1.637 1.925 2.582 2.482 
3.101 2.702 2.132 1.647 1.519 1.434 1.375 1.28 1.287 1.704 
2.957 4.435 6.841 6.753 7.919 7.325 5.922 4.895 3.691 2.644 
1.94 1.584 1.63 1.71 1.87 2.118 2.039 2.015 1.92 2.023 
2.372 2.692 3.259 3.889 5.312 6.044 7.188 8.749 10.521 11.492 
11.29 11.89 9.132 8.401 6.942 6.768 6.018 5.887 6.269 7.518 
5.635 5.136 3.704 3.11 3.379 3.256 2.571 2.433 2.207 2.222 
1.727 1.6 1.513 1.601 1.847 2.129 2.443 2.651 2.404 1.737 
1.722 1.519 1.501 1.524 1.717 2.025 2.468 3.958 4.855 6.965 
7.735 8.843 9.009 9.42 8.163 5.392 6.555 6.631 6.344 5.385 
4.618 3.753 3.409 3.156 3.548 4.058 4.917 4.879 4.514 3.898 
2.194 1.926 2.18 1.786 1.537 1.645 1.577 1.739 2.356 2.485 
2.506 2.502 2.208 1.864 1.625 1.409 1.42 1.475 1.497 1.676 
1.902 2.647 3.538 3.955 3.674 3.593 3.158 2.627 2.615 1.995 
1.653 1.713 1.615 1.912 2.52 4.517 5.841 6.875 10.402 9.1 
8.813 7.602 11.287 11.222 15.0 15.0 15.0 15.0 15.0 15.0 
15.0 15.0 13.192 12.583 11.904 11.825 11.157 9.679 7.479 5.655 
4.8 4.587 3.828 3.876 3.551 3.277 2.229 1.819 1.591 1.498 
1.468 1.64 1.82 1.598 1.392 1.378 1.262 1.29 1.465 1.723 
2.07 2.927 3.558 5.625 6.773 6.463 5.878 4.922 5.443 4.949 
4.835 4.429 3.734 4.157 3.838 4.144 3.692 3.372 3.165 2.48 
1.936 1.996 2.114 2.087 2.161 2.455 2.051 1.763 1.545 1.78 
2.1 2.355 2.771 2.153 1.614 1.482 1.486 1.617 1.971 2.085 
3.018 4.415 5.396 5.344 5.602 4.686 4.315 4.583 4.772 4.689 
4.854 6.087 7.471 9.598 9.518 10.392 8.396 6.647 6.291 4.819 
4.323 3.255 2.654 2.823 2.713 2.326 2.058 2.274 2.303 2.232 
2.578 2.286 2.505 2.674 2.845 3.508 4.603 5.877 5.724 5.902 
6.281 6.541 7.319 6.894 6.597 6.214 5.001 6.94 6.563 6.207 
5.734 6.365 7.812 7.058 7.867 8.07 7.093 6.328 6.032 5.024 
3.896 2.778 2.151 2.21 2.138 2.043 2.069 1.84 1.563 1.371 
1.401 1.352 1.315 1.443 1.682 1.851 2.259 2.827 3.575 3.202 
2.245 1.341 1.375 1.241 1.098 1.12 1.102 0.94 1.058 1.091 
1.202 1.208 1.709 2.433 2.415 2.033 1.903 1.802 1.597 1.699 
1.453 1.651 1.573 1.455 1.701 1.883 2.075 2.331 2.652 2.59 
2.369 3.066 3.627 3.404 2.611 2.214 2.734 2.546 3.515 4.62 
5.881 7.001 10.267 12.576 13.392 14.672 13.797 13.69 11.612 10.251 
8.476 6.276 4.792 2.966 2.428 2.176 2.182 2.145 2.085 2.138 
2.634 2.844 3.579 3.671 3.06 2.561 2.0 1.714 1.704 1.807 
1.718 2.024 1.989 2.536 2.977 4.713 5.851 6.266 7.064 5.173 
5.042 5.527 5.057 5.274 5.52 5.988 5.141 4.789 4.386 3.421 
3.128 3.236 2.868 3.347 3.597 3.894 4.641 5.711 6.382 6.724 
7.086 6.373 5.895 5.427 4.323 3.006 2.688 2.328 1.899 1.823 
1.686 1.813 2.252 2.034 1.593 1.28 1.363 1.415 1.799 1.806 
1.655 1.373 1.23 1.303 1.565 1.882 2.276 2.236 1.899 1.559 
1.711 2.096 2.222 2.199 1.717 2.167 2.733 2.487 2.401 2.242 
2.231 2.411 2.265 2.108 1.758 1.672 1.467 1.671 1.567 2.102 
2.477 2.206 1.74 1.443 1.213 1.268 1.421 1.619 1.986 2.103 
2.529 1.923 1.618 1.293 1.223 1.109 1.036 1.368 1.853 2.981 
4.274 5.528 5.932 5.989 4.658 3.653 2.616 2.14 1.908 1.871 
1.602 1.85 1.691 1.786 1.889 1.857 2.04 1.626 1.438 1.305 
1.495 1.78 2.073 2.01 1.704 1.409 1.24 1.136 1.12 1.384 
2.027 2.704 2.772 1.824 1.702 1.328 1.171 1.262 1.221 1.214 
1.682 2.351 3.134 4.031 3.467 2.799 2.423 2.722 2.868 2.592 
2.127 1.941 1.916 2.244 2.12 2.015 1.66 1.603 1.814 2.443 
3.072 3.247 2.76 2.768 2.192 1.572 1.281 1.252 1.224 1.365 
1.856 2.501 3.209 2.778 2.301 1.858 1.705 1.306 1.127 1.262 
1.332 1.567 1.81 1.673 1.98 2.14 3.101 4.256 5.033 5.105 
4.148 4.593 4.214 4.561 5.208 5.106 6.512 6.971 7.657 6.488 
5.046 5.98 5.835 7.224 6.648 5.643 4.413 3.392 2.736 2.989 
2.844 3.233 2.913 2.8 3.194 3.334 3.144 3.189 3.007 3.278 
4.14 4.263 5.236 5.415 5.759 4.679 4.75 4.612 4.507 3.898 
3.611 3.489 3.985 4.271 5.273 6.685 8.271 8.049 7.816 4.961 
3.423 2.599 2.256 2.372 2.562 2.791 2.987 3.351 3.551 4.736 
5.775 6.659 6.698 5.598 5.005 4.413 3.386 2.69 2.694 2.556 
2.698 3.497 3.886 4.483 4.324 3.775 5.036 6.696 7.058 6.791 
6.442 7.814 8.688 10.199 9.451 10.417 9.325 9.209 8.984 10.049 
10.508 10.199 10.693 10.711 11.156 10.423 10.31 9.585 7.025 5.24 
4.726 3.909 2.91 2.038 1.857 1.629 1.552 1.573 1.704 2.166 
2.167 2.192 1.741 1.499 1.148 1.089 1.219 1.207 1.401 1.434 
1.485 1.798 1.949 2.455 2.415 2.379 1.822 1.7 1.613 1.434 
1.356 1.457 1.349 1.459 1.411 1.29 1.577 1.771 1.911 1.891 
1.818 1.191 1.18 1.215 1.508 1.622 1.692 2.003 1.623 2.16 
2.6 2.348 2.044 1.454 1.809 2.149 2.709 2.419 1.824 1.733 
1.742 2.118 2.232 2.047 1.791 1.306 1.368 1.285 1.335 1.525 
2.173 2.508 2.452 2.201 1.796 2.177 2.809 3.707 3.881 5.784 
6.817 8.569 8.258 5.942 5.388 4.285 2.927 2.07 1.585 1.433 
1.177 1.188 1.182 1.145 1.201 1.647 2.659 3.189 3.546 3.045 
3.154 3.143 3.063 2.876 2.68 2.238 1.952 1.86 1.454 1.531 
1.739 2.05 2.457 2.928 3.935 4.344 5.433 5.604 5.8 5.836 
5.444 4.656 4.97 4.046 3.725 3.81 3.144 1.912 1.368 1.401 
1.215 1.222 1.128 1.052 1.142 1.121 1.462 1.89 2.4 3.774 
4.817 6.186 7.847 8.478 7.18 6.8 5.455 3.586 2.458 1.926 
1.546 1.303 1.196 1.158 1.19 1.097 1.171 1.685 1.99 2.736 
2.678 2.24 1.643 1.31 1.076 0.998 1.135 1.211 1.222 1.183 
1.123 1.353 1.854 2.079 2.342 2.146 1.863 1.649 1.379 1.225 
1.25 1.226 1.288 1.51 1.793 2.398 2.701 2.927 2.586 2.198 
2.005 1.864 1.943 1.931 2.132 2.356 2.127 2.15 1.828 1.652 
1.487 1.317 1.418 1.297 1.592 2.148 3.169 3.447 2.643 2.278 
2.01 1.674 1.755 1.962 1.72 1.845 2.265 2.395 2.349 2.026 
1.557 1.741 1.702 1.379 1.241 1.174 1.202 1.381 1.556 2.334 
3.046 5.172 6.503 10.037 13.363 15.0 15.0 15.0 15.0 14.961 
11.942 8.883 6.294 4.433 2.802 2.423 2.038 2.06 2.051 2.36 
3.046 4.032 3.553 3.335 2.792 2.535 2.36 2.879 3.372 3.253 
3.472 4.976 5.823 6.736 6.061 6.6 6.256 6.84 5.395 7.51 
8.098 11.415 15.0 14.788 13.377 11.599 11.08 12.235 11.038 9.974 
10.035 9.726 10.859 12.052 12.821 12.347 11.39 8.961 11.218 10.663 
9.47 8.573 7.418 5.571 4.474 3.099 2.764 1.792 1.543 1.237 
1.171 1.213 1.222 1.131 1.199 1.598 2.115 3.139 3.518 3.194 
2.591 1.609 1.244 1.064 1.136 1.23 1.427 1.689 1.911 2.089 
2.116 1.774 1.653 1.532 2.052 2.536 2.413 2.672 2.47 2.878 
3.156 4.5 5.887 6.553 6.184 6.059 5.644 5.547 4.324 3.624 
2.781 1.788 1.403 1.264 1.172 1.191 1.191 1.349 1.801 2.546 
2.2 1.864 1.846 1.516 1.218 1.091 1.017 0.999 1.256 1.158 
1.116 1.278 1.371 1.651 2.173 2.617 3.362 4.06 5.64 5.147 
4.428 3.037 3.041 2.775 2.042 1.587 1.395 1.195 1.111 1.131 
1.455 1.744 2.099 1.871 1.459 1.317 1.328 1.39 1.346 1.125 
1.089 1.096 1.155 1.516 1.659 1.657 1.539 1.327 1.392 1.419 
1.461 1.669 1.558 2.04 2.946 3.983 4.204 4.092 3.797 2.946 
2.498 2.022 1.711 1.649 1.751 1.942 2.452 2.908 2.634 2.183 
1.798 1.709 1.561 1.874 2.151 2.113 2.289 2.29 2.897 3.881 
4.499 4.121 3.832 3.333 2.952 2.323 2.113 1.62 1.473 1.301 
1.445 1.512 1.691 2.078 2.138 2.902 3.887 4.763 6.614 8.239 
7.069 5.322 3.482 2.474 1.958 1.705 1.701 1.821 2.175 2.104 
1.722 1.292 1.228 1.352 1.67 1.834 2.153 3.351 4.366 4.837 
5.094 4.496 3.752 3.334 3.585 4.632 3.91 3.337 2.839 2.321 
2.34 2.326 2.177 2.108 2.061 2.702 2.532 2.463 2.594 2.62 
2.198 1.836 1.829 1.492 1.282 1.308 1.203 1.246 1.182 1.091 
1.148 1.404 1.919 3.212 3.871 5.643 6.12 7.996 8.496 6.0 
3.55 2.304 1.791 1.471 1.333 1.124 1.11 1.333 1.298 1.355 
1.438 1.58 2.029 2.54 3.011 2.721 2.935 3.691 3.761 3.636 
4.138 4.841 6.011 6.361 5.939 4.477 4.184 3.31 2.599 2.351 
2.142 2.102 1.778 1.836 2.263 2.549 2.532 2.23 2.024 2.591 
3.011 4.282 5.025 5.765 7.16 6.831 8.899 7.228 5.856 3.579 
2.225 1.709 1.471 1.214 1.091 1.131 1.406 1.609 2.035 1.985 
1.467 1.378 1.211 1.073 1.006 1.06 1.236 1.31 1.249 1.904 
2.397 2.235 2.279 1.788 1.44 1.187 1.07 1.044 1.12 1.113 
0.982 1.349 1.826 2.216 1.912 1.741 1.419 1.205 1.278 1.292 
1.182 1.397 1.586 1.863 1.945 2.156 2.85 3.25 3.31 3.587 
3.258 3.208 3.21 3.364 3.666 4.331 4.329 5.114 4.958 4.772 
4.815 4.757 4.311 3.66 3.636 3.139 3.595 3.489 3.332 3.196 
2.955 2.624 2.955 4.512 5.098 6.203 5.465 4.235 3.289 4.045 
3.576 3.231 3.031 2.628 2.919 2.775 3.334 3.72 3.875 4.195 
5.604 4.343 4.176 4.674 5.111 6.582 5.99 5.789 4.839 3.358 
2.957 2.74 2.798 2.212 2.754 3.5 4.806 6.289 7.638 10.786 
11.117 11.22 12.443 8.716 5.388 5.525 5.209 4.601 4.0 3.623 
4.18 4.413 4.479 4.356 4.761 4.504 5.22 6.036 5.343 5.545 
6.152 5.769 5.809 6.26 6.873 9.346 8.707 8.545 7.243 8.075 
8.218 8.29 9.065 8.961 10.833 9.962 15.0 12.331 10.848 8.267 
6.748 4.904 4.496 4.315 3.757 3.579 3.346 2.219 2.446 2.301 
2.345 2.35 2.186 2.308 2.646 2.842 2.971 3.394 3.078 2.824 
2.698 2.637 2.613 2.945 3.52 4.887 5.761 7.007 7.711 8.216 
9.715 9.973 9.232 9.788 10.139 6.54 4.435 3.367 3.418 3.041 
2.308 2.155 1.929 1.998 2.406 3.0 3.106 2.585 3.145 2.493 
2.468 3.055 3.372 3.802 3.43 3.092 4.15 4.828 6.893 7.547 
8.237 6.708 5.949 5.289 5.596 5.217 5.098 4.463 5.959 6.612 
6.371 7.308 7.297 5.845 4.74 4.98 3.48 3.148 3.193 3.483 
3.29 3.473 3.568 3.202 3.374 3.43 2.386 1.736 1.435 1.408 
1.416 1.276 1.452 1.491 1.825 2.033 3.035 3.417 2.792 2.073 
1.497 1.387 1.234 1.062 1.164 1.259 1.408 1.794 2.737 4.029 
6.544 7.172 7.673 4.919 3.097 2.521 1.873 1.847 1.506 1.352 
1.423 1.384 1.489 1.626 1.979 1.7 2.006 1.888 1.994 1.65 
1.496 1.756 1.755 1.522 1.616 1.806 2.426 3.172 3.933 4.123 
3.883 3.136 2.569 2.525 2.942 2.53 2.431 2.359 2.438 3.018 
3.218 3.814 3.566 3.142 2.743 3.065 3.406 2.908 3.299 3.22 
3.691 3.059 3.091 4.217 5.04 5.815 4.99 5.614 6.762 8.994 
11.366 11.469 10.367 9.32 8.446 6.942 5.97 5.319 3.736 3.2 
2.594 2.676 2.83 2.966 2.896 2.807 2.353 2.221 2.033 2.087 
1.885 1.979 1.669 1.664 1.926 1.693 1.653 1.675 2.132 2.421 
2.414 2.278 2.553 2.144 2.693 2.912 3.492 3.783 2.803 2.956 
4.031 5.471 6.163 4.605 4.838 4.063 5.009 4.102 3.3 4.205 
3.64 2.426 2.473 2.694 2.337 2.012 2.061 2.38 2.151 2.133 
1.695 1.61 1.799 2.422 1.916 1.762 1.527 1.654 1.844 2.203 
2.108 2.192 2.876 4.935 5.638 5.953 7.474 6.961 8.441 7.028 
7.233 5.619 4.969 4.441 4.081 4.983 5.123 6.354 6.237 6.309 
6.905 7.367 6.467 6.938 8.422 7.972 6.434 6.115 7.487 5.783 
4.734 3.239 2.854 2.131 1.785 1.272 1.18 1.112 1.242 1.243 
1.325 1.496 2.245 2.634 2.742 2.498 1.757 1.338 1.468 1.421 
1.281 1.469 1.46 1.478 1.82 2.494 3.902 5.001 5.931 6.789 
6.576 6.647 5.914 6.864 6.414 5.044 3.564 3.623 3.716 2.929 
2.281 2.701 2.802 3.452 3.256 2.691 2.878 3.754 3.911 3.461 
2.963 3.363 3.261 2.695 3.019 3.258 3.387 3.131 3.381 3.81 
3.856 4.518 3.715 5.645 5.589 6.653 7.111 6.423 5.219 4.847 
4.095 4.246 4.646 5.893 6.379 5.909 5.12 4.821 5.261 5.489 
5.877 5.829 5.325 4.705 4.486 3.587 2.499 2.369 2.334 2.403 
2.54 3.691 4.234 4.898 5.789 6.462 7.067 10.689 13.641 15.0 
15.0 15.0 15.0 11.752 10.007 9.245 10.662 10.634 9.896 11.689 
13.795 15.0 15.0 14.411 13.046 13.572 14.263 13.768 14.65 12.266 
11.541 10.457 10.326 12.165 10.465 10.254 9.182 9.655 8.744 9.4 
8.552 6.41 5.243 4.814 4.572 3.87 3.755 4.426 4.947 4.887 
5.663 6.54 7.286 5.963 5.619 5.912 4.816 3.344 3.288 3.211 
3.594 2.872 3.434 4.165 3.727 3.176 3.751 3.622 4.197 3.615 
3.833 3.738 3.074 2.843 2.077 1.685 1.378 1.409 1.402 1.459 
1.442 1.232 1.296 1.554 1.554 1.545 1.73 1.904 2.17 1.622 
1.278 1.424 1.594 1.851 1.839 2.34 2.408 2.576 3.316 3.273 
4.142 4.901 6.233 7.957 7.893 7.839 8.246 8.041 7.048 7.261 
7.16 6.469 8.785 8.632 11.934 13.482 13.155 14.122 11.931 13.125 
11.925 11.584 8.9 7.733 7.161 6.05 6.143 6.086 5.15 5.12 
4.152 4.677 4.57 4.481 4.49 5.04 5.202 3.916 3.132 2.903 
2.268 1.71 1.642 1.701 1.729 2.113 1.857 2.345 2.708 2.471 
2.374 2.351 2.106 1.807 1.966 1.886 2.314 3.169 4.444 4.641 
4.522 4.548 4.25 4.324 4.743 4.596 5.724 5.15 4.94 4.693 
4.247 4.818 3.699 3.184 2.426 2.326 1.897 1.44 1.526 1.77 
2.003 1.977 1.875 1.788 1.5 1.526 1.622 1.856 1.788 2.018 
2.201 2.335 3.182 4.192 5.23 5.924 5.171 4.25 3.197 2.523 
2.848 2.169 1.971 1.816 1.574 1.816 1.818 2.539 3.227 4.3 
4.059 3.695 3.959 3.384 2.379 2.077 1.814 2.04 1.972 1.88 
1.772 1.609 1.703 1.858 2.07 2.489 3.297 3.508 2.612 1.907 
1.622 1.547 1.305 1.32 1.643 2.163 2.185 1.812 1.576 1.582 
1.784 1.694 1.871 2.252 2.155 1.931 2.049 1.838 1.643 1.515 
1.46 1.167 1.003 0.994 1.552 2.101 2.128 1.492 1.081 1.173 
1.319 1.252 1.314 1.366 1.234 1.518 1.814 1.972 1.928 2.048 
1.563 1.515 1.624 1.597 1.386 1.539 1.731 1.813 1.697 1.904 
1.953 1.929 1.805 2.203 2.091 2.483 2.626 3.152 3.411 3.472 
3.396 2.799 3.256 2.825 2.573 2.142 1.983 1.65 1.822 1.899 
1.931 2.182 1.85 2.03 1.503 1.65 1.609 1.729 1.713 1.561 
1.679 1.555 1.446 1.541 1.747 1.802 2.07 2.867 3.047 3.115 
2.956 2.179 2.386 2.031 1.882 1.917 2.224 2.012 1.892 2.475 
2.753 2.534 2.774 2.358 3.085 3.309 3.079 4.255 5.251 6.759 
6.485 7.373 4.647 4.777 4.142 4.046 3.666 3.487 3.302 3.661 
3.708 3.639 3.625 4.062 3.388 3.495 3.441 3.241 2.774 2.302 
2.491 2.134 2.22 2.154 2.209 2.17 2.509 2.253 1.837 2.105 
2.332 2.577 2.687 2.49 3.502 3.285 5.049 6.436 7.688 8.092 
6.024 5.723 4.811 4.997 4.305 3.671 3.456 3.596 3.222 2.429 
2.688 2.845 2.529 2.582 2.455 2.623 2.913 3.654 3.833 4.569 
4.805 4.6 4.175 4.134 4.308 3.593 4.028 4.758 5.062 3.914 
3.794 3.888 3.875 3.94 3.585 4.2 3.984 3.973 3.636 4.08 
4.423 4.622 4.427 4.316 5.346 4.9 4.757 4.696 4.215 3.78 
2.865 3.054 2.772 2.642 2.221 2.113 2.442 2.599 2.747 2.823 
2.841 2.756 2.995 3.001 2.635 2.821 2.422 3.179 3.139 3.418 
3.156 2.767 2.794 2.744 3.133 2.936 3.171 3.288 3.595 3.645 
4.032 4.122 4.804 4.416 4.23 3.643 3.494 4.438 5.296 5.32 
4.664 4.866 4.751 5.434 5.431 5.691 4.863 5.283 5.96 5.438 
5.399 4.658 5.513 5.261 5.63 5.233 5.184 4.685 5.128 5.383 
5.494 5.831 5.445 5.743 6.104 6.029 5.094 4.721 4.709 4.615 
4.312 4.483 4.048 4.144 4.19 4.306 4.08 4.411 4.179 3.489 
3.035 3.032 2.822 2.848 2.439 2.652 2.558 2.163 2.065 1.933 
2.062 2.27 2.378 2.64 2.659 2.492 2.792 3.099 3.46 2.918 
3.263 3.559 3.534 3.874 3.362 3.469 3.481 3.614 3.946 4.33 
3.998 4.267 4.832 5.466 7.311 8.023 7.189 6.893 6.501 4.507 
3.683 3.604 3.19 3.442 3.693 5.906 7.807 8.2 9.997 8.422 
9.604 7.147 7.034 4.813 5.367 5.59 4.821 5.21 5.382 6.039 
6.937 8.01 8.78 7.706 7.376 6.558 5.592 5.014 3.435 3.339 
3.585 3.803 3.299 3.594 4.546 5.334 6.143 6.653 6.688 7.342 
7.152 7.421 7.161 6.6 5.375 4.577 4.532 3.917 3.553 4.465 
5.228 6.568 6.586 7.067 7.427 7.359 7.171 6.796 7.003 7.266 
7.459 6.728 5.36 4.556 4.252 4.615 5.098 6.051 6.599 6.315 
7.383 7.816 6.775 7.084 6.108 5.778 6.267 4.582 5.189 4.129 
3.861 3.623 2.875 3.488 3.118 3.253 3.237 3.018 3.343 3.427 
3.931 5.382 4.468 6.141 5.595 4.707 5.42 4.692 3.878 4.287 
4.078 3.915 4.724 5.508 6.861 8.031 7.835 7.495 8.185 7.992 
8.021 7.012 8.01 7.76 7.382 6.32 6.871 7.178 8.091 7.876 
7.873 6.63 6.902 6.74 6.574 6.54 5.384 5.408 5.823 6.085 
6.098 5.704 6.924 6.475 6.729 5.738 6.134 7.101 7.568 7.739 
8.018 8.484 9.083 10.584 10.604 9.94 14.714 13.252 12.792 12.643 
14.552 12.527 12.57 10.057 10.937 10.429 10.025 9.709 9.068 7.133 
6.205 4.798 4.564 3.862 4.373 5.227 7.348 10.722 14.038 15.0 
15.0 15.0 15.0 15.0 12.164 9.516 8.632 6.639 5.253 4.763 
4.036 3.326 2.918 2.378 2.538 3.095 3.961 5.949 6.538 7.107 
5.446 4.364 4.091 3.096 2.879 2.693 3.508 4.39 4.688 5.1 
4.603 4.031 3.827 3.746 3.469 3.848 4.643 6.127 7.359 8.088 
8.732 10.904 9.666 8.784 7.599 7.557 4.655 4.176 3.824 3.074 
2.914 2.837 2.697 2.489 2.251 2.308 2.254 1.987 1.96 1.743 
2.01 2.171 2.201 2.225 2.342 2.209 2.761 3.127 3.973 4.587 
5.648 5.328 5.045 5.286 4.001 3.718 3.947 4.387 6.008 6.158 
8.454 6.772 5.737 6.216 4.231 3.497 3.551 3.154 3.033 3.288 
2.815 2.808 2.526 2.741 2.882 2.767 2.895 2.62 3.446 3.822 
5.11 5.967 7.356 7.95 9.738 11.861 13.66 13.611 14.639 15.0 
15.0 15.0 15.0 15.0 15.0 15.0 15.0 15.0 15.0 15.0 
15.0 15.0 15.0 15.0 13.603 11.585 8.316 7.423 4.314 3.251 
2.422 2.069 1.989 1.792 1.913 2.07 1.957 1.811 1.752 1.986 
1.831 1.746 1.924 1.821 1.731 1.893 2.078 2.102 2.15 2.872 
3.658 3.996 3.732 4.938 4.621 3.667 3.041 2.851 2.248 2.086 
2.248 2.076 1.94 1.804 2.23 2.183 1.822 1.948 2.277 2.191 
1.867 2.187 2.223 1.894 2.212 2.855 3.147 3.489 3.192 2.598 
2.217 2.515 2.505 1.789 1.525 1.752 1.796 1.519 1.734 1.664 
1.651 1.446 1.709 1.878 1.602 1.75 2.005 2.036 1.804 2.248 
2.989 3.842 5.408 6.772 10.255 13.628 14.899 15.0 15.0 15.0 
15.0 15.0 15.0 15.0 15.0 15.0 15.0 15.0 15.0 15.0 
15.0 15.0 15.0 15.0 15.0 15.0 15.0 15.0 15.0 15.0 
15.0 15.0 15.0 15.0 15.0 15.0 15.0 15.0 15.0 15.0 
15.0 15.0 15.0 15.0 15.0 15.0 15.0 15.0 15.0 15.0 
10.864 10.271 8.901 
END
