PFRMAT local QA
AUTHOR LAW-CASP14
af2-standard_T1197_4.pdb local_accuracy_only 15.0 15.0 15.0 15.0 15.0 15.0 15.0 15.0 15.0 13.482 10.384 
5.978 3.027 2.481 1.775 0.772 0.78 0.654 0.792 0.762 0.942 
0.914 0.808 0.813 0.618 0.629 0.588 0.627 0.638 0.736 1.014 
1.07 2.406 1.086 0.862 0.699 0.588 0.552 0.509 0.544 0.689 
0.75 0.94 0.979 0.892 0.765 0.579 0.459 0.458 0.44 0.506 
0.552 0.743 0.872 0.998 1.525 1.269 1.509 1.671 1.216 1.573 
1.619 1.36 1.287 1.335 1.187 1.058 1.082 0.977 0.798 0.784 
0.898 0.692 0.803 0.652 0.668 0.52 0.581 0.535 0.567 0.456 
0.433 0.448 0.464 0.582 0.846 0.876 0.85 0.758 0.634 0.518 
0.4 0.389 0.407 0.464 0.491 0.545 0.658 0.572 0.572 0.496 
0.448 0.492 0.601 0.577 0.557 0.647 0.74 0.787 0.797 0.728 
0.761 0.936 0.795 0.845 0.733 0.768 0.716 0.592 0.59 0.584 
0.497 0.456 0.494 0.46 0.431 0.493 0.492 0.493 0.456 0.534 
0.524 0.503 0.574 0.597 0.609 0.597 0.528 0.475 0.49 0.494 
0.557 0.452 0.478 0.431 0.501 0.504 0.418 0.483 0.515 0.633 
0.739 0.828 0.664 0.577 0.438 0.48 0.486 0.563 0.748 0.748 
0.9 1.0 0.973 1.271 1.44 1.858 3.304 3.236 4.54 5.581 
7.35 8.773 9.103 10.227 8.639 8.369 6.769 3.661 1.091 0.674 
0.672 0.616 0.528 0.57 0.541 0.696 0.622 0.618 0.681 0.723 
0.736 0.689 0.634 0.497 0.483 0.484 0.437 0.461 0.452 0.44 
0.44 0.482 0.434 0.428 0.449 0.454 0.453 0.48 0.506 0.45 
0.554 0.543 0.552 0.541 0.607 0.62 0.543 0.674 0.789 1.164 
0.959 1.185 0.885 1.129 1.033 0.821 0.906 0.949 0.887 0.774 
0.873 0.863 0.721 0.709 0.496 0.54 0.516 0.55 0.564 0.614 
0.645 0.576 0.613 0.581 0.62 0.508 0.475 0.475 0.452 0.398 
0.398 0.385 0.399 0.408 0.412 0.49 0.456 0.444 0.443 0.442 
0.401 0.473 0.538 0.558 0.625 0.639 0.572 0.548 0.635 0.649 
0.554 0.603 0.749 0.746 1.319 1.382 1.176 1.537 2.811 8.215 
10.64 15.0 15.0 15.0 15.0 15.0 15.0 15.0 
END
