PFRMAT local QA
AUTHOR MASS-CASP14
af2-standard_T1197_4.pdb local_accuracy_only 13.221 12.904 13.728 12.236 14.446 11.604 14.516 10.514 12.173 7.77 7.124 
5.392 3.662 2.722 1.55 1.251 1.277 1.208 1.137 1.162 1.281 
1.124 1.022 1.318 1.275 1.272 1.203 1.166 1.119 1.297 1.57 
1.77 1.681 1.554 1.433 1.216 0.969 0.823 0.91 0.944 1.0 
1.063 1.283 1.716 1.702 1.5 1.225 1.087 0.879 0.821 0.904 
0.932 0.901 1.149 1.474 1.781 1.81 1.728 1.892 1.922 2.07 
1.964 1.679 1.717 1.93 1.985 1.61 1.757 1.478 1.333 1.468 
1.48 1.459 1.576 1.481 1.667 1.419 1.289 1.419 1.352 1.254 
1.232 1.129 1.094 1.188 1.769 2.152 2.109 1.55 1.064 0.837 
0.062 0.0 0.0 0.0 0.0 0.0 0.0 0.0 0.0 0.0 
0.0 0.02 1.241 1.065 1.19 1.51 1.87 2.292 2.322 2.041 
1.916 1.695 1.407 1.407 1.325 1.368 1.259 0.959 0.586 0.0 
0.0 0.0 0.0 0.0 0.0 0.0 0.0 0.0 0.0 0.0 
0.122 0.851 1.197 1.463 1.64 1.653 1.406 1.298 1.416 1.522 
1.28 1.099 0.988 0.905 1.049 1.061 0.92 0.895 1.014 1.293 
1.789 2.327 2.348 1.792 1.514 1.315 1.253 1.593 2.137 2.055 
2.72 2.792 4.12 4.622 5.047 5.716 6.563 8.61 9.194 10.382 
11.719 11.274 12.244 11.74 11.596 10.434 8.936 6.546 3.722 2.754 
2.033 1.79 1.517 1.572 1.32 1.354 1.304 1.189 1.454 1.488 
1.557 1.647 1.395 1.214 0.996 0.985 1.091 1.008 0.029 0.0 
0.0 0.0 0.0 0.97 1.013 1.05 1.097 1.275 1.315 1.137 
1.305 1.445 1.477 1.47 1.63 1.84 1.853 1.712 2.13 2.633 
2.062 2.014 1.985 2.091 1.853 1.52 1.611 1.947 1.763 1.621 
1.732 1.811 1.732 1.452 1.426 1.518 1.734 1.528 1.628 2.068 
2.248 1.946 1.851 2.081 1.674 1.352 1.387 1.393 1.07 1.075 
1.168 1.24 1.049 1.05 1.332 1.67 1.652 1.64 2.0 1.875 
1.607 1.553 1.331 1.225 1.338 1.314 1.234 1.355 1.3 1.204 
1.069 1.536 1.634 1.474 1.532 1.633 1.75 1.847 2.431 3.006 
4.966 5.841 8.049 8.624 10.769 12.416 13.633 13.675 
END
