PFRMAT local QA
AUTHOR LAW-CASP14
af2-standard_T1158v1_3.pdb local_accuracy_only 15.0 15.0 15.0 15.0 11.781 11.416 7.648 3.528 1.488 1.786 1.465 
3.794 6.06 6.586 9.383 8.45 9.118 8.179 6.347 7.282 2.635 
1.457 1.066 0.913 1.102 1.63 0.845 1.096 1.22 1.197 0.995 
1.49 1.435 1.275 1.405 2.071 1.622 1.418 1.06 1.166 1.084 
1.286 1.17 0.877 1.194 1.047 0.811 1.281 1.207 1.237 0.971 
0.912 0.722 0.821 1.067 0.77 0.737 0.89 0.999 0.859 0.922 
1.15 1.204 1.187 1.431 1.661 1.83 2.083 2.395 2.61 2.932 
3.317 3.986 4.074 4.611 3.634 3.66 2.354 1.826 1.318 1.646 
1.675 1.364 1.317 1.648 1.693 1.404 1.871 2.24 2.799 3.036 
2.244 3.904 4.342 2.529 4.152 5.723 3.087 2.932 3.921 3.216 
2.26 1.967 1.967 1.866 1.466 1.16 1.369 1.44 1.1 1.348 
1.466 1.16 1.02 1.315 1.281 0.925 0.982 1.153 0.913 0.904 
1.147 1.337 2.849 4.145 6.356 4.47 4.765 4.051 2.965 2.805 
2.852 2.855 2.229 2.383 2.315 1.923 1.783 2.463 2.265 1.982 
1.755 2.168 1.862 1.594 1.565 1.722 1.504 0.966 1.069 1.222 
1.15 0.738 0.898 1.033 0.792 0.624 0.75 0.75 0.657 0.58 
0.67 0.669 0.579 0.609 0.577 0.608 0.548 0.598 0.553 0.533 
0.556 0.563 0.556 0.496 0.591 0.591 0.542 0.566 0.625 0.662 
0.775 0.887 1.175 0.982 1.088 1.422 1.587 1.282 1.443 1.032 
1.542 1.189 0.919 0.889 1.298 1.049 0.824 1.188 1.304 1.076 
0.814 0.933 0.898 0.732 0.753 0.85 0.868 0.8 0.845 1.094 
1.003 1.428 1.379 1.48 1.506 1.809 1.506 1.412 1.227 1.241 
1.02 0.915 0.871 0.795 0.761 0.793 0.831 0.767 0.84 0.963 
0.972 0.824 0.875 0.819 0.845 0.755 0.824 0.85 0.933 0.875 
1.075 1.113 1.256 1.425 1.629 1.888 1.999 1.846 2.279 1.845 
1.698 1.41 1.426 1.198 1.137 1.023 0.973 1.004 0.997 0.855 
0.912 0.968 0.941 0.799 0.877 0.873 0.781 0.765 0.803 0.734 
0.705 0.677 0.727 0.714 0.663 0.758 0.82 0.727 0.746 0.863 
0.864 0.738 0.801 0.786 0.73 0.735 0.67 0.659 0.747 0.801 
0.867 1.013 0.976 0.882 0.892 0.905 0.807 0.729 0.801 0.805 
0.734 0.715 0.76 0.743 0.691 0.659 0.717 0.758 0.73 0.74 
0.806 0.84 0.924 0.959 1.042 1.077 1.152 1.261 1.34 1.403 
1.418 1.434 1.593 1.603 1.443 1.232 1.229 1.609 1.38 1.017 
1.035 1.261 1.039 0.98 1.054 1.439 1.041 1.029 1.224 1.352 
1.247 1.362 1.396 1.42 1.284 1.258 0.982 0.978 0.948 1.03 
0.953 0.983 0.855 0.981 0.96 0.878 0.915 1.052 1.065 1.072 
1.364 1.448 1.569 1.693 2.033 2.173 1.733 1.914 2.333 2.089 
1.443 2.026 1.808 1.21 1.256 1.501 1.212 1.017 1.332 1.378 
1.117 1.202 1.331 1.193 0.946 1.142 1.053 0.925 0.807 0.974 
0.862 0.884 0.856 1.036 2.874 8.554 10.128 10.497 9.68 7.412 
10.359 9.481 7.18 8.599 5.777 3.908 1.355 1.14 1.091 1.155 
1.179 1.347 1.424 1.319 1.381 1.266 1.437 1.287 1.807 2.359 
3.755 2.688 3.061 2.183 1.454 1.444 1.347 1.424 1.529 1.32 
1.269 1.11 1.1 0.868 0.972 0.892 0.894 0.863 0.786 0.784 
0.774 0.707 0.865 1.347 1.995 6.918 3.029 1.846 1.38 0.946 
0.876 1.045 0.968 0.789 0.918 0.992 0.982 0.835 1.167 0.873 
1.035 1.172 1.273 1.364 1.392 1.562 1.39 1.263 1.411 1.345 
1.404 1.055 0.812 0.664 0.705 0.751 0.78 1.156 1.233 1.716 
1.26 0.899 0.801 0.716 0.878 0.807 0.815 0.816 0.838 0.934 
0.836 0.893 1.091 1.128 1.384 1.4 2.138 2.021 2.433 2.079 
1.792 1.378 1.335 1.217 1.159 0.996 1.022 1.032 0.996 0.936 
1.059 1.017 1.117 1.219 1.14 1.126 1.355 1.436 1.142 1.322 
1.012 1.156 0.873 0.885 0.939 0.904 0.901 1.037 1.072 1.364 
1.024 1.082 1.209 1.28 1.697 1.778 1.7 1.26 1.092 1.243 
1.071 0.919 0.91 0.942 0.951 0.99 0.812 0.896 0.938 0.907 
0.81 0.71 0.676 0.566 0.585 0.599 0.731 0.775 0.906 1.088 
1.111 1.778 1.654 1.429 1.472 1.342 1.329 1.191 1.14 1.167 
1.113 0.962 0.977 1.125 1.015 1.021 0.954 1.07 1.245 1.064 
0.924 1.049 0.92 0.712 0.688 0.655 0.556 0.651 0.702 1.006 
1.66 2.569 2.521 2.946 2.356 2.032 2.331 2.044 1.411 1.173 
1.04 1.013 1.007 1.11 1.269 1.672 1.896 1.568 1.661 1.71 
1.634 1.407 1.421 1.537 1.729 2.0 6.647 5.937 7.59 10.979 
10.718 12.305 14.607 14.573 15.0 15.0 15.0 15.0 15.0 15.0 
15.0 15.0 15.0 15.0 15.0 15.0 15.0 15.0 15.0 15.0 
15.0 15.0 15.0 15.0 15.0 15.0 15.0 15.0 15.0 15.0 
15.0 15.0 15.0 15.0 15.0 13.818 11.809 13.003 12.067 9.264 
9.505 8.185 6.933 7.424 6.612 4.837 6.605 6.625 7.608 9.751 
12.501 15.0 15.0 15.0 15.0 15.0 15.0 15.0 15.0 15.0 
15.0 15.0 12.952 11.412 9.386 10.26 11.684 12.237 11.222 10.413 
9.18 7.583 4.718 4.759 2.979 2.432 1.813 1.486 1.375 1.232 
1.22 1.115 0.865 1.0 1.158 0.849 0.912 1.35 2.249 2.915 
4.222 3.526 3.276 4.902 4.744 3.5 4.495 4.685 3.159 3.119 
2.847 3.3 2.297 1.73 2.674 2.705 2.493 2.34 3.217 2.785 
2.575 2.673 2.531 2.144 1.802 2.319 2.846 1.73 7.202 6.066 
9.264 11.356 12.108 12.776 13.292 14.779 15.0 15.0 15.0 15.0 
15.0 15.0 15.0 15.0 15.0 15.0 15.0 13.236 13.754 12.41 
11.003 9.626 8.027 6.657 7.756 6.513 5.741 5.232 3.727 3.929 
2.319 4.312 4.387 2.898 2.183 2.428 2.276 1.837 1.62 2.255 
2.099 1.385 1.246 1.395 1.123 0.95 0.935 0.926 0.823 0.737 
0.774 0.754 0.699 0.645 0.652 0.651 0.598 0.619 0.625 0.632 
0.621 0.674 0.745 0.64 0.622 0.75 0.779 0.818 0.779 0.994 
0.878 0.902 1.008 1.238 0.996 0.998 0.884 0.891 0.877 0.812 
0.711 0.754 0.812 0.696 0.718 0.743 0.796 0.757 0.799 0.85 
0.835 0.804 0.875 0.882 0.878 0.831 0.838 0.802 0.707 0.752 
0.678 0.669 0.632 0.771 0.639 0.636 0.79 0.802 0.699 0.822 
1.054 0.895 0.935 1.113 1.158 1.185 1.471 1.392 1.09 1.752 
1.867 5.144 3.869 5.953 7.074 6.075 5.634 5.79 3.999 2.323 
2.204 1.913 1.5 1.186 1.31 1.186 0.931 0.95 1.025 0.921 
0.765 0.886 0.953 0.867 0.726 0.787 0.767 0.592 0.658 0.695 
0.694 0.64 0.913 1.01 0.661 0.72 0.956 0.704 0.595 0.656 
0.67 0.581 0.562 0.671 0.653 0.613 0.582 0.706 0.614 0.583 
0.631 0.692 0.636 0.688 0.679 0.676 0.828 0.839 0.851 1.077 
1.064 0.903 0.834 0.897 0.805 0.575 0.651 0.622 0.583 0.559 
0.575 0.558 0.529 0.521 0.581 0.527 0.514 0.484 0.514 0.541 
0.524 0.56 0.58 0.576 0.57 0.613 0.602 0.617 0.645 0.624 
0.667 0.752 0.763 0.876 0.82 0.975 1.076 1.303 1.209 1.498 
1.868 1.524 1.843 2.131 2.114 1.711 1.913 1.914 1.56 1.303 
1.486 1.251 1.038 0.89 0.875 1.034 0.985 0.896 0.941 1.125 
0.957 1.083 1.056 1.035 0.976 1.027 0.98 0.836 0.857 0.85 
0.755 0.702 0.777 0.75 0.656 0.793 0.921 0.788 0.973 1.351 
1.313 1.099 2.049 2.31 1.461 1.74 2.693 1.624 1.239 1.941 
1.469 0.948 1.028 1.303 0.951 0.856 1.247 1.207 1.193 1.167 
1.057 1.278 1.317 1.211 1.875 3.703 5.987 4.723 3.377 2.147 
2.263 1.891 1.417 1.076 0.786 0.809 0.737 0.656 0.662 0.668 
0.711 0.775 0.824 1.043 0.948 1.249 1.193 1.7 1.69 4.181 
7.123 6.904 5.18 3.276 1.83 1.475 1.211 1.253 1.288 1.057 
0.957 0.798 0.776 0.631 0.69 0.672 0.677 0.572 0.551 0.552 
0.632 0.605 0.714 0.927 1.501 1.944 1.675 1.198 1.055 0.833 
0.938 1.11 0.887 0.774 0.812 0.85 0.763 0.691 0.812 0.789 
0.972 0.952 1.011 1.025 1.01 0.865 0.791 0.767 0.778 0.784 
0.912 0.981 1.072 1.044 1.833 1.855 2.221 2.21 1.005 0.86 
1.099 0.787 0.666 0.667 0.681 0.62 0.655 0.608 0.686 0.834 
1.072 1.582 1.371 1.367 1.367 1.102 1.206 1.692 1.831 2.206 
1.617 1.594 1.513 1.276 1.479 1.151 1.578 1.862 2.269 1.655 
1.839 1.398 1.36 1.273 1.2 1.17 1.146 1.069 1.067 1.151 
1.151 1.092 1.225 1.274 1.282 1.622 2.092 1.81 2.17 2.697 
3.075 3.402 2.804 2.617 2.451 2.733 2.493 2.354 1.659 1.729 
1.284 1.343 1.579 2.472 4.45 3.741 3.812 3.032 2.213 1.558 
1.449 1.148 1.098 1.042 0.869 0.925 0.976 0.981 0.801 0.989 
1.002 0.917 0.93 0.754 0.694 0.551 0.564 0.522 0.576 0.669 
0.868 1.065 1.677 1.821 2.647 2.795 2.833 3.081 2.448 2.233 
1.975 1.812 1.514 1.214 1.292 1.281 1.161 1.145 1.17 1.191 
1.166 0.817 1.036 0.849 0.63 0.582 0.486 0.511 0.571 0.608 
0.819 1.22 1.715 1.468 1.792 1.462 0.899 1.338 1.585 0.84 
0.755 0.686 0.738 0.713 0.801 0.836 0.955 1.088 1.061 1.098 
0.953 0.944 0.909 0.886 0.916 1.061 1.203 2.232 1.608 1.497 
2.3 2.653 3.224 4.504 4.905 3.049 3.48 2.654 3.894 5.301 
5.487 4.62 6.747 7.316 8.565 11.327 12.136 11.396 10.134 9.239 
10.015 9.713 4.757 5.523 7.517 4.921 3.521 6.313 8.121 5.894 
4.331 8.456 9.144 8.978 10.192 12.918 13.731 15.0 15.0 15.0 
15.0 15.0 15.0 15.0 15.0 15.0 15.0 15.0 15.0 15.0 
15.0 15.0 15.0 15.0 15.0 15.0 15.0 15.0 15.0 15.0 
15.0 15.0 15.0 15.0 15.0 15.0 15.0 15.0 15.0 15.0 
15.0 15.0 15.0 15.0 15.0 15.0 15.0 15.0 15.0 
END
