PFRMAT local QA
AUTHOR MASS-CASP14
af2-standard_T1158v1_3.pdb local_accuracy_only 15.0 13.957 10.444 7.944 6.583 6.276 4.068 2.768 1.939 1.882 1.666 
1.961 1.929 2.936 3.274 4.25 4.369 4.424 4.692 4.334 3.966 
3.535 3.491 3.15 3.04 2.698 2.699 2.949 3.018 2.556 2.576 
2.836 3.35 3.768 4.95 4.783 5.137 4.798 4.238 4.885 5.221 
4.924 3.964 3.489 3.291 3.403 3.32 3.402 5.121 5.205 5.634 
4.208 3.319 3.092 2.312 1.751 1.674 1.879 1.991 1.81 2.156 
2.471 2.45 2.252 2.56 2.815 3.076 2.76 3.027 3.358 3.508 
4.081 4.308 5.112 4.989 4.582 4.412 3.619 2.832 2.488 2.503 
2.289 2.496 2.21 2.495 2.924 2.944 3.421 4.322 5.187 5.125 
4.339 5.128 4.384 4.73 4.755 5.019 4.404 4.535 4.562 4.452 
4.115 3.706 2.789 2.422 2.357 2.121 1.658 1.55 1.626 1.402 
1.281 1.359 1.446 1.686 1.496 1.403 1.799 1.914 2.061 2.366 
2.888 2.859 3.57 3.594 4.016 3.504 3.328 3.163 2.84 2.579 
2.955 2.871 2.609 2.915 2.837 2.688 2.728 2.962 3.023 2.572 
2.597 2.677 2.506 2.498 2.467 2.534 2.554 2.457 2.319 2.161 
2.35 2.45 2.011 2.251 2.318 2.179 1.94 1.664 1.682 1.563 
1.611 1.384 1.521 1.466 1.326 1.295 1.283 1.288 1.117 1.083 
1.179 1.342 1.13 1.26 1.506 1.394 1.277 1.273 1.234 1.205 
1.275 1.671 1.909 2.266 2.444 3.768 4.323 4.481 4.942 5.327 
4.878 3.252 2.528 2.832 2.688 2.177 2.097 2.222 2.804 2.321 
2.045 2.446 2.534 2.188 2.906 2.904 2.8 3.32 3.274 4.039 
4.276 3.848 3.743 3.695 3.754 3.658 3.276 3.147 2.788 2.372 
2.495 2.594 2.315 2.439 2.363 2.814 2.662 2.346 2.456 3.118 
3.111 3.149 3.569 4.281 3.862 4.304 4.244 5.36 4.519 5.051 
4.867 4.941 4.931 5.519 5.564 6.166 6.108 6.38 5.896 5.704 
4.979 4.576 3.883 3.967 3.337 3.258 3.166 3.558 3.649 3.01 
3.12 4.848 4.607 4.324 4.254 4.701 3.816 3.945 3.376 2.815 
2.567 2.149 2.223 2.644 2.295 2.573 2.435 2.229 2.093 2.509 
2.565 1.917 2.18 2.02 2.029 2.213 2.352 2.8 2.967 2.873 
2.771 2.706 2.079 1.805 2.009 2.135 2.295 1.89 2.674 3.133 
2.638 2.493 2.45 2.658 2.432 1.907 1.97 2.556 2.263 1.833 
2.11 2.61 2.568 2.439 2.115 2.54 3.168 3.053 2.808 2.884 
3.187 2.99 3.61 3.763 3.499 3.625 3.806 3.751 3.564 3.466 
4.029 4.318 4.334 4.069 3.915 4.018 3.669 3.944 4.382 4.224 
3.98 3.154 3.313 3.139 2.644 2.643 2.596 2.267 2.076 1.758 
1.883 1.868 1.931 2.103 1.889 1.877 2.251 2.681 3.136 2.658 
2.603 2.606 2.852 2.793 3.338 3.486 3.366 3.368 3.913 3.341 
2.751 2.741 2.71 2.61 2.223 2.313 2.595 2.223 2.677 2.313 
2.311 2.372 2.283 2.202 1.776 1.96 2.012 1.824 1.802 1.862 
2.038 2.254 2.413 2.676 3.564 4.566 5.11 4.93 5.46 7.041 
7.8 7.965 7.582 8.322 6.622 4.606 3.117 2.156 1.604 1.248 
1.396 1.507 1.543 1.516 1.755 1.834 2.455 2.972 3.805 4.72 
4.849 4.085 4.408 3.675 2.939 2.401 2.133 2.202 1.958 1.955 
1.703 1.537 1.395 1.28 1.384 1.696 1.604 1.444 1.257 1.121 
1.1 1.062 1.035 1.258 1.606 1.894 2.153 2.068 2.066 1.935 
2.159 2.067 1.759 1.603 1.685 1.83 1.859 1.6 1.857 1.957 
1.915 2.249 2.571 2.6 2.455 2.084 1.741 1.5 1.339 1.431 
1.381 1.408 1.307 1.318 1.343 1.53 1.76 2.305 2.975 3.243 
2.715 2.378 2.103 1.919 1.693 1.375 1.235 1.087 1.219 1.329 
1.444 1.493 1.627 1.823 2.277 3.03 3.417 3.238 3.305 3.341 
3.339 2.444 2.353 2.404 2.223 2.026 1.762 1.981 2.378 2.117 
2.512 2.648 3.343 3.681 3.465 2.906 2.951 3.158 2.956 3.336 
3.046 2.626 2.367 1.989 1.859 1.74 1.697 1.928 2.343 2.531 
2.268 1.914 1.956 1.712 1.706 2.072 2.306 2.354 2.203 2.222 
2.258 1.912 1.858 1.945 2.074 2.029 2.105 2.026 1.931 2.36 
2.021 1.786 1.414 1.11 1.017 1.055 1.134 1.387 1.468 1.742 
1.756 2.188 2.708 2.358 2.323 2.49 2.298 1.889 1.924 2.234 
1.874 1.801 1.803 2.176 2.128 2.16 2.302 2.344 2.613 2.533 
2.128 2.259 2.382 1.985 1.663 1.599 1.539 1.567 1.78 2.272 
2.76 2.875 3.065 2.941 2.768 2.582 2.618 2.787 2.228 2.023 
1.649 1.51 1.399 1.319 1.407 1.791 1.902 1.673 1.805 1.645 
1.708 1.675 1.847 1.682 1.783 2.006 2.769 2.92 2.655 2.772 
3.103 2.832 2.894 2.707 2.169 2.168 2.136 2.113 2.269 2.288 
3.229 4.651 6.227 6.69 7.952 9.05 7.898 10.196 8.983 9.01 
11.004 13.839 12.636 13.797 12.627 14.595 15.0 15.0 15.0 15.0 
15.0 15.0 15.0 15.0 15.0 13.117 11.769 10.22 10.867 10.269 
15.0 15.0 15.0 15.0 15.0 15.0 14.254 15.0 14.994 15.0 
15.0 15.0 15.0 15.0 15.0 15.0 15.0 15.0 15.0 15.0 
13.161 12.258 10.188 9.118 11.86 9.982 11.767 11.508 11.605 11.2 
10.665 8.673 7.013 5.952 3.53 3.018 2.828 2.236 1.873 1.745 
2.164 2.339 2.444 3.059 3.535 4.432 6.404 7.112 7.469 8.526 
8.982 8.257 6.824 7.298 7.18 7.494 6.4 6.357 5.837 4.914 
4.492 4.1 3.913 3.218 2.596 2.18 2.398 2.049 2.09 2.292 
2.336 2.396 2.208 2.542 2.408 2.848 2.175 2.58 2.856 3.939 
4.157 4.982 6.107 6.488 7.982 11.056 14.273 15.0 15.0 15.0 
15.0 15.0 15.0 9.743 6.138 4.741 3.852 3.067 2.312 2.667 
2.211 2.22 1.769 2.251 2.302 2.361 2.33 2.545 2.947 2.55 
2.749 2.791 2.949 3.044 2.76 2.71 3.321 3.866 3.755 3.509 
3.727 3.783 4.042 4.265 3.89 4.062 4.271 3.535 3.223 3.496 
3.208 2.607 2.153 2.142 1.776 1.457 1.377 1.688 1.696 1.453 
1.419 1.684 1.609 1.566 1.651 1.989 2.436 2.394 2.347 2.258 
2.386 2.262 2.133 2.292 2.628 2.302 1.92 2.191 1.961 1.606 
1.63 1.862 1.85 1.847 1.689 2.019 1.967 1.591 1.992 1.963 
1.686 2.101 2.205 1.906 1.744 1.904 1.911 1.604 1.509 1.85 
1.806 1.608 1.775 1.701 1.674 1.643 1.798 1.868 1.915 1.832 
2.402 2.33 2.551 2.755 2.997 3.001 3.099 3.147 3.323 3.253 
4.184 4.285 4.24 4.839 5.131 5.342 5.19 5.077 4.736 3.867 
4.68 4.202 3.711 4.245 4.768 4.401 3.56 4.054 3.881 3.783 
3.411 3.287 3.437 2.937 2.611 2.814 2.615 2.015 2.178 2.555 
2.644 3.158 4.122 4.489 4.635 4.433 5.232 4.481 2.841 2.384 
2.555 2.306 2.09 2.07 2.609 2.777 2.411 2.569 2.952 2.705 
3.159 2.766 2.463 2.569 2.785 2.808 2.817 2.299 2.49 2.653 
2.279 1.966 2.199 2.392 2.193 2.083 2.655 2.51 2.644 2.561 
2.451 2.105 2.089 2.248 2.625 2.714 2.864 3.124 3.174 3.185 
3.029 3.131 2.882 3.011 2.675 2.505 2.251 2.532 2.426 2.075 
1.957 1.983 1.874 1.983 2.028 2.218 2.4 2.411 2.437 2.409 
2.64 2.551 2.312 2.293 2.437 2.437 2.393 2.654 2.914 3.098 
3.05 2.531 2.266 2.148 2.233 2.735 2.465 2.081 2.451 2.385 
2.646 2.256 2.169 2.281 2.172 1.999 2.325 2.167 2.257 2.629 
2.114 2.035 2.116 2.146 2.056 1.949 2.366 2.46 2.616 2.813 
2.746 2.245 2.641 3.034 2.974 2.974 2.994 3.631 3.423 3.792 
3.571 3.302 3.193 3.249 3.342 3.822 4.155 3.72 3.952 3.198 
3.26 3.203 3.158 2.977 2.897 3.294 3.549 3.533 3.211 2.839 
2.697 2.967 2.671 2.427 2.292 2.478 2.111 1.849 1.52 1.264 
1.221 1.214 1.468 1.55 1.728 1.602 1.821 2.227 3.011 3.075 
4.043 4.277 4.649 4.525 3.623 3.487 3.008 2.896 2.521 2.454 
2.409 2.427 2.546 2.27 2.423 3.169 3.114 2.703 2.138 2.235 
2.065 2.238 2.036 2.168 2.353 2.925 2.833 2.594 2.395 2.12 
2.049 1.844 1.619 1.385 1.541 1.853 1.787 1.676 1.559 1.647 
1.835 1.893 1.714 1.7 1.689 1.52 1.217 1.315 1.293 1.505 
2.074 2.092 2.073 2.438 3.183 4.195 3.175 2.863 2.371 2.595 
2.379 2.254 2.106 2.023 1.774 1.531 1.393 1.376 1.281 1.709 
2.243 2.931 2.803 2.491 2.313 2.457 2.399 2.242 1.999 1.694 
1.505 1.64 1.27 1.038 1.205 1.503 1.82 2.216 2.74 2.578 
2.528 2.362 2.524 2.23 1.725 1.875 1.976 2.134 1.918 2.117 
2.256 2.219 2.268 2.349 2.682 3.129 3.326 2.775 3.045 3.59 
4.073 4.267 4.265 4.721 4.427 4.748 4.917 5.083 3.772 4.436 
4.56 4.701 4.042 3.883 3.626 2.791 2.311 2.317 2.383 2.168 
2.015 2.214 2.099 1.949 2.008 2.153 2.223 2.332 2.61 2.341 
2.465 2.994 3.154 2.593 2.297 1.788 1.41 1.475 1.556 1.8 
1.969 2.147 2.417 2.686 3.029 2.524 2.452 2.894 3.203 3.019 
2.602 2.923 2.345 2.068 2.074 2.291 2.342 1.816 2.396 3.147 
2.97 2.802 3.149 3.198 2.487 2.059 1.933 1.744 1.69 1.663 
2.143 2.235 2.242 2.112 2.003 2.113 1.859 1.938 2.117 2.041 
1.797 1.351 1.208 1.202 1.228 1.361 1.812 1.866 1.512 1.49 
1.363 1.433 1.284 1.349 1.575 1.594 1.648 1.797 2.152 1.916 
2.335 3.138 3.34 3.966 3.93 3.165 3.101 3.038 3.191 3.647 
3.822 3.742 4.539 5.512 5.063 5.877 5.835 6.283 4.658 4.497 
4.833 4.447 3.598 3.968 4.223 4.043 3.631 3.894 4.402 4.58 
4.324 5.28 5.724 6.98 6.8 7.901 9.295 8.755 10.734 10.826 
12.403 13.867 15.0 15.0 15.0 15.0 15.0 14.292 15.0 13.486 
15.0 15.0 15.0 15.0 15.0 15.0 15.0 15.0 15.0 15.0 
15.0 15.0 15.0 15.0 15.0 15.0 15.0 13.594 14.767 14.275 
15.0 15.0 15.0 15.0 15.0 15.0 15.0 15.0 15.0 
END
