PFRMAT local QA
AUTHOR MASS-CASP14
af2-standard_T1158v3_5.pdb local_accuracy_only 13.163 14.662 12.182 9.225 7.035 6.603 3.989 2.603 1.796 1.832 1.584 
1.925 1.883 2.914 3.258 4.182 4.34 4.338 4.56 4.26 3.917 
3.449 3.315 2.954 2.812 2.49 2.493 2.732 2.866 2.405 2.478 
2.747 3.367 3.835 5.221 5.133 5.466 5.155 4.371 4.883 5.07 
4.744 3.854 3.388 3.218 3.411 3.401 3.413 5.153 5.212 5.7 
4.312 3.496 3.233 2.422 1.8 1.7 1.894 1.996 1.805 2.169 
2.473 2.413 2.256 2.587 2.821 3.139 2.885 3.156 3.524 3.65 
4.284 4.411 5.395 5.309 5.0 4.816 4.054 3.219 2.774 2.843 
2.573 2.802 2.427 2.744 3.296 3.335 3.839 4.867 5.609 5.511 
4.5 5.435 4.61 5.107 5.1 5.463 4.894 4.754 4.772 4.737 
4.326 3.827 2.784 2.475 2.337 2.154 1.666 1.519 1.576 1.412 
1.235 1.34 1.428 1.664 1.441 1.433 1.804 1.908 2.063 2.337 
2.836 2.979 3.62 3.612 3.86 3.308 3.038 2.817 2.553 2.326 
2.685 2.561 2.349 2.736 2.655 2.565 2.576 2.835 2.866 2.483 
2.604 2.721 2.493 2.654 2.538 2.568 2.496 2.468 2.384 2.131 
2.311 2.402 2.008 2.211 2.208 2.163 1.886 1.652 1.601 1.484 
1.54 1.334 1.422 1.402 1.318 1.281 1.239 1.27 1.09 1.092 
1.167 1.29 1.118 1.245 1.546 1.408 1.291 1.31 1.249 1.208 
1.312 1.717 2.046 2.385 2.687 4.344 5.022 5.298 5.917 5.86 
5.135 3.622 2.714 3.036 2.804 2.213 2.133 2.234 2.814 2.348 
2.071 2.531 2.57 2.257 3.068 3.102 3.069 3.546 3.421 4.357 
4.442 4.011 3.888 3.854 3.898 3.878 3.47 3.292 2.933 2.519 
2.645 2.74 2.488 2.663 2.571 3.082 2.873 2.564 2.673 3.375 
3.302 3.271 3.676 4.294 3.813 4.15 4.217 5.238 4.622 5.102 
5.049 5.164 5.27 5.68 5.879 6.355 6.253 6.548 5.968 5.868 
5.051 4.632 3.72 3.881 3.266 3.214 3.141 3.453 3.572 2.995 
3.09 4.789 4.481 4.054 4.088 4.55 3.777 3.825 3.311 2.754 
2.522 2.129 2.214 2.685 2.357 2.584 2.442 2.187 2.04 2.488 
2.555 1.951 2.173 1.997 2.001 2.163 2.278 2.731 2.995 2.827 
2.728 2.649 2.045 1.788 1.994 2.118 2.274 1.889 2.609 3.108 
2.611 2.393 2.322 2.556 2.29 1.823 1.89 2.438 2.059 1.724 
2.015 2.472 2.463 2.467 2.114 2.57 3.277 3.19 2.93 2.971 
3.225 3.076 3.658 3.74 3.455 3.621 3.8 3.693 3.639 3.54 
4.112 4.38 4.389 4.098 4.002 4.05 3.684 3.967 4.269 4.164 
3.937 3.09 3.215 3.023 2.5 2.599 2.612 2.229 2.028 1.74 
1.853 1.887 1.891 2.115 1.866 1.878 2.224 2.658 3.039 2.531 
2.479 2.514 2.763 2.62 3.193 3.38 3.282 3.271 3.833 3.307 
2.71 2.721 2.695 2.597 2.212 2.363 2.607 2.241 2.723 2.331 
2.323 2.375 2.314 2.209 1.793 1.974 2.012 1.826 1.753 1.747 
1.968 2.225 2.327 2.566 3.52 4.614 4.726 4.707 5.573 7.131 
7.928 8.107 8.081 8.937 7.342 5.149 3.473 2.3 1.705 1.339 
1.485 1.584 1.618 1.613 1.903 1.975 2.647 3.22 4.029 4.991 
5.252 4.421 4.938 4.051 3.331 2.726 2.367 2.333 2.092 2.088 
1.752 1.619 1.509 1.388 1.485 1.872 1.796 1.679 1.454 1.306 
1.28 1.229 1.136 1.379 1.761 2.052 2.269 2.081 1.944 1.713 
2.027 1.881 1.565 1.449 1.586 1.804 1.842 1.6 1.822 1.97 
1.882 2.199 2.411 2.53 2.355 2.028 1.804 1.492 1.372 1.493 
1.485 1.503 1.361 1.371 1.385 1.563 1.793 2.392 3.087 3.363 
2.882 2.582 2.37 2.183 1.985 1.491 1.35 1.191 1.269 1.463 
1.526 1.536 1.717 1.904 2.42 3.325 3.543 3.314 3.259 3.358 
3.275 2.4 2.313 2.363 2.176 1.951 1.729 1.968 2.315 2.048 
2.418 2.519 3.273 3.688 3.472 2.894 3.073 3.201 3.19 3.407 
3.079 2.618 2.327 1.98 1.96 1.92 2.005 2.243 2.612 2.846 
2.854 2.701 2.742 2.325 2.4 2.587 2.576 2.357 1.966 1.978 
1.928 1.713 1.733 1.81 2.024 2.062 2.16 2.116 2.07 2.568 
2.235 1.896 1.462 1.125 1.018 1.038 1.107 1.342 1.413 1.729 
1.747 2.24 2.835 2.523 2.501 2.799 2.691 2.14 2.113 2.41 
2.053 1.939 1.915 2.251 2.27 2.26 2.408 2.468 2.707 2.623 
2.268 2.47 2.584 1.973 1.562 1.488 1.431 1.43 1.694 2.129 
2.578 2.606 2.813 2.725 2.601 2.416 2.409 2.493 2.079 1.859 
1.504 1.348 1.26 1.222 1.312 1.693 1.886 1.687 1.79 1.676 
1.708 1.626 1.756 1.554 1.571 1.705 2.234 2.316 2.009 2.044 
2.209 2.132 2.192 2.129 1.686 1.686 1.95 1.875 1.967 2.1 
2.785 4.223 5.698 6.657 7.643 9.276 8.268 11.459 9.535 9.205 
10.509 11.94 11.309 11.406 11.439 12.033 13.491 15.0 15.0 15.0 
15.0 15.0 15.0 15.0 15.0 13.634 12.952 9.686 11.57 7.533 
9.164 7.979 9.106 10.172 10.959 9.448 9.289 15.0 15.0 15.0 
15.0 15.0 14.203 15.0 12.577 15.0 11.291 11.799 10.108 10.241 
9.517 13.239 9.018 9.406 11.221 10.993 11.811 13.676 13.204 14.317 
12.324 9.907 7.376 5.815 3.666 3.098 3.033 2.415 1.95 1.84 
2.212 2.341 2.405 3.0 3.459 4.294 6.27 6.965 7.293 8.264 
8.937 8.432 6.765 7.689 7.576 7.81 6.637 6.825 6.532 5.587 
5.162 4.94 4.686 3.884 3.101 2.57 2.773 2.452 2.49 2.607 
2.889 3.094 2.802 3.226 3.035 3.611 2.785 3.158 3.502 4.51 
4.419 4.928 5.554 5.656 6.347 8.614 11.025 12.862 15.0 15.0 
15.0 13.627 15.0 9.604 6.513 5.095 4.083 3.313 2.472 2.825 
2.368 2.469 2.075 2.573 2.579 2.753 2.756 3.1 3.559 3.283 
3.475 3.654 3.811 3.917 3.454 3.406 4.144 4.708 4.529 4.18 
4.358 4.324 4.587 4.817 4.208 4.268 4.376 3.671 3.245 3.492 
3.205 2.607 2.108 2.146 1.81 1.493 1.41 1.742 1.758 1.491 
1.46 1.729 1.658 1.564 1.667 1.99 2.417 2.374 2.151 2.151 
2.153 2.045 1.924 2.158 2.393 2.04 1.736 1.929 1.774 1.506 
1.537 1.707 1.657 1.715 1.467 1.681 1.65 1.32 1.641 1.678 
1.481 1.771 1.819 1.656 1.537 1.611 1.718 1.529 1.471 1.737 
1.696 1.546 1.698 1.649 1.68 1.61 1.769 1.84 1.882 1.789 
2.328 2.262 2.446 2.694 3.031 3.039 3.11 3.186 3.499 3.391 
4.348 4.511 4.505 5.189 5.43 5.896 5.514 5.639 5.325 4.544 
5.553 4.996 4.551 5.115 5.844 5.07 4.093 4.365 4.437 4.308 
3.651 3.674 3.754 3.023 2.618 2.779 2.59 2.004 2.151 2.559 
2.66 3.211 4.374 4.822 4.861 4.866 6.003 4.705 3.027 2.574 
2.588 2.364 2.12 2.232 2.71 2.935 2.572 2.642 3.056 2.749 
3.165 2.747 2.463 2.509 2.794 2.791 2.828 2.306 2.496 2.652 
2.297 1.93 2.2 2.448 2.24 2.141 2.776 2.469 2.625 2.55 
2.493 2.12 2.164 2.282 2.592 2.611 2.759 2.973 3.012 3.123 
3.062 3.068 2.849 2.987 2.73 2.524 2.346 2.64 2.559 2.188 
2.077 2.145 1.979 2.089 2.109 2.391 2.464 2.477 2.492 2.444 
2.598 2.576 2.358 2.347 2.37 2.444 2.452 2.7 2.931 3.32 
3.322 2.935 2.699 2.611 2.738 3.119 2.704 2.258 2.534 2.465 
2.764 2.303 2.206 2.384 2.319 2.244 2.687 2.425 2.644 2.993 
2.427 2.322 2.378 2.417 2.353 2.188 2.594 2.606 2.622 2.712 
2.688 2.158 2.574 3.011 2.878 2.964 2.984 3.648 3.48 3.796 
3.57 3.274 3.2 3.268 3.366 3.875 4.23 3.711 4.006 3.204 
3.247 3.179 3.137 2.929 2.901 3.321 3.629 3.7 3.384 3.069 
2.954 3.257 2.835 2.56 2.43 2.511 2.128 1.822 1.5 1.198 
1.186 1.172 1.428 1.473 1.637 1.458 1.676 2.036 2.777 2.784 
3.788 4.109 4.9 4.671 3.764 3.453 2.898 2.738 2.434 2.29 
2.275 2.284 2.484 2.197 2.405 3.093 3.005 2.581 2.046 2.115 
1.976 2.139 1.911 2.014 2.203 2.683 2.608 2.391 2.236 2.03 
2.007 1.811 1.602 1.338 1.502 1.794 1.707 1.588 1.488 1.604 
1.839 1.9 1.7 1.66 1.649 1.482 1.174 1.259 1.245 1.447 
1.991 1.967 1.956 2.337 3.093 4.118 3.148 2.872 2.362 2.585 
2.36 2.238 2.106 1.985 1.748 1.47 1.35 1.319 1.238 1.685 
2.232 2.951 2.898 2.428 2.163 2.253 2.235 2.087 1.859 1.598 
1.454 1.608 1.274 1.036 1.191 1.454 1.77 2.151 2.719 2.654 
2.648 2.477 2.612 2.268 1.796 1.937 2.016 2.158 1.965 2.132 
2.249 2.246 2.176 2.289 2.681 3.096 3.34 2.804 3.2 4.172 
4.771 4.976 4.689 4.811 4.448 4.497 4.588 4.509 3.438 3.913 
4.116 4.17 3.609 3.382 3.161 2.473 2.15 2.186 2.272 2.151 
1.993 2.234 2.138 1.982 2.084 2.172 2.197 2.288 2.52 2.283 
2.343 2.92 3.149 2.583 2.301 1.807 1.434 1.506 1.61 1.895 
2.039 2.255 2.544 2.72 2.943 2.408 2.296 2.685 2.966 2.866 
2.485 2.796 2.245 2.007 2.006 2.295 2.394 1.86 2.438 3.169 
3.052 2.876 3.29 3.355 2.585 2.079 1.939 1.738 1.694 1.646 
2.104 2.196 2.243 2.125 2.047 2.139 1.849 1.917 2.084 2.006 
1.773 1.342 1.224 1.233 1.258 1.373 1.851 1.887 1.539 1.524 
1.419 1.455 1.292 1.353 1.57 1.592 1.638 1.808 2.198 1.941 
2.343 3.177 3.309 3.904 3.776 2.933 2.796 2.653 2.788 3.137 
3.283 3.246 4.077 5.155 5.015 5.542 5.912 6.35 4.583 4.314 
4.665 4.19 3.409 3.604 3.809 3.739 3.369 3.574 3.98 4.161 
3.823 4.748 4.728 5.517 4.949 5.279 5.678 5.614 6.773 7.35 
8.919 10.504 11.98 13.008 14.038 13.34 13.482 11.562 12.463 10.88 
12.9 13.196 15.0 13.571 12.978 14.883 15.0 14.296 15.0 15.0 
15.0 14.19 15.0 15.0 15.0 15.0 15.0 13.129 13.338 12.437 
12.958 14.792 15.0 15.0 15.0 15.0 15.0 15.0 15.0 
END
