PFRMAT local QA
AUTHOR LAW-CASP14
af2-standard_T1158v3_5.pdb local_accuracy_only 13.05 15.0 14.459 13.812 9.909 8.781 6.839 2.864 1.466 1.758 1.366 
3.32 5.889 5.878 8.884 8.149 8.643 7.759 3.362 6.76 2.731 
1.508 1.091 0.963 1.106 1.686 0.836 1.077 1.175 1.14 0.969 
1.394 1.356 1.237 1.374 1.95 1.56 1.405 1.042 1.107 1.018 
1.405 1.128 0.828 1.006 1.112 0.758 1.173 1.099 1.117 0.908 
0.863 0.684 0.776 0.987 0.724 0.677 0.798 0.889 0.819 0.86 
1.101 1.208 1.224 1.492 1.809 2.04 2.396 2.888 3.138 3.518 
4.076 5.35 5.305 5.988 4.586 4.576 2.938 1.984 1.37 1.769 
1.869 1.452 1.398 1.781 1.745 1.447 1.976 2.112 2.819 2.967 
2.137 3.884 4.699 2.538 4.598 6.232 4.027 3.234 5.059 3.795 
2.585 2.318 2.451 2.111 1.611 1.239 1.481 1.513 1.189 1.488 
1.558 1.242 1.084 1.412 1.37 1.006 1.065 1.219 0.98 0.968 
1.255 1.447 3.105 4.347 6.544 4.275 4.331 3.335 2.643 2.525 
2.599 2.623 2.111 2.174 2.183 1.92 1.74 2.507 2.347 2.072 
1.774 2.329 1.937 1.713 1.593 1.799 1.534 0.997 1.071 1.242 
1.063 0.723 0.88 1.012 0.755 0.601 0.725 0.725 0.645 0.56 
0.645 0.643 0.55 0.575 0.542 0.555 0.511 0.563 0.499 0.477 
0.531 0.515 0.505 0.461 0.546 0.556 0.498 0.526 0.598 0.648 
0.79 0.924 1.271 1.026 1.234 1.609 1.859 1.589 1.59 1.043 
1.276 1.248 1.136 0.882 1.057 0.981 0.776 0.905 0.966 0.926 
0.724 0.821 0.854 0.69 0.715 0.811 0.843 0.78 0.817 1.095 
0.983 1.416 1.372 1.485 1.523 1.877 1.505 1.42 1.246 1.227 
1.04 0.94 0.905 0.838 0.794 0.824 0.871 0.799 0.859 1.005 
1.014 0.836 0.897 0.84 0.847 0.774 0.847 0.86 0.951 0.894 
1.084 1.095 1.213 1.364 1.523 1.705 1.811 1.647 1.95 1.609 
1.535 1.286 1.289 1.142 1.097 0.993 0.948 1.026 1.006 0.88 
0.962 0.981 0.955 0.814 0.892 0.885 0.818 0.79 0.838 0.799 
0.736 0.708 0.76 0.743 0.692 0.785 0.807 0.748 0.728 0.876 
0.861 0.753 0.796 0.774 0.725 0.741 0.654 0.645 0.737 0.796 
0.857 1.002 0.968 0.884 0.884 0.899 0.807 0.747 0.807 0.808 
0.771 0.715 0.772 0.749 0.699 0.645 0.716 0.728 0.684 0.71 
0.791 0.802 0.862 0.92 0.992 0.991 1.119 1.26 1.306 1.403 
1.429 1.482 1.479 1.399 1.459 1.208 1.239 1.499 1.386 1.013 
1.067 1.275 1.039 0.993 1.025 1.35 0.999 0.991 1.135 1.224 
1.155 1.257 1.264 1.401 1.198 1.346 1.025 1.077 0.975 1.05 
1.031 1.047 0.895 1.079 1.014 0.93 0.956 1.085 1.107 1.091 
1.297 1.456 1.554 1.72 2.128 2.289 1.82 1.995 2.556 2.282 
1.488 2.155 1.926 1.205 1.268 1.526 1.211 0.986 1.327 1.343 
1.048 1.134 1.268 1.101 0.881 1.095 1.001 0.842 0.773 0.941 
0.847 0.878 0.832 1.028 2.254 7.546 10.5 11.908 12.508 11.737 
12.615 11.744 8.584 9.555 6.555 5.201 1.506 1.206 1.155 1.208 
1.282 1.486 1.535 1.394 1.477 1.326 1.482 1.467 1.693 1.955 
3.433 2.434 3.087 2.249 1.57 1.526 1.437 1.483 1.749 1.39 
1.396 1.183 1.193 0.926 1.075 0.962 0.954 0.9 0.806 0.806 
0.781 0.703 0.842 1.273 1.861 6.588 2.163 1.464 1.32 0.971 
0.933 1.214 1.047 0.815 1.005 1.059 1.028 0.811 1.252 0.916 
1.128 1.221 1.294 1.403 1.408 1.67 1.409 1.255 1.288 1.256 
1.362 1.036 0.746 0.649 0.665 0.705 0.732 1.049 1.146 1.631 
1.198 0.885 0.842 0.761 0.916 0.883 0.913 0.933 0.927 1.127 
0.913 0.961 1.159 1.368 1.886 1.48 2.115 1.944 2.225 1.922 
1.701 1.333 1.266 1.185 1.115 0.971 0.997 1.0 0.989 0.914 
1.031 0.988 1.066 1.136 1.108 1.078 1.261 1.435 1.136 1.305 
1.042 1.191 0.962 0.974 1.008 0.943 0.961 1.032 0.915 0.932 
1.015 1.555 1.965 1.702 3.162 2.032 1.891 1.309 1.138 1.341 
1.077 0.953 0.934 0.925 0.948 0.99 0.798 0.917 0.939 0.911 
0.826 0.721 0.699 0.575 0.577 0.582 0.702 0.75 0.876 1.049 
1.127 1.635 1.729 1.53 1.586 1.416 1.365 1.22 1.167 1.177 
1.103 0.957 0.958 1.113 0.984 0.994 0.936 1.074 1.221 1.051 
0.92 1.112 0.974 0.728 0.713 0.651 0.564 0.643 0.691 0.95 
1.338 2.177 2.051 2.302 1.797 1.484 1.773 1.502 1.29 1.124 
1.04 0.989 0.975 1.034 1.141 1.381 1.597 1.392 1.527 1.497 
1.422 1.258 1.325 1.432 1.628 1.774 5.34 5.153 7.082 11.025 
10.654 11.633 13.538 13.908 14.02 11.531 14.247 15.0 13.02 12.831 
15.0 15.0 15.0 15.0 15.0 15.0 15.0 15.0 15.0 15.0 
15.0 15.0 15.0 15.0 15.0 15.0 15.0 15.0 15.0 15.0 
15.0 15.0 15.0 15.0 15.0 12.353 12.395 7.84 8.411 5.269 
8.211 9.606 12.679 14.597 15.0 15.0 15.0 15.0 15.0 15.0 
15.0 15.0 15.0 15.0 15.0 15.0 15.0 15.0 15.0 15.0 
15.0 15.0 15.0 15.0 14.68 15.0 15.0 13.316 11.92 10.757 
10.295 9.583 6.122 5.747 2.963 2.532 1.882 1.665 1.324 1.189 
1.152 1.047 0.818 0.929 1.069 0.808 0.866 1.219 2.083 2.694 
4.035 3.377 3.123 4.751 4.701 3.334 4.428 4.669 3.282 3.077 
2.794 3.261 2.325 1.665 2.629 2.794 2.592 2.503 3.49 3.433 
2.985 3.202 3.179 2.885 1.995 2.873 3.239 1.973 8.21 6.439 
8.221 10.781 11.744 12.187 13.233 14.684 15.0 15.0 15.0 15.0 
15.0 15.0 15.0 15.0 15.0 14.397 15.0 11.188 12.68 11.768 
11.508 10.065 8.676 6.942 7.881 6.79 5.75 5.263 3.926 4.045 
2.416 4.149 4.559 2.946 2.415 2.519 2.371 1.937 1.644 2.229 
2.115 1.398 1.211 1.28 1.028 0.88 0.841 0.854 0.758 0.683 
0.74 0.712 0.662 0.632 0.643 0.643 0.584 0.618 0.629 0.636 
0.626 0.649 0.725 0.648 0.626 0.778 0.81 0.829 0.782 0.997 
0.9 0.874 1.026 1.106 0.995 0.997 0.853 0.867 0.847 0.786 
0.715 0.712 0.754 0.665 0.677 0.683 0.729 0.69 0.697 0.751 
0.729 0.707 0.772 0.759 0.744 0.722 0.721 0.669 0.601 0.646 
0.597 0.588 0.559 0.703 0.622 0.617 0.756 0.782 0.711 0.813 
1.06 0.921 0.969 1.157 1.26 1.309 1.587 1.486 1.182 1.857 
2.017 4.105 3.763 6.005 7.388 6.706 6.132 6.369 4.747 2.758 
2.654 2.393 1.732 1.279 1.439 1.232 0.958 1.01 0.997 0.902 
0.783 0.87 0.916 0.854 0.724 0.794 0.79 0.617 0.72 0.791 
0.741 0.716 0.925 0.921 0.723 0.802 0.861 0.754 0.61 0.655 
0.66 0.585 0.549 0.653 0.642 0.571 0.535 0.646 0.578 0.544 
0.633 0.65 0.6 0.644 0.649 0.641 0.79 0.823 0.799 1.049 
0.975 0.833 0.751 0.848 0.743 0.552 0.628 0.608 0.577 0.542 
0.567 0.542 0.542 0.509 0.561 0.538 0.515 0.474 0.517 0.55 
0.516 0.548 0.571 0.568 0.56 0.605 0.586 0.612 0.641 0.621 
0.668 0.768 0.76 0.881 0.85 0.995 1.081 1.226 1.233 1.477 
1.825 1.508 1.778 1.993 2.039 1.655 1.826 1.835 1.58 1.334 
1.511 1.325 1.099 0.975 0.932 1.114 1.117 0.978 1.025 1.261 
1.022 1.165 1.126 1.059 1.024 1.042 1.044 0.898 0.944 0.938 
0.823 0.761 0.822 0.791 0.652 0.8 0.898 0.73 0.895 1.085 
1.103 0.922 1.65 1.783 1.218 1.555 2.267 1.472 1.103 1.727 
1.278 0.934 1.019 1.288 0.968 0.901 1.418 1.313 1.522 1.26 
1.166 1.262 1.219 1.111 1.543 2.817 4.554 3.591 2.795 1.954 
2.193 1.874 1.449 1.071 0.783 0.815 0.734 0.647 0.639 0.629 
0.665 0.718 0.786 0.929 0.855 1.105 1.078 1.479 1.534 2.736 
5.686 5.266 3.813 2.667 1.593 1.306 1.084 1.141 1.132 0.972 
0.883 0.739 0.73 0.609 0.678 0.668 0.671 0.564 0.535 0.534 
0.615 0.588 0.694 0.915 1.328 1.95 1.483 1.11 0.934 0.791 
0.824 0.959 0.81 0.717 0.758 0.799 0.714 0.659 0.775 0.77 
0.916 0.911 0.939 0.949 0.925 0.803 0.73 0.719 0.739 0.761 
0.868 0.934 0.999 0.968 1.572 1.649 1.825 1.819 0.893 0.819 
1.015 0.762 0.645 0.65 0.68 0.61 0.636 0.598 0.673 0.823 
1.022 1.533 1.209 1.218 1.205 1.077 1.104 1.45 1.493 1.649 
1.409 1.455 1.383 1.213 1.403 1.197 1.444 1.707 1.833 1.605 
1.775 1.427 1.399 1.309 1.217 1.177 1.158 1.073 1.068 1.143 
1.131 1.081 1.22 1.252 1.248 1.548 1.787 1.588 1.816 2.193 
2.28 2.474 2.084 1.896 1.809 1.978 1.854 1.872 1.418 1.545 
1.158 1.184 1.325 1.883 2.787 2.264 2.467 2.108 1.815 1.407 
1.275 1.085 1.067 1.028 0.853 0.921 0.977 0.992 0.807 0.999 
1.035 0.931 0.953 0.775 0.705 0.548 0.559 0.517 0.575 0.664 
0.839 1.047 1.356 1.432 1.985 2.142 2.286 2.602 2.138 1.945 
1.713 1.678 1.431 1.173 1.247 1.242 1.127 1.112 1.143 1.173 
1.157 0.811 1.027 0.864 0.635 0.58 0.482 0.501 0.562 0.617 
0.843 1.144 1.483 1.375 1.543 1.381 0.862 1.374 1.559 0.808 
0.718 0.67 0.699 0.699 0.77 0.808 0.918 1.01 0.992 1.012 
0.924 0.916 0.949 0.869 0.906 1.033 1.171 2.138 1.563 1.464 
2.126 2.52 2.929 3.982 3.97 2.558 2.253 1.829 3.273 4.185 
4.012 3.703 5.553 6.019 7.387 10.09 10.875 9.972 8.747 8.082 
9.612 9.53 4.36 5.386 7.823 5.204 3.683 7.002 9.04 6.544 
4.65 8.725 9.003 9.181 9.76 11.611 12.776 15.0 15.0 15.0 
15.0 15.0 15.0 15.0 15.0 15.0 15.0 15.0 15.0 15.0 
15.0 15.0 15.0 15.0 15.0 15.0 15.0 15.0 15.0 15.0 
15.0 15.0 15.0 15.0 15.0 15.0 15.0 15.0 15.0 15.0 
15.0 15.0 15.0 15.0 15.0 15.0 15.0 15.0 15.0 
END
