PFRMAT local QA
AUTHOR MASS-CASP14
af2-standard_T1197_1.pdb local_accuracy_only 11.515 10.683 9.112 9.095 9.616 7.588 8.367 6.731 7.311 5.262 4.755 
3.878 2.83 2.205 1.329 1.185 1.257 1.283 1.268 1.323 1.409 
1.236 1.134 1.418 1.361 1.347 1.27 1.222 1.165 1.39 1.657 
1.855 1.707 1.48 1.368 1.214 0.992 0.852 0.931 0.984 1.047 
1.116 1.373 1.812 1.845 1.665 1.373 1.121 0.901 0.811 0.893 
0.939 0.864 1.12 1.417 1.739 1.701 1.606 1.636 1.573 1.666 
1.502 1.253 1.255 1.366 1.474 1.271 1.35 1.06 1.062 1.229 
1.273 1.151 1.35 1.365 1.56 1.3 1.134 1.228 1.204 1.066 
1.103 1.061 1.045 1.116 1.691 2.092 2.259 1.661 1.051 0.741 
0.003 0.0 0.0 0.0 0.0 0.0 0.0 0.0 0.0 0.0 
0.0 0.029 1.271 1.091 1.225 1.54 1.952 2.451 2.397 2.133 
2.012 1.733 1.434 1.404 1.322 1.359 1.271 0.956 0.08 0.0 
0.0 0.0 0.0 0.0 0.0 0.0 0.0 0.0 0.061 0.883 
0.993 0.917 1.224 1.439 1.417 1.249 1.005 1.095 1.224 1.389 
1.239 1.094 1.008 0.917 1.122 1.092 0.952 0.943 1.074 1.351 
1.792 2.276 2.03 1.58 1.331 1.147 1.159 1.443 1.852 1.693 
2.085 1.87 1.757 1.839 1.802 1.984 2.773 3.176 2.949 2.435 
2.359 2.361 2.448 2.811 3.25 3.859 3.772 3.846 2.961 2.438 
1.825 1.59 1.462 1.605 1.395 1.38 1.541 1.386 1.571 1.761 
1.665 1.683 1.497 1.396 1.269 1.196 1.331 1.181 1.081 0.884 
1.055 1.088 1.011 1.041 1.033 1.089 1.085 1.294 1.312 1.13 
1.337 1.501 1.511 1.454 1.591 1.762 1.767 1.674 2.09 2.584 
2.069 1.987 1.998 2.069 1.839 1.47 1.585 1.927 1.75 1.615 
1.765 1.925 1.783 1.445 1.435 1.538 1.753 1.557 1.627 2.124 
2.306 2.026 1.953 2.161 1.767 1.407 1.455 1.48 1.116 1.125 
1.212 1.278 1.087 1.074 1.403 1.745 1.709 1.72 2.099 1.944 
1.679 1.571 1.358 1.245 1.359 1.317 1.227 1.361 1.303 1.217 
1.072 1.532 1.623 1.471 1.52 1.687 1.871 2.028 2.639 3.258 
5.227 6.161 8.307 8.584 10.615 11.874 12.799 12.162 
END
