PFRMAT local QA
AUTHOR LAW-CASP14
af2-standard_T1197_1.pdb local_accuracy_only 15.0 10.889 10.292 7.098 5.486 2.769 4.301 2.775 3.884 3.225 2.145 
1.747 1.435 1.234 1.025 0.679 0.637 0.557 0.681 0.66 0.811 
0.8 0.725 0.725 0.553 0.56 0.526 0.542 0.541 0.606 0.782 
0.83 1.36 0.873 0.694 0.568 0.492 0.479 0.455 0.491 0.629 
0.684 0.863 0.897 0.832 0.705 0.53 0.411 0.408 0.379 0.423 
0.457 0.649 0.759 0.987 1.284 1.109 1.076 1.307 0.946 1.152 
1.144 0.963 0.816 0.983 0.87 0.584 0.821 0.696 0.637 0.667 
0.775 0.581 0.698 0.595 0.616 0.504 0.541 0.485 0.513 0.407 
0.421 0.392 0.413 0.505 0.651 0.7 0.687 0.642 0.519 0.432 
0.364 0.346 0.362 0.42 0.466 0.517 0.631 0.544 0.543 0.478 
0.434 0.475 0.569 0.539 0.533 0.618 0.706 0.772 0.775 0.704 
0.755 0.926 0.765 0.79 0.689 0.714 0.658 0.558 0.55 0.547 
0.477 0.432 0.465 0.442 0.411 0.469 0.463 0.465 0.421 0.491 
0.477 0.451 0.507 0.52 0.514 0.557 0.497 0.48 0.487 0.483 
0.544 0.449 0.456 0.432 0.498 0.495 0.426 0.484 0.51 0.633 
0.745 0.889 0.667 0.581 0.44 0.469 0.464 0.539 0.735 0.736 
0.98 0.713 0.631 0.565 0.607 0.673 0.902 1.054 0.865 0.717 
0.599 0.71 0.813 1.637 1.954 2.663 1.873 1.287 0.683 0.543 
0.551 0.522 0.45 0.464 0.417 0.563 0.505 0.498 0.569 0.585 
0.648 0.653 0.59 0.488 0.511 0.462 0.444 0.418 0.44 0.419 
0.4 0.431 0.404 0.4 0.408 0.42 0.425 0.451 0.49 0.435 
0.548 0.537 0.54 0.522 0.592 0.61 0.508 0.671 0.785 1.168 
0.933 1.101 0.769 1.027 0.943 0.785 0.753 0.927 0.851 0.742 
0.853 0.955 0.714 0.711 0.492 0.528 0.485 0.537 0.569 0.64 
0.697 0.618 0.693 0.62 0.651 0.546 0.497 0.498 0.46 0.397 
0.408 0.405 0.384 0.412 0.441 0.534 0.5 0.474 0.469 0.475 
0.41 0.467 0.512 0.515 0.581 0.598 0.532 0.512 0.592 0.608 
0.518 0.566 0.711 0.713 1.254 1.375 1.165 1.579 3.045 7.4 
11.071 15.0 15.0 15.0 15.0 15.0 15.0 15.0 
END
