PFRMAT local QA
AUTHOR LAW-CASP14
af2-standard_T1137s1_5.pdb local_accuracy_only 15.0 15.0 15.0 15.0 15.0 15.0 15.0 15.0 15.0 15.0 13.215 
11.883 11.091 14.613 15.0 15.0 15.0 15.0 15.0 15.0 15.0 
15.0 15.0 15.0 15.0 15.0 15.0 15.0 15.0 15.0 13.237 
11.635 10.151 6.043 3.881 3.109 2.518 2.14 1.804 2.144 1.93 
1.843 1.758 1.852 1.795 1.362 1.169 0.98 0.89 0.889 0.945 
0.9 0.838 0.914 1.118 1.46 1.506 1.232 1.298 1.252 1.237 
1.137 1.072 1.023 1.074 0.871 0.881 0.718 0.873 0.981 1.154 
1.23 1.081 0.999 0.829 0.788 0.838 0.779 0.928 0.96 0.961 
0.959 1.346 1.303 2.259 2.065 2.806 2.916 2.483 1.922 1.317 
1.148 0.933 0.819 0.802 0.79 0.837 0.815 0.976 1.066 1.257 
1.079 1.206 1.395 1.322 1.242 1.348 1.327 1.252 1.078 1.007 
0.82 0.9 0.851 0.879 1.217 1.286 1.678 1.857 1.763 1.517 
1.23 0.991 0.839 0.712 0.86 0.868 0.935 1.378 1.367 2.319 
2.366 1.608 1.667 1.439 1.413 1.419 1.353 1.607 1.295 1.787 
1.478 1.085 0.97 1.035 1.108 1.225 1.198 1.331 1.241 2.653 
2.889 6.481 11.003 10.538 10.765 15.0 15.0 15.0 15.0 15.0 
15.0 15.0 15.0 15.0 15.0 15.0 15.0 15.0 15.0 15.0 
15.0 15.0 15.0 15.0 15.0 15.0 15.0 15.0 15.0 15.0 
15.0 15.0 15.0 15.0 15.0 15.0 15.0 15.0 15.0 15.0 
14.299 13.896 13.883 15.0 12.603 9.547 9.191 8.974 6.265 5.86 
4.961 4.164 3.328 3.374 3.209 2.476 2.3 2.223 1.939 1.893 
1.933 1.996 2.0 2.095 2.563 2.746 2.638 3.159 3.426 3.382 
3.372 3.805 3.593 3.648 3.918 4.337 3.882 3.739 3.801 3.57 
3.269 3.337 3.291 2.993 3.064 3.206 3.094 2.694 2.715 2.714 
2.698 2.544 2.681 2.536 2.652 2.461 2.816 2.756 2.957 3.047 
2.866 2.921 3.256 3.64 3.411 3.296 4.012 5.015 6.228 9.577 
10.616 10.007 10.56 11.797 15.0 14.206 12.35 10.027 9.273 8.64 
7.524 6.21 5.045 4.997 3.591 3.127 2.805 2.54 2.468 2.363 
2.254 2.303 2.392 2.491 2.623 3.008 3.186 3.298 3.471 3.7 
3.972 3.64 3.503 3.127 3.026 2.786 2.631 2.124 2.084 2.058 
2.024 1.919 1.959 1.978 2.08 2.108 2.115 2.129 2.223 2.272 
2.418 2.509 2.815 3.644 4.125 4.461 5.597 6.172 8.945 11.315 
9.262 8.194 8.353 8.409 13.214 15.0 15.0 15.0 15.0 15.0 
14.251 11.078 12.978 10.092 9.782 7.269 9.471 8.629 7.329 7.612 
7.926 8.747 7.431 7.784 8.359 10.121 9.291 11.493 10.371 9.623 
8.564 11.829 11.042 10.364 4.669 4.377 5.533 10.832 15.0 15.0 
15.0 15.0 15.0 15.0 15.0 15.0 15.0 15.0 15.0 15.0 
15.0 12.64 9.158 7.64 7.533 6.515 7.416 11.431 10.525 9.819 
9.616 13.234 14.584 10.997 10.876 12.159 12.37 10.623 8.524 7.976 
8.583 5.771 6.089 6.156 5.741 8.049 4.924 4.559 5.443 6.142 
8.096 8.584 11.244 8.905 10.745 9.831 11.272 8.449 
END
