PFRMAT local QA
AUTHOR MASS-CASP14
af2-standard_T1137s1_5.pdb local_accuracy_only 15.0 15.0 15.0 15.0 15.0 15.0 15.0 15.0 15.0 15.0 15.0 
15.0 15.0 15.0 15.0 15.0 13.359 12.571 11.166 8.858 8.581 
7.432 7.091 6.827 6.174 6.472 5.824 5.86 5.332 5.199 5.293 
4.833 5.128 4.836 4.248 3.949 3.859 3.755 3.873 3.728 3.834 
4.02 3.701 3.787 3.753 3.647 2.965 2.064 1.614 1.486 1.456 
1.238 1.147 1.234 1.422 1.787 2.156 2.339 2.571 2.671 2.879 
2.266 2.416 2.692 2.671 1.949 1.807 1.566 1.601 1.94 1.978 
2.17 1.821 1.574 1.526 1.495 1.447 1.587 2.054 2.101 2.272 
2.615 3.499 4.184 5.759 7.319 8.069 8.821 7.121 5.979 4.163 
3.044 2.281 1.956 1.889 1.951 1.829 1.866 1.857 2.816 2.868 
3.22 3.543 3.471 3.105 2.276 2.273 2.329 2.088 1.721 1.477 
1.425 1.363 1.286 1.344 1.409 1.612 1.826 2.284 2.375 2.386 
2.072 1.525 1.266 1.085 1.059 1.065 1.413 2.08 3.915 7.159 
8.546 10.429 10.815 10.999 8.654 7.577 7.076 10.288 11.5 10.479 
7.79 7.711 6.216 7.663 10.696 10.572 10.417 8.64 9.28 9.347 
10.864 10.47 10.441 10.911 10.844 12.572 15.0 14.842 15.0 15.0 
15.0 15.0 15.0 15.0 15.0 15.0 15.0 15.0 15.0 15.0 
15.0 15.0 15.0 15.0 15.0 15.0 15.0 15.0 15.0 15.0 
15.0 15.0 15.0 15.0 15.0 15.0 15.0 15.0 15.0 15.0 
13.739 12.949 13.688 14.691 12.115 11.546 10.535 11.238 9.005 9.261 
9.673 10.339 8.55 7.212 8.619 7.376 7.577 6.588 7.949 6.747 
6.962 6.704 6.783 5.954 6.232 6.43 6.523 6.177 5.942 5.542 
6.24 6.016 6.877 6.022 6.642 7.552 8.536 7.211 7.244 6.321 
5.624 6.351 6.894 6.889 7.251 8.25 8.876 8.644 8.7 8.547 
7.963 7.147 6.669 6.57 6.483 6.249 6.517 6.326 6.862 6.689 
5.774 4.815 5.438 4.795 4.982 5.83 7.156 6.379 6.554 5.684 
6.888 6.432 6.851 6.369 7.722 6.889 7.776 7.544 7.683 8.139 
8.946 9.932 11.203 11.095 11.878 11.557 10.461 10.703 9.28 10.404 
10.617 11.246 10.29 9.834 9.505 9.276 7.917 8.367 8.156 7.486 
6.518 6.445 6.591 5.969 5.605 5.127 4.758 3.762 3.494 3.63 
3.726 4.124 4.343 4.676 5.441 5.895 6.185 6.311 7.034 5.989 
7.124 6.526 7.766 9.38 10.621 9.043 10.131 10.474 11.513 10.515 
10.598 10.849 10.676 12.079 13.45 12.882 13.624 11.434 12.655 10.763 
10.595 9.542 8.619 6.678 6.085 4.857 4.149 4.209 4.777 4.441 
4.239 4.406 4.044 4.351 4.524 5.175 4.343 4.006 3.838 3.32 
3.531 4.156 4.683 4.903 4.984 5.322 6.058 6.532 7.924 8.022 
8.949 8.169 8.234 9.426 8.383 7.601 7.999 8.002 9.632 9.485 
9.67 9.474 8.172 8.399 8.258 9.544 8.576 7.906 7.144 6.835 
7.573 8.374 8.767 8.727 8.094 8.016 7.759 8.209 7.835 8.36 
8.126 7.529 7.54 7.614 7.524 7.984 7.78 8.764 9.672 10.425 
11.53 10.518 10.078 9.716 11.219 10.738 12.814 15.0 
END
