PFRMAT local QA
AUTHOR LAW-CASP14
af2-standard_T1185s3_3.pdb local_accuracy_only 12.382 11.194 9.345 9.382 11.14 11.291 13.153 13.582 12.953 11.111 12.292 
11.986 12.38 10.405 6.26 8.43 9.088 6.611 6.639 5.28 4.18 
4.746 6.521 4.875 8.245 10.577 9.546 11.575 12.39 10.749 10.147 
13.339 15.0 14.516 11.056 13.461 15.0 13.056 11.652 11.798 11.318 
9.645 8.219 11.063 11.397 12.187 13.234 15.0 11.932 12.083 14.037 
13.54 13.601 14.015 13.79 12.703 11.653 12.567 12.778 10.586 10.426 
10.362 9.659 11.224 12.87 14.164 14.826 14.982 15.0 15.0 14.302 
13.291 12.35 10.624 9.036 8.492 8.208 5.462 3.213 2.265 1.651 
1.319 1.395 1.251 1.393 1.452 1.692 1.381 1.27 1.457 1.681 
1.299 1.421 1.978 1.648 1.427 1.102 1.216 1.214 1.03 0.816 
0.692 0.673 0.627 0.642 0.706 0.766 0.919 0.942 1.018 0.889 
0.982 0.8 0.95 0.978 0.969 0.813 1.083 1.16 1.051 0.827 
1.16 1.161 1.086 1.141 1.462 1.508 1.436 1.488 1.296 1.065 
0.778 0.663 0.602 0.597 0.768 0.756 0.903 0.952 1.057 1.155 
1.48 1.53 1.657 1.513 1.398 1.628 1.696 1.537 1.494 1.915 
2.103 2.316 2.154 2.53 2.408 2.327 2.098 2.052 1.784 1.737 
1.593 1.418 1.307 1.282 1.16 0.916 0.825 0.729 0.729 0.839 
0.819 0.922 0.878 0.891 0.919 0.915 0.789 0.909 0.932 0.875 
0.88 1.041 1.105 1.145 1.209 1.571 1.728 2.05 2.279 2.794 
3.499 3.784 4.965 6.095 6.258 5.671 3.302 2.597 1.097 1.128 
0.781 0.649 0.579 0.572 0.679 0.728 0.693 0.825 0.937 0.851 
0.941 1.1 1.291 1.318 1.588 2.33 3.046 3.631 2.12 1.767 
1.438 1.264 1.319 1.137 1.025 0.943 1.01 0.964 0.887 0.893 
0.951 0.937 0.797 0.908 0.998 0.921 0.862 1.045 1.055 1.102 
1.236 0.903 0.799 0.667 0.621 0.61 0.683 0.703 0.816 0.978 
1.116 1.511 1.686 2.451 2.656 2.675 2.168 1.842 1.387 1.273 
0.964 1.052 1.219 1.449 1.784 1.525 1.134 1.366 1.24 0.989 
0.807 0.799 0.76 0.71 0.742 0.777 0.807 0.88 1.139 1.583 
2.721 3.607 4.754 5.12 3.474 3.424 2.772 2.097 1.579 1.044 
1.002 0.923 0.98 1.026 0.998 0.987 1.295 1.299 1.992 2.316 
2.034 1.715 1.347 1.309 1.135 1.08 1.2 1.125 1.607 1.379 
2.023 2.295 1.845 1.856 2.857 3.419 7.518 8.51 12.309 12.354 
15.0 15.0 15.0 15.0 15.0 15.0 15.0 
END
