PFRMAT local QA
AUTHOR MASS-CASP14
af2-standard_T1185s3_3.pdb local_accuracy_only 3.051 2.244 1.789 1.416 1.738 1.997 2.047 2.119 2.159 2.715 3.026 
2.603 2.637 2.859 3.055 2.361 2.027 2.339 2.276 1.85 2.131 
2.175 2.201 1.836 1.519 1.39 1.278 1.272 1.635 1.7 1.611 
1.772 2.109 2.071 1.73 1.768 2.056 1.815 1.451 1.676 1.817 
1.91 1.744 2.056 1.953 2.107 2.13 2.446 2.346 1.954 2.463 
2.366 2.249 2.166 2.509 2.417 2.18 2.467 2.668 2.84 3.1 
3.5 4.803 6.586 7.674 9.21 10.033 10.974 13.076 12.33 12.212 
13.188 11.379 10.549 10.229 9.995 8.462 6.85 4.751 2.544 1.698 
1.431 1.299 1.231 1.456 1.154 1.426 1.317 1.299 1.508 1.553 
1.403 1.63 2.087 2.363 1.872 1.529 1.629 1.855 1.737 1.313 
0.99 1.203 1.124 1.023 1.004 1.178 1.566 2.051 2.252 2.006 
1.871 1.575 1.761 1.661 1.313 1.295 1.514 1.502 1.499 1.285 
1.385 1.262 1.38 1.481 1.712 2.031 1.934 1.727 1.521 1.337 
1.011 0.945 0.889 0.842 0.971 1.221 1.559 1.789 1.792 1.477 
1.618 1.847 1.81 1.5 1.285 1.567 1.622 1.494 1.389 1.658 
1.955 2.306 2.311 2.836 2.57 2.558 2.616 2.367 2.246 2.059 
2.159 1.894 1.695 1.716 1.565 1.322 1.365 1.246 1.222 1.252 
1.263 1.407 1.405 1.279 1.443 1.349 1.222 1.349 1.389 1.289 
1.272 1.446 1.493 1.312 1.499 1.73 1.706 1.532 1.787 2.175 
2.388 3.344 4.246 5.07 5.593 5.696 4.516 2.271 1.38 1.094 
0.884 0.811 0.719 0.679 0.879 1.089 1.039 1.206 1.418 1.456 
1.65 2.172 2.414 2.458 2.638 3.926 4.381 4.279 3.182 3.026 
2.68 2.419 2.074 2.242 1.832 1.698 1.847 1.65 1.455 1.568 
1.692 1.505 1.18 1.274 1.376 1.35 1.357 1.746 1.871 1.836 
1.671 1.269 1.176 0.964 0.844 0.909 1.04 1.315 1.413 1.665 
1.905 2.422 3.212 4.425 5.187 5.128 4.101 3.153 2.567 2.21 
2.192 1.922 1.75 1.797 1.907 1.542 1.169 1.349 1.515 1.086 
1.138 0.78 0.81 0.035 0.813 0.329 0.953 1.245 1.635 2.357 
3.145 4.091 5.264 6.264 6.013 4.913 4.086 2.442 1.542 1.072 
0.918 0.795 0.184 0.49 0.588 0.928 1.197 1.504 1.667 1.823 
1.631 1.532 1.365 1.292 1.368 1.324 1.278 1.176 1.232 1.282 
1.542 1.531 1.464 1.711 1.955 2.408 2.89 4.777 6.613 8.868 
9.869 12.516 15.0 15.0 15.0 15.0 15.0 
END
