PFRMAT local QA
AUTHOR LAW-CASP14
af2-standard_T1104_1.pdb local_accuracy_only 4.302 2.242 2.474 1.889 1.747 1.774 1.679 1.654 1.563 1.621 1.581 
1.615 1.78 1.62 1.644 1.806 1.776 1.877 2.063 2.281 2.32 
1.792 1.86 1.696 1.892 1.942 1.757 1.922 1.952 1.965 2.063 
2.159 2.116 2.268 2.352 2.583 2.558 2.556 2.294 2.132 2.194 
2.097 1.903 1.789 1.821 1.863 1.665 1.725 1.707 1.891 1.897 
2.12 2.031 2.154 1.736 1.644 1.503 1.526 1.744 1.701 1.942 
2.229 2.47 2.197 2.337 2.968 2.984 2.543 2.665 2.074 2.226 
1.904 1.584 1.636 1.746 1.532 1.417 1.594 1.648 1.559 1.559 
1.573 1.655 1.656 1.535 1.636 1.812 1.904 1.929 1.948 2.225 
2.508 2.606 3.205 3.437 3.541 3.543 3.046 3.114 2.353 2.271 
2.096 1.884 1.905 1.99 1.786 1.858 1.592 1.509 1.372 1.423 
1.361 1.387 1.457 1.414 1.412 1.531 
END
