PFRMAT local QA
AUTHOR MASS-CASP14
af2-standard_T1104_1.pdb local_accuracy_only 7.109 4.715 4.063 3.656 3.924 3.04 2.701 2.746 2.674 2.087 2.048 
2.086 1.981 1.735 2.059 2.027 2.116 2.41 3.222 3.757 3.506 
2.576 2.587 2.936 3.24 3.389 2.582 2.699 2.269 1.928 1.667 
1.88 2.379 2.306 1.885 2.16 2.311 2.862 2.204 1.686 2.015 
1.96 1.748 1.896 2.269 2.539 2.544 2.403 2.413 2.473 2.317 
2.486 3.104 3.041 2.785 2.723 3.022 3.28 3.342 2.516 2.75 
3.543 4.067 3.457 3.272 4.004 4.16 3.336 2.995 2.968 3.223 
2.788 1.921 2.225 2.481 2.393 2.321 2.884 2.887 2.782 2.092 
1.761 1.934 1.792 1.418 1.442 1.514 1.429 1.278 1.194 1.268 
1.308 1.315 1.52 1.954 1.873 1.851 1.872 2.181 1.9 1.664 
1.386 1.096 1.143 1.088 1.134 1.046 1.145 1.092 1.096 1.199 
1.237 1.41 1.743 1.957 2.172 3.143 
END
