PFRMAT local QA
AUTHOR MASS-CASP14
af2-standard_T1186_5.pdb local_accuracy_only 2.994 2.436 1.902 1.618 1.627 1.431 1.139 1.248 1.349 1.179 1.189 
1.365 1.591 1.771 2.017 1.553 1.016 0.789 0.009 0.002 0.0 
0.007 0.252 1.112 1.448 2.126 2.532 2.337 1.886 1.456 1.192 
1.07 0.974 0.987 1.109 1.057 0.972 0.82 0.642 0.779 0.729 
0.834 0.764 0.847 0.721 0.781 0.688 0.853 0.815 0.704 0.716 
0.284 0.68 0.775 0.962 1.041 1.175 1.293 1.371 1.56 1.901 
1.577 1.13 1.088 1.204 1.186 1.051 1.018 0.982 1.001 1.359 
1.526 1.701 1.701 1.476 1.677 1.833 1.553 1.338 1.395 1.291 
1.102 1.38 1.331 1.167 1.215 1.209 1.076 0.97 0.841 0.74 
0.783 0.888 0.879 0.679 0.813 0.869 0.834 0.846 0.759 0.816 
0.956 0.94 0.892 0.92 0.936 0.855 0.815 0.936 0.936 0.745 
0.849 1.046 1.094 1.054 1.186 1.27 1.285 1.64 1.261 1.041 
1.185 1.218 1.099 0.982 1.113 1.26 1.258 1.441 1.398 1.464 
1.27 1.121 1.224 1.189 1.396 1.365 1.326 1.328 1.286 1.25 
1.168 1.335 1.42 1.339 1.655 1.69 1.895 1.395 1.302 1.015 
0.927 0.768 0.779 0.758 0.083 0.0 0.0 0.0 0.0 0.0 
0.0 0.323 0.911 1.055 0.963 1.243 1.326 1.467 1.751 1.742 
1.696 1.624 1.766 1.576 1.104 0.962 1.181 0.968 0.865 0.967 
1.015 0.853 0.922 1.015 1.197 1.103 1.238 1.24 1.597 1.728 
1.894 1.362 1.197 1.386 1.44 1.471 1.35 1.758 1.816 1.635 
1.123 1.046 0.902 0.994 0.897 0.732 0.778 0.88 0.905 1.031 
1.161 1.21 1.262 1.161 1.109 1.072 0.915 0.87 0.951 0.988 
1.021 1.172 1.794 2.493 2.644 2.595 1.807 1.29 0.935 0.719 
0.173 0.069 0.049 0.251 0.79 0.996 1.202 1.636 1.754 1.817 
2.175 2.301 2.331 2.078 1.804 1.907 1.754 1.291 1.099 1.305 
1.281 1.144 1.22 1.377 1.392 1.359 1.759 2.962 
END
