PFRMAT local QA
AUTHOR LAW-CASP14
af2-standard_T1186_5.pdb local_accuracy_only 1.193 1.085 0.851 0.73 0.918 0.73 0.564 0.699 0.737 0.545 0.532 
0.66 0.696 0.547 0.537 0.389 0.364 0.348 0.365 0.351 0.381 
0.356 0.383 0.467 0.453 0.564 0.639 0.594 0.582 0.537 0.466 
0.544 0.474 0.566 0.559 0.645 0.531 0.521 0.353 0.381 0.331 
0.343 0.336 0.331 0.342 0.334 0.348 0.375 0.367 0.347 0.376 
0.42 0.428 0.421 0.482 0.613 0.685 0.689 1.183 1.135 1.154 
0.926 0.7 0.533 0.563 0.548 0.477 0.414 0.484 0.455 0.556 
0.581 0.644 0.539 0.519 0.479 0.467 0.398 0.392 0.431 0.416 
0.389 0.489 0.515 0.472 0.529 0.546 0.487 0.48 0.379 0.413 
0.396 0.419 0.369 0.326 0.314 0.353 0.314 0.304 0.321 0.337 
0.337 0.323 0.332 0.368 0.393 0.319 0.329 0.397 0.374 0.346 
0.418 0.508 0.509 0.457 0.593 0.558 0.493 0.572 0.524 0.426 
0.462 0.507 0.465 0.459 0.499 0.507 0.491 0.546 0.512 0.559 
0.486 0.434 0.459 0.435 0.473 0.438 0.433 0.447 0.461 0.468 
0.409 0.391 0.463 0.425 0.515 0.532 0.595 0.541 0.587 0.444 
0.411 0.415 0.4 0.456 0.394 0.443 0.446 0.339 0.331 0.403 
0.403 0.323 0.406 0.479 0.431 0.425 0.532 0.557 0.614 0.56 
0.476 0.587 0.597 0.579 0.499 0.465 0.514 0.477 0.389 0.44 
0.485 0.399 0.373 0.436 0.439 0.372 0.448 0.415 0.422 0.501 
0.474 0.396 0.359 0.439 0.456 0.416 0.462 0.55 0.578 0.571 
0.41 0.407 0.32 0.376 0.353 0.34 0.357 0.343 0.396 0.417 
0.459 0.422 0.428 0.374 0.36 0.312 0.321 0.284 0.282 0.289 
0.276 0.322 0.381 0.485 0.514 0.461 0.436 0.336 0.292 0.288 
0.268 0.29 0.288 0.283 0.304 0.332 0.356 0.393 0.421 0.43 
0.493 0.467 0.521 0.491 0.4 0.394 0.398 0.362 0.322 0.385 
0.403 0.363 0.376 0.46 0.521 0.48 0.516 0.562 
END
