PFRMAT local QA
AUTHOR LAW-CASP14
af2-standard_T1137s3_2.pdb local_accuracy_only 15.0 15.0 15.0 15.0 15.0 15.0 15.0 15.0 15.0 15.0 15.0 
15.0 15.0 15.0 15.0 15.0 15.0 15.0 15.0 15.0 15.0 
15.0 15.0 15.0 15.0 15.0 15.0 15.0 15.0 15.0 15.0 
15.0 15.0 14.286 8.868 9.161 6.832 4.45 1.561 1.302 0.855 
0.717 0.664 0.585 0.704 0.734 0.966 0.812 0.667 0.844 0.833 
0.669 0.753 0.772 0.792 0.617 0.696 0.508 0.63 0.68 0.772 
0.865 0.81 0.809 0.751 0.702 0.685 0.596 0.759 0.699 0.715 
0.781 1.122 1.138 1.458 1.433 0.996 0.743 0.687 0.586 0.611 
0.6 0.738 0.845 1.393 1.45 1.179 1.091 0.909 0.951 0.914 
0.81 0.672 0.678 0.611 0.679 0.651 0.721 0.966 0.998 1.227 
1.285 1.493 1.289 1.01 0.843 0.609 0.544 0.586 0.551 0.634 
0.72 0.846 1.151 1.354 1.217 1.236 1.053 1.391 1.124 1.13 
1.073 0.854 0.797 0.917 1.025 1.52 0.986 0.977 1.049 0.94 
1.088 1.532 1.484 1.598 1.681 1.635 1.6 1.663 1.906 1.843 
1.93 2.144 2.195 2.233 2.348 2.133 2.325 2.283 2.081 1.895 
1.738 1.804 1.654 1.659 1.501 1.447 1.453 1.513 1.515 1.455 
1.489 1.563 1.593 1.697 1.816 1.884 1.943 2.235 2.147 2.719 
2.046 2.33 2.972 2.772 2.214 3.321 3.252 2.96 2.973 3.18 
2.716 2.299 2.282 2.026 2.081 1.959 1.892 1.684 1.666 1.599 
1.519 1.536 1.52 1.721 1.537 1.646 1.785 1.91 1.51 1.723 
1.738 1.423 1.344 1.636 1.396 1.336 1.474 1.644 1.403 1.491 
1.653 1.435 1.368 1.553 1.564 1.591 1.65 2.001 1.954 1.883 
1.993 1.999 1.666 1.619 1.622 1.505 1.425 1.447 1.527 1.411 
1.457 1.467 1.462 1.398 1.552 1.643 1.667 1.631 1.933 1.969 
2.001 2.077 2.142 2.243 2.409 2.573 2.82 2.883 3.442 3.611 
4.505 5.13 5.039 5.671 5.207 5.183 3.831 2.881 2.9 2.485 
2.301 2.106 2.222 2.027 1.842 1.919 1.987 1.656 1.786 1.901 
1.777 1.76 2.073 1.892 1.866 2.031 1.856 1.84 1.818 1.992 
1.854 1.873 1.98 2.046 1.993 2.158 2.221 2.247 2.521 2.552 
2.498 2.445 2.414 2.421 2.59 2.686 2.569 2.622 2.916 2.88 
2.715 2.952 2.911 3.593 7.459 8.26 15.0 15.0 15.0 15.0 
15.0 15.0 15.0 15.0 15.0 15.0 15.0 15.0 15.0 15.0 
15.0 15.0 15.0 15.0 15.0 15.0 15.0 15.0 15.0 15.0 
14.219 12.446 10.294 9.06 5.955 6.625 5.71 4.838 4.463 6.511 
6.508 9.754 9.91 8.282 8.698 14.25 15.0 10.389 15.0 15.0 
13.416 15.0 15.0 15.0 15.0 15.0 15.0 15.0 15.0 15.0 
15.0 15.0 15.0 15.0 15.0 15.0 15.0 15.0 15.0 15.0 
15.0 15.0 15.0 15.0 15.0 14.392 15.0 15.0 11.963 11.69 
10.422 12.713 13.316 9.103 6.117 11.161 15.0 10.235 10.87 11.25 
13.971 12.265 15.0 14.918 14.323 13.728 13.68 14.697 13.746 7.743 
10.099 10.038 9.736 8.956 10.893 13.212 10.875 9.487 10.624 8.214 
10.623 12.15 15.0 14.815 15.0 15.0 15.0 15.0 15.0 15.0 
15.0 15.0 13.021 14.657 15.0 15.0 14.95 14.971 15.0 14.658 
14.568 14.841 15.0 15.0 15.0 15.0 15.0 15.0 15.0 15.0 
15.0 15.0 15.0 15.0 15.0 15.0 15.0 15.0 15.0 10.928 
12.653 13.89 14.049 15.0 13.31 15.0 15.0 15.0 15.0 15.0 
15.0 15.0 15.0 15.0 15.0 15.0 15.0 15.0 15.0 15.0 
15.0 15.0 15.0 15.0 15.0 15.0 15.0 15.0 15.0 15.0 
15.0 15.0 15.0 15.0 15.0 15.0 15.0 15.0 15.0 15.0 
15.0 15.0 15.0 15.0 15.0 15.0 15.0 15.0 15.0 15.0 
15.0 15.0 15.0 15.0 15.0 15.0 15.0 15.0 15.0 15.0 
15.0 15.0 15.0 15.0 15.0 15.0 15.0 15.0 15.0 15.0 
15.0 15.0 15.0 
END
