PFRMAT local QA
AUTHOR MASS-CASP14
af2-standard_T1137s3_2.pdb local_accuracy_only 15.0 15.0 15.0 15.0 15.0 15.0 15.0 15.0 15.0 15.0 15.0 
15.0 15.0 15.0 15.0 15.0 15.0 15.0 15.0 15.0 15.0 
15.0 15.0 15.0 15.0 15.0 15.0 15.0 13.832 13.843 13.81 
15.0 15.0 15.0 14.151 15.0 11.691 8.502 5.017 2.75 1.644 
1.278 1.149 1.102 1.179 0.961 1.202 1.217 1.042 1.186 1.315 
1.15 1.492 1.548 1.529 1.218 1.242 1.061 1.139 1.442 1.911 
2.363 2.009 1.686 1.395 1.379 1.211 1.13 1.353 1.445 1.284 
1.319 1.435 1.805 2.867 2.746 1.898 1.508 1.262 1.262 1.283 
1.32 1.373 1.534 2.2 3.059 2.696 2.341 1.605 1.794 1.896 
1.687 1.4 1.291 1.256 1.322 1.075 1.361 1.667 1.914 2.137 
2.687 2.414 2.174 1.751 1.676 1.385 1.267 1.103 1.124 1.322 
1.678 2.302 3.719 5.769 6.997 8.31 9.007 12.053 15.0 15.0 
13.546 11.142 9.552 12.577 14.521 15.0 13.068 10.224 10.06 8.887 
9.846 8.871 7.203 6.966 6.717 5.503 4.96 6.283 6.156 6.653 
6.709 5.996 6.315 6.422 6.358 7.006 8.339 6.811 5.607 5.461 
5.051 3.943 3.219 3.103 2.963 2.591 2.703 2.845 2.932 2.643 
2.566 2.964 3.197 3.047 3.934 4.46 4.793 4.336 4.912 4.164 
2.941 2.825 2.723 2.358 2.311 2.45 2.699 2.569 2.255 2.405 
2.28 2.149 2.269 2.649 2.814 3.025 3.09 2.967 2.929 3.267 
2.842 2.476 2.35 2.255 2.358 2.318 2.577 2.628 2.844 2.865 
2.557 2.796 2.578 2.816 2.867 2.76 3.206 3.348 3.793 3.294 
3.76 3.576 2.906 2.884 2.801 2.763 2.84 2.872 3.335 3.556 
3.766 3.372 3.553 3.644 3.534 3.809 3.66 3.736 3.706 3.841 
4.098 3.942 4.151 4.022 3.907 3.803 3.988 4.083 4.163 4.194 
4.393 4.107 4.261 3.833 4.186 4.32 5.194 5.762 6.084 7.617 
8.162 7.797 8.716 9.415 9.804 8.983 8.585 6.086 5.29 4.758 
4.327 4.119 3.846 4.118 3.98 3.987 3.7 3.866 3.72 3.89 
3.69 3.903 3.746 3.502 3.322 3.607 3.621 3.497 3.083 3.245 
3.433 3.468 3.321 3.677 4.244 4.694 4.87 5.267 5.325 5.061 
5.089 5.247 4.833 5.043 5.659 6.086 5.649 6.42 6.733 7.559 
7.282 7.698 8.137 9.817 10.347 10.825 9.896 10.391 10.638 10.218 
8.972 8.504 9.116 9.08 8.589 7.049 8.277 8.584 9.266 8.96 
9.244 11.253 11.671 10.332 10.642 12.141 11.415 12.287 9.92 9.676 
9.342 10.17 9.431 8.405 7.933 8.688 9.67 11.366 10.095 7.944 
8.04 9.245 7.776 8.835 8.353 9.215 9.784 10.959 10.337 9.356 
8.57 6.963 7.644 7.996 6.97 6.802 6.766 6.288 7.118 8.169 
7.658 6.742 6.667 7.454 8.422 7.702 7.192 7.254 7.853 8.271 
7.747 7.679 8.364 8.997 8.887 8.479 10.307 10.841 10.585 9.432 
10.026 10.541 9.959 8.434 8.048 8.279 10.198 11.841 11.853 12.072 
12.364 12.074 14.17 12.852 11.174 9.255 8.747 7.681 9.058 9.332 
11.273 12.188 12.503 12.882 11.837 10.025 11.262 12.464 12.25 11.779 
13.95 14.931 14.243 15.0 13.097 11.269 10.455 9.796 7.329 6.111 
5.793 5.984 7.27 9.262 10.548 10.034 11.905 10.888 10.73 9.699 
8.325 8.414 8.838 10.678 11.706 11.001 11.32 10.183 11.177 10.791 
11.326 10.451 10.185 10.939 11.548 9.602 9.471 11.43 10.08 9.888 
9.782 9.495 9.953 9.987 9.167 9.604 9.938 10.253 10.884 10.662 
10.448 10.447 11.051 10.466 11.648 11.128 10.555 11.009 11.437 13.167 
12.2 12.871 10.812 10.715 10.863 9.685 9.662 8.953 7.902 8.204 
8.225 7.734 8.065 7.666 7.751 7.705 6.795 6.682 5.488 4.505 
4.4 4.003 3.406 3.443 4.015 4.601 5.217 5.328 5.568 5.51 
5.856 6.519 6.959 7.319 7.622 7.584 8.013 8.258 7.74 8.683 
10.944 11.14 14.572 14.064 15.0 15.0 15.0 15.0 15.0 15.0 
15.0 15.0 15.0 
END
