PFRMAT local QA
AUTHOR LAW-CASP14
af2-standard_T1134s1_1.pdb local_accuracy_only 3.995 3.26 1.504 2.257 1.496 1.833 1.754 1.624 1.588 1.815 1.852 
1.652 1.427 1.479 1.498 1.175 1.186 1.22 1.168 1.076 1.164 
1.209 1.166 1.184 1.125 1.263 1.212 1.07 1.147 1.325 1.247 
1.128 1.377 1.431 1.332 1.227 0.955 0.979 1.171 1.342 1.5 
1.667 1.714 1.504 1.201 1.034 0.975 0.847 0.899 1.016 0.989 
0.991 1.128 1.261 1.465 1.63 1.822 2.325 2.409 2.029 1.883 
1.484 1.295 1.191 1.021 0.975 0.971 0.85 0.822 0.914 0.873 
0.811 0.905 0.994 0.964 0.875 0.884 0.765 0.805 0.844 0.869 
1.039 1.301 1.442 1.044 1.084 0.823 0.81 0.788 0.728 0.795 
0.832 0.901 0.84 1.114 1.283 1.609 1.347 1.042 0.953 0.903 
0.81 0.819 0.817 0.765 0.819 0.792 0.823 0.838 0.784 0.789 
0.9 0.951 0.773 0.837 0.872 0.958 1.077 1.063 0.991 0.866 
0.82 0.766 0.757 0.789 0.844 0.85 0.834 1.072 1.134 1.64 
1.177 0.992 1.086 1.004 0.79 0.909 0.877 0.869 0.96 0.925 
0.88 1.201 0.997 1.343 1.069 1.171 1.133 0.937 0.907 1.051 
1.069 0.991 0.838 0.825 0.858 0.788 0.745 0.766 0.804 0.791 
0.856 0.919 0.886 0.889 0.847 0.896 0.805 0.858 0.854 0.869 
0.858 0.827 0.92 0.919 0.955 0.89 0.917 0.863 0.953 0.899 
0.913 0.911 0.945 0.955 0.935 0.856 0.81 0.782 0.908 0.876 
0.771 0.828 0.852 0.867 0.895 1.007 1.052 1.285 1.9 5.242 
6.495 5.917 4.749 3.59 2.501 2.216 2.035 1.31 1.047 1.191 
1.145 0.98 0.967 1.057 0.957 0.966 1.11 1.041 0.976 1.115 
1.038 1.306 1.343 1.313 1.187 1.51 1.464 1.242 1.727 
END
