PFRMAT local QA
AUTHOR MASS-CASP14
af2-standard_T1134s1_1.pdb local_accuracy_only 4.153 2.452 2.068 1.915 1.62 1.934 1.81 1.375 1.467 1.982 2.377 
2.13 1.802 1.703 1.662 1.402 1.494 1.551 1.41 1.352 1.689 
1.923 1.981 1.841 1.636 1.877 1.67 1.373 1.583 1.64 1.442 
1.613 2.134 2.366 2.015 1.987 1.759 2.182 2.208 2.468 2.554 
2.785 3.346 3.376 2.584 2.417 2.047 2.191 1.981 1.857 1.672 
1.554 1.582 1.656 1.762 1.791 2.345 2.81 2.722 2.218 2.138 
2.007 2.136 1.71 1.519 1.555 1.363 1.212 1.317 1.286 1.204 
1.293 1.754 2.043 1.979 1.599 1.478 1.406 1.461 1.582 1.517 
1.736 2.005 2.441 2.562 2.326 1.787 1.315 1.233 1.434 1.531 
1.399 1.56 1.592 1.935 2.432 3.087 2.713 2.229 2.042 1.48 
1.357 1.536 1.45 1.247 1.306 1.471 1.708 1.779 1.502 1.687 
1.855 1.995 1.843 1.692 2.096 2.243 2.527 2.523 2.24 1.693 
1.621 1.509 1.381 1.469 1.636 1.568 1.655 1.981 2.425 2.623 
2.322 1.956 1.857 1.78 1.585 1.668 1.558 1.334 1.375 1.858 
1.978 1.931 1.697 1.58 1.478 1.542 1.603 1.652 2.069 2.29 
2.251 2.476 2.209 1.896 1.73 1.591 1.718 1.751 1.592 1.405 
1.642 1.582 1.5 1.446 1.325 1.48 1.366 1.118 1.192 1.256 
1.094 1.232 1.574 1.651 1.6 1.479 1.61 1.693 1.678 1.762 
1.84 1.756 1.986 1.98 1.717 1.342 1.28 1.244 1.448 1.509 
1.328 1.26 1.357 1.57 1.678 1.883 2.156 2.637 3.016 2.893 
2.758 2.654 2.161 1.854 1.874 1.489 1.587 1.548 1.485 1.603 
1.544 1.345 1.426 1.494 1.347 1.26 1.454 1.792 1.888 2.019 
2.175 2.077 1.866 2.167 2.276 2.656 3.015 2.977 4.443 
END
