PFRMAT local QA
AUTHOR LAW-CASP14
af2-standard_T1158v2_2.pdb local_accuracy_only 15.0 15.0 15.0 14.682 9.644 6.915 6.336 2.845 1.4 1.71 1.458 
3.962 7.364 6.821 9.941 9.393 9.936 9.303 6.078 8.394 3.65 
1.57 1.099 0.911 1.119 1.745 0.825 1.054 1.141 1.024 0.883 
1.295 1.191 1.075 1.189 1.656 1.316 1.166 0.902 0.994 0.954 
1.266 1.016 0.825 1.116 1.001 0.86 1.236 1.178 1.123 0.956 
0.898 0.694 0.784 1.007 0.732 0.677 0.839 0.884 0.823 0.865 
1.122 1.213 1.247 1.563 1.938 2.29 2.855 3.239 3.601 4.511 
5.259 7.227 7.638 7.791 6.299 5.225 3.412 2.224 1.419 1.762 
1.878 1.456 1.398 1.79 1.795 1.448 2.018 2.406 3.013 3.243 
2.301 4.257 4.729 2.58 4.162 5.977 3.192 2.956 3.79 3.407 
2.401 2.201 2.267 2.121 1.681 1.301 1.491 1.581 1.223 1.521 
1.625 1.261 1.095 1.425 1.376 0.99 1.058 1.228 0.986 0.953 
1.223 1.442 2.984 4.115 6.276 4.638 4.68 4.098 3.029 2.894 
2.941 2.961 2.346 2.639 2.495 2.1 1.882 2.711 2.451 2.242 
1.854 2.442 2.084 1.783 1.703 1.883 1.664 1.039 1.116 1.272 
1.172 0.738 0.887 1.015 0.757 0.61 0.727 0.723 0.648 0.568 
0.648 0.634 0.555 0.578 0.542 0.55 0.519 0.569 0.499 0.478 
0.518 0.519 0.497 0.469 0.548 0.562 0.526 0.541 0.607 0.663 
0.778 0.917 1.248 1.034 1.211 1.548 1.732 1.566 1.566 1.111 
1.331 1.275 1.025 0.898 1.04 0.924 0.74 0.882 0.923 0.888 
0.68 0.796 0.823 0.66 0.703 0.778 0.783 0.75 0.783 1.002 
0.898 1.257 1.265 1.373 1.456 1.781 1.53 1.461 1.329 1.34 
1.112 1.001 0.99 0.911 0.869 0.835 0.882 0.833 0.916 1.045 
1.041 0.92 0.982 1.048 0.993 0.898 1.04 1.015 1.105 1.147 
1.468 1.258 1.449 1.53 1.777 1.899 1.86 1.724 1.773 1.53 
1.413 1.211 1.138 1.048 1.037 0.92 0.905 0.957 0.963 0.822 
0.891 0.938 0.926 0.784 0.862 0.86 0.778 0.757 0.812 0.783 
0.713 0.683 0.774 0.766 0.655 0.813 0.879 0.753 0.785 0.946 
0.898 0.793 0.876 0.795 0.728 0.758 0.669 0.653 0.735 0.797 
0.862 1.015 0.98 0.896 0.9 0.919 0.819 0.734 0.792 0.788 
0.732 0.682 0.721 0.712 0.667 0.62 0.694 0.731 0.687 0.687 
0.756 0.779 0.82 0.863 0.895 0.974 1.094 1.145 1.18 1.339 
1.409 1.508 1.651 1.736 1.638 1.478 1.364 2.145 1.597 1.23 
1.145 1.412 1.128 1.111 1.116 1.566 1.125 1.09 1.264 1.394 
1.312 1.449 1.471 1.459 1.279 1.371 1.029 1.063 0.993 1.085 
1.033 1.067 0.93 1.095 1.054 0.97 1.024 1.155 1.171 1.187 
1.458 1.467 1.555 1.717 1.961 2.093 1.681 1.819 2.192 1.894 
1.273 1.833 1.626 1.096 1.12 1.359 1.126 0.928 1.242 1.283 
1.009 1.113 1.296 1.132 0.897 1.157 1.065 1.006 0.798 1.007 
0.901 0.894 0.863 1.055 3.647 10.131 10.959 12.956 10.303 13.046 
13.004 8.903 11.979 8.479 6.906 3.426 1.171 1.089 1.001 1.153 
1.31 1.563 1.752 1.54 1.655 1.481 1.658 1.415 1.909 2.462 
3.7 2.806 3.127 2.558 1.712 1.614 1.501 1.574 1.811 1.449 
1.414 1.182 1.105 0.86 0.945 0.872 0.891 0.874 0.801 0.805 
0.798 0.694 0.824 1.142 1.479 4.34 1.919 1.417 1.296 0.957 
0.938 1.166 1.039 0.819 0.969 1.046 0.995 0.797 1.181 0.875 
1.099 1.302 1.459 1.818 1.927 2.211 1.801 1.378 1.39 1.297 
1.416 1.008 0.73 0.665 0.679 0.739 0.779 1.209 1.349 1.875 
1.268 0.877 0.788 0.709 0.834 0.782 0.775 0.791 0.818 0.939 
0.831 0.884 1.075 1.093 1.45 1.371 2.124 1.845 2.194 1.878 
1.651 1.298 1.263 1.167 1.107 0.954 0.986 0.987 0.981 0.915 
1.009 0.961 1.08 1.18 1.14 1.097 1.3 1.383 1.094 1.243 
0.955 1.121 0.834 0.824 0.865 0.815 0.822 0.937 0.973 1.044 
0.938 0.953 1.157 1.085 1.424 1.384 1.351 1.1 1.013 1.163 
1.0 0.893 0.921 0.912 0.922 0.957 0.78 0.849 0.902 0.871 
0.755 0.671 0.636 0.556 0.56 0.591 0.718 0.782 0.898 1.089 
1.05 1.4 1.448 1.305 1.343 1.32 1.325 1.151 1.108 1.167 
1.076 0.932 0.967 1.135 1.002 1.007 0.991 1.076 1.263 1.078 
0.916 1.09 0.915 0.686 0.673 0.624 0.559 0.642 0.708 0.957 
1.444 2.238 2.245 2.709 2.208 2.009 2.448 2.183 1.473 1.224 
1.059 1.011 0.938 0.976 1.087 1.305 1.554 1.397 1.493 1.421 
1.337 1.172 1.25 1.492 1.794 2.311 7.22 6.346 8.539 11.704 
11.984 12.799 15.0 15.0 15.0 15.0 15.0 15.0 15.0 14.742 
15.0 15.0 15.0 15.0 15.0 15.0 15.0 15.0 15.0 15.0 
15.0 15.0 15.0 15.0 15.0 15.0 15.0 15.0 15.0 15.0 
15.0 15.0 15.0 15.0 15.0 15.0 15.0 15.0 15.0 15.0 
13.448 12.279 9.676 11.931 11.649 13.231 14.313 15.0 15.0 15.0 
15.0 15.0 15.0 15.0 15.0 15.0 15.0 15.0 15.0 15.0 
15.0 15.0 12.862 10.978 8.61 11.356 11.713 13.677 11.525 11.029 
7.55 8.185 5.054 3.937 2.208 1.912 1.623 1.419 1.155 1.141 
1.151 1.05 0.797 0.936 1.085 0.798 0.852 1.23 2.135 2.788 
4.162 3.435 3.212 5.049 5.145 3.469 5.307 5.917 3.648 4.025 
4.064 4.542 2.92 2.566 3.939 4.338 3.515 3.051 4.413 3.911 
3.295 3.275 3.183 2.631 2.082 2.604 3.8 1.868 7.706 6.092 
7.405 11.279 12.204 13.122 13.794 15.0 15.0 15.0 15.0 15.0 
15.0 15.0 15.0 15.0 15.0 15.0 15.0 12.362 14.529 14.11 
12.803 11.387 10.024 8.789 10.438 8.793 7.46 7.513 5.692 5.725 
3.365 6.043 6.182 3.945 3.354 2.984 2.781 2.034 1.601 2.209 
1.897 1.292 1.13 1.213 0.997 0.864 0.812 0.837 0.735 0.663 
0.711 0.7 0.64 0.606 0.623 0.603 0.545 0.608 0.615 0.59 
0.615 0.633 0.669 0.603 0.611 0.633 0.718 0.775 0.791 1.02 
0.886 0.927 1.04 1.1 1.035 1.06 0.931 0.939 0.919 0.817 
0.722 0.739 0.732 0.617 0.666 0.655 0.673 0.643 0.666 0.698 
0.687 0.68 0.727 0.723 0.721 0.716 0.672 0.695 0.636 0.678 
0.644 0.617 0.606 0.656 0.635 0.643 0.795 0.8 0.694 0.799 
0.971 0.872 0.908 1.073 1.038 1.188 1.486 1.358 1.122 1.891 
1.9 4.093 4.397 6.146 7.303 6.808 5.828 6.1 4.295 2.489 
2.216 1.864 1.416 1.105 1.19 1.061 0.828 0.881 0.88 0.811 
0.684 0.804 0.837 0.776 0.696 0.763 0.737 0.594 0.697 0.75 
0.714 0.687 0.871 0.852 0.715 0.763 0.836 0.744 0.635 0.656 
0.693 0.587 0.563 0.653 0.625 0.581 0.545 0.606 0.573 0.539 
0.59 0.648 0.595 0.63 0.644 0.648 0.698 0.769 0.78 0.975 
0.955 0.832 0.747 0.838 0.762 0.565 0.641 0.623 0.61 0.582 
0.584 0.578 0.553 0.527 0.574 0.542 0.519 0.485 0.512 0.552 
0.529 0.561 0.577 0.574 0.569 0.607 0.572 0.619 0.652 0.627 
0.66 0.754 0.763 0.862 0.803 0.975 1.045 1.2 1.193 1.491 
1.899 1.537 1.983 2.329 2.395 1.961 2.251 2.249 1.843 1.502 
1.715 1.469 1.177 0.98 0.933 1.103 1.059 0.948 0.992 1.202 
0.957 1.095 1.071 1.001 0.957 0.963 0.954 0.825 0.859 0.849 
0.765 0.725 0.789 0.76 0.659 0.784 0.896 0.753 0.886 1.05 
1.079 0.92 1.495 1.508 1.097 1.249 1.645 1.147 0.893 1.191 
0.965 0.749 0.831 1.019 0.812 0.786 1.135 1.001 1.177 0.901 
0.877 0.925 1.013 0.983 1.317 1.864 2.982 2.457 1.938 1.523 
1.728 1.569 1.281 0.977 0.754 0.772 0.726 0.654 0.633 0.616 
0.644 0.704 0.78 0.942 0.85 1.142 1.131 1.773 1.806 4.868 
8.399 8.594 7.246 4.118 1.804 1.702 1.159 1.158 1.124 0.967 
0.871 0.724 0.711 0.613 0.685 0.687 0.721 0.597 0.577 0.58 
0.677 0.63 0.787 1.038 1.789 2.736 2.239 1.316 1.076 0.884 
0.986 1.11 0.907 0.849 0.832 0.861 0.784 0.695 0.811 0.797 
0.983 0.937 0.968 0.942 0.93 0.802 0.709 0.704 0.721 0.729 
0.822 0.848 0.886 0.855 1.05 1.102 1.278 1.161 0.836 0.765 
0.919 0.729 0.658 0.674 0.679 0.618 0.66 0.615 0.709 0.879 
1.099 1.513 1.392 1.445 1.546 1.393 1.63 2.036 2.06 2.404 
1.615 1.518 1.581 1.236 1.332 1.08 1.312 1.542 1.743 1.563 
1.574 1.317 1.259 1.199 1.125 1.095 1.08 1.016 1.012 1.103 
1.084 1.049 1.18 1.242 1.239 1.689 2.502 1.882 2.252 3.101 
3.666 3.621 2.832 2.695 2.564 2.905 2.629 2.977 2.04 2.326 
1.622 1.619 1.93 2.865 4.461 3.375 3.476 2.639 2.121 1.537 
1.54 1.237 1.093 1.03 0.933 0.927 0.953 0.964 0.806 0.96 
0.947 0.907 0.9 0.758 0.697 0.567 0.581 0.534 0.62 0.718 
0.91 1.146 1.583 1.643 2.37 2.467 2.742 2.919 2.487 2.241 
1.993 1.867 1.57 1.232 1.314 1.302 1.196 1.17 1.199 1.225 
1.204 0.855 1.115 0.919 0.681 0.603 0.509 0.526 0.6 0.649 
0.866 1.214 1.579 1.64 2.135 1.591 1.096 1.86 2.047 0.995 
0.824 0.755 0.8 0.77 0.864 0.906 1.028 1.18 1.114 1.085 
0.978 0.981 1.029 0.95 0.997 1.194 1.383 2.638 1.755 1.632 
2.361 2.732 2.989 3.948 4.057 2.698 2.487 2.022 3.291 4.269 
3.99 3.902 5.259 5.835 7.142 10.316 11.72 11.008 10.339 9.085 
11.318 11.363 7.099 7.822 10.559 7.246 5.324 9.448 11.264 8.257 
6.099 10.092 9.667 9.743 10.19 11.892 13.213 15.0 15.0 15.0 
15.0 15.0 15.0 15.0 15.0 15.0 15.0 15.0 15.0 15.0 
15.0 15.0 15.0 15.0 15.0 15.0 15.0 15.0 15.0 15.0 
15.0 15.0 15.0 15.0 15.0 15.0 15.0 15.0 15.0 15.0 
15.0 15.0 15.0 15.0 15.0 15.0 15.0 15.0 15.0 
END
