PFRMAT local QA
AUTHOR MASS-CASP14
af2-standard_T1158v2_2.pdb local_accuracy_only 13.913 13.03 10.171 7.854 6.605 6.112 3.766 2.651 1.888 1.925 1.671 
2.131 2.156 3.301 3.638 4.576 4.687 4.592 4.771 4.407 3.981 
3.529 3.385 2.943 2.787 2.444 2.389 2.679 2.804 2.283 2.24 
2.497 2.717 3.048 3.82 3.722 3.715 3.489 3.198 3.899 4.197 
4.13 3.313 3.082 2.945 3.183 3.253 3.341 4.949 5.169 5.757 
4.315 3.465 3.317 2.399 1.782 1.669 1.875 1.994 1.808 2.192 
2.467 2.463 2.288 2.644 2.97 3.121 2.93 3.132 3.464 3.536 
4.209 4.189 4.838 4.683 4.389 4.206 3.71 2.967 2.664 2.714 
2.479 2.691 2.428 2.744 3.203 3.23 3.733 4.805 5.519 5.548 
4.551 5.38 4.634 5.148 5.054 5.475 5.016 5.017 4.928 4.955 
4.501 4.017 2.903 2.49 2.519 2.148 1.659 1.515 1.555 1.426 
1.266 1.337 1.452 1.667 1.425 1.383 1.726 1.886 2.067 2.399 
2.944 2.973 3.753 3.716 4.155 3.78 3.55 3.324 3.015 2.799 
3.189 2.974 2.683 2.923 2.861 2.649 2.673 2.984 2.987 2.631 
2.771 2.873 2.664 2.702 2.577 2.655 2.651 2.558 2.455 2.221 
2.386 2.5 2.083 2.279 2.253 2.286 1.975 1.741 1.623 1.538 
1.56 1.345 1.448 1.415 1.353 1.364 1.297 1.334 1.161 1.159 
1.2 1.36 1.174 1.294 1.592 1.474 1.383 1.347 1.29 1.236 
1.372 1.768 2.004 2.397 2.556 3.899 4.219 4.696 5.092 5.101 
4.666 3.236 2.554 2.911 2.693 2.095 1.985 2.105 2.551 2.074 
1.832 2.186 2.374 1.941 2.659 2.724 2.658 3.048 3.075 3.901 
4.106 3.804 3.869 3.868 4.004 4.198 3.95 3.658 3.235 2.777 
2.879 3.023 2.717 2.936 2.83 3.389 3.097 2.67 2.747 3.613 
3.538 3.425 4.14 4.819 4.309 4.724 4.827 5.681 5.06 5.46 
5.072 5.067 5.092 5.448 5.565 6.055 5.884 6.159 5.551 5.446 
4.618 4.347 3.6 3.689 3.087 3.025 2.95 3.324 3.448 2.931 
3.008 4.795 4.575 4.374 4.289 4.664 3.768 3.728 3.19 2.631 
2.48 2.074 2.202 2.608 2.305 2.544 2.442 2.169 2.033 2.419 
2.371 1.887 2.159 1.991 1.976 2.21 2.29 2.792 3.126 2.966 
2.77 2.704 2.069 1.787 1.999 2.114 2.295 1.904 2.686 3.203 
2.593 2.414 2.324 2.586 2.302 1.807 1.903 2.387 2.023 1.723 
2.02 2.523 2.429 2.445 2.131 2.533 3.229 3.096 2.864 2.946 
3.202 3.055 3.661 3.865 3.439 3.606 3.7 3.608 3.486 3.469 
4.063 4.366 4.378 4.231 4.145 4.253 3.865 4.085 4.449 4.294 
3.777 2.977 3.048 2.845 2.369 2.412 2.387 2.122 2.017 1.73 
1.858 1.878 1.915 2.121 1.913 1.91 2.224 2.699 3.081 2.637 
2.538 2.584 2.85 2.72 3.321 3.449 3.27 3.216 3.764 3.221 
2.648 2.649 2.627 2.523 2.186 2.311 2.585 2.255 2.672 2.308 
2.33 2.38 2.28 2.143 1.761 1.959 1.991 1.811 1.813 1.831 
2.06 2.237 2.476 2.709 3.838 5.079 5.694 5.489 6.546 8.187 
9.123 8.618 7.985 7.653 5.978 3.9 2.76 1.961 1.486 1.198 
1.36 1.496 1.566 1.515 1.759 1.837 2.45 2.891 3.744 4.651 
4.854 4.196 4.411 3.593 2.935 2.42 2.098 2.239 2.039 1.991 
1.747 1.6 1.475 1.363 1.463 1.832 1.744 1.614 1.397 1.258 
1.261 1.201 1.127 1.392 1.795 2.145 2.48 2.277 2.151 1.858 
2.107 1.9 1.544 1.432 1.576 1.781 1.83 1.585 1.748 1.85 
1.845 2.176 2.604 2.527 2.499 2.07 1.716 1.566 1.405 1.446 
1.352 1.379 1.222 1.325 1.342 1.557 1.81 2.349 3.039 3.27 
2.66 2.31 2.093 1.905 1.678 1.382 1.22 1.092 1.198 1.384 
1.518 1.529 1.63 1.891 2.362 3.208 3.485 3.23 3.103 3.141 
3.142 2.336 2.271 2.368 2.203 2.032 1.79 1.971 2.344 2.041 
2.446 2.449 3.087 3.292 3.108 2.659 2.862 2.952 2.702 2.954 
2.649 2.379 2.226 2.012 2.061 1.959 2.114 2.312 2.798 3.117 
2.916 2.34 2.299 1.964 1.875 2.081 2.189 2.159 1.928 1.989 
2.081 1.875 1.852 1.957 2.108 2.064 2.142 2.045 1.919 2.311 
2.0 1.818 1.458 1.159 1.052 1.096 1.205 1.407 1.475 1.713 
1.753 2.128 2.573 2.31 2.282 2.435 2.242 1.849 1.896 2.172 
1.836 1.711 1.734 2.066 2.052 2.087 2.191 2.214 2.447 2.488 
2.119 2.3 2.356 1.923 1.566 1.515 1.479 1.492 1.72 2.125 
2.708 2.857 3.192 3.04 2.767 2.539 2.593 2.679 2.144 2.004 
1.601 1.46 1.355 1.34 1.48 1.795 1.919 1.73 1.786 1.545 
1.644 1.605 1.8 1.67 1.754 1.982 2.648 2.738 2.496 2.577 
2.849 2.676 2.721 2.533 2.025 1.972 2.168 2.042 2.178 2.301 
3.038 4.561 6.135 7.21 8.129 9.695 9.029 12.633 10.994 10.104 
11.842 13.599 12.936 12.04 12.152 12.235 12.675 12.884 15.0 15.0 
15.0 15.0 15.0 15.0 15.0 15.0 15.0 15.0 15.0 10.9 
12.683 9.747 10.312 9.197 10.118 7.272 7.076 7.737 8.146 10.804 
13.114 15.0 15.0 15.0 15.0 15.0 15.0 15.0 15.0 15.0 
14.798 15.0 10.961 8.952 10.959 9.839 11.088 12.737 12.779 13.01 
11.361 9.296 7.29 5.798 3.465 2.947 2.834 2.24 1.881 1.758 
2.178 2.359 2.458 3.031 3.566 4.453 6.274 6.929 7.494 8.655 
9.119 8.381 6.72 7.323 7.26 7.687 6.453 6.288 5.786 4.818 
4.319 3.866 3.695 3.04 2.399 2.017 2.191 1.939 1.991 2.146 
2.222 2.308 2.121 2.448 2.269 2.694 2.116 2.512 2.854 3.843 
4.08 4.678 5.513 5.908 6.99 9.728 12.334 14.839 15.0 14.25 
15.0 13.544 15.0 8.876 5.89 4.703 3.645 2.985 2.193 2.539 
2.065 2.164 1.738 2.249 2.308 2.393 2.404 2.704 3.119 2.853 
3.005 3.128 3.33 3.478 3.062 2.979 3.672 4.232 4.086 3.846 
4.018 4.007 4.169 4.455 4.093 4.148 4.354 3.668 3.374 3.623 
3.303 2.68 2.232 2.233 1.852 1.52 1.469 1.807 1.827 1.54 
1.515 1.754 1.755 1.639 1.984 2.273 2.798 2.672 2.492 2.594 
2.658 2.405 2.329 2.545 2.743 2.443 2.045 2.334 2.108 1.676 
1.701 1.927 1.782 1.903 1.623 1.805 1.755 1.408 1.722 1.754 
1.499 1.805 1.732 1.526 1.49 1.608 1.639 1.544 1.517 1.808 
1.751 1.6 1.8 1.721 1.731 1.66 1.813 1.91 1.975 1.845 
2.434 2.396 2.621 2.873 3.185 3.198 3.353 3.389 3.721 3.623 
4.603 4.7 4.665 5.191 5.394 5.501 5.233 5.107 4.676 3.946 
4.583 4.339 3.728 4.136 4.662 4.483 3.6 3.95 3.641 3.547 
3.104 2.923 3.02 2.494 2.288 2.415 2.244 1.811 2.026 2.399 
2.424 3.052 4.328 4.787 4.851 5.067 6.033 4.543 2.913 2.531 
2.484 2.273 2.048 2.039 2.574 2.786 2.469 2.624 2.979 2.75 
3.183 2.86 2.552 2.6 2.878 2.971 2.91 2.417 2.56 2.748 
2.322 2.02 2.22 2.453 2.245 2.142 2.712 2.462 2.584 2.561 
2.494 2.071 2.067 2.182 2.489 2.52 2.693 2.887 2.887 2.967 
2.938 2.988 2.719 2.926 2.634 2.543 2.232 2.587 2.438 2.12 
1.986 2.007 1.911 2.062 2.036 2.315 2.418 2.416 2.421 2.378 
2.566 2.524 2.323 2.291 2.416 2.476 2.493 2.749 3.055 3.315 
3.29 2.85 2.639 2.461 2.547 3.001 2.622 2.187 2.502 2.426 
2.746 2.308 2.178 2.375 2.283 2.187 2.492 2.32 2.38 2.73 
2.24 2.211 2.162 2.28 2.148 1.974 2.368 2.466 2.547 2.687 
2.575 2.132 2.497 2.899 2.774 2.727 2.769 3.329 3.088 3.487 
3.244 3.082 2.894 2.889 2.96 3.347 3.501 3.27 3.31 2.795 
2.885 2.809 2.802 2.637 2.57 2.963 3.095 3.062 2.853 2.686 
2.714 3.015 2.71 2.556 2.333 2.54 2.126 1.852 1.505 1.248 
1.193 1.182 1.436 1.483 1.713 1.613 1.858 2.26 3.155 3.208 
4.411 4.439 5.071 4.655 3.793 3.526 3.038 2.809 2.494 2.276 
2.208 2.216 2.338 2.084 2.209 2.864 2.838 2.503 2.013 2.111 
1.934 2.087 1.882 2.04 2.171 2.806 2.753 2.553 2.42 2.126 
2.062 1.835 1.63 1.428 1.615 1.973 1.817 1.66 1.507 1.631 
1.884 1.913 1.737 1.664 1.648 1.457 1.176 1.322 1.286 1.471 
2.071 2.045 1.937 2.203 2.616 3.27 2.471 2.391 2.129 2.295 
2.114 2.131 1.994 1.894 1.721 1.481 1.354 1.341 1.253 1.686 
2.295 3.028 2.923 2.619 2.321 2.468 2.371 2.181 1.936 1.642 
1.463 1.637 1.277 1.024 1.172 1.484 1.877 2.337 2.705 2.51 
2.455 2.335 2.412 2.084 1.668 1.832 1.955 2.068 1.899 2.088 
2.227 2.263 2.273 2.385 2.672 3.163 3.356 2.765 3.002 3.772 
4.422 4.855 4.59 4.877 4.475 4.752 4.789 4.937 3.679 4.439 
4.585 4.758 4.083 4.045 3.715 2.78 2.307 2.292 2.415 2.171 
2.039 2.267 2.148 2.032 2.163 2.259 2.354 2.407 2.731 2.481 
2.551 3.035 3.109 2.53 2.331 1.804 1.461 1.541 1.686 1.957 
2.136 2.333 2.635 2.799 3.088 2.604 2.496 2.931 3.091 2.81 
2.511 2.791 2.279 2.018 2.036 2.295 2.434 1.881 2.484 3.255 
3.172 3.012 3.477 3.491 2.686 2.139 2.033 1.831 1.774 1.765 
2.261 2.39 2.447 2.34 2.187 2.497 2.179 2.268 2.528 2.252 
1.946 1.369 1.203 1.187 1.22 1.324 1.782 1.879 1.574 1.541 
1.365 1.442 1.304 1.355 1.59 1.602 1.612 1.801 2.192 1.943 
2.37 3.279 3.447 4.121 3.915 3.136 2.979 2.892 2.972 3.34 
3.47 3.533 4.216 5.053 4.766 5.537 5.876 6.367 4.766 4.489 
4.866 4.454 3.634 3.895 4.161 4.103 3.746 4.014 4.386 4.878 
4.42 5.574 5.766 6.783 6.262 7.162 8.207 7.945 9.873 10.536 
12.101 14.53 15.0 15.0 15.0 15.0 15.0 15.0 15.0 15.0 
15.0 15.0 15.0 14.39 12.667 14.809 14.901 13.801 14.654 15.0 
15.0 15.0 15.0 15.0 15.0 15.0 15.0 13.043 12.079 11.299 
10.845 12.153 11.235 12.042 12.804 14.234 15.0 15.0 15.0 
END
