PFRMAT local QA
AUTHOR LAW-CASP14
af2-standard_T1105_3.pdb local_accuracy_only 7.755 4.324 2.881 3.568 2.254 0.944 1.348 0.738 0.874 0.593 0.616 
0.779 0.652 0.563 0.641 0.82 0.657 0.674 0.998 1.168 0.824 
0.913 0.699 0.586 0.681 0.625 0.854 0.997 1.333 0.99 0.847 
1.018 1.057 0.866 0.856 0.966 0.991 0.958 0.997 1.085 1.078 
1.091 1.055 1.086 0.976 1.025 1.253 1.123 1.221 1.091 1.063 
0.917 0.935 0.78 1.022 0.996 1.124 1.011 0.897 0.826 0.773 
0.733 0.702 0.692 0.681 0.69 0.701 0.701 0.687 0.786 0.844 
0.811 1.149 1.279 1.141 1.232 1.304 1.426 1.423 1.257 1.135 
1.085 0.976 1.334 1.106 2.156 1.965 1.673 1.263 1.0 1.026 
1.033 0.872 0.904 0.906 0.787 0.754 0.776 0.776 0.701 0.744 
0.77 0.795 0.78 0.905 0.943 0.991 0.919 0.839 0.726 0.768 
0.804 0.818 0.905 0.822 0.826 0.881 0.926 0.942 1.161 1.144 
1.254 1.144 1.037 1.103 1.189 0.891 0.903 1.032 1.13 1.188 
1.23 1.138 1.107 1.069 1.19 1.09 1.192 1.232 0.988 1.044 
1.105 1.009 0.857 0.928 0.998 0.851 0.858 0.929 0.936 0.877 
0.978 1.066 1.026 0.934 1.106 0.965 0.855 0.765 0.837 0.895 
0.766 0.826 0.863 0.809 0.76 0.852 0.994 0.851 0.767 0.783 
0.711 0.701 0.637 0.723 0.717 0.71 0.823 0.919 0.901 0.979 
1.157 1.504 0.849 1.079 0.825 0.89 0.834 1.42 0.94 2.275 
2.156 1.596 1.095 0.699 0.741 0.557 0.668 0.645 0.717 0.662 
0.641 0.67 0.653 0.663 0.724 0.734 0.807 0.988 1.035 0.983 
1.255 1.322 1.35 1.61 1.817 1.308 1.383 1.81 1.42 1.325 
1.061 0.961 0.929 0.918 0.775 0.692 0.642 0.631 0.532 0.625 
0.664 0.696 0.67 0.557 0.72 0.768 0.661 0.679 0.782 0.768 
0.792 0.724 0.637 0.669 0.678 0.803 0.908 0.899 0.767 0.861 
0.949 0.882 0.882 0.918 0.903 0.909 0.828 0.958 0.62 0.69 
0.755 0.701 0.561 0.563 0.503 0.529 0.509 0.481 0.463 0.484 
0.497 0.505 0.526 0.533 0.581 0.593 0.632 0.655 0.696 0.72 
0.738 0.808 0.857 0.879 0.936 1.081 1.005 1.096 1.03 1.027 
0.81 0.811 0.707 0.696 0.72 0.7 0.657 0.762 0.84 0.772 
0.836 1.023 1.08 0.963 1.347 1.541 1.615 2.286 2.312 2.07 
1.54 1.002 0.953 0.838 1.048 1.006 4.146 3.94 5.686 4.749 
1.757 5.983 7.068 6.594 8.092 9.946 12.925 15.0 15.0 15.0 

END
