PFRMAT local QA
AUTHOR MASS-CASP14
af2-standard_T1105_3.pdb local_accuracy_only 5.296 3.119 2.455 2.622 2.421 1.623 1.819 1.669 1.427 1.157 1.159 
1.239 1.092 1.044 1.099 1.295 1.312 1.505 1.949 2.049 1.963 
1.783 1.321 1.066 1.0 0.882 0.947 1.126 1.255 1.063 0.022 
0.0 0.0 0.0 0.0 0.084 1.079 1.034 1.236 1.58 1.572 
1.495 1.338 1.492 1.549 1.559 1.604 1.447 1.763 1.987 1.794 
1.489 1.45 1.482 1.787 2.111 2.3 2.039 1.902 1.536 1.226 
1.393 1.338 1.214 1.08 1.07 1.146 1.233 1.218 1.222 1.438 
1.287 1.46 1.534 1.876 2.072 2.696 3.352 2.988 1.916 1.543 
1.487 1.634 1.725 1.956 2.547 2.862 2.234 1.794 1.506 1.694 
1.54 1.187 1.236 1.087 0.996 1.113 1.16 1.086 0.995 1.077 
1.17 1.254 1.18 1.558 1.652 1.666 1.219 1.134 1.06 1.292 
1.191 1.177 1.195 1.046 0.979 1.207 1.309 1.032 1.152 1.299 
1.471 1.178 0.849 1.125 0.688 0.956 0.963 1.231 1.669 1.729 
2.079 1.758 1.418 1.67 1.604 1.52 1.529 1.378 1.305 1.198 
1.333 1.15 0.926 1.147 1.249 1.138 1.227 1.278 1.055 1.075 
1.526 1.837 1.648 1.602 1.606 1.559 1.432 1.315 1.573 1.469 
1.321 1.265 1.526 1.645 1.639 1.947 1.736 1.485 1.342 1.368 
1.407 1.169 1.17 1.375 1.284 1.131 1.331 1.335 1.321 1.204 
1.359 1.475 1.318 1.67 1.695 1.724 1.973 2.348 2.565 3.047 
3.369 2.156 1.504 1.255 1.167 1.166 1.149 1.162 1.185 1.216 
1.167 1.208 1.159 1.283 1.449 1.571 1.419 1.477 1.869 2.031 
1.979 2.149 2.443 2.755 3.047 2.731 3.657 3.595 2.878 3.42 
2.658 2.201 2.421 1.994 1.481 1.469 1.58 1.521 1.53 1.475 
1.515 1.491 1.338 1.195 1.268 1.132 1.282 1.433 1.729 1.699 
1.666 1.334 1.211 1.176 1.203 1.33 1.549 1.592 1.369 1.363 
1.695 1.558 1.474 1.651 1.811 1.725 1.887 1.599 1.306 1.579 
1.662 1.294 1.074 1.131 1.173 1.017 0.929 0.938 0.017 0.0 
0.0 0.0 0.0 0.0 0.0 0.0 0.0 0.0 0.802 1.287 
1.588 1.597 1.443 1.303 1.536 1.866 1.955 2.114 1.894 1.717 
1.577 1.34 1.179 1.176 1.104 0.969 1.215 1.221 1.27 1.28 
1.397 1.863 2.167 2.517 2.177 2.521 2.648 3.202 3.829 4.131 
4.008 3.702 3.914 3.299 3.769 3.361 3.146 2.973 2.693 2.224 
2.496 2.388 2.644 3.673 4.711 6.157 8.611 9.706 12.568 13.189 

END
