PFRMAT local QA
AUTHOR MASS-CASP14
af2-standard_T1153_3.pdb local_accuracy_only 11.507 13.758 13.563 14.896 13.136 14.263 11.112 14.073 9.335 8.358 7.753 
6.249 4.966 2.724 1.897 1.422 1.217 1.07 0.983 0.993 0.902 
0.901 1.142 1.197 1.798 2.598 3.069 3.929 4.147 5.228 4.98 
4.81 5.214 3.877 2.919 2.517 1.836 1.921 2.074 1.833 1.721 
1.677 1.738 1.621 1.631 1.777 2.269 2.501 2.503 1.804 1.503 
1.205 1.086 0.929 0.899 1.009 1.091 1.094 1.293 1.53 1.779 
2.031 1.913 1.622 2.021 1.837 1.574 1.547 1.637 1.699 1.528 
1.808 2.112 2.162 2.215 2.07 2.162 2.188 1.971 1.954 2.097 
1.913 2.526 2.997 2.994 2.341 2.191 1.708 1.384 1.387 1.356 
1.241 1.194 1.593 2.151 2.447 2.759 3.246 3.76 4.363 5.035 
5.927 5.57 4.469 2.876 1.7 1.247 1.105 0.985 0.936 0.846 
0.902 1.17 1.448 1.845 1.93 1.915 1.643 1.564 1.497 1.749 
1.832 1.958 2.051 2.298 2.9 3.941 5.678 6.887 9.627 12.004 
15.0 15.0 15.0 13.97 11.833 9.506 6.327 4.051 2.563 1.866 
1.271 1.142 1.111 1.077 1.035 0.941 1.037 1.083 1.544 1.835 
1.542 1.601 1.191 0.955 0.298 0.347 0.401 0.894 1.124 1.187 
1.366 1.839 2.307 3.277 4.541 5.719 6.768 7.823 9.846 10.476 
10.971 9.833 9.82 8.403 7.27 5.577 4.344 4.019 3.336 2.579 
2.459 2.734 2.492 1.904 1.957 2.037 1.76 1.57 1.93 2.021 
2.103 2.012 2.516 3.215 2.976 2.602 1.564 0.025 0.0 0.0 
0.0 0.0 0.011 1.142 1.286 1.608 2.116 2.499 2.923 2.823 
2.787 2.597 1.924 2.177 1.95 1.725 2.083 2.377 2.576 2.244 
2.003 2.038 2.143 2.05 2.093 2.549 3.624 3.932 4.057 3.238 
2.991 3.364 3.439 3.467 3.747 4.646 3.97 4.538 4.16 4.28 
3.333 2.59 1.942 1.909 1.803 1.471 1.426 1.28 1.535 2.003 
2.682 3.161 2.993 3.63 4.051 3.813 3.437 3.754 3.873 3.111 
2.498 2.278 2.009 2.049 2.188 2.38 2.243 1.779 2.096 2.129 
2.359 2.643 2.494 3.177 4.068 4.525 4.464 3.503 2.932 2.714 
2.556 2.149 2.209 2.026 1.919 1.447 1.251 1.084 1.0 0.866 
1.207 1.111 1.11 1.385 1.704 2.356 3.279 4.524 
END
