PFRMAT local QA
AUTHOR LAW-CASP14
af2-standard_T1153_3.pdb local_accuracy_only 13.617 13.436 15.0 15.0 15.0 15.0 15.0 10.277 6.983 4.176 2.529 
3.759 3.355 1.938 1.598 1.206 0.963 0.847 0.767 0.74 0.675 
0.668 0.693 0.829 0.941 1.857 2.51 3.443 4.653 6.292 6.367 
5.435 7.364 7.975 7.624 6.432 5.236 3.508 4.704 3.296 2.498 
2.311 2.691 1.755 1.45 1.822 2.028 1.441 1.298 0.931 0.888 
0.77 0.711 0.664 0.66 0.666 0.907 0.975 1.766 1.879 1.371 
1.891 1.939 1.149 1.518 1.775 1.675 1.185 1.634 2.039 1.597 
1.659 2.723 3.389 4.484 5.083 5.311 6.113 4.594 5.637 6.15 
4.063 5.311 3.052 2.733 1.995 1.307 1.279 1.037 0.94 0.992 
0.974 1.005 1.237 1.448 2.126 1.733 1.861 1.777 2.752 3.078 
4.856 4.229 3.503 2.801 1.307 1.137 0.844 0.796 0.796 0.81 
0.858 0.958 1.038 1.148 1.1 1.157 1.111 1.2 1.498 1.551 
1.647 1.561 1.544 2.041 2.053 3.742 4.44 9.275 11.831 14.196 
15.0 15.0 15.0 15.0 11.537 10.03 3.794 3.345 1.557 2.178 
1.028 0.948 0.95 0.933 1.087 0.993 1.193 1.134 1.368 1.567 
1.226 1.123 0.805 0.856 0.679 0.688 0.668 0.769 0.945 1.015 
1.113 1.605 1.765 1.843 2.464 3.705 5.82 7.364 8.623 10.486 
11.017 12.244 9.333 9.182 7.598 6.668 5.462 5.481 4.718 3.287 
3.977 4.089 4.087 3.337 3.737 3.7 3.358 3.031 3.059 2.994 
2.484 1.899 2.706 2.488 1.583 1.839 1.013 0.815 0.655 0.609 
0.612 0.627 0.704 0.864 1.041 1.104 1.483 1.57 2.579 2.041 
2.913 2.838 2.132 2.166 2.316 1.717 1.755 1.957 1.976 1.763 
1.293 1.216 1.076 1.081 1.435 2.317 2.776 2.974 2.243 1.371 
0.932 0.979 1.05 1.515 2.28 1.8 1.311 1.246 1.065 1.061 
1.089 1.12 1.311 0.975 0.782 0.767 0.678 0.799 0.854 1.233 
1.658 2.246 1.404 1.766 2.212 1.734 1.898 2.627 2.979 2.073 
1.403 1.12 0.94 0.96 1.074 3.298 3.911 1.875 4.292 4.509 
9.293 9.9 7.6 11.421 8.782 13.445 13.489 11.843 11.712 8.57 
5.763 2.558 2.603 0.947 1.018 0.778 0.786 0.731 0.739 0.813 
0.834 1.004 1.06 1.257 1.284 1.906 1.999 2.541 
END
