PFRMAT local QA
AUTHOR LAW-CASP14
af2-standard_T1165_3.pdb local_accuracy_only 14.767 14.993 15.0 15.0 15.0 15.0 15.0 15.0 15.0 15.0 15.0 
15.0 15.0 14.285 12.689 10.941 11.326 9.855 6.385 4.433 2.791 
2.275 1.77 1.842 1.738 1.41 1.483 1.451 1.385 1.412 1.385 
1.351 1.315 1.22 1.164 1.304 1.27 1.124 1.321 1.504 1.608 
1.833 2.218 1.751 2.093 1.842 1.496 1.222 1.221 1.196 1.086 
1.381 1.664 1.449 1.538 1.627 1.349 1.362 1.426 1.365 1.154 
1.213 1.232 1.092 0.986 1.028 1.051 0.982 0.916 1.001 1.037 
0.912 1.153 0.839 1.186 1.867 3.816 5.373 7.014 6.188 4.149 
3.182 1.807 1.181 1.117 0.75 0.835 0.797 0.835 1.033 1.017 
1.074 0.957 0.904 0.961 0.962 0.805 0.887 1.001 0.907 0.767 
1.011 0.942 0.844 0.925 0.999 0.888 0.867 0.984 1.09 0.998 
1.081 1.35 1.151 2.396 2.019 1.845 2.358 1.547 1.486 1.326 
0.982 0.8 0.832 0.788 0.623 0.572 0.619 0.596 0.614 0.643 
0.652 0.797 0.634 0.562 0.65 0.743 0.562 0.521 0.676 0.642 
0.605 0.598 0.808 0.766 0.842 0.894 0.999 1.429 1.233 1.336 
1.596 2.344 2.883 4.219 4.341 6.074 6.281 5.793 4.036 2.582 
1.872 3.729 1.906 1.823 1.483 1.226 1.045 1.143 0.947 0.715 
0.698 0.872 0.654 0.59 0.814 0.799 0.8 1.221 1.379 1.837 
2.059 3.336 2.597 4.194 3.817 3.774 3.463 2.912 1.649 1.468 
1.257 1.044 1.392 1.229 1.147 1.452 1.733 1.974 1.647 1.785 
1.256 1.19 1.12 1.07 0.826 0.833 1.279 1.011 1.886 1.252 
2.512 2.049 3.607 4.38 7.555 10.266 13.197 15.0 15.0 15.0 
15.0 15.0 15.0 15.0 15.0 15.0 15.0 15.0 15.0 15.0 
15.0 12.326 8.103 5.323 3.446 2.923 2.357 1.93 1.882 1.753 
1.943 1.795 2.761 2.402 1.257 1.63 2.314 1.517 1.298 0.833 
0.939 1.107 0.981 0.808 0.953 1.085 0.847 0.833 1.017 1.013 
0.87 0.813 0.937 0.803 0.761 0.699 0.653 0.725 0.658 0.595 
0.633 0.66 0.601 0.562 0.606 0.636 0.651 0.638 0.666 0.786 
0.845 1.187 1.752 2.04 1.933 1.033 1.361 1.498 1.017 0.781 
0.898 0.894 0.688 0.659 0.661 0.546 0.57 0.484 0.528 0.505 
0.491 0.524 0.6 0.612 0.669 0.778 0.883 0.911 1.052 1.091 
1.23 1.155 0.949 1.081 1.147 1.066 0.86 1.093 1.095 1.078 
1.122 1.124 1.223 1.048 0.865 0.956 1.011 0.633 0.734 0.876 
0.723 0.672 1.11 1.433 1.741 1.861 1.967 1.663 1.063 0.99 
0.958 0.909 0.765 0.723 0.783 0.632 0.546 0.564 0.607 0.501 
0.514 0.627 0.597 0.584 0.641 0.806 0.893 0.832 0.983 0.801 
0.8 0.882 0.825 0.686 0.788 0.874 0.809 0.74 0.954 0.853 
1.212 1.275 1.095 1.086 0.92 0.926 0.773 0.841 0.918 0.942 
0.826 0.928 1.029 0.975 1.078 1.148 1.436 1.411 1.508 1.634 
1.962 2.099 2.856 2.358 1.764 1.258 1.113 1.028 0.831 0.918 
0.923 0.804 0.711 0.795 0.839 0.641 0.804 0.983 0.851 0.848 
1.18 1.237 1.166 1.702 1.98 1.196 1.393 1.819 1.691 1.227 
1.286 1.536 1.185 1.05 0.949 0.949 1.004 0.91 0.853 0.986 
1.053 0.979 0.996 1.278 1.387 1.742 2.115 1.825 1.835 1.272 
1.234 1.108 1.054 1.013 1.02 0.965 0.895 0.914 1.024 0.958 
0.962 1.066 1.335 1.2 1.349 1.501 1.691 1.805 1.754 1.539 
1.464 1.548 1.379 1.126 1.159 1.317 1.205 1.299 1.102 1.062 
1.297 1.161 1.018 1.095 1.163 1.097 0.973 1.09 1.049 0.939 
0.943 1.038 1.1 1.141 1.162 1.263 1.59 1.54 2.661 2.755 
2.019 2.703 2.253 2.977 3.8 6.215 5.381 6.423 3.051 1.993 
1.568 1.638 1.346 1.781 1.459 1.341 1.171 1.122 1.1 1.016 
0.926 0.964 0.922 0.874 0.833 0.904 0.866 0.842 0.933 1.059 
1.117 1.129 1.438 1.506 1.743 1.976 2.025 2.46 2.287 1.898 
1.656 2.106 1.497 1.472 1.709 1.594 1.481 1.266 1.689 1.645 
1.083 1.05 1.177 1.024 0.905 0.954 1.038 1.114 1.132 1.542 
1.258 1.15 1.351 1.256 1.141 0.995 0.98 1.027 0.932 0.851 
0.814 0.885 0.834 0.846 0.837 0.986 0.973 0.965 0.987 1.265 
1.214 1.162 1.312 1.35 1.483 2.464 3.493 3.313 3.627 4.085 
3.656 3.862 2.867 3.058 3.281 2.817 2.977 2.434 2.8 2.434 
2.22 2.066 2.024 1.791 1.569 1.385 1.267 1.27 1.226 1.205 
1.114 1.121 1.101 0.988 0.955 0.939 0.976 0.803 0.856 0.95 
0.823 0.868 0.849 0.97 0.982 1.042 1.065 0.968 0.911 1.114 
1.152 1.084 1.183 1.392 1.607 1.582 1.557 1.251 1.379 1.605 
1.285 1.239 1.367 1.273 1.112 1.267 1.261 1.174 1.265 1.249 
1.103 1.219 1.328 1.364 1.368 2.011 2.313 1.989 1.423 1.13 
0.932 1.042 0.883 0.789 0.844 0.863 0.766 0.805 0.833 0.864 
0.826 0.901 0.959 0.886 0.987 0.977 0.872 0.896 1.026 1.029 
0.935 1.103 1.096 1.106 1.017 1.177 1.105 1.226 1.167 1.332 
1.368 1.354 1.542 1.74 1.698 1.662 1.805 2.243 3.163 3.365 
2.385 2.13 1.187 1.176 1.527 1.793 2.311 2.158 1.985 1.7 
1.215 0.994 0.865 0.947 1.031 1.084 1.074 1.384 1.246 3.023 
6.392 6.667 7.35 8.02 10.186 14.182 15.0 15.0 14.395 11.025 
7.371 3.01 1.231 2.068 2.116 1.817 1.408 1.354 1.344 1.205 
1.025 0.931 0.934 0.941 0.845 0.805 0.829 0.789 0.748 0.803 
0.868 0.782 0.874 0.999 1.04 1.502 1.436 1.103 1.225 1.942 
1.811 1.633 2.16 2.238 1.837 1.636 1.922 1.393 1.499 1.424 
1.271 1.127 1.314 1.232 1.07 0.866 1.098 1.08 0.958 0.835 
0.975 0.824 1.055 0.853 0.875 1.031 0.951 0.988 0.91 0.889 
0.949 0.867 0.831 0.852 0.962 0.846 0.95 1.0 1.057 1.172 
1.198 1.314 1.371 1.536 1.611 1.366 1.37 1.072 1.059 1.082 
1.079 0.833 0.857 0.869 0.826 0.666 0.784 0.852 0.804 0.771 
0.922 1.191 1.009 1.351 1.564 1.119 0.929 1.473 1.316 1.537 
1.123 1.375 1.251 0.966 1.037 1.0 1.066 1.245 1.426 1.888 
2.55 2.424 2.016 1.605 1.36 1.182 1.05 0.918 0.751 0.804 
0.759 0.637 0.666 0.674 0.567 0.591 0.619 0.619 0.582 0.682 
0.722 0.807 0.837 0.942 1.096 1.064 1.143 1.452 2.024 2.728 
2.708 2.125 2.61 2.54 2.022 1.613 1.895 1.909 1.462 1.517 
1.817 1.576 1.259 1.405 1.537 1.408 1.298 1.109 1.023 0.908 
0.721 0.737 0.747 0.707 0.602 0.607 0.698 0.55 0.57 0.559 
0.609 0.528 0.599 0.64 0.614 0.622 0.688 0.749 0.773 0.8 
0.816 0.942 1.011 1.184 1.332 1.512 1.269 1.278 1.449 1.477 
0.994 1.102 0.98 1.939 3.197 3.498 5.239 6.358 6.477 4.795 
4.859 2.351 1.58 1.137 0.974 1.48 1.724 2.994 3.913 4.103 
7.029 5.776 8.42 15.0 15.0 15.0 13.948 10.554 9.535 7.088 
3.254 1.48 1.96 1.423 1.05 0.84 0.953 0.864 0.734 0.729 
0.782 0.662 0.609 0.67 0.719 0.597 0.58 0.645 0.719 0.559 
0.638 0.741 0.664 0.661 0.78 0.873 0.904 1.003 1.231 1.287 
1.459 1.494 1.883 2.524 5.344 4.779 4.66 9.079 9.884 8.593 
9.319 6.833 4.697 3.34 3.302 3.06 2.889 2.957 2.306 2.916 
2.622 2.32 1.667 1.966 1.813 1.178 1.148 1.331 1.17 0.835 
0.976 1.167 1.052 0.845 1.123 1.28 1.264 1.475 2.036 1.897 
2.397 2.419 1.732 1.706 1.395 0.998 1.391 1.453 1.091 1.173 
1.508 1.314 1.126 1.453 1.638 1.441 1.252 2.021 2.541 4.266 
5.457 7.95 11.546 9.979 8.85 6.38 10.549 9.126 5.859 4.467 
3.54 3.37 3.615 5.585 2.615 3.475 3.448 2.19 1.615 1.844 
2.128 1.55 1.488 1.45 1.406 1.546 1.415 1.443 1.371 1.491 
1.465 1.616 1.558 1.612 1.571 1.631 1.807 1.935 2.031 2.304 
2.223 2.625 3.441 3.977 4.22 6.378 6.049 4.274 5.103 7.769 
6.996 7.352 6.559 2.894 3.495 2.918 3.19 2.883 2.786 3.151 
2.406 2.034 2.269 2.216 1.911 2.049 2.377 1.874 1.897 1.868 
1.984 1.972 2.051 1.809 2.224 2.16 1.824 2.351 2.893 2.972 
2.966 3.028 3.511 3.478 4.192 3.57 3.988 3.763 3.653 4.196 
3.283 3.337 3.215 3.228 3.397 3.427 3.8 5.401 3.865 3.235 
3.826 3.176 2.975 3.652 2.983 2.442 2.494 2.407 2.06 1.769 
1.773 1.609 1.457 1.49 1.598 1.434 1.403 1.527 1.477 1.61 
1.867 1.886 2.03 2.598 2.596 3.036 2.641 3.482 5.185 5.747 
4.843 4.983 4.269 3.125 3.631 2.842 2.52 2.188 2.017 1.683 
1.883 1.635 1.482 1.55 1.532 1.48 1.466 1.64 1.531 1.557 
1.861 3.677 6.234 8.627 7.231 11.541 9.034 8.097 9.587 9.384 
10.926 10.314 8.593 5.316 3.481 5.518 6.994 4.664 3.711 3.604 
4.725 8.124 7.332 7.315 6.063 6.471 8.456 7.608 8.604 11.439 
10.078 10.975 8.828 8.431 6.738 4.484 3.929 3.741 4.061 3.788 
3.514 3.435 3.09 2.54 2.673 3.054 3.8 2.885 3.237 7.902 
9.276 6.979 9.002 8.251 9.86 9.096 8.614 7.782 7.824 8.231 
8.871 10.015 8.234 9.704 11.141 9.615 9.612 9.598 9.997 9.269 
10.798 10.638 9.219 9.311 11.014 11.348 7.367 10.252 9.68 12.736 
12.131 11.775 12.111 9.645 9.139 8.332 8.001 8.113 4.329 3.251 
2.931 3.485 3.582 3.23 2.443 3.114 3.311 2.632 2.605 3.263 
3.237 2.891 3.183 3.677 3.616 3.199 3.168 2.697 3.48 3.062 
2.454 2.283 2.347 2.24 1.565 1.584 1.828 1.392 1.336 1.37 
1.269 1.16 1.146 1.249 1.195 1.112 1.294 1.332 1.274 1.28 
1.578 1.483 1.932 2.153 2.022 2.425 2.9 3.007 2.514 2.117 
1.642 1.73 1.512 1.186 1.253 1.194 1.007 1.017 1.108 1.138 
1.036 1.15 1.279 1.367 1.803 1.685 1.899 1.476 1.281 1.219 
1.163 1.145 0.998 1.077 0.935 0.911 0.915 0.939 0.875 0.892 
0.963 0.953 0.893 1.012 1.08 1.239 1.476 1.238 1.286 1.665 
1.582 1.355 1.467 1.312 1.181 1.112 1.216 1.218 1.101 1.089 
1.228 1.245 1.125 1.201 1.346 1.332 1.184 1.297 1.215 1.243 
1.167 1.082 1.105 1.082 1.051 1.037 0.93 0.824 0.904 0.836 
0.709 0.782 0.787 0.753 0.701 0.808 0.812 0.781 0.833 0.945 
0.97 0.891 1.021 1.005 1.378 1.634 2.657 3.822 5.805 8.192 
10.974 11.231 7.895 8.714 6.726 4.898 10.216 10.918 13.244 8.447 
5.872 2.769 2.463 2.158 1.422 1.439 1.192 1.14 1.201 1.226 
1.217 1.146 1.09 1.105 1.093 1.022 0.939 1.103 1.088 1.009 
1.066 1.265 1.241 1.517 1.346 1.071 1.068 0.975 0.824 0.809 
0.837 0.744 0.662 0.695 0.66 0.565 0.591 0.578 0.579 0.57 
0.623 0.66 0.71 0.78 0.934 0.952 1.08 0.92 0.865 1.008 
1.114 0.873 1.042 1.295 1.194 1.236 1.141 0.96 1.192 1.065 
0.833 0.895 1.059 0.953 0.916 1.008 1.147 1.127 1.055 1.318 
1.261 1.365 1.13 1.021 0.999 0.865 0.716 0.725 0.689 0.597 
0.578 0.594 0.587 0.566 0.626 0.63 0.666 0.72 0.74 0.79 
0.885 1.003 0.984 0.866 0.771 0.756 0.81 0.686 0.596 0.654 
0.828 0.709 0.689 0.901 0.978 0.981 1.142 1.504 1.756 2.689 
3.577 4.604 4.459 4.15 6.108 2.781 1.62 1.604 1.25 1.026 
1.052 0.907 0.995 0.921 0.869 0.856 0.985 0.881 0.756 0.867 
0.707 0.664 0.718 0.774 0.702 0.75 0.748 0.775 0.672 0.636 
0.657 0.666 0.589 0.616 0.676 0.693 0.815 0.801 0.917 1.111 
1.268 1.634 2.197 2.924 4.28 4.355 3.761 3.892 2.275 2.334 
1.864 1.273 1.261 1.069 1.192 1.21 1.286 2.232 7.253 11.744 
15.0 15.0 15.0 15.0 15.0 15.0 15.0 15.0 15.0 15.0 
15.0 12.392 15.0 12.451 8.599 4.082 3.993 2.429 1.226 1.234 
0.93 0.891 0.959 1.065 0.778 0.881 1.009 0.964 0.82 1.092 
1.227 1.053 1.259 1.526 1.495 1.754 1.231 1.435 2.036 2.909 
5.325 9.173 12.795 15.0 15.0 15.0 15.0 15.0 15.0 15.0 
15.0 15.0 11.678 8.73 5.985 2.437 1.25 1.353 1.412 1.222 
1.053 1.031 0.962 0.871 0.763 0.737 0.713 0.681 0.635 0.696 
0.737 0.641 0.711 0.785 0.906 0.737 0.822 1.038 0.902 0.861 
0.984 1.006 0.798 0.922 1.056 1.081 0.948 1.045 1.324 1.122 
1.492 1.676 2.282 2.02 3.362 6.164 7.763 8.88 6.807 4.089 
1.936 1.336 1.231 1.151 1.174 1.006 1.029 1.174 1.088 1.05 
1.121 1.214 1.218 1.109 1.247 1.568 2.105 3.397 4.347 4.574 
5.503 4.823 3.66 3.079 2.637 2.015 1.96 1.96 1.458 1.198 
1.229 1.191 1.07 0.891 1.043 1.047 0.873 0.951 1.043 1.061 
0.907 1.037 1.105 1.016 0.967 1.02 1.307 1.434 1.222 1.091 
1.062 0.983 2.524 2.42 5.43 7.646 8.225 8.78 7.177 5.823 
6.305 3.169 2.2 1.807 1.479 1.214 1.254 1.109 0.933 0.928 
0.954 0.958 0.906 0.883 0.989 1.008 0.976 0.927 1.087 1.06 
1.068 1.312 1.565 1.711 1.802 2.403 2.836 5.049 4.961 6.011 
4.509 4.615 4.077 2.962 1.775 2.001 1.594 1.367 1.331 1.389 
1.349 1.425 1.496 1.542 1.625 1.737 2.136 1.937 1.932 2.989 
4.049 6.464 7.623 7.837 5.139 4.823 6.881 7.031 4.328 7.018 
7.037 10.227 10.497 9.875 8.73 10.421 9.475 6.271 4.988 4.883 
2.896 1.951 1.6 1.376 1.042 0.983 0.935 0.977 0.975 0.951 
0.857 0.825 0.847 0.899 0.807 0.736 0.84 0.984 0.747 0.829 
1.121 1.048 1.11 1.036 1.158 1.142 1.183 1.368 1.107 1.081 
1.179 1.174 0.937 1.165 1.208 1.14 1.124 1.28 1.278 1.049 
1.103 1.354 1.326 1.131 1.391 2.061 1.724 2.086 3.157 3.566 
6.302 7.682 8.094 10.61 13.909 15.0 15.0 15.0 15.0 15.0 
15.0 15.0 15.0 15.0 15.0 15.0 15.0 15.0 15.0 15.0 
15.0 15.0 15.0 15.0 15.0 13.508 11.936 8.152 8.391 4.649 
3.08 3.918 2.233 2.568 1.791 3.545 3.417 3.477 5.864 6.453 
6.001 7.436 8.403 9.436 13.657 13.751 13.881 12.856 11.482 12.594 
12.462 9.851 9.274 11.539 15.0 15.0 15.0 15.0 15.0 15.0 
15.0 15.0 15.0 15.0 15.0 15.0 15.0 15.0 14.808 13.577 
11.618 10.066 10.13 10.746 7.839 7.492 7.271 5.895 4.63 2.664 
1.967 1.29 0.982 1.076 1.063 0.955 0.924 0.722 0.651 0.683 
0.633 0.638 0.666 0.713 0.68 0.718 1.034 0.953 0.938 1.089 
1.586 1.51 1.757 1.996 1.367 1.123 1.345 1.429 1.004 1.03 
1.294 1.25 0.798 0.992 1.323 1.067 0.939 1.25 1.52 1.43 
1.328 1.8 2.204 2.796 2.814 6.123 7.503 11.013 14.062 15.0 
15.0 15.0 15.0 15.0 15.0 15.0 15.0 15.0 15.0 15.0 
15.0 15.0 15.0 15.0 15.0 15.0 15.0 15.0 15.0 15.0 
15.0 15.0 15.0 15.0 15.0 15.0 15.0 15.0 15.0 15.0 
15.0 15.0 15.0 15.0 15.0 15.0 15.0 15.0 15.0 12.773 
10.028 9.073 6.005 4.287 3.425 2.392 1.548 1.48 1.47 1.469 
1.574 1.562 1.908 1.904 1.622 1.455 1.226 1.31 1.547 1.97 
2.281 2.0 2.173 2.411 2.234 1.621 2.212 1.853 1.833 1.91 
2.203 1.902 1.764 1.779 2.239 2.431 2.338 2.33 2.765 2.855 
3.33 4.825 6.294 5.108 5.55 8.489 9.149 10.101 12.861 15.0 
15.0 15.0 15.0 15.0 15.0 15.0 15.0 15.0 15.0 15.0 
15.0 15.0 15.0 13.612 14.741 13.885 15.0 15.0 14.556 14.015 
14.628 14.876 15.0 15.0 15.0 15.0 15.0 15.0 15.0 15.0 
15.0 15.0 15.0 15.0 15.0 15.0 15.0 15.0 15.0 15.0 
15.0 15.0 15.0 15.0 15.0 15.0 15.0 12.982 14.588 11.522 
12.734 15.0 14.729 11.84 15.0 15.0 13.523 15.0 15.0 15.0 
15.0 15.0 15.0 15.0 15.0 15.0 15.0 15.0 15.0 15.0 
15.0 15.0 15.0 15.0 15.0 15.0 15.0 15.0 15.0 15.0 
15.0 15.0 15.0 15.0 15.0 15.0 15.0 11.664 7.834 4.498 
3.42 1.891 1.5 1.074 0.955 0.801 0.848 0.741 0.836 0.722 
0.637 0.631 0.638 0.545 0.521 0.581 0.553 0.602 0.638 0.784 
0.881 1.275 1.519 1.83 2.239 1.822 1.524 1.663 1.361 1.137 
1.024 1.053 0.971 0.792 0.939 0.901 0.865 0.755 0.885 0.982 
0.919 0.961 0.824 0.777 0.811 0.779 0.695 0.729 0.886 0.73 
0.694 0.788 0.905 0.758 0.777 0.954 0.886 0.832 0.926 1.019 
0.897 0.834 0.725 0.773 0.734 0.727 0.683 0.708 0.641 0.83 
0.787 0.664 0.751 1.13 1.019 0.848 1.104 1.449 2.068 2.19 
3.692 3.409 3.322 3.081 1.915 1.438 1.277 1.048 1.043 1.251 
1.076 0.895 0.866 0.883 1.055 0.908 0.76 0.766 0.798 0.782 
0.662 0.68 0.738 0.717 0.668 0.753 0.9 0.811 0.883 1.113 
1.182 1.07 1.157 1.019 0.838 0.969 1.07 0.893 0.85 1.148 
1.223 1.258 1.212 1.449 1.927 1.435 2.185 2.364 3.517 5.63 
9.331 12.998 14.797 15.0 15.0 15.0 15.0 15.0 14.392 13.026 
3.543 2.154 2.06 1.38 1.48 1.217 1.061 0.953 0.91 1.069 
0.982 0.92 1.011 1.098 0.974 1.112 1.17 1.297 1.374 1.565 
1.157 1.251 1.456 1.44 1.351 1.154 0.883 0.969 0.955 0.795 
0.752 0.855 0.942 0.821 0.897 1.058 1.233 1.077 1.458 1.988 
3.899 8.06 7.119 9.068 10.699 9.533 11.777 15.0 15.0 15.0 
15.0 15.0 15.0 15.0 15.0 15.0 15.0 15.0 12.09 6.814 
8.381 2.235 4.459 2.184 2.019 1.494 1.388 1.351 1.074 1.052 
1.056 0.886 0.89 1.055 0.843 0.756 0.912 1.096 1.463 1.397 
1.02 1.498 1.194 1.12 0.994 0.869 1.023 0.965 0.83 0.851 
0.992 0.915 0.821 0.999 1.16 1.113 1.161 1.515 1.671 1.713 
1.517 1.347 1.181 1.182 1.165 0.954 1.048 1.125 1.093 0.926 
1.055 1.18 1.022 0.843 1.171 1.187 0.937 1.043 1.308 1.198 
1.082 1.251 1.404 1.339 1.218 1.469 1.733 1.881 1.594 2.368 
2.671 2.413 2.469 3.098 6.74 9.843 10.913 9.548 13.174 12.567 
10.474 12.904 11.751 10.451 9.201 8.714 5.463 3.48 2.02 3.4 
2.842 1.869 1.073 1.222 0.959 0.785 0.787 0.669 0.632 0.636 
0.618 0.648 0.63 0.717 0.741 0.812 0.805 0.936 0.955 1.167 
1.576 1.657 4.874 7.257 9.261 8.207 7.001 6.335 5.352 3.285 
3.318 2.91 2.369 1.6 1.837 1.582 1.326 1.237 1.448 1.284 
1.125 1.415 1.293 2.0 1.416 1.14 1.129 1.257 1.074 0.949 
1.019 1.096 1.118 1.05 1.195 1.367 1.409 1.533 1.551 1.857 
2.16 3.825 2.618 2.355 2.919 2.772 1.691 2.146 1.869 1.1 
1.137 0.887 0.754 0.893 0.961 0.707 0.836 1.052 0.853 0.892 
1.293 1.489 2.416 2.755 4.833 4.593 8.336 8.147 10.828 13.133 
14.07 14.981 15.0 15.0 15.0 15.0 15.0 15.0 15.0 15.0 
14.991 12.228 6.529 5.903 4.277 4.468 3.677 2.527 1.851 2.247 
2.388 2.059 1.706 2.04 1.929 1.898 1.874 2.067 1.967 1.961 
1.806 1.947 1.954 1.964 1.812 2.159 1.964 1.861 1.857 2.323 
2.404 1.998 2.472 2.084 2.387 2.683 2.684 1.949 1.69 1.97 
1.487 1.417 1.426 1.537 1.36 1.288 1.279 1.372 1.086 0.991 
0.7 0.925 1.118 0.83 0.892 1.005 1.021 0.921 1.084 1.228 
1.163 1.118 1.619 1.745 2.54 3.237 3.936 3.098 1.614 1.265 
1.131 0.947 1.0 0.83 0.965 0.825 1.014 0.933 1.01 0.903 
0.774 0.751 0.867 0.872 0.827 0.793 1.136 1.062 1.162 1.089 
1.684 1.422 1.59 1.13 1.232 1.216 1.076 0.949 1.172 1.036 
1.009 0.862 0.928 0.785 1.118 1.169 1.284 2.093 2.159 2.244 
1.46 1.166 0.983 0.987 0.956 0.97 0.9 0.823 0.812 0.795 
0.699 0.623 0.749 0.718 0.671 0.693 0.818 0.76 0.706 0.822 
0.941 0.987 1.216 1.001 0.92 0.759 0.786 0.786 0.843 0.818 
0.965 1.015 0.918 1.028 0.862 0.718 0.729 0.663 0.736 0.778 
0.938 0.961 0.822 1.016 0.994 0.905 0.933 0.838 0.702 0.682 
0.653 0.611 0.6 0.654 0.577 0.534 0.6 0.597 0.503 0.495 
0.619 0.589 0.542 0.57 0.719 0.652 0.652 0.618 0.644 0.61 
0.789 0.642 0.67 0.564 0.641 0.609 0.637 0.528 0.49 0.522 
0.513 0.501 0.564 0.539 0.531 0.588 0.722 0.821 0.8 0.94 
0.821 0.847 0.935 0.911 0.875 0.967 0.977 0.963 0.91 0.89 
0.939 0.863 0.788 0.929 0.99 0.956 0.939 1.28 1.284 1.333 
1.376 1.517 1.999 1.872 1.678 1.246 0.904 0.808 0.772 0.82 
0.701 0.81 0.785 0.96 0.971 1.215 1.099 1.049 0.901 0.848 
0.803 0.772 0.921 0.774 1.03 1.197 1.136 0.935 0.899 0.898 
0.801 0.812 0.656 0.732 0.807 0.686 0.624 0.638 0.654 0.62 
0.594 0.586 0.715 0.672 0.639 0.739 0.859 0.849 0.911 0.911 
0.963 1.047 1.038 0.906 0.959 0.844 0.731 0.737 0.844 0.736 
0.652 0.727 0.826 0.694 0.652 0.841 0.87 0.797 0.847 1.001 
0.928 1.029 0.941 0.81 0.767 0.841 0.545 0.577 0.513 0.512 
0.53 0.507 0.533 0.563 0.609 0.523 0.687 0.66 0.808 0.781 
1.001 0.763 0.817 0.741 0.734 0.741 0.706 0.674 0.698 0.661 
0.622 0.64 0.75 0.771 0.89 0.796 0.935 0.892 0.912 0.841 
0.802 0.812 0.763 0.784 0.709 0.665 0.7 0.763 0.671 0.643 
0.786 0.781 0.679 0.767 0.772 0.616 0.58 0.56 0.564 0.566 
0.544 0.53 0.548 0.736 0.661 0.67 0.659 0.613 0.558 0.652 
0.779 0.897 1.224 1.194 0.918 0.79 0.911 0.973 0.843 0.978 
0.974 1.023 1.201 1.187 1.077 0.876 0.752 0.618 0.647 0.632 
0.725 0.903 1.117 5.998 7.874 8.491 4.197 11.644 11.203 10.355 
1.371 1.235 0.931 0.862 0.858 0.834 0.815 0.758 0.705 0.811 
0.904 1.102 1.736 1.245 1.083 1.131 0.937 0.808 0.954 1.056 
0.87 0.845 1.232 1.428 1.401 1.435 2.199 1.946 1.262 3.084 
4.124 6.434 12.591 15.0 15.0 15.0 15.0 15.0 15.0 15.0 
15.0 15.0 15.0 15.0 15.0 15.0 15.0 15.0 15.0 15.0 
15.0 15.0 15.0 
END
