PFRMAT local QA
AUTHOR MASS-CASP14
af2-standard_T1165_3.pdb local_accuracy_only 14.336 13.755 13.174 12.562 11.338 12.257 11.845 10.32 10.331 10.078 7.755 
6.726 6.582 5.883 4.808 4.366 4.29 4.229 2.716 2.905 3.002 
2.837 2.339 2.367 2.5 2.414 2.619 3.256 3.39 3.479 3.485 
3.429 2.661 1.813 1.673 1.874 1.809 1.725 1.998 2.251 2.342 
2.533 2.533 2.147 2.144 1.797 1.566 1.352 1.224 1.05 1.058 
1.27 1.281 1.089 1.312 1.352 1.143 1.094 1.127 1.053 0.969 
1.226 1.298 1.193 1.221 1.347 1.399 1.285 1.383 1.557 1.709 
1.487 1.452 1.469 1.736 2.086 2.438 2.817 2.976 2.856 4.323 
3.934 4.022 3.605 3.365 3.042 2.61 2.559 2.184 2.282 2.326 
1.756 1.299 1.224 1.331 1.246 1.054 1.218 1.217 1.141 1.119 
1.164 1.123 1.157 1.303 1.294 1.105 1.128 1.4 1.413 1.274 
1.541 1.672 1.77 1.997 1.732 1.55 1.729 1.809 1.94 1.846 
1.253 1.303 1.293 1.446 1.276 1.174 1.057 1.208 1.178 1.16 
1.069 1.199 0.968 0.967 0.967 1.039 1.05 0.985 1.133 1.023 
0.983 1.007 1.18 1.161 1.321 1.324 1.526 1.54 1.685 2.352 
3.386 4.113 4.961 6.09 5.706 7.0 7.249 6.219 4.751 4.045 
2.99 2.794 2.338 2.332 1.902 1.756 1.83 2.119 1.869 1.948 
1.847 2.273 2.075 2.149 2.454 2.949 2.586 3.53 4.136 5.464 
5.876 7.435 8.454 10.092 9.328 8.612 6.004 4.523 3.206 2.416 
2.355 2.236 2.15 1.745 2.315 2.73 3.404 4.254 3.822 3.271 
2.198 2.077 1.994 1.746 1.318 1.623 1.642 1.394 1.444 1.592 
1.481 1.451 1.691 2.447 3.333 4.324 4.938 6.76 8.061 10.199 
12.616 14.307 15.0 15.0 15.0 15.0 15.0 15.0 15.0 14.932 
12.144 11.698 7.978 6.109 4.533 3.6 3.216 2.667 3.081 2.916 
3.45 4.215 4.344 3.737 2.814 3.8 3.631 3.236 2.19 1.839 
1.997 1.939 1.499 1.473 1.814 1.95 1.952 1.845 2.025 1.967 
1.511 1.635 1.51 1.677 1.253 0.983 1.251 1.159 1.016 0.977 
1.093 1.139 1.045 1.255 1.244 1.292 1.467 1.505 1.438 1.791 
2.348 3.074 3.394 3.717 3.062 2.256 2.02 2.053 1.5 1.582 
1.424 1.452 1.357 1.116 1.235 1.231 1.124 1.215 1.187 1.27 
1.257 1.308 1.328 1.313 1.36 1.439 1.574 1.602 2.075 2.519 
2.781 2.29 1.871 2.022 2.834 2.95 2.495 2.505 2.409 2.498 
2.463 2.154 2.508 2.125 1.749 1.976 2.052 1.945 1.969 2.222 
2.381 2.803 3.951 4.255 4.588 3.563 3.163 2.151 1.59 1.511 
1.508 1.368 1.198 1.214 1.377 1.419 1.501 1.308 1.393 1.327 
1.21 1.281 1.223 1.277 1.542 2.073 2.217 2.439 2.109 1.716 
1.403 1.31 1.331 1.034 0.995 1.152 1.24 1.295 1.405 1.427 
1.875 2.161 2.084 2.145 1.96 1.546 1.323 1.543 1.791 1.716 
1.721 1.959 2.12 2.374 2.304 2.707 2.668 2.392 2.819 3.169 
3.316 3.348 3.164 2.63 2.221 2.015 2.249 2.236 2.041 1.864 
1.947 2.05 1.645 1.532 1.746 1.669 1.558 1.708 1.923 2.071 
2.578 3.539 4.093 4.788 4.849 3.644 3.163 3.136 2.918 2.136 
2.13 2.07 2.032 1.908 1.572 1.64 2.16 2.009 1.777 1.742 
1.722 1.831 2.055 2.552 2.867 3.782 4.508 4.2 3.694 3.112 
3.123 2.854 2.54 2.066 2.066 1.857 1.79 1.915 1.87 1.923 
2.068 2.272 2.465 2.688 2.32 2.908 3.577 3.63 2.967 2.427 
2.226 1.818 1.547 1.257 1.377 1.464 1.498 1.661 1.469 1.297 
1.417 1.351 1.24 1.185 1.328 1.558 1.373 1.417 1.465 1.577 
1.317 1.469 1.898 2.034 2.008 2.372 2.462 2.915 3.563 3.61 
3.618 3.895 4.022 4.064 4.313 3.948 4.199 3.748 2.854 1.925 
1.765 1.419 1.52 1.668 1.719 1.828 1.879 1.654 1.857 1.806 
1.575 1.726 1.939 1.947 1.854 1.973 1.862 1.93 1.72 1.787 
1.807 1.987 2.215 2.892 3.95 4.486 4.859 4.005 3.57 2.493 
2.416 2.343 1.803 1.721 1.728 1.706 1.782 1.465 1.421 1.588 
1.511 1.35 1.364 1.302 1.31 1.332 1.683 1.694 1.825 1.978 
1.417 1.306 1.21 1.188 1.344 1.053 1.134 1.221 1.359 1.464 
1.47 1.415 1.319 1.449 1.358 1.339 1.246 1.182 1.446 1.469 
1.832 1.534 1.707 1.505 1.868 2.058 2.186 1.877 2.062 2.158 
2.297 2.167 1.765 1.9 2.019 1.77 1.656 1.508 1.865 2.05 
1.986 2.162 2.076 1.733 1.476 1.325 1.533 1.419 1.318 1.459 
1.442 1.418 1.44 1.502 1.707 1.896 1.714 1.528 1.447 1.317 
1.318 1.137 1.068 1.167 1.398 1.708 1.636 1.53 1.379 1.549 
1.429 1.222 1.501 1.895 1.856 1.748 1.509 1.399 1.679 1.718 
1.432 1.295 1.194 1.249 1.262 1.359 1.489 1.75 1.744 1.65 
1.559 1.675 1.454 1.622 2.246 3.078 3.295 2.672 2.308 1.936 
1.919 1.581 1.303 1.282 1.255 1.326 1.093 1.36 1.416 1.311 
1.41 1.497 1.612 1.453 1.698 1.683 1.415 1.343 1.491 1.419 
1.115 1.191 1.221 1.254 1.143 1.101 1.267 1.335 1.293 1.444 
1.49 1.568 1.804 2.173 2.174 2.263 2.785 3.312 4.139 4.727 
4.145 3.625 3.536 3.538 3.848 3.934 4.491 4.721 4.311 4.015 
3.325 2.91 3.061 2.97 3.308 3.45 4.283 4.261 5.715 6.995 
7.09 8.793 9.36 10.326 12.437 12.542 11.956 11.141 8.799 7.183 
7.047 5.818 4.826 4.896 4.301 3.528 2.551 2.49 2.395 2.12 
1.387 1.835 1.736 1.348 1.062 1.239 1.369 1.23 1.152 1.422 
1.445 1.419 1.571 1.818 2.202 2.654 2.392 1.764 1.588 1.725 
1.679 1.427 1.741 1.641 1.412 1.312 1.324 1.315 1.392 1.334 
1.063 1.131 1.296 1.217 1.167 1.197 1.353 1.723 1.73 1.748 
1.617 1.788 2.035 1.753 2.025 1.957 1.572 1.456 1.408 1.194 
1.311 1.353 1.089 1.334 1.441 1.248 1.234 1.446 1.433 1.411 
1.646 2.153 2.643 2.421 2.42 2.542 2.028 1.826 1.585 1.98 
1.827 1.503 1.433 1.637 1.543 1.395 1.56 1.835 1.84 1.829 
2.169 2.092 1.977 2.096 2.252 1.858 1.764 2.109 3.043 3.505 
3.396 3.555 3.217 2.663 2.548 2.63 3.002 3.511 3.818 3.526 
3.434 2.994 2.296 1.721 1.571 1.605 1.411 1.265 1.246 1.25 
1.204 1.12 1.371 1.278 1.33 1.354 1.435 1.144 1.295 1.189 
1.415 1.297 1.67 1.979 2.272 2.343 2.502 2.822 2.844 3.152 
3.901 3.272 3.347 3.295 2.906 2.196 1.831 2.01 1.804 1.535 
1.547 1.658 1.459 1.707 2.406 2.967 3.256 2.403 2.096 1.835 
1.602 1.36 1.503 1.428 1.252 1.49 1.672 1.586 1.72 1.8 
1.781 1.795 1.989 2.271 2.122 2.114 1.95 2.061 1.734 2.114 
2.225 2.27 2.428 2.79 3.505 3.331 3.568 3.393 4.691 5.38 
5.648 6.474 6.742 8.019 8.848 10.459 11.006 10.019 10.466 8.921 
7.515 6.16 5.347 4.101 3.536 3.717 4.31 4.352 4.798 5.973 
7.507 8.722 9.164 14.922 15.0 15.0 15.0 15.0 15.0 12.851 
9.17 5.501 4.193 3.149 2.47 2.303 2.098 2.157 1.866 1.869 
1.976 1.738 1.566 1.767 1.881 1.526 1.542 1.738 1.682 1.491 
1.548 1.589 1.861 1.804 1.902 2.015 2.031 1.909 2.012 2.039 
1.859 1.691 2.02 2.133 2.891 3.861 5.036 5.918 5.928 5.536 
4.884 4.026 4.052 3.794 4.329 4.43 4.271 4.322 4.202 4.201 
3.549 2.857 2.228 1.785 1.935 1.825 1.456 1.149 1.397 1.684 
1.409 1.541 1.552 1.796 1.987 2.646 2.578 2.805 3.344 3.515 
3.553 3.371 2.743 2.409 1.917 1.606 1.581 1.658 1.655 1.521 
1.843 1.689 1.491 1.704 1.643 1.539 1.445 1.336 1.493 1.765 
2.374 2.822 3.717 5.568 6.204 6.09 4.573 3.311 2.779 1.984 
1.84 1.716 1.666 1.698 1.531 1.394 1.497 1.531 1.39 1.573 
1.767 1.886 1.922 1.475 1.402 1.56 1.462 1.304 1.172 1.251 
1.303 1.264 1.457 1.502 1.309 1.325 1.503 1.552 1.575 1.679 
1.746 2.12 2.332 2.618 3.079 3.679 3.997 4.596 4.892 5.194 
5.56 5.375 5.243 5.496 5.525 5.823 5.883 5.112 5.083 4.227 
3.601 2.824 2.579 2.778 2.265 1.889 2.127 2.057 1.929 1.588 
1.797 1.75 1.759 1.647 1.722 1.916 1.812 2.095 2.932 2.928 
2.598 2.5 2.667 2.545 2.503 2.631 2.471 2.396 2.71 2.732 
2.329 2.391 2.653 2.943 2.69 2.625 2.98 2.857 2.427 2.209 
2.244 2.335 2.133 1.954 1.899 1.777 1.623 1.602 1.394 1.161 
1.244 1.276 1.092 1.108 1.205 1.257 1.128 1.44 1.49 1.648 
1.943 2.113 2.676 2.515 2.527 2.523 2.631 2.875 2.962 3.391 
3.25 3.031 2.628 2.352 1.74 1.867 1.556 1.412 1.217 1.437 
1.395 1.434 1.46 1.439 1.291 1.223 1.374 1.285 1.205 1.343 
1.671 2.306 3.359 3.928 4.879 6.511 6.39 6.245 5.51 4.714 
3.803 3.539 3.467 3.574 3.423 3.119 2.846 2.838 2.585 2.67 
2.626 2.691 2.772 2.578 2.637 2.798 2.635 3.022 3.589 4.102 
4.012 4.043 3.997 3.554 3.457 3.579 3.143 2.493 3.079 2.935 
3.09 3.08 3.465 3.93 4.249 5.221 5.193 5.568 5.798 6.432 
6.887 7.657 7.349 7.161 6.657 6.004 5.727 5.162 5.171 5.302 
5.152 3.856 3.076 3.698 3.532 2.977 3.125 3.479 3.781 4.148 
5.026 6.597 7.272 8.232 7.974 8.714 7.823 8.801 8.987 10.627 
11.094 12.542 14.769 15.0 14.826 13.739 12.608 10.746 6.391 4.281 
3.465 2.702 2.329 2.143 1.626 2.05 2.619 2.031 2.112 2.35 
2.818 2.522 2.858 2.747 2.573 2.26 1.898 1.761 1.923 1.551 
1.46 1.416 1.34 1.199 1.252 1.272 1.184 1.048 1.384 1.45 
1.23 1.271 1.458 1.428 1.364 1.31 1.598 1.293 1.223 1.307 
1.457 1.407 1.807 2.507 3.169 3.811 4.525 4.897 4.293 3.224 
2.675 2.201 1.725 1.682 1.791 1.676 1.347 1.386 1.585 1.624 
1.39 1.576 1.899 2.022 2.503 2.796 2.941 2.188 2.027 1.668 
1.37 1.061 1.061 1.064 1.037 1.035 1.096 1.129 1.165 1.267 
1.329 1.224 1.196 1.568 2.044 2.387 2.359 2.059 2.044 2.53 
2.397 2.211 2.017 1.889 1.514 1.555 1.695 1.592 1.324 1.392 
1.578 1.515 1.493 1.692 2.066 2.319 2.354 2.665 3.312 3.44 
2.156 1.909 1.707 1.563 1.507 1.164 1.141 1.149 1.177 1.136 
1.11 1.088 1.197 1.167 1.297 1.313 1.204 1.201 1.473 1.467 
1.438 1.635 1.605 1.765 2.712 3.887 4.769 5.849 7.255 9.387 
11.939 13.204 13.168 14.304 14.448 14.004 14.051 13.702 11.82 10.523 
10.352 8.29 7.346 6.243 4.21 2.77 2.738 2.148 2.276 2.344 
2.662 2.085 1.657 1.753 1.539 1.552 1.475 1.554 1.679 1.684 
1.529 1.873 2.054 2.338 2.16 1.786 1.901 1.492 1.357 1.279 
1.233 1.197 1.169 1.121 1.174 1.1 1.098 1.042 1.022 1.085 
1.153 1.19 1.338 1.734 1.757 1.726 1.774 1.353 1.313 1.424 
1.383 1.158 1.223 1.662 1.973 1.925 1.506 1.462 1.705 1.535 
1.423 1.392 1.441 1.432 1.559 1.98 2.105 1.982 2.202 2.566 
2.719 2.837 2.146 1.72 1.987 1.579 1.35 1.464 1.585 1.434 
1.301 1.477 1.431 1.447 1.342 1.392 1.486 1.423 1.571 1.99 
2.414 2.376 2.628 2.264 1.572 1.45 1.667 1.382 1.203 1.286 
1.509 1.337 1.131 1.125 1.487 1.633 1.768 2.064 3.263 4.03 
6.029 7.039 8.738 7.34 7.087 5.912 4.799 3.553 2.659 2.48 
2.137 1.956 1.99 2.008 1.68 1.605 1.839 2.152 1.868 1.816 
1.561 1.449 1.351 1.156 1.201 1.25 1.331 1.499 1.529 1.337 
1.489 1.622 1.63 1.59 1.579 1.752 1.806 1.522 1.449 1.489 
2.012 2.109 2.098 2.881 4.197 5.435 5.979 6.387 6.169 6.839 
8.627 6.763 6.715 5.019 6.208 5.831 5.898 6.065 6.773 9.418 
9.51 13.873 15.0 15.0 15.0 15.0 15.0 15.0 15.0 15.0 
15.0 15.0 13.17 10.976 7.209 4.941 3.109 2.372 2.129 1.797 
1.639 1.594 1.65 1.494 1.247 1.219 1.466 1.515 1.514 1.636 
1.832 1.768 1.625 1.79 2.143 2.206 2.198 3.264 3.441 4.515 
4.67 6.213 6.802 7.259 7.995 9.032 12.192 12.686 15.0 15.0 
11.949 11.317 10.594 9.416 8.56 7.654 6.317 5.799 4.941 4.485 
4.027 3.101 2.389 1.964 1.777 1.584 1.502 1.458 1.311 1.371 
1.381 1.424 1.419 1.449 1.547 1.689 1.7 2.022 2.596 2.825 
2.974 3.263 2.624 2.467 2.331 1.776 1.514 1.603 1.975 1.77 
2.17 2.771 3.822 3.919 5.226 6.012 5.296 5.08 4.639 4.36 
3.912 3.333 3.138 2.792 2.482 1.992 1.741 1.367 1.374 1.392 
1.371 1.523 1.546 1.544 1.408 1.699 2.314 2.984 3.424 4.574 
4.53 4.846 4.576 3.768 3.263 2.693 2.571 2.364 2.07 1.65 
1.616 1.597 1.315 1.255 1.325 1.41 1.399 1.397 1.384 1.474 
1.517 1.622 1.458 1.314 1.298 1.229 1.429 1.807 2.154 2.807 
3.524 4.577 5.329 6.868 7.906 9.714 9.099 7.936 6.58 5.319 
4.809 4.246 2.959 2.645 2.062 1.922 1.838 1.922 1.457 1.5 
1.554 1.648 1.59 1.409 1.546 1.641 1.468 1.337 1.539 1.423 
1.191 1.498 1.551 1.841 2.059 2.929 3.955 5.044 5.705 5.92 
4.961 4.39 3.248 2.287 1.774 1.543 1.297 1.208 1.137 1.273 
1.017 1.17 1.223 1.259 1.259 1.589 2.082 2.682 2.692 3.208 
4.2 5.112 5.607 5.024 5.205 4.599 5.205 6.093 6.147 6.713 
7.144 8.392 8.623 8.486 8.802 9.225 8.276 7.269 5.791 4.97 
3.928 3.177 2.744 2.499 2.219 1.776 1.701 1.621 1.69 1.451 
1.35 1.405 1.625 1.688 1.5 1.515 1.746 1.938 1.748 1.929 
1.935 1.595 1.757 1.637 1.705 1.733 1.73 1.607 1.277 1.355 
1.289 1.193 1.238 1.371 1.448 1.377 1.331 1.49 1.3 1.401 
1.518 1.624 1.417 1.693 1.932 2.279 2.539 3.157 4.524 6.913 
7.588 11.316 12.088 15.0 15.0 15.0 15.0 15.0 15.0 15.0 
15.0 15.0 14.013 15.0 13.593 15.0 15.0 15.0 15.0 15.0 
15.0 15.0 15.0 15.0 15.0 15.0 12.25 11.599 8.216 6.448 
5.267 5.247 4.78 5.059 5.515 6.794 6.686 7.476 8.092 8.704 
9.701 11.447 10.929 13.145 12.141 13.046 14.734 15.0 15.0 15.0 
15.0 15.0 15.0 15.0 15.0 15.0 15.0 15.0 15.0 15.0 
15.0 15.0 14.494 11.808 10.311 11.366 12.356 14.888 15.0 15.0 
15.0 15.0 15.0 15.0 14.707 13.331 9.634 8.098 6.956 5.556 
4.089 3.528 3.327 2.822 2.277 1.789 1.46 1.449 1.323 1.276 
1.22 1.101 1.333 1.317 1.317 1.337 1.533 1.563 1.683 2.135 
3.242 4.771 5.167 5.035 3.569 3.931 3.331 3.222 2.253 2.152 
2.187 1.961 1.389 1.438 1.624 1.582 1.481 1.533 2.031 2.01 
1.763 1.609 1.972 1.934 2.157 2.512 2.877 3.864 4.858 6.91 
8.312 10.339 10.702 14.735 13.546 14.161 11.984 10.696 12.932 11.544 
14.81 11.246 12.898 12.403 15.0 13.93 15.0 15.0 15.0 15.0 
15.0 15.0 15.0 15.0 15.0 12.146 13.354 12.464 12.748 14.804 
13.686 15.0 15.0 12.509 15.0 10.455 12.744 9.538 11.291 9.241 
7.634 6.205 5.451 4.424 3.847 2.973 2.455 2.029 1.89 1.941 
1.818 1.925 2.43 2.263 1.814 1.582 1.524 1.6 1.524 1.824 
2.222 2.063 2.392 2.108 2.581 2.778 3.102 3.472 3.435 3.759 
4.387 4.779 5.225 5.295 6.603 5.467 4.126 4.121 3.963 3.739 
2.972 3.936 4.05 4.256 4.034 3.825 3.664 2.907 2.94 2.939 
3.77 3.746 4.603 5.838 8.024 8.813 15.0 13.226 15.0 11.115 
10.323 6.368 6.121 5.252 4.169 3.781 3.423 3.215 3.009 2.564 
2.782 3.15 3.39 3.321 3.442 3.597 3.081 2.672 2.779 3.255 
2.795 2.941 3.038 3.427 3.225 3.235 3.3 4.359 4.317 5.243 
5.841 7.157 8.218 9.666 12.121 13.414 13.293 13.749 13.262 12.237 
13.506 12.468 11.562 10.229 10.391 10.25 9.593 10.343 9.939 8.625 
7.93 9.444 8.588 8.039 7.663 8.014 7.964 8.125 8.735 7.779 
9.665 9.074 12.101 9.615 15.0 9.957 15.0 10.584 15.0 12.197 
15.0 11.632 15.0 14.969 15.0 13.184 11.368 10.026 8.241 6.961 
5.973 4.905 3.197 2.768 2.162 1.663 1.636 1.495 1.295 1.249 
1.122 1.226 1.3 1.274 1.272 1.499 1.798 1.724 1.716 2.142 
2.636 3.092 3.946 5.431 6.662 5.93 5.012 5.045 4.063 2.657 
2.768 2.721 2.212 1.853 2.092 2.227 2.149 2.11 2.415 2.978 
3.043 2.797 2.327 2.076 2.28 2.15 1.636 1.617 1.877 1.753 
1.563 1.563 1.742 1.796 1.653 1.771 1.912 1.837 1.726 1.882 
1.893 1.801 1.808 1.394 1.378 1.618 1.599 1.341 1.344 1.413 
1.425 1.22 1.322 1.692 1.895 2.445 3.112 4.389 4.491 5.908 
5.862 6.429 5.931 5.604 5.354 4.658 4.126 2.951 2.868 2.543 
2.712 2.095 2.078 1.881 2.131 2.08 1.789 1.617 1.755 1.634 
1.387 1.276 1.536 1.611 1.571 1.879 1.849 1.758 1.683 2.147 
2.314 2.376 2.393 2.127 1.903 1.712 1.86 1.507 1.276 1.233 
1.565 1.526 1.515 1.765 2.076 2.179 2.578 3.148 3.889 5.531 
6.134 6.845 8.149 9.023 8.412 9.172 8.594 8.534 6.601 5.154 
3.734 3.087 2.682 2.085 1.901 1.601 1.643 1.627 1.434 1.462 
1.424 1.408 1.357 1.587 1.84 2.364 2.651 2.908 3.451 3.021 
2.819 3.107 3.622 3.743 3.942 3.9 3.762 3.695 3.369 2.976 
2.644 2.578 2.927 2.907 2.725 3.22 3.736 2.995 3.63 3.933 
3.532 3.13 3.602 3.5 3.181 3.191 4.045 5.684 6.464 8.195 
9.26 11.641 12.086 13.135 11.316 9.526 7.534 7.281 5.292 4.216 
2.913 2.639 2.125 1.843 1.705 1.941 2.093 1.891 1.569 1.603 
1.572 1.399 1.487 1.402 1.378 1.336 1.625 1.869 2.104 1.643 
1.318 1.326 1.426 1.586 1.434 1.367 1.532 1.403 1.25 1.216 
1.333 1.275 1.1 1.261 1.415 1.467 1.577 1.922 2.383 2.842 
2.531 1.763 1.653 1.496 1.252 1.031 1.015 1.158 1.061 0.983 
1.016 1.11 1.159 1.045 1.177 1.118 1.031 1.019 1.199 1.237 
1.141 1.296 1.63 1.381 1.308 1.485 1.406 1.225 1.44 1.601 
2.052 2.154 3.054 3.746 4.091 4.576 5.192 6.105 6.406 4.927 
4.443 4.396 4.024 3.64 3.134 2.752 2.639 2.181 2.013 1.786 
1.903 1.92 1.656 1.482 1.624 1.591 1.505 1.544 1.42 1.431 
1.301 1.235 1.21 1.197 1.209 1.341 1.349 1.451 1.528 1.747 
2.473 4.062 5.826 8.396 10.059 8.832 8.724 7.509 6.669 5.243 
4.248 3.337 2.518 1.991 2.084 1.995 1.711 1.635 1.642 1.711 
1.562 1.835 1.62 1.618 1.474 1.178 1.105 1.321 1.356 1.077 
1.172 1.289 1.189 1.216 1.441 1.555 1.582 1.674 2.361 3.0 
4.25 4.506 4.119 3.494 3.123 2.372 1.979 1.708 1.773 1.395 
1.554 1.359 1.322 1.144 1.28 1.137 1.083 1.198 1.359 1.437 
1.535 1.731 2.001 2.048 2.875 3.014 5.09 6.449 7.22 7.609 
9.591 9.607 10.523 10.152 10.85 12.887 12.575 13.089 11.335 12.775 
11.242 9.712 7.484 6.484 6.037 5.485 4.025 3.429 2.384 2.559 
2.597 2.013 1.664 1.886 1.854 1.497 1.702 2.213 2.419 1.978 
1.469 1.811 1.485 1.332 1.499 1.492 1.342 1.131 1.498 1.616 
1.844 1.91 2.143 1.904 2.132 2.49 2.61 2.58 2.233 2.193 
1.941 2.321 2.469 3.285 3.426 3.465 2.849 2.259 1.91 1.703 
1.678 1.908 1.667 1.589 1.671 1.947 1.891 1.826 1.968 2.094 
2.059 1.642 2.201 3.063 3.929 4.016 3.647 2.714 1.855 1.728 
1.185 1.4 1.282 1.117 1.08 1.072 1.264 1.629 1.954 1.573 
1.273 1.195 1.387 1.409 1.266 1.297 1.553 1.659 1.581 1.837 
2.389 2.367 1.835 2.019 1.785 1.457 1.153 1.489 1.461 1.285 
1.213 1.194 1.107 1.177 1.179 1.333 1.642 2.174 2.639 3.531 
3.444 2.881 2.623 2.59 2.181 1.98 1.498 1.484 1.562 1.421 
1.009 1.184 1.3 1.25 1.133 1.23 1.239 1.221 1.124 1.282 
1.554 1.838 2.09 1.923 1.692 1.414 1.3 1.456 1.399 1.283 
2.197 2.739 2.801 2.448 2.083 1.254 0.987 1.01 0.905 1.0 
1.129 1.145 1.139 1.312 1.29 1.242 1.407 1.388 1.176 1.235 
1.243 1.125 1.174 1.208 1.065 1.098 1.145 1.261 1.161 1.205 
1.258 1.289 1.127 1.175 1.503 1.723 1.472 1.644 1.511 1.443 
1.373 1.489 1.413 1.429 1.488 1.815 1.827 1.467 1.402 1.56 
1.484 1.359 1.315 1.529 1.713 2.137 1.723 1.712 1.724 1.808 
1.456 1.279 1.633 1.564 1.486 1.495 1.595 1.735 1.668 1.485 
1.777 1.751 1.577 1.698 1.767 1.775 2.036 2.375 2.755 2.786 
2.317 2.573 2.896 2.743 2.226 1.994 2.068 1.683 1.708 1.774 
2.166 2.399 2.844 3.016 3.701 3.221 3.518 2.319 2.036 1.589 
1.183 1.226 1.271 1.247 1.371 1.867 1.7 1.584 1.553 1.622 
1.422 1.519 1.515 1.746 2.127 2.282 1.837 1.772 1.884 1.737 
1.659 1.583 1.764 1.778 1.499 1.439 1.6 1.734 1.831 1.715 
2.155 2.88 2.989 2.895 2.996 3.055 2.181 1.945 2.269 2.206 
2.036 1.872 2.015 2.365 2.071 2.204 2.362 2.39 2.702 2.881 
3.083 3.088 2.314 1.926 2.291 2.284 1.992 2.053 2.097 2.112 
1.751 1.451 1.435 1.57 1.582 1.516 1.48 1.796 1.944 2.08 
2.069 1.704 1.567 1.463 1.503 1.384 1.24 1.478 1.578 1.632 
1.644 1.597 1.441 1.544 1.559 1.352 1.628 1.685 1.726 1.692 
1.789 1.932 1.708 1.8 1.99 1.711 1.869 1.782 1.937 1.737 
1.85 2.093 2.059 2.191 2.47 2.682 2.025 1.964 1.867 1.807 
1.701 1.732 1.528 1.649 1.442 1.396 1.553 1.639 1.656 1.791 
1.559 1.649 2.083 2.081 1.835 1.758 1.72 1.985 1.978 2.057 
2.076 1.977 1.832 2.07 1.977 1.622 1.317 1.138 0.976 0.922 
0.989 1.308 1.675 2.236 2.373 3.0 2.783 2.753 2.057 1.659 
1.333 1.379 1.479 1.436 1.424 1.294 1.461 1.24 1.103 1.019 
1.125 1.243 1.522 1.975 2.238 2.834 2.373 2.279 2.669 2.195 
1.852 2.039 2.211 2.211 1.94 1.876 2.09 2.128 2.312 2.715 
3.739 4.198 4.88 5.687 6.067 7.187 6.549 8.063 8.382 9.478 
13.079 15.0 14.188 14.505 14.769 13.219 12.448 14.274 14.27 13.605 
12.408 13.537 13.543 
END
