PFRMAT local QA
AUTHOR LAW-CASP14
af2-standard_T1158v2_4.pdb local_accuracy_only 15.0 15.0 13.934 14.73 8.224 5.727 5.57 2.488 1.369 1.677 1.476 
3.069 5.795 6.016 8.691 7.555 8.018 7.043 4.248 4.972 2.464 
1.439 1.106 0.891 1.106 1.454 0.799 0.993 1.087 1.003 0.876 
1.243 1.188 1.07 1.188 1.656 1.345 1.2 0.909 1.01 0.951 
1.396 1.03 0.816 1.115 1.14 0.844 1.385 1.259 1.261 0.989 
0.981 0.693 0.8 1.017 0.749 0.689 0.862 0.98 0.846 0.896 
1.153 1.231 1.233 1.496 1.779 2.012 2.383 2.739 3.006 3.424 
3.936 5.051 5.289 6.224 4.727 4.526 2.797 2.012 1.369 1.745 
1.844 1.454 1.415 1.839 1.852 1.528 2.136 2.548 3.132 3.407 
2.571 4.405 5.018 3.031 5.288 6.724 4.522 3.511 5.257 4.17 
2.966 2.575 2.537 2.314 1.734 1.301 1.482 1.49 1.203 1.485 
1.6 1.169 1.051 1.445 1.403 0.967 1.02 1.178 0.97 0.943 
1.206 1.443 3.129 4.51 6.899 4.889 4.913 4.329 3.057 2.887 
2.89 3.03 2.34 2.587 2.426 2.149 1.789 2.703 2.492 2.306 
1.785 2.441 2.089 1.99 1.778 2.07 1.783 1.081 1.169 1.412 
1.132 0.759 0.92 1.087 0.78 0.621 0.747 0.742 0.658 0.571 
0.65 0.632 0.556 0.581 0.543 0.558 0.513 0.558 0.502 0.479 
0.521 0.529 0.518 0.478 0.567 0.581 0.528 0.555 0.621 0.667 
0.777 0.915 1.271 1.057 1.263 1.644 1.844 1.628 1.592 1.077 
1.293 1.27 1.139 0.887 1.069 0.946 0.766 0.89 0.947 0.907 
0.7 0.808 0.839 0.67 0.709 0.799 0.816 0.774 0.83 1.047 
0.966 1.315 1.374 1.484 1.536 1.921 1.561 1.481 1.307 1.295 
1.08 0.978 0.935 0.876 0.798 0.824 0.867 0.827 0.911 1.024 
1.031 0.935 0.984 1.036 0.999 0.893 1.035 1.0 1.072 1.093 
1.366 1.123 1.341 1.413 1.644 1.754 1.842 1.657 1.897 1.585 
1.55 1.296 1.319 1.135 1.091 0.982 0.937 0.97 0.948 0.812 
0.866 0.915 0.886 0.765 0.846 0.862 0.777 0.798 0.881 0.814 
0.781 0.778 0.849 0.822 0.743 0.829 0.861 0.786 0.771 0.892 
0.9 0.817 0.87 0.805 0.747 0.758 0.685 0.663 0.746 0.807 
0.873 1.018 1.002 0.917 0.918 0.924 0.819 0.779 0.807 0.801 
0.745 0.754 0.741 0.716 0.672 0.646 0.695 0.723 0.707 0.701 
0.769 0.802 0.878 0.903 0.999 1.017 1.132 1.183 1.278 1.318 
1.362 1.404 1.427 1.354 1.395 1.206 1.24 1.479 1.328 1.101 
1.106 1.327 1.113 1.107 1.106 1.532 1.117 1.091 1.25 1.384 
1.285 1.413 1.45 1.438 1.227 1.327 0.996 1.032 0.984 1.024 
1.021 1.038 0.921 1.065 1.025 0.958 0.994 1.104 1.149 1.154 
1.407 1.467 1.571 1.757 2.076 2.265 1.794 1.961 2.463 2.169 
1.438 2.079 1.837 1.185 1.219 1.495 1.188 0.973 1.327 1.338 
1.034 1.131 1.293 1.1 0.891 1.104 1.022 0.865 0.797 0.964 
0.884 0.886 0.851 1.0 3.091 8.753 9.497 10.33 8.028 8.967 
10.04 7.014 10.416 8.043 6.176 3.617 1.346 1.113 1.069 1.142 
1.233 1.448 1.547 1.383 1.449 1.297 1.447 1.32 1.761 2.032 
3.417 2.623 3.191 2.691 1.528 1.46 1.377 1.406 1.727 1.348 
1.359 1.126 1.089 0.844 0.935 0.857 0.863 0.854 0.78 0.775 
0.772 0.679 0.799 1.165 1.528 5.372 1.835 1.367 1.238 0.94 
0.935 1.141 1.019 0.821 0.946 1.01 0.981 0.782 1.143 0.85 
1.05 1.179 1.318 1.419 1.504 1.766 1.51 1.27 1.316 1.367 
1.486 1.092 0.698 0.644 0.668 0.724 0.781 1.242 1.312 1.77 
1.199 0.84 0.77 0.698 0.832 0.777 0.767 0.78 0.803 0.922 
0.818 0.874 1.066 1.09 1.41 1.356 2.131 1.869 2.276 1.976 
1.706 1.329 1.3 1.189 1.129 0.967 1.006 1.011 0.995 0.926 
1.028 1.006 1.156 1.288 1.268 1.218 1.521 1.791 1.226 1.419 
0.987 1.216 0.851 0.823 0.891 0.819 0.85 0.974 1.031 1.02 
0.97 1.029 1.665 1.506 2.842 1.914 1.833 1.335 1.082 1.286 
1.058 0.907 0.919 0.928 0.931 0.962 0.782 0.854 0.907 0.87 
0.76 0.665 0.641 0.558 0.564 0.597 0.726 0.793 0.94 1.112 
1.12 1.604 1.609 1.448 1.458 1.355 1.33 1.166 1.158 1.156 
1.074 0.937 0.958 1.116 1.001 1.005 0.932 1.051 1.236 1.061 
0.902 1.029 0.891 0.684 0.67 0.64 0.565 0.65 0.71 0.967 
1.414 2.228 2.187 2.634 2.077 1.897 2.175 1.94 1.363 1.093 
0.992 0.949 0.894 0.931 1.044 1.23 1.422 1.277 1.388 1.412 
1.274 1.146 1.189 1.391 1.6 2.032 6.539 5.649 7.523 10.754 
10.66 12.122 14.373 14.451 14.835 15.0 15.0 15.0 14.596 15.0 
15.0 15.0 15.0 15.0 15.0 15.0 15.0 15.0 15.0 15.0 
15.0 15.0 15.0 15.0 15.0 15.0 15.0 15.0 15.0 15.0 
15.0 15.0 15.0 15.0 15.0 15.0 14.743 11.724 8.514 5.409 
4.934 8.114 9.942 11.813 13.986 13.44 15.0 15.0 15.0 15.0 
15.0 15.0 15.0 15.0 15.0 15.0 15.0 15.0 15.0 15.0 
15.0 15.0 15.0 15.0 15.0 15.0 15.0 15.0 15.0 13.446 
11.376 9.562 7.261 5.404 3.068 2.7 2.132 1.677 1.374 1.31 
1.277 1.129 0.935 0.959 1.097 0.8 0.86 1.192 1.945 2.451 
3.55 3.047 2.828 4.082 4.183 3.062 4.201 4.574 3.151 3.286 
3.031 3.475 2.386 1.737 2.833 3.249 2.742 2.602 3.692 3.119 
2.731 2.813 2.528 1.84 1.718 2.144 2.598 1.631 5.228 4.883 
5.29 9.342 10.435 10.955 11.549 13.091 14.22 15.0 15.0 15.0 
15.0 15.0 15.0 15.0 15.0 14.766 15.0 11.195 12.619 11.703 
11.318 9.863 8.161 6.946 7.903 6.723 6.342 5.589 3.943 4.323 
2.563 4.403 4.379 2.74 2.387 2.505 2.339 1.82 1.511 1.973 
1.779 1.309 1.128 1.173 1.012 0.884 0.821 0.828 0.756 0.704 
0.712 0.708 0.662 0.639 0.646 0.627 0.596 0.646 0.652 0.656 
0.666 0.694 0.738 0.681 0.674 0.762 0.802 0.808 0.836 1.027 
0.908 0.867 1.084 1.058 0.954 0.941 0.831 0.818 0.814 0.764 
0.715 0.726 0.76 0.711 0.73 0.742 0.762 0.741 0.8 0.827 
0.791 0.779 0.847 0.815 0.812 0.79 0.733 0.739 0.67 0.718 
0.647 0.637 0.642 0.717 0.638 0.66 0.797 0.805 0.71 0.848 
1.073 0.905 0.963 1.158 1.148 1.221 1.571 1.484 1.191 1.838 
1.99 4.733 3.837 5.768 7.034 6.021 5.608 5.756 4.261 2.473 
2.341 2.006 1.52 1.173 1.275 1.134 0.885 0.947 0.933 0.843 
0.714 0.81 0.863 0.799 0.72 0.8 0.768 0.628 0.758 0.83 
0.752 0.735 0.961 0.936 0.732 0.783 0.892 0.768 0.624 0.67 
0.726 0.59 0.567 0.651 0.628 0.583 0.546 0.606 0.572 0.545 
0.616 0.644 0.604 0.642 0.647 0.644 0.795 0.802 0.813 1.039 
0.989 0.856 0.762 0.851 0.763 0.558 0.616 0.61 0.597 0.543 
0.577 0.552 0.551 0.521 0.574 0.555 0.528 0.488 0.517 0.568 
0.535 0.567 0.584 0.586 0.575 0.617 0.583 0.623 0.658 0.626 
0.661 0.749 0.758 0.858 0.793 0.964 1.021 1.26 1.16 1.451 
1.819 1.545 1.887 2.247 2.381 1.939 2.202 2.225 1.91 1.598 
1.801 1.554 1.263 1.016 0.936 1.119 1.094 0.976 0.988 1.204 
0.979 1.103 1.072 1.022 0.957 0.954 0.937 0.824 0.844 0.835 
0.749 0.718 0.766 0.742 0.646 0.774 0.879 0.75 0.895 1.146 
1.123 0.966 1.772 1.733 1.266 1.479 2.059 1.31 1.037 1.44 
1.114 0.822 0.897 1.085 0.875 0.825 1.032 1.07 1.081 0.975 
0.9 0.877 0.95 0.898 1.232 1.585 2.755 2.249 1.707 1.45 
1.689 1.611 1.334 1.001 0.767 0.789 0.73 0.652 0.646 0.641 
0.681 0.735 0.806 0.955 0.867 1.169 1.12 1.747 1.762 3.047 
6.9 7.784 5.864 4.934 1.737 1.539 1.115 1.121 1.095 0.971 
0.886 0.767 0.736 0.649 0.681 0.678 0.684 0.571 0.543 0.542 
0.621 0.594 0.7 0.934 1.455 2.254 1.512 1.144 0.942 0.809 
0.925 1.04 0.86 0.815 0.803 0.839 0.759 0.692 0.793 0.796 
0.976 0.942 0.972 0.976 0.953 0.811 0.731 0.728 0.743 0.759 
0.877 0.92 0.942 0.899 1.099 1.2 1.217 1.093 0.819 0.769 
0.88 0.719 0.667 0.673 0.675 0.63 0.664 0.626 0.709 0.873 
1.075 1.49 1.284 1.268 1.301 1.167 1.186 1.574 1.675 2.002 
1.531 1.525 1.429 1.238 1.533 1.181 1.78 2.206 2.896 1.808 
2.027 1.374 1.335 1.249 1.17 1.168 1.137 1.061 1.063 1.136 
1.126 1.105 1.248 1.306 1.303 1.856 2.408 1.929 2.18 2.833 
3.113 3.043 2.562 2.496 2.175 2.318 2.234 2.094 1.559 1.79 
1.28 1.29 1.546 2.342 3.45 2.653 2.925 2.447 2.161 1.524 
1.428 1.163 1.117 1.059 0.933 0.948 0.987 1.0 0.817 0.987 
0.999 0.924 0.919 0.756 0.698 0.559 0.577 0.535 0.611 0.71 
0.895 1.147 1.681 1.638 2.375 2.541 2.808 3.018 2.497 2.295 
2.023 1.87 1.571 1.236 1.285 1.288 1.189 1.14 1.161 1.185 
1.167 0.818 1.052 0.879 0.648 0.592 0.494 0.518 0.584 0.624 
0.791 1.123 1.328 1.301 1.469 1.25 0.841 1.277 1.391 0.799 
0.723 0.667 0.702 0.697 0.763 0.811 0.917 1.03 1.019 1.014 
0.916 0.902 0.946 0.858 0.894 1.01 1.126 1.895 1.475 1.404 
1.984 2.332 2.732 3.65 3.716 2.423 2.214 1.746 2.985 3.639 
3.42 3.251 4.191 4.66 5.141 6.61 7.185 6.26 5.452 4.988 
6.415 6.512 3.261 3.839 5.411 3.336 2.729 4.639 6.425 4.335 
3.607 7.514 8.349 7.723 9.135 10.44 11.939 14.091 13.22 13.479 
15.0 15.0 15.0 15.0 15.0 15.0 15.0 15.0 15.0 15.0 
15.0 15.0 15.0 15.0 15.0 15.0 15.0 15.0 15.0 15.0 
15.0 15.0 15.0 15.0 15.0 15.0 15.0 15.0 15.0 15.0 
15.0 15.0 15.0 15.0 15.0 15.0 15.0 15.0 15.0 
END
