PFRMAT local QA
AUTHOR MASS-CASP14
af2-standard_T1158v2_4.pdb local_accuracy_only 14.557 13.143 10.222 8.057 6.606 6.021 3.803 2.661 1.865 1.843 1.595 
1.948 1.926 2.914 3.196 3.986 4.071 4.106 4.326 4.064 3.634 
3.483 3.14 2.732 2.598 2.295 2.217 2.49 2.601 2.151 2.048 
2.337 2.602 2.97 3.778 3.614 3.622 3.447 3.086 3.713 4.014 
3.851 3.152 2.883 2.763 3.007 3.098 3.306 4.983 5.138 5.66 
4.278 3.383 3.273 2.404 1.789 1.713 1.927 2.044 1.853 2.264 
2.556 2.567 2.38 2.766 3.069 3.314 3.138 3.296 3.612 3.74 
4.299 4.46 5.13 5.058 4.701 4.557 3.94 3.136 2.814 2.839 
2.588 2.819 2.456 2.815 3.291 3.328 3.761 4.813 5.512 5.481 
4.561 5.309 4.525 5.04 4.955 5.393 4.737 4.699 4.655 4.573 
4.154 3.623 2.67 2.31 2.246 2.07 1.628 1.511 1.547 1.406 
1.256 1.384 1.459 1.684 1.442 1.437 1.783 1.945 2.115 2.427 
2.975 3.023 3.716 3.729 4.007 3.563 3.398 3.18 2.876 2.71 
3.096 2.905 2.649 2.891 2.822 2.587 2.607 2.833 2.839 2.447 
2.563 2.636 2.433 2.457 2.361 2.43 2.396 2.29 2.222 2.128 
2.296 2.379 2.034 2.273 2.253 2.245 1.928 1.641 1.626 1.512 
1.551 1.34 1.452 1.419 1.337 1.332 1.283 1.296 1.127 1.131 
1.173 1.327 1.15 1.279 1.58 1.466 1.368 1.33 1.288 1.24 
1.381 1.779 2.011 2.398 2.684 3.99 4.363 4.707 4.835 4.995 
4.594 3.142 2.459 2.762 2.67 2.123 1.998 2.124 2.618 2.171 
1.899 2.279 2.44 1.994 2.793 2.727 2.816 3.245 3.238 4.073 
4.264 3.931 3.982 3.978 4.157 4.211 3.893 3.728 3.311 2.9 
2.992 3.141 2.837 3.098 2.995 3.639 3.266 2.886 2.926 3.769 
3.708 3.531 4.184 4.862 4.382 4.84 4.852 5.826 5.233 5.645 
5.272 5.261 5.28 5.667 5.762 6.238 6.151 6.484 6.0 5.988 
5.106 4.722 4.094 4.126 3.34 3.329 3.357 3.664 3.819 3.173 
3.355 4.994 4.699 4.538 4.494 4.816 3.83 4.055 3.418 2.831 
2.642 2.262 2.327 2.743 2.399 2.664 2.447 2.288 2.078 2.543 
2.662 2.045 2.321 2.17 2.141 2.352 2.498 2.995 3.376 3.191 
3.053 2.866 2.237 1.947 2.223 2.343 2.524 2.249 2.876 3.324 
2.667 2.455 2.426 2.692 2.393 1.867 1.948 2.477 2.205 1.842 
2.148 2.657 2.614 2.517 2.187 2.569 3.202 3.128 2.89 2.986 
3.202 3.115 3.562 3.602 3.315 3.658 3.881 3.744 3.628 3.634 
4.169 4.437 4.447 4.28 4.164 4.227 3.856 4.125 4.58 4.41 
4.096 3.151 3.231 2.92 2.42 2.425 2.373 2.089 2.002 1.757 
1.886 1.902 1.944 2.167 1.956 1.941 2.26 2.706 3.088 2.625 
2.505 2.552 2.796 2.732 3.219 3.444 3.243 3.271 3.719 3.217 
2.607 2.661 2.607 2.536 2.138 2.302 2.551 2.229 2.645 2.29 
2.319 2.382 2.287 2.159 1.773 1.977 1.978 1.808 1.784 1.814 
2.029 2.252 2.466 2.775 3.92 5.261 5.654 5.419 6.421 7.659 
8.572 7.505 7.438 7.59 6.113 4.181 2.948 2.041 1.53 1.203 
1.355 1.473 1.543 1.482 1.715 1.772 2.343 2.853 3.708 4.819 
4.896 4.294 4.641 3.967 3.177 2.652 2.342 2.276 2.018 2.026 
1.711 1.522 1.402 1.286 1.407 1.764 1.686 1.581 1.383 1.244 
1.234 1.16 1.106 1.342 1.783 2.16 2.498 2.299 2.181 1.904 
2.157 1.959 1.573 1.458 1.593 1.775 1.872 1.605 1.781 1.859 
1.855 2.211 2.677 2.682 2.634 2.186 1.782 1.546 1.389 1.464 
1.354 1.394 1.248 1.301 1.355 1.598 1.94 2.496 3.192 3.431 
2.822 2.394 2.098 1.894 1.682 1.363 1.22 1.097 1.25 1.389 
1.494 1.481 1.659 1.824 2.283 3.1 3.504 3.273 3.194 3.214 
3.168 2.361 2.26 2.369 2.21 2.035 1.749 1.972 2.366 2.076 
2.506 2.635 3.351 3.728 3.607 3.072 3.245 3.271 2.803 3.001 
2.622 2.33 2.119 1.903 1.855 1.737 1.79 2.037 2.53 2.783 
2.58 2.125 2.22 1.974 1.963 2.265 2.319 2.348 2.054 2.131 
2.136 1.886 1.803 1.868 2.055 1.984 2.021 1.964 1.864 2.255 
1.932 1.738 1.411 1.123 1.012 1.055 1.161 1.416 1.478 1.765 
1.806 2.213 2.723 2.434 2.414 2.594 2.417 1.928 1.996 2.276 
1.915 1.793 1.792 2.185 2.147 2.165 2.283 2.341 2.635 2.614 
2.193 2.346 2.392 1.96 1.622 1.547 1.497 1.514 1.74 2.15 
2.662 2.779 3.016 2.842 2.666 2.464 2.449 2.521 2.017 1.807 
1.464 1.361 1.267 1.259 1.383 1.781 1.958 1.819 1.88 1.636 
1.692 1.628 1.812 1.628 1.695 1.852 2.544 2.594 2.26 2.363 
2.644 2.51 2.635 2.404 1.966 1.878 1.936 1.876 2.056 2.129 
3.072 4.476 6.381 7.235 8.309 9.13 8.728 10.824 9.188 8.217 
10.008 10.909 10.328 10.743 12.091 14.938 15.0 15.0 15.0 15.0 
15.0 15.0 15.0 15.0 15.0 14.128 11.444 9.012 7.795 6.935 
7.811 7.164 8.427 6.83 7.605 6.4 7.656 8.937 11.049 13.462 
12.6 15.0 14.372 15.0 15.0 15.0 15.0 15.0 15.0 15.0 
15.0 15.0 12.664 10.192 12.726 10.967 12.52 12.898 12.869 13.029 
11.365 9.21 7.061 5.991 3.667 3.127 2.985 2.347 1.944 1.793 
2.188 2.308 2.412 3.03 3.511 4.32 6.175 6.734 7.308 8.451 
9.086 8.32 6.63 7.095 7.042 7.344 6.165 6.019 5.564 4.661 
4.189 3.833 3.687 3.064 2.408 2.091 2.24 1.995 2.02 2.227 
2.264 2.391 2.151 2.484 2.292 2.742 2.116 2.521 2.838 3.817 
4.03 4.674 5.554 5.828 7.128 9.184 12.25 13.702 15.0 15.0 
15.0 14.561 15.0 8.711 5.657 4.481 3.599 2.9 2.213 2.55 
2.096 2.111 1.641 2.075 2.119 2.196 2.23 2.446 2.766 2.499 
2.65 2.707 2.951 3.112 2.808 2.695 3.241 3.814 3.718 3.432 
3.485 3.363 3.507 3.705 3.446 3.622 3.847 3.151 2.734 3.037 
2.708 2.266 1.925 2.017 1.715 1.486 1.508 1.91 1.929 1.706 
1.691 1.966 1.931 1.827 2.08 2.436 2.981 2.84 2.437 2.641 
2.473 2.314 2.147 2.33 2.648 2.224 1.762 1.995 1.956 1.568 
1.592 1.835 1.864 1.996 1.758 2.014 1.952 1.548 1.975 1.958 
1.628 2.023 2.028 1.729 1.607 1.775 1.891 1.627 1.488 1.854 
1.85 1.663 1.807 1.736 1.735 1.699 1.873 2.029 2.113 1.959 
2.61 2.51 2.747 2.954 3.302 3.274 3.458 3.466 3.776 3.691 
4.654 4.756 4.684 5.211 5.35 5.415 5.156 5.048 4.592 3.847 
4.554 4.201 3.574 3.997 4.588 4.203 3.323 3.676 3.474 3.238 
2.813 2.68 2.828 2.34 2.171 2.305 2.185 1.778 1.976 2.323 
2.434 3.008 4.142 4.627 4.688 4.801 6.016 4.701 2.993 2.621 
2.547 2.367 2.097 2.105 2.628 2.819 2.495 2.604 2.991 2.781 
3.224 2.884 2.562 2.611 2.92 2.98 2.89 2.426 2.523 2.733 
2.346 2.048 2.249 2.457 2.238 2.137 2.721 2.441 2.58 2.516 
2.445 2.016 2.016 2.143 2.46 2.471 2.665 2.889 2.93 2.999 
2.975 2.997 2.75 2.898 2.605 2.477 2.203 2.543 2.444 2.169 
2.02 2.04 1.913 2.01 2.049 2.262 2.502 2.467 2.489 2.45 
2.641 2.571 2.378 2.329 2.428 2.487 2.484 2.724 2.986 3.196 
3.143 2.667 2.461 2.342 2.429 2.928 2.604 2.178 2.527 2.447 
2.743 2.281 2.256 2.344 2.261 2.156 2.497 2.315 2.411 2.835 
2.334 2.262 2.276 2.326 2.218 2.014 2.406 2.445 2.471 2.558 
2.514 2.055 2.483 2.81 2.724 2.75 2.848 3.236 3.035 3.381 
3.105 2.965 2.854 2.835 2.965 3.468 3.625 3.383 3.384 2.752 
2.864 2.783 2.798 2.611 2.605 2.96 3.258 3.378 3.071 2.812 
2.671 2.992 2.705 2.504 2.346 2.559 2.154 1.872 1.52 1.258 
1.194 1.184 1.434 1.509 1.686 1.61 1.801 2.249 3.091 3.31 
4.284 4.535 4.74 4.66 3.637 3.446 2.943 2.669 2.376 2.214 
2.196 2.194 2.335 2.121 2.302 3.048 2.975 2.625 2.05 2.183 
2.028 2.161 1.958 2.093 2.252 2.82 2.768 2.496 2.334 2.035 
1.996 1.774 1.574 1.402 1.602 1.958 1.832 1.69 1.537 1.675 
1.907 1.95 1.727 1.712 1.668 1.496 1.189 1.267 1.268 1.463 
2.002 1.937 1.908 2.259 2.985 3.804 2.768 2.443 2.086 2.229 
2.147 2.047 1.948 1.936 1.745 1.506 1.338 1.27 1.181 1.589 
2.174 2.762 2.651 2.361 2.169 2.29 2.262 2.092 1.848 1.56 
1.425 1.591 1.235 1.003 1.186 1.497 1.789 2.155 2.651 2.54 
2.556 2.496 2.562 2.15 1.72 1.863 1.97 2.081 1.932 2.115 
2.221 2.283 2.261 2.357 2.641 3.144 3.265 2.746 2.951 3.665 
4.267 4.702 4.3 4.772 4.318 4.593 4.664 4.835 3.585 4.346 
4.567 4.701 3.986 3.963 3.671 2.73 2.248 2.264 2.39 2.153 
2.012 2.241 2.113 2.003 2.138 2.212 2.28 2.363 2.636 2.375 
2.52 3.019 3.135 2.569 2.317 1.777 1.419 1.486 1.582 1.862 
1.997 2.192 2.41 2.548 2.811 2.397 2.338 2.882 3.125 3.06 
2.637 2.962 2.42 2.071 2.068 2.35 2.413 1.895 2.504 3.212 
3.062 2.89 3.267 3.362 2.583 2.025 1.878 1.658 1.591 1.553 
1.99 1.978 1.928 1.824 1.795 1.873 1.684 1.771 1.977 2.028 
1.871 1.382 1.208 1.225 1.233 1.355 1.842 1.921 1.587 1.518 
1.361 1.425 1.297 1.35 1.571 1.588 1.65 1.786 2.21 1.907 
2.311 3.125 3.252 3.89 3.756 2.988 2.819 2.69 2.725 3.068 
3.16 3.109 3.721 4.536 4.246 4.846 5.155 5.757 4.385 4.144 
4.645 4.34 3.507 3.827 3.981 3.965 3.547 3.683 4.111 4.3 
3.989 4.735 5.26 6.343 6.35 7.15 8.717 8.79 11.246 11.644 
14.066 15.0 15.0 15.0 15.0 15.0 15.0 15.0 15.0 15.0 
15.0 15.0 15.0 15.0 15.0 15.0 15.0 15.0 15.0 15.0 
15.0 15.0 15.0 15.0 15.0 15.0 15.0 15.0 15.0 15.0 
15.0 15.0 15.0 15.0 15.0 15.0 15.0 15.0 15.0 
END
