PFRMAT local QA
AUTHOR MASS-CASP14
af2-standard_T1153_4.pdb local_accuracy_only 9.309 10.328 9.643 10.238 9.432 8.773 6.743 7.532 5.711 4.871 4.976 
4.705 4.157 2.469 1.778 1.36 1.185 1.052 0.957 0.969 0.904 
0.899 1.147 1.157 1.798 2.506 2.957 3.801 4.02 5.119 4.929 
4.773 5.176 3.872 2.957 2.623 1.912 1.983 2.171 1.908 1.785 
1.704 1.791 1.665 1.651 1.799 2.308 2.565 2.521 1.866 1.551 
1.217 1.098 0.934 0.911 1.007 1.09 1.083 1.315 1.572 1.807 
2.081 1.96 1.656 2.089 1.926 1.65 1.66 1.763 1.89 1.646 
1.961 2.042 2.067 2.097 1.973 2.039 2.102 1.846 1.839 2.049 
1.958 2.584 3.088 3.328 2.861 2.441 1.779 1.425 1.459 1.426 
1.28 1.221 1.584 2.13 2.432 2.842 3.502 3.972 4.871 5.407 
6.324 6.128 5.164 3.4 2.094 1.465 1.28 1.089 1.055 0.948 
1.004 1.318 1.614 2.051 2.201 2.194 1.867 1.804 1.737 2.024 
2.084 2.289 2.399 2.827 3.537 4.883 6.76 8.442 11.115 13.399 
15.0 15.0 15.0 15.0 14.9 12.095 8.476 5.503 3.865 2.647 
1.726 1.359 1.261 1.214 1.136 0.997 1.087 1.132 1.597 1.901 
1.604 1.634 1.211 0.955 0.144 0.167 0.26 0.906 1.158 1.24 
1.424 1.954 2.484 3.592 5.145 6.115 7.001 8.076 9.79 9.984 
10.521 9.75 9.109 7.842 6.754 5.462 4.334 4.144 3.488 2.588 
2.432 2.692 2.432 1.828 1.89 1.99 1.729 1.536 1.873 1.964 
2.016 1.93 2.512 3.211 2.876 2.519 1.572 0.009 0.0 0.0 
0.0 0.0 0.026 1.26 1.36 1.732 2.234 2.62 3.007 2.848 
2.839 2.556 1.93 2.144 1.968 1.719 2.067 2.384 2.596 2.231 
2.0 2.028 2.148 2.058 2.092 2.509 3.524 3.752 3.829 3.011 
2.787 3.094 3.204 3.258 3.567 4.51 3.868 4.523 4.291 4.428 
3.612 2.764 2.133 2.077 2.03 1.715 1.662 1.439 1.736 2.322 
3.063 3.596 3.426 4.194 4.675 4.264 3.931 4.155 4.221 3.326 
2.56 2.363 2.048 2.112 2.237 2.414 2.289 1.794 2.132 2.152 
2.465 2.694 2.554 3.268 4.14 4.59 4.492 3.515 2.957 2.704 
2.552 2.112 2.173 2.006 1.912 1.443 1.263 1.091 1.014 0.879 
1.211 1.116 1.119 1.406 1.777 2.437 3.387 4.597 
END
