PFRMAT local QA
AUTHOR LAW-CASP14
af2-standard_T1153_4.pdb local_accuracy_only 15.0 15.0 15.0 15.0 15.0 15.0 12.65 7.045 2.461 3.161 2.404 
3.5 3.107 1.975 1.699 1.256 1.004 0.882 0.772 0.776 0.729 
0.717 0.748 0.896 1.028 2.042 2.839 3.694 4.952 6.561 6.666 
5.416 7.576 8.348 8.224 7.11 5.794 3.729 6.077 3.38 2.632 
2.549 3.005 1.799 1.554 1.726 2.043 1.581 1.392 1.005 0.926 
0.817 0.755 0.707 0.712 0.735 0.987 1.075 2.01 2.131 1.578 
2.067 2.125 1.232 1.616 1.903 1.823 1.274 1.756 2.209 1.826 
1.866 2.88 3.736 5.766 7.247 8.339 9.306 7.627 8.505 9.549 
7.543 8.119 4.533 3.619 2.489 1.512 1.503 1.138 1.027 1.074 
1.082 1.149 1.642 2.476 3.414 2.937 3.201 3.066 4.303 4.285 
6.273 5.002 4.6 4.334 1.606 1.421 0.974 0.888 0.872 0.88 
0.937 1.049 1.178 1.34 1.211 1.373 1.295 1.466 1.976 2.085 
2.276 2.078 2.152 3.077 3.117 5.366 5.604 9.261 10.643 13.338 
15.0 15.0 15.0 14.413 12.173 8.996 5.466 4.057 1.871 2.972 
1.198 1.082 1.051 1.022 1.185 1.073 1.323 1.243 1.532 1.648 
1.319 1.187 0.862 0.911 0.727 0.75 0.732 0.876 1.118 1.17 
1.356 1.944 2.031 2.131 2.692 3.624 5.744 7.257 8.776 10.254 
10.362 11.978 9.197 9.338 7.736 6.987 5.814 6.165 5.546 4.363 
4.462 4.665 4.624 3.808 3.918 3.863 3.685 3.092 3.075 2.978 
2.57 1.863 2.642 2.399 1.552 1.855 1.11 0.872 0.711 0.663 
0.668 0.689 0.792 0.976 1.229 1.253 1.496 1.685 2.55 2.131 
2.949 2.938 2.229 2.285 2.425 1.816 1.859 2.089 2.11 1.905 
1.389 1.294 1.146 1.158 1.344 2.292 2.706 3.037 2.189 1.464 
1.008 1.074 1.147 1.678 2.894 2.006 1.441 1.361 1.153 1.155 
1.184 1.222 1.395 1.07 0.859 0.842 0.741 0.866 0.929 1.349 
1.81 2.473 1.547 2.033 2.678 1.94 2.365 3.027 3.435 2.644 
1.52 1.184 0.992 1.0 1.116 1.568 2.738 1.818 4.642 4.933 
9.813 10.331 8.25 11.975 9.515 14.226 14.287 12.425 12.293 8.406 
6.586 2.822 2.77 1.02 1.124 0.867 0.839 0.779 0.804 0.858 
0.882 1.054 1.026 1.32 1.366 2.043 2.227 2.795 
END
