PFRMAT local QA
AUTHOR MASS-CASP14
af2-standard_T1137s6_1.pdb local_accuracy_only 10.58 8.395 6.302 5.592 5.409 5.323 4.658 4.909 4.875 4.749 4.953 
5.191 4.964 5.184 5.708 5.483 6.343 6.024 5.736 5.67 5.052 
5.446 5.142 5.37 5.412 5.525 6.596 7.652 7.787 7.549 7.998 
8.332 8.729 9.399 10.168 8.737 8.047 5.893 4.456 3.174 2.339 
1.618 1.336 1.188 1.18 1.086 0.998 1.23 1.492 1.338 1.388 
1.386 1.289 1.949 2.189 2.522 2.463 2.364 1.64 1.548 1.832 
1.938 2.387 1.977 1.626 1.449 1.176 1.024 1.067 1.315 1.291 
1.13 1.162 1.45 1.977 2.66 3.207 2.459 1.662 1.459 1.466 
1.308 1.373 1.175 1.068 1.327 1.57 2.115 2.353 2.258 1.659 
2.036 2.327 2.018 1.581 1.493 1.403 1.336 1.221 1.39 1.356 
1.443 1.465 1.922 1.746 1.721 1.648 1.448 1.249 1.061 0.961 
0.953 1.353 1.758 2.706 4.239 7.442 7.845 9.635 6.906 6.56 
5.033 5.386 4.476 4.758 3.304 2.746 2.736 3.314 3.956 3.458 
3.054 2.937 3.052 3.121 3.438 3.781 4.112 4.563 3.84 4.453 
5.08 4.98 5.042 4.556 5.494 5.107 4.84 5.517 5.911 6.388 
5.738 5.588 5.519 4.534 4.008 4.195 4.172 3.971 4.338 3.99 
4.498 4.617 4.693 5.472 5.663 5.857 5.912 6.65 5.75 6.67 
7.135 7.117 5.822 6.334 5.871 5.557 5.736 6.276 5.784 5.893 
5.439 5.469 4.979 5.404 5.382 5.697 5.045 6.229 5.627 6.041 
5.348 5.27 5.2 4.528 4.668 4.516 4.466 4.558 5.082 4.439 
4.717 4.449 4.594 4.255 3.883 3.869 4.548 5.082 5.496 5.615 
6.127 6.183 7.302 6.557 6.062 6.737 7.246 6.145 7.8 8.09 
7.54 7.673 6.832 6.684 6.199 6.421 7.01 7.051 6.677 6.45 
7.736 7.749 8.089 7.844 8.228 8.121 8.23 7.749 8.948 9.241 
10.474 10.321 10.623 9.653 9.118 9.316 8.423 8.829 10.07 9.55 
9.662 10.923 9.84 8.84 10.22 11.25 10.764 11.732 10.302 9.249 
7.316 7.672 7.594 7.573 7.498 7.9 7.267 8.363 8.189 9.548 
8.436 9.266 7.934 9.137 8.611 9.414 9.169 10.105 8.883 10.376 
9.125 9.225 9.299 10.691 10.16 10.487 12.359 12.853 13.387 11.806 
12.1 13.682 11.881 13.543 15.0 14.088 15.0 15.0 14.96 15.0 
15.0 15.0 14.23 12.968 13.572 13.837 14.395 13.503 13.347 14.975 
15.0 15.0 15.0 13.7 11.588 10.881 8.685 7.76 6.904 6.971 
6.457 7.092 7.321 7.027 6.34 7.012 7.027 8.603 8.038 8.317 
8.948 10.016 11.36 12.668 13.777 12.405 12.642 12.278 12.888 12.852 
12.215 10.119 7.976 5.167 3.547 2.859 2.183 2.325 2.518 2.938 
3.947 4.726 4.76 4.822 5.253 6.312 5.868 6.617 6.396 6.104 
7.535 8.111 9.0 9.455 9.258 10.912 12.829 9.476 10.989 9.338 
8.557 8.648 8.724 8.596 7.435 7.685 8.417 8.516 7.975 9.177 
9.755 11.35 11.971 12.234 9.617 9.72 8.663 7.161 6.261 4.68 
3.771 3.548 3.379 3.325 3.048 2.96 3.694 3.348 3.114 2.58 
3.396 3.276 3.267 3.694 4.137 4.633 6.117 6.429 6.167 5.286 
5.474 4.922 5.542 4.955 4.664 5.028 5.094 5.447 5.5 6.34 
6.508 6.467 6.21 5.789 6.371 5.161 6.008 5.921 5.688 5.488 
6.157 5.592 5.817 5.682 5.485 5.43 5.42 5.708 6.5 6.636 
6.607 6.925 7.687 8.34 7.032 6.644 7.191 7.402 7.645 7.622 
9.417 10.098 10.373 10.857 10.715 11.189 10.527 11.32 12.03 13.934 
11.925 14.066 12.247 12.695 12.812 10.399 8.112 9.649 9.208 9.814 
8.351 9.078 8.935 9.506 9.78 9.447 8.278 6.262 5.154 4.452 
3.235 3.677 3.618 3.612 2.546 1.945 1.46 1.386 1.289 1.525 
1.878 2.273 1.829 1.627 1.413 1.427 1.627 1.72 2.278 3.195 
4.83 5.066 6.668 7.286 8.06 9.019 7.718 6.912 5.1 5.737 
5.721 5.432 5.449 6.444 7.968 9.862 9.956 
END
