PFRMAT local QA
AUTHOR LAW-CASP14
af2-standard_T1137s6_1.pdb local_accuracy_only 6.513 5.818 3.738 3.194 2.548 2.345 2.255 2.001 1.806 1.819 1.774 
1.629 1.654 1.921 1.823 1.888 1.847 1.905 1.936 1.895 1.853 
1.919 1.883 2.075 1.991 1.995 2.183 2.269 2.28 2.372 2.373 
2.483 2.623 2.798 2.957 2.952 2.498 2.724 1.863 1.484 1.021 
0.817 0.703 0.65 0.631 0.918 0.805 0.957 0.928 0.794 0.868 
0.915 0.764 0.957 0.979 1.205 0.911 1.059 0.687 0.79 0.78 
0.813 0.95 0.933 1.128 0.929 0.944 1.028 0.768 0.918 0.878 
0.772 0.875 1.109 1.296 1.839 1.49 1.278 0.937 0.804 0.662 
0.687 0.705 0.863 0.885 1.106 1.285 1.411 1.102 1.217 0.937 
1.277 1.139 1.325 0.823 0.776 0.628 0.616 0.626 0.67 0.92 
0.971 1.273 1.294 1.632 1.206 1.103 0.849 0.762 0.655 0.646 
0.667 0.759 1.292 1.736 2.639 3.105 2.576 1.993 1.429 1.149 
1.011 0.883 0.861 0.841 0.799 0.812 0.783 0.917 0.873 0.752 
0.793 0.834 0.937 1.524 1.991 2.294 2.732 2.787 2.47 3.094 
3.444 4.216 4.05 5.886 4.517 4.122 4.343 5.23 5.854 4.333 
4.234 6.242 11.569 14.216 6.763 12.162 10.171 6.583 8.993 15.0 
15.0 11.123 12.575 13.0 14.174 6.789 7.58 2.993 2.596 2.657 
2.385 2.124 2.008 2.115 2.301 2.247 2.195 2.247 2.224 2.016 
2.198 2.385 2.307 2.205 2.361 2.349 2.492 2.409 2.685 2.852 
2.992 2.89 3.068 2.705 2.936 3.096 3.041 3.053 3.098 2.788 
2.676 2.726 2.444 2.426 2.424 2.393 2.364 2.372 2.475 2.703 
2.564 2.308 2.352 2.123 1.942 1.837 1.904 1.834 1.867 2.131 
2.158 1.837 2.256 2.135 1.781 1.718 2.024 1.72 1.857 1.899 
1.873 1.949 1.96 2.077 2.37 2.138 2.262 2.446 2.511 2.28 
2.538 2.651 2.618 2.589 2.91 2.952 3.111 3.52 3.132 3.091 
2.883 3.222 3.194 3.287 3.337 3.558 3.318 3.556 3.632 3.335 
3.03 3.349 3.52 3.323 3.07 3.349 3.236 3.295 3.328 3.641 
3.318 3.123 3.158 3.1 3.107 3.1 3.606 3.94 3.594 3.739 
3.699 3.625 4.329 4.612 3.872 3.999 4.766 4.866 5.767 6.947 
8.832 9.731 11.523 13.975 15.0 14.741 15.0 15.0 15.0 15.0 
15.0 14.664 14.5 15.0 15.0 15.0 15.0 15.0 15.0 15.0 
15.0 15.0 15.0 15.0 15.0 15.0 15.0 15.0 15.0 14.41 
15.0 15.0 15.0 15.0 15.0 15.0 15.0 15.0 15.0 15.0 
15.0 15.0 15.0 15.0 15.0 15.0 15.0 15.0 15.0 15.0 
10.847 15.0 15.0 13.328 15.0 15.0 13.981 15.0 15.0 15.0 
13.542 15.0 15.0 15.0 15.0 12.085 10.598 6.215 6.127 5.311 
6.868 5.393 4.149 3.292 2.844 3.228 2.94 2.898 3.306 2.727 
2.594 3.221 3.845 4.053 4.026 3.126 3.273 3.455 3.012 3.41 
3.94 5.611 8.411 12.09 11.134 15.0 15.0 15.0 15.0 15.0 
15.0 15.0 15.0 15.0 15.0 15.0 14.062 5.891 5.564 6.165 
6.708 7.565 10.213 14.282 15.0 15.0 15.0 13.66 11.401 10.291 
4.939 4.631 12.54 8.615 6.005 8.423 11.416 8.536 15.0 15.0 
15.0 15.0 15.0 15.0 15.0 15.0 15.0 15.0 15.0 15.0 
15.0 15.0 15.0 15.0 15.0 15.0 15.0 15.0 15.0 15.0 
15.0 15.0 15.0 15.0 15.0 15.0 15.0 15.0 15.0 15.0 
15.0 15.0 15.0 15.0 15.0 15.0 15.0 15.0 15.0 15.0 
15.0 15.0 15.0 15.0 15.0 15.0 15.0 15.0 15.0 15.0 
15.0 15.0 15.0 15.0 15.0 15.0 15.0 15.0 12.966 13.106 
8.545 9.672 10.813 4.776 6.433 8.65 12.187 10.368 11.668 7.727 
6.731 8.783 13.002 11.344 12.501 10.282 12.258 9.571 9.376 11.681 
14.007 15.0 15.0 15.0 15.0 15.0 15.0 15.0 15.0 15.0 
15.0 13.553 12.555 11.975 12.189 11.772 9.081 
END
