PFRMAT local QA
AUTHOR LAW-CASP14
af2-standard_T1187_4.pdb local_accuracy_only 11.523 11.693 9.831 1.457 1.165 1.027 1.011 1.225 1.159 1.439 1.171 
1.073 1.119 1.108 1.225 1.665 1.665 2.083 2.127 2.419 3.01 
2.546 2.638 3.15 3.305 3.687 4.657 4.752 6.061 6.167 6.212 
3.976 4.811 2.172 4.253 3.176 4.966 3.894 4.835 3.506 3.629 
2.976 1.647 1.193 1.032 1.045 1.037 1.11 1.195 1.474 1.473 
1.927 1.617 1.502 1.728 1.588 1.314 1.061 0.933 0.864 0.851 
0.826 0.813 0.854 0.909 1.031 1.162 1.847 2.145 2.711 2.951 
2.574 3.723 4.081 3.624 3.588 2.798 1.599 2.027 1.323 1.829 
1.324 1.593 1.864 1.892 2.519 2.875 4.357 6.881 7.826 7.897 
7.544 6.824 5.098 3.983 2.759 1.397 1.565 1.156 1.416 1.448 
2.232 2.308 3.017 4.615 3.848 7.491 7.415 6.777 4.659 2.872 
1.461 1.172 1.379 1.234 1.206 1.397 1.405 1.758 1.663 1.52 
1.237 1.104 0.97 0.924 0.852 0.914 0.941 0.896 0.901 0.955 
1.102 1.46 1.765 1.739 2.039 1.816 1.747 1.322 1.21 1.135 
0.997 0.996 1.008 1.103 1.431 1.925 2.872 3.122 3.391 3.481 
3.182 2.631 2.596 1.829 1.435 1.379 1.077 1.183 0.962 0.888 
0.897 0.908 1.034 1.183 0.91 
END
