PFRMAT local QA
AUTHOR MASS-CASP14
af2-standard_T1187_4.pdb local_accuracy_only 6.263 4.459 2.922 2.104 1.559 1.128 1.144 1.191 1.192 1.485 1.488 
1.346 1.318 1.214 1.318 1.505 1.554 1.879 1.663 2.095 1.944 
1.849 1.676 1.861 1.99 2.161 2.656 3.515 4.706 6.168 7.607 
6.999 7.597 7.365 8.056 8.756 8.371 7.71 6.711 5.405 4.361 
3.089 2.252 1.8 1.399 1.476 1.578 1.625 1.438 1.735 2.344 
2.751 3.174 2.642 3.061 2.749 2.167 1.56 1.288 1.035 1.055 
1.029 1.029 1.022 1.039 1.061 1.443 1.986 3.178 4.298 4.962 
5.43 5.899 6.631 6.685 6.936 6.704 5.955 4.982 4.709 4.368 
3.532 3.679 3.209 3.744 4.154 4.642 5.318 6.214 7.683 8.773 
8.759 9.226 7.639 5.719 4.091 2.922 2.39 2.167 2.005 2.257 
2.493 2.947 3.532 3.624 3.585 3.724 4.455 4.866 4.339 3.954 
3.294 2.634 2.211 1.971 1.762 1.679 1.813 2.354 2.059 1.723 
1.12 0.055 0.0 0.0 0.0 0.0 0.0 1.138 1.125 1.389 
1.639 2.167 2.407 2.759 2.841 2.527 1.983 1.533 0.864 0.017 
0.173 0.324 1.08 1.199 1.376 1.775 2.67 3.522 4.149 4.169 
3.982 4.132 3.567 2.721 2.245 2.283 1.745 1.719 1.446 1.212 
1.119 1.081 1.373 1.691 2.317 
END
