PFRMAT local QA
AUTHOR MASS-CASP14
af2-standard_T1115_3.pdb local_accuracy_only 15.0 15.0 15.0 15.0 15.0 15.0 15.0 15.0 15.0 15.0 15.0 
15.0 15.0 15.0 15.0 14.857 12.179 13.942 12.442 12.639 10.512 
11.11 9.669 9.197 8.223 6.195 5.799 6.0 6.048 5.728 5.675 
6.084 4.956 5.82 5.037 4.699 4.721 5.129 5.063 5.37 6.257 
6.963 7.607 8.4 8.09 8.179 8.191 6.597 5.95 4.832 4.795 
3.646 2.437 2.303 2.303 2.161 1.951 2.314 3.009 3.494 3.202 
3.05 2.989 2.77 2.447 2.534 2.527 2.788 3.042 2.876 2.632 
3.51 4.079 5.619 6.625 6.05 6.993 7.659 7.393 6.72 6.334 
6.504 6.001 5.817 5.136 6.236 7.368 7.053 6.657 5.158 3.753 
3.56 3.176 3.036 3.201 3.208 2.609 2.157 1.831 1.268 1.217 
1.066 1.075 1.202 1.178 1.115 1.212 1.231 1.204 1.085 1.288 
1.407 1.336 1.324 1.132 0.915 0.121 0.018 0.0 0.0 0.0 
0.0 0.0 0.037 1.028 1.11 1.511 1.616 1.881 1.743 1.668 
1.434 1.565 1.623 1.629 1.228 1.624 1.488 1.569 1.484 1.268 
1.182 1.119 1.257 1.291 1.169 1.129 1.058 0.997 0.994 1.016 
1.114 1.093 1.083 0.933 1.175 1.283 1.2 1.198 1.17 1.232 
1.18 1.211 1.238 1.347 1.22 1.365 1.508 1.287 0.918 0.191 
0.002 0.0 0.0 0.0 0.0 0.0 0.0 0.03 1.219 1.294 
1.248 1.196 1.188 0.0 0.0 0.0 0.0 0.0 0.0 0.0 
0.0 0.738 1.221 1.415 1.326 1.387 1.524 1.716 2.4 2.84 
2.336 2.113 2.119 2.238 2.098 2.708 2.919 3.612 3.362 3.164 
3.293 3.077 2.919 3.161 3.125 3.428 3.235 3.592 3.749 4.475 
4.773 5.462 4.754 5.303 6.134 5.514 6.151 5.398 5.42 5.45 
4.929 4.925 5.445 4.791 4.732 4.334 4.84 4.967 5.051 4.783 
4.792 5.725 5.754 5.905 6.057 7.017 6.12 5.831 6.028 6.13 
6.822 7.08 9.08 8.651 8.908 9.796 9.966 9.451 11.027 11.212 
14.087 14.648 15.0 10.511 8.716 7.968 7.458 6.682 6.97 6.909 
7.734 7.436 7.822 8.297 8.331 8.642 8.6 9.053 9.569 10.119 
12.362 13.622 15.0 15.0 15.0 15.0 15.0 
END
