PFRMAT local QA
AUTHOR LAW-CASP14
af2-standard_T1115_3.pdb local_accuracy_only 15.0 15.0 15.0 15.0 15.0 15.0 15.0 15.0 15.0 15.0 15.0 
15.0 15.0 15.0 15.0 15.0 15.0 15.0 15.0 15.0 15.0 
15.0 15.0 15.0 15.0 15.0 15.0 15.0 15.0 15.0 14.511 
15.0 15.0 15.0 15.0 15.0 15.0 14.208 15.0 15.0 14.338 
12.525 12.95 11.374 13.049 14.345 15.0 15.0 14.124 14.331 15.0 
15.0 11.351 8.309 5.767 2.873 2.035 1.753 1.854 1.547 1.495 
1.528 1.716 1.75 2.626 4.565 3.84 7.619 6.068 3.494 2.749 
2.665 2.901 2.664 2.281 1.839 1.924 1.899 1.862 2.174 3.582 
3.99 7.575 6.76 9.503 10.326 10.783 9.231 8.585 7.85 4.036 
2.374 1.87 1.337 1.316 1.142 1.108 1.055 0.96 0.972 0.908 
1.12 0.939 1.098 1.052 1.007 1.043 0.944 1.029 0.971 1.046 
1.02 1.051 1.031 1.049 0.991 1.023 0.996 1.049 0.99 0.903 
0.806 0.76 0.746 0.781 0.846 0.829 0.93 1.103 1.257 1.071 
1.021 1.402 1.398 1.344 1.347 1.747 1.323 1.159 1.095 1.082 
0.993 0.884 0.877 0.881 0.814 0.774 0.888 0.849 0.841 0.826 
0.91 0.925 0.925 0.897 0.978 1.017 0.974 0.968 1.034 1.044 
1.056 0.973 1.104 1.091 1.189 1.071 1.201 1.206 1.0 1.015 
1.057 1.036 0.861 0.88 1.027 1.002 0.868 0.946 1.114 1.119 
0.869 0.966 1.047 0.956 0.852 0.772 0.791 0.746 0.766 0.847 
0.856 0.989 0.989 1.065 1.107 1.112 1.08 1.283 1.348 1.861 
1.798 1.664 1.829 1.881 1.886 1.947 2.151 2.464 3.062 4.569 
6.896 9.409 12.205 14.12 15.0 15.0 15.0 15.0 15.0 15.0 
14.399 13.192 9.32 7.901 5.683 4.81 4.981 3.599 3.703 3.173 
2.855 2.889 2.929 3.265 3.342 3.302 3.259 3.305 3.359 3.822 
4.668 3.791 4.147 4.092 4.005 4.193 4.536 6.749 9.928 13.12 
10.266 11.314 13.646 15.0 15.0 15.0 15.0 15.0 15.0 15.0 
15.0 15.0 15.0 15.0 15.0 15.0 13.556 8.748 5.292 5.293 
4.31 4.208 5.013 4.005 3.976 4.451 4.922 5.591 5.735 5.8 
5.651 6.097 7.503 9.126 10.156 10.604 11.456 
END
