PFRMAT local QA
AUTHOR LAW-CASP14
af2-standard_T1137s1_3.pdb local_accuracy_only 15.0 15.0 15.0 15.0 15.0 15.0 15.0 15.0 15.0 15.0 15.0 
15.0 15.0 10.463 11.1 14.924 14.815 8.507 9.273 13.965 13.974 
13.675 12.032 11.636 8.729 13.22 11.037 13.301 9.139 8.56 5.123 
5.513 7.408 5.299 3.8 3.522 3.155 2.862 2.299 2.541 2.445 
2.214 2.064 2.026 1.986 1.627 1.29 1.095 1.031 1.002 1.061 
0.982 0.912 0.996 1.188 1.524 1.541 1.265 1.339 1.311 1.319 
1.211 1.149 1.108 1.144 0.967 0.991 0.859 1.002 1.091 1.26 
1.309 1.189 1.1 0.966 0.911 0.961 0.918 1.077 1.088 1.086 
1.084 1.527 1.477 2.805 2.606 3.679 3.656 3.197 2.308 1.481 
1.297 1.051 0.943 0.92 0.925 0.978 0.941 1.084 1.185 1.363 
1.214 1.353 1.521 1.514 1.424 1.571 1.56 1.471 1.221 1.124 
0.931 0.993 0.959 0.978 1.288 1.382 1.711 1.813 1.708 1.57 
1.327 1.114 0.95 0.854 0.956 0.985 1.066 1.518 1.525 2.476 
2.582 1.808 2.007 1.707 1.705 1.66 1.617 1.77 1.449 1.858 
1.567 1.152 1.045 1.092 1.129 1.271 1.259 1.364 1.329 1.928 
1.791 2.225 2.53 2.63 2.657 3.132 3.317 3.743 3.492 4.323 
4.171 4.105 3.572 3.83 3.85 2.877 2.81 2.6 2.462 2.416 
2.3 2.488 2.696 2.574 2.396 2.735 2.702 2.789 3.424 3.611 
3.331 3.55 3.867 5.553 5.569 6.216 6.765 6.95 6.986 10.194 
13.07 12.101 11.523 12.85 10.454 9.042 11.418 13.41 9.604 8.978 
7.462 5.898 4.672 4.626 4.551 3.477 3.044 2.718 2.416 2.328 
2.389 2.525 2.449 2.588 2.947 3.055 2.928 3.415 3.581 3.359 
3.278 3.563 3.283 3.297 3.464 3.636 3.454 3.449 3.607 3.438 
3.211 3.395 3.407 3.192 3.334 3.61 3.493 3.013 3.108 3.103 
3.144 3.066 3.203 2.861 2.911 2.765 3.374 3.217 3.41 3.359 
3.206 3.381 3.905 4.351 3.944 4.193 5.383 7.895 9.62 12.811 
14.632 14.164 15.0 15.0 15.0 15.0 15.0 13.999 13.521 11.372 
9.752 8.775 6.19 5.136 4.264 3.458 3.195 2.918 2.895 2.761 
2.742 2.729 2.762 2.93 3.118 3.63 3.593 3.686 3.779 4.008 
4.184 3.838 3.834 3.258 3.073 2.87 2.638 2.087 2.076 2.063 
1.972 1.964 2.059 2.1 2.143 2.276 2.281 2.313 2.402 2.533 
2.712 2.828 3.361 4.038 5.137 6.229 6.977 6.633 9.689 9.433 
8.716 10.241 10.634 9.692 14.18 15.0 15.0 15.0 15.0 15.0 
14.12 12.954 12.381 9.876 6.505 4.368 5.13 4.22 3.888 4.107 
4.151 4.509 3.896 3.995 4.424 4.962 6.066 8.912 9.659 10.13 
9.959 12.566 11.25 10.321 5.682 5.526 6.44 11.04 14.859 15.0 
15.0 15.0 15.0 15.0 15.0 15.0 15.0 15.0 15.0 14.904 
10.457 7.56 6.031 4.26 4.32 3.817 4.087 5.059 4.29 4.406 
4.39 5.058 5.648 6.308 7.911 10.038 12.419 13.408 15.0 15.0 
15.0 15.0 15.0 15.0 15.0 15.0 14.864 14.925 15.0 14.717 
13.299 13.95 14.426 12.038 14.312 15.0 15.0 15.0 
END
