PFRMAT local QA
AUTHOR MASS-CASP14
af2-standard_T1137s1_3.pdb local_accuracy_only 15.0 15.0 15.0 15.0 15.0 15.0 15.0 15.0 15.0 15.0 15.0 
15.0 15.0 15.0 14.535 12.179 10.274 11.424 10.641 8.813 9.013 
7.709 7.282 7.001 6.428 6.755 6.425 6.16 5.52 5.394 5.649 
5.139 5.4 5.077 4.479 4.124 4.084 3.948 4.023 3.991 4.186 
4.41 4.107 4.355 4.191 3.976 3.017 2.068 1.615 1.435 1.422 
1.179 1.071 1.148 1.326 1.706 2.029 2.005 2.16 2.353 2.482 
2.039 2.225 2.443 2.405 1.832 1.779 1.543 1.63 1.977 2.02 
2.207 1.93 1.715 1.71 1.656 1.611 1.723 2.326 2.388 2.588 
2.956 3.862 4.618 6.067 7.784 8.422 9.171 7.358 6.079 4.167 
3.133 2.266 1.885 1.801 1.826 1.733 1.768 1.808 2.763 2.791 
3.118 3.394 3.334 2.982 2.197 2.211 2.279 2.065 1.747 1.478 
1.445 1.373 1.279 1.293 1.394 1.562 1.769 2.246 2.396 2.353 
1.993 1.453 1.272 1.055 1.034 1.036 1.405 1.998 3.875 7.018 
8.687 10.323 10.395 10.679 8.492 7.176 6.508 9.9 11.682 11.241 
8.417 8.611 6.793 8.096 11.237 10.074 8.324 5.887 5.92 5.61 
5.059 4.667 4.991 4.636 4.26 4.561 5.438 5.233 5.58 6.074 
5.988 5.459 5.269 5.646 5.182 5.327 4.271 5.243 5.256 4.937 
4.371 4.432 4.861 4.592 4.541 5.79 5.44 6.355 6.08 7.344 
7.219 6.326 6.471 7.064 6.714 8.052 9.485 10.178 8.021 9.061 
9.439 8.852 9.234 9.982 9.358 8.868 7.769 9.445 7.776 8.24 
8.599 9.368 7.791 6.695 7.642 6.738 7.044 6.079 6.893 5.74 
5.763 5.755 5.693 4.77 5.073 5.388 5.135 5.148 4.892 4.621 
5.249 5.336 6.167 5.546 6.393 7.134 7.877 6.582 7.006 5.995 
5.385 5.905 6.588 6.561 6.892 8.097 8.789 8.598 8.695 8.891 
8.252 7.327 6.939 6.77 6.591 6.52 7.175 6.994 7.553 7.677 
6.512 5.465 6.273 5.727 5.916 6.646 8.07 7.358 7.744 6.782 
8.469 7.433 8.249 7.147 8.269 6.623 7.393 6.979 7.122 7.117 
8.213 8.968 9.85 9.661 10.588 10.767 9.753 9.486 8.472 9.051 
9.664 9.709 9.03 8.436 8.016 7.78 6.167 6.6 6.249 6.083 
5.121 5.559 5.382 4.943 4.915 4.858 4.544 3.443 3.237 3.539 
3.635 3.878 4.138 4.404 5.271 5.685 5.96 5.739 6.416 5.285 
6.477 6.339 8.225 9.98 12.207 10.894 13.054 12.793 15.0 14.107 
15.0 13.517 11.979 11.964 13.497 12.182 12.475 10.296 11.422 9.992 
10.035 9.476 9.174 8.031 8.248 7.308 6.894 6.742 7.508 6.652 
6.16 6.311 5.407 5.724 5.665 6.721 5.905 5.344 4.892 4.014 
4.221 5.002 5.302 5.626 5.81 6.272 6.981 7.532 8.784 8.51 
9.418 8.76 8.968 10.141 8.917 8.069 8.45 8.102 10.347 9.166 
9.536 9.443 8.026 9.407 9.225 11.188 10.361 10.451 8.739 9.55 
9.532 10.916 10.593 11.537 9.628 9.058 8.248 8.405 7.962 7.758 
7.373 6.516 6.585 7.07 6.934 7.32 6.892 8.354 9.763 11.087 
12.215 11.879 12.104 12.026 13.436 13.624 15.0 15.0 
END
