PFRMAT local QA
AUTHOR LAW-CASP14
af2-standard_T1106s1_1.pdb local_accuracy_only 15.0 15.0 15.0 15.0 15.0 15.0 15.0 15.0 15.0 15.0 15.0 
15.0 15.0 15.0 15.0 15.0 15.0 14.888 14.621 15.0 14.354 
14.943 15.0 13.816 14.586 13.317 11.235 10.947 13.499 8.652 11.548 
13.345 5.608 6.45 9.999 10.442 8.739 10.049 15.0 15.0 15.0 
15.0 15.0 14.459 12.193 13.959 14.334 10.329 7.972 6.19 3.66 
3.981 3.091 3.051 3.097 3.047 3.152 3.188 3.367 3.501 3.502 
4.195 5.399 9.628 7.03 6.178 8.67 8.723 4.447 3.438 3.858 
4.944 3.393 3.694 3.181 3.101 2.499 2.383 1.89 2.053 1.709 
1.869 1.643 1.666 1.821 1.792 1.622 1.904 1.991 2.177 2.647 
2.351 2.405 2.065 1.906 1.842 1.785 1.83 1.669 1.783 1.761 
1.796 1.786 1.973 1.975 2.474 2.157 2.209 2.21 2.353 2.415 
2.217 2.222 2.648 2.66 2.243 2.681 2.848 2.605 2.973 3.766 
2.586 
END
