PFRMAT local QA
AUTHOR MASS-CASP14
af2-standard_T1106s1_1.pdb local_accuracy_only 15.0 15.0 15.0 15.0 15.0 15.0 15.0 15.0 15.0 15.0 15.0 
15.0 14.486 13.388 14.932 13.573 12.29 11.926 11.119 11.745 12.883 
11.811 11.877 12.331 14.386 14.76 15.0 15.0 14.892 15.0 15.0 
15.0 15.0 14.898 15.0 15.0 15.0 15.0 15.0 15.0 15.0 
14.241 12.487 14.97 14.01 14.634 13.781 13.328 12.94 12.795 11.979 
9.874 8.41 8.655 8.658 8.488 8.0 8.469 8.634 9.609 9.16 
9.708 10.675 9.436 9.647 8.616 7.043 5.023 4.091 3.346 3.977 
3.325 3.131 3.197 2.607 2.439 2.338 2.13 2.167 1.968 1.976 
1.85 1.588 1.634 1.551 1.704 1.524 1.793 2.09 2.45 3.072 
3.203 3.48 3.698 3.094 3.759 3.681 3.03 3.153 3.222 3.243 
3.005 3.396 3.585 4.083 4.558 5.72 6.524 7.08 7.838 7.359 
8.045 8.33 9.652 9.593 10.739 10.211 12.12 13.229 14.205 15.0 
14.575 
END
