PFRMAT local QA
AUTHOR MASS-CASP14
af2-standard_T1157s1_4.pdb local_accuracy_only 4.244 2.962 2.261 2.215 2.22 1.878 1.938 2.124 2.04 1.597 1.645 
1.761 1.458 1.213 1.443 1.469 1.424 1.346 1.602 1.39 1.348 
1.432 1.666 1.262 1.233 1.099 1.162 1.123 1.087 1.014 1.059 
1.243 1.868 1.79 1.541 1.359 1.433 1.906 2.045 2.664 2.976 
3.494 4.747 5.177 4.821 4.704 4.431 3.511 3.264 3.546 3.062 
2.924 2.634 2.246 2.376 2.688 2.854 1.969 1.756 1.534 1.447 
1.525 1.432 1.647 1.471 1.359 1.493 1.502 1.375 1.765 1.676 
1.724 2.438 3.155 4.165 4.829 6.317 7.875 7.946 10.336 8.552 
7.323 5.027 3.749 2.583 1.86 1.677 1.879 1.761 1.361 1.572 
1.606 1.465 1.312 1.611 1.67 1.42 1.618 2.041 2.202 2.097 
2.255 2.593 2.858 3.305 3.681 4.667 5.492 6.663 8.489 8.273 
8.392 7.464 6.576 4.882 3.664 2.622 1.827 1.858 1.778 2.083 
1.867 1.752 1.495 1.714 1.746 1.483 1.63 1.466 1.385 1.317 
1.456 1.461 1.314 1.264 1.246 1.24 1.108 1.156 1.259 1.239 
1.075 1.111 1.402 1.746 1.871 1.735 1.616 2.068 2.451 3.733 
4.921 5.14 6.092 7.096 9.685 11.82 12.786 13.096 11.888 11.155 
9.746 8.435 7.873 7.836 7.842 7.038 6.189 6.583 7.567 8.967 
8.006 5.826 4.996 2.966 2.518 2.206 1.881 1.562 1.336 1.233 
1.465 1.46 1.152 1.094 1.166 1.145 1.228 1.376 1.335 1.253 
1.354 1.309 1.292 1.315 1.547 1.752 1.877 1.73 1.721 1.263 
1.196 1.13 1.378 1.115 1.165 1.207 1.233 1.549 1.842 1.57 
1.66 2.171 2.302 2.575 3.196 3.199 2.762 3.412 3.237 3.397 
4.184 4.151 4.263 4.421 5.608 6.37 6.724 5.844 6.02 5.155 
4.816 4.173 3.756 3.084 2.362 2.104 1.83 1.541 1.2 1.247 
1.266 1.286 1.298 1.282 1.292 1.183 1.257 1.243 1.312 1.229 
1.372 1.468 1.272 1.41 1.505 1.54 1.352 1.689 1.632 1.479 
1.221 1.132 1.154 1.306 1.311 1.161 1.266 1.348 1.318 1.325 
1.433 1.609 1.498 1.53 1.769 1.763 2.058 2.345 2.751 2.502 
2.524 2.044 1.638 1.609 1.627 1.29 1.11 1.236 1.41 1.808 
1.642 1.469 1.432 1.285 1.421 1.831 1.507 1.519 1.348 1.412 
1.239 1.263 1.417 1.194 1.15 1.321 1.365 1.342 1.411 1.446 
1.531 1.542 1.4 1.405 1.541 1.677 1.544 1.47 1.801 2.222 
2.538 2.601 2.818 2.849 3.391 5.161 5.931 7.485 8.302 9.815 
10.751 12.038 12.959 13.503 11.896 10.616 8.248 6.836 5.063 5.023 
4.404 3.864 4.196 4.686 4.952 5.214 6.174 5.508 5.623 5.848 
5.929 5.773 4.362 3.483 2.479 2.335 2.3 1.741 1.545 1.617 
1.868 1.598 1.479 1.823 1.736 1.468 1.518 1.567 1.466 1.282 
1.612 1.899 2.244 2.343 2.893 3.819 4.702 5.181 4.673 3.539 
3.058 2.686 2.238 2.515 2.106 2.025 2.177 2.434 3.231 3.377 
2.671 2.831 2.111 2.223 2.299 2.431 2.271 2.267 2.643 2.825 
3.19 3.258 3.583 3.475 3.029 2.75 2.373 2.009 1.706 1.724 
1.785 1.88 1.894 1.956 1.626 1.828 1.599 1.363 1.43 1.713 
1.612 1.71 1.941 1.687 1.897 1.925 1.991 1.636 1.611 1.929 
1.834 1.802 1.369 1.256 1.268 1.136 1.107 1.199 1.315 1.628 
1.855 2.946 3.708 3.769 3.666 3.702 4.362 4.446 4.463 3.106 
2.406 1.958 1.843 1.71 1.521 1.502 1.58 1.546 1.555 1.494 
1.524 1.626 1.704 1.701 1.601 1.312 1.372 1.555 1.441 1.532 
1.554 1.474 1.252 1.171 1.266 1.412 1.402 1.337 1.348 1.478 
1.531 1.274 1.104 1.436 1.413 1.224 1.462 1.731 1.498 1.084 
1.11 1.375 1.634 1.288 1.197 1.13 0.999 1.038 0.991 1.247 
1.185 1.279 1.871 1.84 1.583 1.276 1.249 1.329 1.316 1.335 
1.415 1.671 1.616 1.434 1.447 1.285 1.272 1.263 1.172 1.232 
1.355 1.479 1.486 1.543 1.795 1.654 1.608 1.727 2.105 2.212 
1.963 2.193 1.959 1.981 2.235 2.19 2.447 2.581 2.178 1.763 
1.327 1.273 1.36 1.454 1.408 1.251 1.17 1.033 0.907 1.132 
1.391 1.673 2.58 3.387 4.832 6.251 10.258 11.925 14.423 15.0 
15.0 15.0 15.0 15.0 15.0 15.0 15.0 15.0 15.0 15.0 
15.0 15.0 15.0 15.0 15.0 15.0 15.0 15.0 15.0 12.753 
9.181 7.244 6.726 5.988 6.468 7.332 8.594 10.218 10.351 10.421 
9.36 9.316 7.991 6.612 6.028 5.26 4.573 5.87 5.307 4.263 
3.799 3.07 2.639 2.358 2.568 2.171 2.256 2.43 2.37 2.052 
2.23 2.428 2.61 2.968 3.902 4.445 6.439 7.721 10.679 15.0 
15.0 15.0 15.0 15.0 15.0 15.0 15.0 15.0 15.0 15.0 
15.0 15.0 14.907 15.0 14.83 12.337 8.405 6.904 4.728 3.55 
2.914 2.523 2.675 3.13 3.693 4.33 5.233 4.072 4.181 5.224 
6.824 6.813 6.233 6.013 5.988 5.609 5.959 4.785 4.069 3.318 
2.557 2.021 1.642 1.575 1.358 1.495 1.42 1.506 1.56 1.996 
2.656 3.335 4.495 5.688 7.729 9.033 10.503 10.095 9.317 9.709 
9.116 7.797 7.324 6.124 5.706 4.753 4.845 4.701 3.045 2.456 
2.371 2.324 2.581 2.825 3.027 2.733 2.128 1.503 1.519 1.554 
1.942 2.04 1.827 1.783 1.75 1.354 1.211 1.209 1.223 1.21 
1.287 1.265 1.398 2.247 3.311 3.797 3.075 2.704 1.726 1.34 
1.241 1.158 1.138 1.065 1.122 1.285 1.716 1.758 1.625 1.524 
2.219 2.899 2.727 2.249 1.674 1.462 1.433 1.483 1.693 2.025 
2.54 2.351 2.164 2.771 2.915 3.003 3.144 2.777 2.87 2.386 
2.238 2.261 2.116 2.354 2.967 3.46 4.322 4.267 4.573 5.11 
4.069 3.702 3.808 3.781 3.966 4.681 5.225 6.153 7.239 10.17 
15.0 15.0 15.0 15.0 15.0 15.0 15.0 15.0 15.0 15.0 
15.0 15.0 15.0 15.0 15.0 15.0 15.0 15.0 15.0 15.0 
15.0 15.0 15.0 15.0 15.0 15.0 15.0 15.0 15.0 15.0 
15.0 15.0 14.427 13.181 11.489 12.242 11.85 13.379 12.597 14.749 
12.751 12.451 11.045 10.225 8.301 7.439 7.505 8.088 7.674 7.066 
6.41 6.51 6.793 6.726 7.094 7.619 8.705 8.678 9.291 9.822 
12.252 11.311 12.443 14.055 15.0 14.699 15.0 13.086 13.885 12.95 
13.171 10.99 8.932 7.856 6.862 5.306 5.141 5.499 5.619 5.105 
4.688 3.836 3.492 4.177 4.705 4.685 5.789 4.889 3.791 3.722 
3.446 3.849 2.836 3.606 4.334 5.081 6.071 6.456 7.437 8.16 
9.87 10.074 10.897 10.526 9.208 7.751 8.647 8.888 6.883 7.723 
7.791 7.538 7.063 5.738 5.361 4.029 3.564 2.941 2.55 2.346 
1.925 1.588 1.614 1.79 1.744 2.035 2.509 2.614 2.926 4.508 
3.824 3.333 2.612 2.962 3.358 4.491 4.089 4.828 5.368 5.476 
3.904 1.851 1.698 1.372 1.196 1.18 1.202 1.322 1.643 1.854 
1.618 1.496 1.54 1.741 1.704 1.543 1.264 1.664 1.464 1.391 
1.747 1.805 1.742 2.06 2.318 2.17 2.371 2.356 1.44 1.205 
1.219 1.031 0.919 0.927 0.871 0.961 1.155 1.926 2.644 3.929 
5.093 5.968 6.786 6.779 5.453 4.49 2.97 2.716 2.425 2.207 
2.306 2.26 2.899 3.592 3.242 2.716 2.795 3.616 4.074 4.47 
3.977 3.2 2.519 1.933 1.649 1.59 1.35 1.134 1.1 1.094 
1.148 1.089 1.141 1.649 1.798 1.991 2.345 2.464 2.163 2.145 
2.255 2.379 2.311 2.782 3.261 3.742 3.021 1.98 1.667 1.578 
1.542 1.658 1.798 1.614 1.774 1.669 1.605 1.826 2.455 2.511 
2.443 1.833 1.512 1.365 1.363 1.416 1.24 1.471 1.688 2.066 
3.148 3.783 5.222 6.877 9.344 9.028 10.698 10.841 
END
