PFRMAT local QA
AUTHOR LAW-CASP14
af2-standard_T1157s1_4.pdb local_accuracy_only 1.311 1.183 0.978 1.03 1.149 0.921 0.877 1.042 0.979 0.788 0.871 
0.941 0.873 0.791 0.907 0.914 0.829 0.793 0.939 0.903 0.73 
0.86 0.917 0.907 0.729 0.741 0.761 0.725 0.711 0.611 0.686 
0.75 0.789 0.965 1.048 1.019 0.865 0.808 0.757 1.146 1.955 
3.221 5.598 6.042 4.554 3.196 2.171 1.756 1.471 1.284 1.306 
1.263 0.91 0.952 0.991 1.285 1.109 0.864 0.721 0.696 0.631 
0.707 0.664 0.654 0.648 0.628 0.611 0.608 0.702 0.666 0.733 
0.821 1.059 1.102 1.399 2.291 4.52 5.996 2.973 5.711 3.275 
1.47 1.695 1.478 1.357 0.97 0.921 1.071 0.915 0.774 0.958 
0.945 0.809 0.753 0.905 0.881 0.859 0.923 1.032 1.091 1.405 
1.697 1.198 1.503 1.917 3.083 3.338 3.595 3.095 2.755 2.966 
1.983 2.962 2.739 2.292 2.205 1.432 0.818 1.088 0.921 0.865 
0.845 0.782 0.664 0.595 0.537 0.509 0.581 0.57 0.511 0.543 
0.569 0.555 0.496 0.516 0.541 0.482 0.459 0.473 0.476 0.485 
0.548 0.604 0.611 0.755 0.898 0.833 0.774 0.941 1.01 1.284 
1.647 1.279 1.588 1.122 2.066 1.661 2.412 3.176 2.915 2.706 
2.008 1.313 2.001 1.524 1.707 1.222 1.316 1.508 1.578 2.185 
1.911 2.125 1.594 1.41 0.97 1.094 0.871 0.747 0.568 0.54 
0.722 0.592 0.465 0.504 0.589 0.536 0.481 0.571 0.598 0.573 
0.659 0.827 0.65 0.69 1.049 0.848 1.206 0.895 0.75 0.63 
0.637 0.692 0.636 0.635 0.627 0.722 0.688 0.802 0.809 0.744 
0.946 1.325 1.469 1.587 1.711 1.59 1.301 1.378 1.477 1.845 
3.189 5.185 8.737 9.923 13.257 13.625 12.834 12.566 12.115 10.527 
8.079 4.551 2.187 1.824 1.327 1.074 0.91 0.731 0.638 0.588 
0.518 0.556 0.514 0.498 0.5 0.523 0.532 0.55 0.533 0.487 
0.523 0.556 0.501 0.539 0.634 0.701 0.719 0.751 0.594 0.63 
0.711 0.501 0.522 0.627 0.591 0.468 0.513 0.541 0.491 0.472 
0.551 0.587 0.524 0.583 0.669 0.669 0.728 0.793 0.897 0.945 
0.728 0.749 0.696 0.937 0.853 0.9 0.827 1.018 0.872 1.059 
1.144 0.91 1.03 1.092 1.126 1.502 1.448 1.473 0.946 0.892 
0.832 0.781 0.767 0.665 0.612 0.625 0.531 0.49 0.51 0.528 
0.551 0.532 0.589 0.547 0.607 0.623 0.666 0.707 0.866 0.922 
1.476 1.533 4.162 5.465 5.847 6.562 5.16 3.761 3.794 3.742 
5.438 10.833 13.618 14.505 13.524 13.92 10.5 9.652 6.17 5.866 
2.801 2.527 2.996 3.977 3.424 4.232 3.9 3.339 2.17 2.446 
2.601 1.621 0.995 1.151 1.049 0.825 0.934 0.86 0.673 0.679 
0.737 0.58 0.581 0.7 0.662 0.564 0.59 0.688 0.62 0.635 
0.677 0.666 0.719 0.792 0.818 1.052 1.218 1.581 1.447 1.075 
0.932 0.862 0.934 1.088 1.192 1.118 1.4 1.139 1.372 1.486 
1.103 1.271 1.528 1.811 1.732 1.849 1.401 1.124 0.993 0.948 
0.901 0.873 0.769 0.736 0.806 0.733 0.728 0.77 0.859 0.759 
0.891 0.964 1.158 0.977 0.833 0.784 0.751 0.671 0.656 0.671 
0.66 0.608 0.681 0.714 0.667 0.733 0.823 0.798 0.824 0.961 
0.934 1.015 0.956 0.948 1.038 1.286 1.309 1.379 1.362 1.652 
1.549 1.844 1.942 1.568 1.713 1.919 1.884 2.472 2.324 1.946 
1.746 1.31 1.001 0.764 0.686 0.659 0.578 0.616 0.605 0.564 
0.564 0.577 0.616 0.58 0.577 0.593 0.627 0.651 0.689 0.805 
0.735 0.778 0.732 0.793 0.672 0.743 0.852 0.79 0.713 0.8 
0.814 0.778 0.755 0.834 0.812 0.832 0.905 0.914 0.967 0.858 
0.894 0.881 0.978 0.956 0.843 0.821 0.799 0.784 0.985 1.162 
1.551 1.356 1.902 1.965 1.441 1.232 0.999 0.817 0.734 0.662 
0.618 0.603 0.582 0.601 0.576 0.642 0.594 0.569 0.62 0.679 
0.641 0.62 0.636 0.714 0.701 0.69 0.792 0.878 0.942 1.276 
1.06 1.215 1.065 1.076 1.609 2.329 3.165 2.387 1.299 0.922 
0.67 0.629 0.569 0.589 0.553 0.584 0.555 0.661 0.585 0.906 
0.882 1.298 2.409 8.345 15.0 15.0 15.0 15.0 15.0 15.0 
15.0 15.0 15.0 15.0 15.0 15.0 15.0 15.0 15.0 15.0 
15.0 15.0 15.0 15.0 15.0 15.0 15.0 15.0 15.0 11.488 
10.407 6.425 5.565 3.038 6.368 5.788 4.701 7.023 3.851 9.582 
11.039 13.114 10.91 6.016 1.726 2.03 1.075 1.907 2.147 1.629 
1.986 1.441 1.294 1.374 1.236 0.988 1.093 1.235 1.252 1.023 
1.485 1.316 2.125 3.421 4.92 8.61 11.833 15.0 15.0 15.0 
15.0 15.0 15.0 15.0 15.0 15.0 15.0 15.0 15.0 15.0 
15.0 12.401 3.316 3.2 2.346 3.599 1.99 1.737 1.658 1.3 
0.973 1.418 1.364 1.294 2.615 2.546 7.063 3.112 4.536 5.322 
8.223 7.853 4.014 2.786 2.31 2.242 2.353 1.913 1.861 2.189 
1.4 1.245 1.024 1.043 1.148 1.196 1.56 1.882 2.919 4.327 
7.985 11.262 12.082 15.0 15.0 15.0 15.0 15.0 15.0 15.0 
14.71 12.599 11.338 11.694 9.114 5.813 4.077 4.024 2.476 2.288 
1.969 1.965 1.804 1.906 2.098 1.533 1.39 1.345 1.366 1.361 
1.619 1.907 1.802 2.705 2.292 1.663 1.397 1.151 1.034 0.914 
0.864 0.903 1.048 1.612 2.422 2.753 2.244 1.293 0.842 0.755 
0.818 0.843 0.97 1.129 1.127 1.389 1.314 1.223 1.211 1.047 
1.05 0.951 1.139 1.087 1.004 0.972 1.142 1.214 1.323 1.391 
1.526 1.349 1.244 1.529 1.546 1.435 1.709 1.575 1.567 1.347 
1.269 1.203 1.191 1.143 3.126 2.754 4.075 3.12 2.587 2.156 
2.136 1.982 2.229 1.84 2.132 2.208 4.377 7.227 9.912 11.634 
14.161 13.59 13.651 15.0 15.0 15.0 15.0 15.0 15.0 15.0 
15.0 15.0 15.0 15.0 15.0 15.0 15.0 15.0 15.0 15.0 
15.0 15.0 15.0 15.0 15.0 15.0 15.0 15.0 15.0 15.0 
15.0 15.0 15.0 15.0 15.0 15.0 15.0 15.0 15.0 15.0 
13.847 12.807 11.683 10.29 8.846 7.924 7.084 8.424 10.437 8.771 
7.304 9.918 9.891 10.254 9.352 10.687 9.59 7.566 9.469 11.612 
7.714 10.137 13.193 15.0 15.0 15.0 15.0 15.0 15.0 15.0 
15.0 13.305 9.861 8.985 7.444 5.805 5.118 4.168 3.461 4.522 
5.125 7.856 3.862 6.808 2.929 2.074 1.873 1.834 1.407 1.96 
1.81 2.243 2.196 1.859 3.11 3.017 2.942 3.351 4.886 5.022 
5.329 3.717 2.774 4.258 5.645 6.776 8.531 7.761 9.26 9.442 
9.685 8.457 5.943 5.083 5.458 4.073 2.188 2.312 1.414 1.697 
1.306 1.24 1.114 1.491 1.248 1.567 1.133 1.178 0.951 1.243 
1.13 1.049 1.056 1.049 1.227 1.132 1.02 0.941 1.089 1.011 
0.931 0.992 0.861 0.88 1.047 0.943 1.167 0.951 0.951 0.939 
0.82 0.801 0.885 0.955 0.822 0.823 0.838 1.014 0.89 0.921 
0.992 1.224 1.164 1.334 1.32 1.247 1.022 0.97 0.975 0.91 
0.905 0.915 0.765 0.768 0.781 0.894 0.979 1.162 1.533 1.76 
2.688 6.03 6.507 6.754 6.534 5.309 3.852 2.865 2.502 1.86 
1.95 1.608 1.632 1.431 1.323 1.043 1.165 1.116 1.166 1.563 
1.437 1.301 1.17 1.085 1.277 1.226 1.216 0.99 1.253 1.149 
0.941 1.147 0.982 1.326 1.111 1.18 1.165 1.261 1.154 1.196 
1.44 1.527 1.414 1.579 1.836 1.766 1.884 1.633 1.601 1.817 
2.12 2.054 2.499 1.844 1.248 0.946 0.836 0.927 0.898 1.322 
1.231 0.837 0.773 0.736 0.847 0.918 0.886 1.036 1.145 1.423 
1.844 2.191 4.613 7.523 8.227 11.198 10.146 11.549 
END
