PFRMAT local QA
AUTHOR MASS-CASP14
af2-standard_T1129s2_2.pdb local_accuracy_only 3.53 2.017 1.546 1.411 1.459 1.608 2.239 2.423 2.953 3.014 2.008 
1.441 1.112 1.058 0.989 0.968 1.156 1.545 2.055 3.083 4.123 
5.26 5.521 5.481 5.986 4.704 3.873 3.139 3.693 3.505 2.579 
2.25 1.964 1.419 1.094 1.115 1.209 1.165 1.46 1.276 1.175 
1.137 1.131 1.054 1.145 1.284 1.46 1.362 1.495 1.551 1.658 
1.642 1.46 1.48 1.704 2.208 2.738 3.055 2.849 2.962 2.399 
1.662 1.382 1.184 1.34 1.677 1.766 2.361 2.42 2.167 1.688 
1.74 1.851 1.527 1.675 1.924 2.536 2.011 2.194 1.708 1.463 
1.317 1.326 1.207 1.145 1.104 1.079 1.077 1.065 1.662 2.028 
1.976 1.998 2.333 2.534 2.595 3.069 3.515 3.786 4.75 5.36 
6.707 7.468 9.384 11.048 11.746 12.221 13.169 12.23 13.349 14.664 
15.0 15.0 15.0 15.0 15.0 15.0 14.516 15.0 11.923 10.667 
9.412 8.223 6.016 5.155 4.168 4.367 3.818 2.886 3.243 2.702 
2.741 2.038 1.873 1.39 1.34 1.408 1.539 1.903 2.566 4.491 
6.951 7.428 8.032 8.239 6.793 4.565 3.289 2.677 2.032 1.771 
2.116 2.23 2.177 2.06 2.294 2.296 2.383 2.865 2.704 3.192 
3.703 4.362 5.472 6.657 6.75 6.193 5.498 5.658 4.461 3.491 
2.748 2.622 2.166 1.775 2.072 2.511 2.622 2.608 2.785 2.675 
2.441 3.319 3.847 5.48 5.054 6.675 7.613 9.524 10.145 10.586 
8.697 8.991 8.398 9.322 10.044 10.165 8.057 5.735 5.639 5.414 
5.023 5.452 5.913 6.191 5.154 4.413 4.187 4.007 3.548 4.005 
3.366 3.253 2.745 2.004 1.684 1.311 1.414 1.026 0.89 0.913 
0.893 1.034 1.248 1.213 1.303 1.369 1.568 1.403 1.423 1.523 
1.743 2.193 2.721 2.902 2.34 2.486 2.382 2.124 2.597 2.97 
3.294 2.849 2.646 2.21 2.975 2.952 3.332 3.639 5.052 5.471 
5.01 3.952 4.069 3.084 2.792 2.92 3.012 3.509 5.184 6.749 
7.714 8.896 8.772 7.924 7.048 5.191 4.147 2.614 2.545 1.945 
1.79 1.684 1.503 1.521 1.593 1.507 1.84 1.704 1.648 1.879 
1.986 1.711 2.069 2.808 2.786 3.339 3.444 4.524 4.609 5.48 
5.59 6.288 6.829 6.308 5.254 4.384 3.716 2.949 2.689 2.911 
2.862 2.923 2.68 2.73 2.027 2.13 2.204 1.981 1.603 1.308 
1.416 1.2 1.149 1.243 1.18 1.228 1.307 1.453 1.537 1.897 
2.401 1.991 1.993 1.43 1.459 1.413 1.909 2.387 2.669 2.198 
2.039 2.048 2.162 1.99 1.627 1.39 1.326 1.419 1.712 2.121 
2.387 2.421 1.94 1.767 1.581 1.81 2.09 2.057 2.319 2.296 
3.244 3.659 3.416 3.03 2.383 2.042 1.684 1.597 1.62 1.597 
1.742 2.258 2.428 2.963 2.994 2.928 2.821 2.715 2.752 2.441 
2.403 1.87 1.359 1.413 1.403 1.314 1.37 1.483 1.58 1.528 
1.711 2.126 3.072 3.189 3.998 4.44 5.928 6.059 5.825 5.093 
4.464 3.449 2.784 2.201 2.157 2.298 2.021 2.583 2.645 2.331 
2.833 2.693 2.97 2.643 2.806 2.543 1.996 1.496 1.689 2.027 
2.017 2.025 1.891 2.068 1.985 1.556 1.403 1.561 1.377 1.349 
1.396 1.339 1.398 1.665 1.83 1.866 2.391 2.989 2.894 2.61 
2.143 1.646 1.603 1.622 1.777 2.436 3.016 2.993 2.589 2.149 
1.565 1.991 2.19 2.702 2.584 2.181 1.823 1.433 1.419 1.56 
1.652 1.656 1.307 1.342 1.267 1.129 1.266 1.272 1.406 1.925 
2.597 2.685 2.26 2.328 2.096 1.831 1.87 2.319 2.568 2.424 
2.283 2.173 2.119 2.573 2.871 2.786 1.915 1.748 1.442 1.38 
1.296 1.492 1.604 1.791 1.84 2.138 2.565 2.502 3.151 3.462 
3.93 3.682 3.122 2.248 1.727 1.449 1.309 1.248 1.273 1.361 
1.417 1.51 1.918 2.068 2.416 2.174 1.827 1.942 1.851 1.837 
1.756 1.682 1.386 1.615 1.497 1.548 1.451 1.654 2.082 2.454 
2.932 4.098 4.988 5.767 6.553 6.291 6.167 5.933 5.915 5.358 
4.692 3.777 3.41 3.329 3.032 3.613 4.131 4.172 4.131 3.568 
2.888 2.031 1.673 1.4 1.316 1.18 1.085 1.097 1.214 1.362 
1.618 1.842 2.133 1.803 1.466 1.417 1.398 1.221 1.148 1.117 
1.116 1.521 1.454 1.656 1.832 1.97 2.309 2.705 2.821 3.488 
4.002 5.129 4.793 5.147 4.985 4.284 3.932 4.28 3.87 4.553 
3.819 4.273 4.005 5.173 6.194 6.307 6.963 7.014 9.538 9.44 
8.815 6.814 5.228 4.009 3.493 2.661 1.768 1.463 1.216 1.05 
0.901 0.836 0.862 1.114 1.137 1.339 1.435 1.35 1.208 1.077 
0.992 0.969 0.989 1.088 1.232 1.516 1.766 2.067 2.232 2.705 
2.19 2.57 2.366 2.121 1.784 1.211 1.233 1.215 1.33 1.164 
0.913 0.967 0.877 0.993 0.922 0.987 1.035 1.095 1.754 
END
