PFRMAT local QA
AUTHOR LAW-CASP14
af2-standard_T1129s2_2.pdb local_accuracy_only 5.404 4.587 1.146 0.992 1.037 1.072 1.41 1.536 1.904 1.847 1.681 
1.471 0.993 0.816 0.752 0.799 0.936 1.17 4.948 6.261 6.231 
5.416 3.491 2.424 2.158 2.916 1.302 2.132 3.292 2.316 3.913 
3.821 2.404 0.916 0.79 0.689 0.702 0.815 0.993 0.885 1.32 
0.934 0.867 0.9 0.983 1.164 1.226 1.316 1.298 1.385 1.092 
1.195 0.963 1.099 1.467 1.747 3.299 2.471 1.451 2.215 1.048 
0.95 0.897 0.867 0.905 0.971 0.999 1.209 1.276 1.322 1.203 
1.203 1.371 1.234 1.415 1.265 1.437 1.246 1.246 0.998 0.875 
0.758 0.767 0.711 0.674 0.623 0.605 0.635 0.75 0.945 1.085 
0.935 0.833 0.716 0.671 0.616 0.661 0.779 0.778 0.763 0.808 
0.828 0.941 0.954 1.264 1.573 4.766 4.289 4.511 3.784 5.865 
6.839 8.481 6.021 7.058 6.842 5.198 4.077 2.43 2.466 2.235 
2.117 4.46 1.289 0.937 0.86 0.814 0.786 0.701 0.706 0.674 
0.747 0.902 0.73 0.711 0.685 0.704 0.783 0.783 1.085 1.277 
3.001 2.183 2.65 1.803 1.38 1.261 1.364 1.077 1.049 0.841 
0.84 0.91 0.78 0.753 0.755 0.783 0.789 0.848 0.953 1.197 
1.605 1.669 1.955 1.959 2.578 2.594 3.695 4.503 3.039 2.273 
1.955 2.025 1.878 1.788 1.833 1.89 1.936 1.954 2.53 2.082 
1.873 2.37 3.956 4.362 3.818 5.115 5.327 6.237 6.164 6.047 
6.029 6.001 5.333 6.264 5.364 5.889 5.609 5.003 4.508 5.993 
4.927 3.383 4.442 1.662 1.631 1.452 1.049 0.997 0.907 1.061 
1.409 1.202 2.001 1.281 1.308 0.987 0.989 0.858 0.788 0.744 
0.734 0.789 0.996 1.022 1.036 0.842 1.088 1.056 1.16 1.427 
2.198 2.189 6.78 5.395 5.171 2.612 3.756 3.24 4.192 5.354 
5.068 4.153 3.732 2.921 3.692 3.201 2.495 3.136 3.158 3.208 
1.889 2.174 2.36 2.902 3.297 3.076 2.708 2.991 2.699 3.511 
3.313 2.944 3.07 2.619 2.138 2.076 1.872 2.242 1.819 1.869 
1.465 1.287 1.055 1.057 1.031 1.098 2.07 2.743 2.784 3.668 
3.451 3.26 3.206 4.337 6.174 6.809 7.426 6.065 6.653 8.643 
8.92 9.921 8.153 7.351 4.997 3.003 2.316 1.78 1.82 2.067 
5.935 5.706 6.491 4.849 3.037 1.216 0.821 0.883 0.869 0.773 
0.937 0.95 0.912 0.888 0.832 0.858 0.858 0.935 1.033 1.328 
1.609 1.572 1.352 1.222 1.19 1.144 1.343 3.54 4.218 4.982 
2.117 4.116 2.381 2.292 1.903 1.521 2.005 2.019 2.201 2.314 
2.885 2.454 2.22 2.098 1.715 2.035 2.292 2.162 2.498 2.217 
2.778 2.534 2.241 1.79 1.368 1.198 1.068 0.947 1.092 1.007 
1.82 3.002 2.86 4.151 3.8 4.122 2.991 3.606 2.546 1.706 
1.465 1.333 1.342 1.108 1.05 0.852 0.963 0.807 0.786 0.879 
0.812 1.006 1.612 2.263 1.517 2.612 3.025 3.325 2.519 2.005 
1.184 1.454 2.267 2.492 5.84 7.105 7.64 1.408 10.14 6.425 
8.444 5.659 6.832 4.727 6.914 6.509 9.591 8.496 7.515 6.82 
6.332 6.603 4.283 3.755 2.368 1.571 0.997 1.151 0.892 1.025 
0.918 1.03 0.995 1.033 1.252 1.633 2.827 2.841 3.507 2.982 
3.031 2.059 2.006 2.622 3.795 5.111 5.715 6.087 3.457 2.514 
1.425 1.646 2.008 3.218 2.583 2.159 1.422 1.197 1.067 1.328 
1.331 1.7 1.416 1.06 0.862 0.884 1.64 2.081 5.361 5.849 
5.897 3.203 2.394 1.115 1.207 1.179 1.303 2.808 4.37 6.362 
5.952 7.47 7.181 8.164 8.363 7.316 2.067 2.124 1.188 1.116 
1.026 1.057 1.204 1.053 2.949 3.43 3.277 3.784 3.279 4.492 
3.22 3.539 3.968 0.89 0.744 0.66 0.717 0.714 0.81 0.773 
0.828 0.972 0.974 1.192 1.445 1.51 1.104 1.459 1.385 1.618 
1.276 1.777 1.954 2.077 1.925 1.901 3.419 3.005 5.802 4.964 
8.326 12.838 15.0 15.0 15.0 15.0 15.0 12.304 8.649 6.429 
4.476 3.415 2.882 3.941 4.803 6.854 7.067 6.959 5.578 3.952 
2.331 1.101 1.1 0.933 0.818 0.796 0.771 0.756 0.768 0.768 
1.013 1.16 1.148 0.987 0.84 0.733 0.802 0.845 0.863 0.857 
0.906 0.978 1.103 1.268 1.706 3.711 7.66 8.202 9.83 9.086 
13.963 12.133 14.477 15.0 15.0 15.0 15.0 13.419 14.39 11.101 
7.406 2.684 4.508 7.198 13.245 15.0 15.0 15.0 12.951 11.656 
8.36 7.703 3.323 2.041 1.355 1.185 1.049 0.895 0.913 0.826 
0.814 0.734 0.816 0.946 1.162 1.978 2.385 1.654 1.565 0.935 
0.924 0.819 0.925 0.91 0.984 1.102 1.232 1.235 1.358 2.684 
1.733 3.748 2.341 1.881 1.621 1.416 1.593 1.473 1.187 1.065 
0.89 0.845 0.777 0.786 0.725 0.885 0.924 0.73 0.834 
END
