PFRMAT local QA
AUTHOR MASS-CASP14
af2-standard_T1185s1_1.pdb local_accuracy_only 2.53 1.61 1.381 1.132 0.991 1.002 1.286 1.316 1.531 1.907 1.775 
1.628 1.721 1.636 1.453 1.296 1.406 1.285 1.164 1.311 1.669 
1.618 1.372 1.212 1.139 0.965 0.972 1.266 1.157 1.14 1.359 
1.599 1.55 1.687 1.886 2.071 1.895 1.716 1.897 2.054 1.743 
1.994 2.153 1.94 1.771 1.726 1.829 1.499 1.245 1.517 1.507 
1.18 1.342 1.512 1.39 1.229 1.506 1.681 1.976 2.088 2.813 
3.427 4.722 5.593 6.475 7.136 7.978 8.187 8.392 7.422 7.963 
7.876 8.582 7.826 7.768 7.517 6.321 5.57 3.756 2.572 1.912 
1.328 1.342 1.447 1.529 1.564 1.568 1.679 1.778 1.722 2.085 
2.27 2.418 2.299 2.348 2.498 2.165 1.991 1.962 1.801 1.663 
1.459 1.015 1.079 1.026 1.028 0.915 0.884 1.095 1.287 1.202 
0.997 1.118 1.123 1.282 1.239 1.128 1.141 1.255 1.383 1.321 
1.273 1.298 1.28 1.302 1.243 1.292 1.414 1.588 1.824 2.051 
1.856 1.573 1.397 1.378 1.211 0.959 0.736 0.768 0.673 0.76 
0.884 1.144 1.495 1.741 1.723 1.581 1.769 1.924 1.91 1.828 
1.664 1.737 1.978 1.722 1.778 2.037 2.195 1.958 1.865 2.25 
2.584 2.208 2.103 2.642 2.55 2.69 2.516 2.056 1.935 2.246 
2.275 2.129 2.101 1.891 1.393 1.104 1.126 1.054 1.112 1.375 
1.332 1.205 1.103 1.12 1.323 1.235 1.147 1.307 1.336 1.425 
1.282 1.574 1.507 1.464 1.823 1.894 1.842 1.514 2.2 2.302 
1.84 1.557 1.241 1.121 0.937 0.79 0.668 0.394 0.615 0.931 
0.957 1.044 1.185 1.159 1.362 1.532 1.854 2.14 2.168 3.055 
3.478 3.636 3.441 3.815 3.164 2.741 2.379 2.586 2.34 1.931 
2.038 1.927 1.556 1.535 1.706 1.65 1.295 1.233 1.424 1.336 
1.177 1.341 1.51 1.409 1.718 2.135 2.083 2.001 1.74 1.316 
1.181 1.008 0.956 0.969 1.046 1.243 1.47 1.731 2.612 3.524 
5.152 6.754 9.522 10.658 12.216 12.439 13.228 13.353 12.388 12.631 
10.689 10.972 9.585 10.813 9.517 10.787 11.332 12.154 11.974 10.591 
10.692 11.45 9.887 10.005 10.199 9.094 7.075 5.446 4.175 3.252 
2.695 2.447 2.137 2.074 1.916 1.869 2.073 2.158 1.878 1.892 
2.395 2.134 1.818 1.493 1.354 1.171 1.04 0.998 1.048 1.126 
1.384 1.603 1.777 2.232 1.942 1.443 1.385 1.211 1.198 1.157 
1.213 1.334 1.469 1.794 2.402 2.776 2.532 2.4 1.859 1.671 
1.409 1.146 1.067 1.084 1.347 1.457 1.642 1.826 1.77 1.577 
1.232 1.265 1.402 1.743 2.223 3.144 4.426 5.595 6.424 
END
