PFRMAT local QA
AUTHOR LAW-CASP14
af2-standard_T1185s1_1.pdb local_accuracy_only 4.315 3.529 2.643 3.275 3.085 2.977 3.279 3.499 3.25 3.476 3.12 
3.01 2.809 2.417 2.725 2.843 2.713 2.686 2.516 2.587 2.529 
2.538 2.83 3.508 3.609 3.28 3.455 3.628 3.873 2.901 3.603 
4.271 4.234 3.389 3.288 3.622 3.4 3.024 3.163 3.262 3.143 
2.592 2.99 3.258 3.275 3.291 3.141 3.21 2.65 2.71 2.861 
2.611 3.065 2.999 2.92 2.745 2.949 3.11 3.163 3.655 4.422 
4.997 7.192 8.406 8.78 9.074 9.51 9.431 9.8 8.777 8.706 
7.938 7.01 5.938 5.933 5.805 4.355 3.262 1.654 0.987 0.879 
0.836 0.793 0.963 0.917 1.162 1.117 1.294 1.304 1.144 1.131 
1.367 1.472 1.197 1.469 1.079 1.054 0.833 0.823 0.847 0.885 
0.833 0.709 0.693 0.672 0.608 0.653 0.627 0.705 0.741 0.759 
0.658 0.785 0.671 0.814 0.809 0.781 0.699 0.875 0.872 0.759 
0.735 0.873 0.8 0.718 0.804 0.888 1.026 1.124 1.372 1.202 
1.042 0.925 0.846 0.831 0.727 0.726 0.672 0.642 0.608 0.615 
0.75 0.765 0.81 0.963 1.049 1.093 1.782 1.946 1.965 1.752 
1.459 1.776 1.547 1.33 1.414 1.742 1.63 1.577 1.89 2.148 
2.431 2.395 2.192 2.674 2.681 2.69 2.664 2.401 2.11 2.562 
2.205 1.438 1.942 1.678 1.058 0.927 0.831 0.784 0.735 0.862 
0.873 0.924 0.985 1.11 1.352 1.143 0.989 1.395 1.293 1.167 
1.112 1.353 1.355 1.24 1.193 1.474 1.162 1.004 1.187 1.373 
0.969 0.918 0.707 0.72 0.652 0.619 0.568 0.609 0.636 0.658 
0.662 0.732 0.783 0.829 0.866 0.898 0.938 0.996 1.098 1.283 
1.786 2.524 2.356 2.369 2.084 1.613 1.71 1.63 1.53 1.209 
1.373 1.281 1.219 1.148 1.171 1.14 1.112 0.98 0.994 1.021 
0.805 0.834 1.001 0.901 0.831 0.943 0.982 0.952 0.938 0.808 
0.714 0.651 0.584 0.592 0.65 0.651 0.734 0.933 1.391 1.99 
3.257 6.04 6.894 8.99 8.681 9.746 11.29 8.947 7.908 7.569 
6.039 4.57 3.667 5.678 6.181 8.205 10.031 10.702 10.886 12.487 
13.597 14.46 14.39 13.928 12.508 10.374 8.28 5.969 5.229 3.649 
2.227 2.191 1.452 1.092 1.269 1.598 1.705 1.552 1.275 1.395 
1.385 1.033 0.879 0.884 0.852 0.789 0.722 0.678 0.669 0.653 
0.86 1.065 1.262 1.573 1.29 1.04 0.775 0.777 0.724 0.885 
0.992 1.035 1.037 1.166 1.162 1.544 1.534 1.72 1.434 1.385 
1.02 0.944 0.895 0.838 1.01 1.06 1.127 1.312 1.249 0.988 
0.953 1.032 1.031 1.115 1.931 3.121 5.605 7.118 8.424 
END
