PFRMAT local QA
AUTHOR MASS-CASP14
af2-standard_T1154_2.pdb local_accuracy_only 15.0 15.0 14.101 11.484 13.464 12.211 14.774 12.579 14.116 12.939 14.571 
13.974 12.928 14.583 13.525 13.783 14.129 15.0 15.0 15.0 15.0 
15.0 15.0 15.0 15.0 15.0 13.91 11.776 10.314 8.797 5.33 
4.371 3.132 2.07 1.826 1.666 1.383 1.137 1.032 1.193 1.134 
1.176 1.26 1.452 1.723 2.198 2.629 2.718 2.449 2.593 2.453 
2.119 1.725 1.327 1.272 1.198 1.196 1.129 1.023 1.166 1.174 
1.744 2.255 2.525 3.956 5.019 6.279 9.467 10.102 10.358 7.969 
7.893 6.715 4.926 4.172 4.201 4.589 4.421 4.372 5.201 5.968 
6.3 7.439 8.515 11.897 12.168 11.178 11.763 15.0 15.0 15.0 
15.0 15.0 15.0 15.0 9.463 6.759 4.176 2.318 1.907 1.415 
1.392 1.4 1.476 1.726 2.599 3.158 3.252 2.877 3.124 2.609 
2.734 2.853 3.132 4.161 4.021 3.061 2.28 1.811 1.437 1.4 
1.453 1.164 1.123 1.141 1.119 1.27 1.535 2.148 1.977 2.69 
2.876 3.475 2.89 2.515 2.44 2.025 2.053 2.018 2.438 2.212 
2.087 2.997 3.717 3.944 4.287 5.996 6.768 6.19 6.68 8.38 
9.923 9.654 8.804 7.89 10.705 11.322 11.803 12.852 13.64 14.524 
13.136 12.425 11.01 8.103 6.758 5.823 5.668 4.109 3.586 3.729 
2.451 1.878 2.041 2.299 2.692 3.686 3.794 3.748 3.519 3.049 
2.557 3.36 4.19 3.7 3.366 3.326 3.322 3.418 4.321 4.175 
3.526 4.319 4.409 5.386 6.773 9.247 11.227 10.282 13.017 14.015 
14.465 11.059 11.223 10.862 8.524 7.651 6.216 6.488 5.603 4.124 
3.786 3.563 3.522 2.947 3.528 3.298 4.331 4.589 4.396 4.01 
3.454 4.173 3.373 3.054 3.02 3.044 3.081 2.537 2.044 1.999 
2.331 2.462 2.742 3.02 2.472 2.426 1.873 2.406 2.034 2.228 
2.173 2.109 2.182 2.071 2.002 1.743 2.032 2.073 2.326 2.624 
3.003 3.58 4.467 4.686 5.545 5.427 6.695 6.796 8.431 8.699 
8.928 10.096 10.132 12.674 11.653 11.476 11.453 11.654 11.694 10.215 
8.689 9.656 8.762 8.055 7.443 7.388 7.255 7.678 7.407 8.745 
8.745 9.316 9.005 7.704 6.624 5.568 3.699 3.024 2.472 1.788 
1.74 1.62 1.649 1.76 2.325 2.856 3.865 4.058 4.775 4.878 
4.872 5.877 4.876 6.185 6.697 7.723 7.418 6.389 5.375 4.002 
3.533 3.506 3.782 3.64 4.016 4.38 4.126 4.303 3.77 3.398 
3.039 2.731 2.784 2.759 3.39 3.619 4.113 4.272 4.833 4.626 
4.06 3.469 2.895 1.768 1.56 1.303 1.257 1.201 1.171 1.445 
2.253 3.4 3.975 3.419 3.134 3.483 4.151 4.541 4.762 4.239 
4.124 3.806 3.667 3.22 2.688 2.595 2.034 1.931 2.188 2.258 
3.057 3.657 2.938 2.227 1.585 1.465 1.24 1.227 1.262 1.322 
1.569 1.726 2.22 2.981 3.494 3.66 4.025 4.238 3.928 3.825 
3.508 3.132 2.92 2.854 2.88 2.92 2.473 2.62 2.726 3.214 
3.715 4.347 5.098 7.254 6.783 6.402 6.603 5.638 4.061 3.643 
3.244 2.957 2.765 2.401 2.443 2.885 3.888 4.021 3.343 2.608 
2.214 1.83 1.422 1.272 1.019 0.995 1.014 0.85 0.941 1.249 
1.346 1.239 1.126 1.186 1.29 1.216 1.284 1.249 1.284 1.53 
2.12 2.663 4.019 4.575 3.968 3.359 2.572 2.344 1.924 1.676 
1.631 1.833 1.935 2.372 3.205 4.292 4.77 5.092 5.729 7.496 
8.079 10.356 10.954 10.173 11.157 11.766 11.095 10.643 9.88 9.927 
9.142 9.77 9.728 10.317 10.393 10.078 9.334 12.252 11.745 12.929 
10.921 12.891 12.447 12.091 11.228 11.786 11.915 11.871 10.681 11.473 
11.652 9.499 8.463 8.064 6.687 5.757 5.615 5.453 5.498 5.686 
5.773 7.132 7.974 9.65 10.256 10.509 10.305 9.563 10.487 10.445 
10.316 10.304 9.099 9.723 9.288 9.103 9.155 9.468 8.528 7.226 
7.566 5.958 6.312 5.359 4.681 4.517 4.774 4.585 4.671 4.703 
5.02 5.245 5.513 5.901 5.558 6.569 7.568 9.136 8.855 9.816 
9.344 9.303 9.096 8.082 8.265 8.162 8.909 9.851 9.486 10.576 
9.108 9.404 8.893 10.127 11.508 11.834 11.677 10.864 11.016 9.888 
8.905 8.516 7.446 7.778 8.364 9.437 10.425 9.944 9.824 8.875 
9.528 8.558 7.831 7.475 6.465 7.047 7.298 7.686 8.41 10.687 
12.891 12.364 13.897 13.834 14.922 15.0 15.0 15.0 15.0 15.0 
15.0 15.0 15.0 15.0 15.0 15.0 15.0 15.0 15.0 15.0 
15.0 15.0 14.964 15.0 15.0 15.0 15.0 15.0 15.0 15.0 
15.0 15.0 15.0 15.0 15.0 15.0 15.0 15.0 15.0 15.0 
15.0 15.0 15.0 15.0 15.0 15.0 15.0 15.0 15.0 15.0 
14.607 13.189 10.571 10.955 11.159 11.046 10.747 10.426 10.259 11.67 
9.82 8.77 7.919 6.463 5.356 5.439 4.947 5.87 5.189 5.91 
5.88 6.665 6.689 9.535 9.872 10.467 9.865 9.672 9.095 10.603 
9.043 8.925 7.648 6.153 4.887 4.551 3.435 3.148 2.864 2.575 
2.17 1.735 1.28 1.088 1.2 1.244 1.202 1.688 1.602 2.318 
2.5 2.853 2.412 1.905 1.836 1.688 2.285 2.78 2.306 1.893 
1.571 1.208 1.146 1.121 1.197 1.263 1.497 1.821 2.683 3.229 
4.658 5.923 7.081 8.431 10.507 12.358 12.737 14.227 14.675 15.0 
15.0 15.0 15.0 15.0 15.0 15.0 15.0 15.0 15.0 15.0 
15.0 15.0 15.0 15.0 15.0 15.0 15.0 15.0 15.0 15.0 
15.0 15.0 15.0 15.0 15.0 15.0 15.0 15.0 15.0 15.0 
15.0 15.0 15.0 15.0 15.0 15.0 15.0 15.0 15.0 15.0 
15.0 15.0 15.0 15.0 15.0 15.0 15.0 15.0 15.0 15.0 
15.0 15.0 15.0 15.0 15.0 15.0 15.0 15.0 15.0 15.0 
15.0 15.0 15.0 15.0 15.0 15.0 15.0 15.0 15.0 15.0 
15.0 15.0 15.0 15.0 15.0 15.0 15.0 15.0 15.0 15.0 
15.0 15.0 15.0 14.924 15.0 15.0 15.0 12.0 9.867 7.928 
6.956 4.615 4.044 3.166 2.694 2.542 2.491 2.472 2.864 3.74 
4.547 5.448 6.927 8.67 8.981 10.479 10.065 11.908 12.587 10.937 
10.903 9.807 9.072 8.942 8.702 8.652 9.557 9.988 10.893 13.476 
13.244 15.0 14.899 14.653 13.631 12.632 12.792 14.378 12.3 11.12 
7.585 7.509 5.64 4.319 3.987 2.965 2.578 2.053 1.807 1.551 
1.417 1.33 1.333 1.302 1.375 1.454 1.515 1.818 2.243 2.359 
3.172 3.742 4.73 4.989 4.256 3.105 2.516 2.2 1.776 1.616 
1.681 1.731 2.187 2.856 3.594 2.643 1.752 1.559 1.424 1.236 
1.227 1.322 1.624 1.855 2.17 1.842 1.742 1.519 1.554 1.552 
1.555 1.32 1.516 1.477 1.406 1.646 1.765 2.207 2.575 2.758 
3.087 3.072 2.903 3.537 4.782 5.378 5.143 5.998 6.277 6.28 
4.654 3.488 2.827 2.453 2.165 2.029 1.895 1.764 1.747 2.064 
2.091 2.529 3.009 3.578 3.635 3.168 2.806 2.519 2.879 2.845 
4.078 5.386 5.793 6.696 7.36 7.469 6.718 8.36 8.476 8.361 
8.536 8.209 8.577 6.529 5.527 4.963 5.007 5.276 4.708 3.807 
2.93 2.729 2.261 2.199 2.291 2.308 1.805 1.548 1.654 1.591 
1.624 1.817 1.819 2.22 2.521 2.982 3.168 3.856 4.327 4.615 
5.733 6.397 6.0 5.902 5.356 5.196 5.389 5.73 5.551 6.033 
6.868 6.959 7.113 4.816 3.797 3.068 2.458 2.325 1.929 1.755 
1.543 1.405 1.423 1.281 1.549 1.712 2.124 2.229 2.221 1.974 
1.844 1.873 1.953 1.734 2.306 2.395 3.279 3.931 4.567 3.618 
3.23 3.309 3.208 2.862 3.47 4.094 5.254 4.847 5.121 5.445 
5.536 5.417 4.776 4.884 4.725 3.91 3.092 3.058 2.578 2.495 
1.904 1.907 1.71 1.657 1.796 1.935 2.087 2.338 1.857 2.099 
2.053 2.148 1.961 2.383 2.202 2.537 2.616 2.605 2.379 1.812 
2.155 1.922 1.489 1.224 0.895 0.976 0.963 0.91 0.929 1.01 
0.963 1.151 1.264 1.384 1.676 1.533 1.595 1.438 1.987 1.991 
2.06 2.132 1.999 2.343 2.533 3.404 4.662 5.57 6.093 6.504 
6.692 8.573 8.41 8.755 8.693 9.407 9.51 9.793 11.198 11.21 
10.332 10.272 9.473 9.315 8.077 7.981 7.838 7.564 6.436 6.787 
4.938 5.049 3.774 4.087 3.672 4.046 3.764 3.214 3.146 3.085 
3.044 2.995 3.318 2.637 2.079 1.861 1.844 1.758 2.009 2.002 
1.868 1.776 2.163 1.982 2.06 2.381 2.827 2.69 3.105 3.461 
4.544 5.02 6.07 6.018 5.507 4.161 3.226 2.646 2.234 2.231 
2.007 1.815 1.488 1.284 1.311 1.399 1.371 1.657 1.724 1.694 
1.503 1.521 1.295 1.042 0.927 0.95 1.277 1.508 2.073 2.489 
2.021 1.73 1.375 1.164 1.059 1.033 1.292 1.53 1.586 2.178 
2.709 2.915 3.712 3.072 3.497 3.313 3.767 4.647 4.444 4.879 
4.695 4.497 5.003 4.292 4.139 3.84 3.948 3.67 3.375 3.02 
2.304 1.854 1.569 1.284 1.191 1.134 1.274 1.478 1.363 1.15 
1.086 1.288 1.386 1.718 2.69 3.357 4.515 4.458 4.5 4.817 
5.84 5.213 6.834 7.038 7.842 6.962 6.564 6.44 5.067 3.893 
2.62 2.231 1.656 1.35 1.505 1.453 1.255 1.088 1.098 1.061 
1.077 1.317 1.719 2.424 2.617 2.292 1.762 1.542 1.619 1.406 
1.642 1.853 1.823 2.049 2.035 2.101 2.504 3.247 4.495 4.35 
4.573 5.028 5.235 6.317 6.304 5.728 5.04 4.078 3.947 3.566 
2.995 2.203 1.498 1.242 1.141 1.033 1.082 1.174 1.551 1.992 
2.826 3.828 3.707 3.704 3.158 2.555 2.193 2.08 1.651 1.516 
1.559 1.729 2.519 2.725 3.172 2.645 1.932 1.608 1.355 1.441 
1.504 1.74 2.218 2.96 4.324 4.797 5.181 5.538 5.228 4.327 
4.715 3.908 5.596 5.481 4.669 4.052 3.709 3.582 2.629 2.448 
2.428 2.549 2.78 3.042 2.326 1.737 1.706 1.687 1.908 3.256 
3.444 3.25 2.234 1.762 1.538 1.481 1.2 1.105 1.184 1.1 
1.278 1.317 1.467 1.395 1.389 1.714 1.89 1.453 1.199 1.123 
1.074 1.081 1.183 1.113 0.995 1.135 1.465 1.642 2.003 1.905 
1.427 1.859 2.071 2.737 2.483 2.384 2.922 2.872 3.519 3.6 
3.425 2.621 2.135 1.806 1.642 1.374 1.31 1.467 1.428 1.403 
1.879 2.179 2.549 2.608 2.021 2.135 2.425 2.893 3.66 3.813 
4.72 4.608 4.691 3.838 3.453 3.081 2.917 3.201 3.271 3.171 
3.064 3.709 3.127 2.608 3.103 3.552 3.51 4.169 3.874 2.809 
1.532 1.293 1.123 1.009 0.988 1.011 1.067 0.967 0.965 1.202 
1.278 1.86 2.35 2.291 2.522 2.322 2.73 3.453 4.312 3.103 
2.301 1.946 1.697 1.281 1.203 1.175 1.529 1.359 1.285 1.373 
1.521 1.931 3.154 
END
