PFRMAT local QA
AUTHOR LAW-CASP14
af2-standard_T1154_2.pdb local_accuracy_only 15.0 15.0 15.0 15.0 15.0 15.0 15.0 15.0 15.0 15.0 15.0 
15.0 15.0 15.0 15.0 15.0 15.0 15.0 15.0 15.0 15.0 
15.0 15.0 15.0 15.0 15.0 15.0 13.454 14.855 10.452 9.431 
7.337 4.972 1.4 1.433 1.4 1.483 1.438 1.35 1.117 1.251 
1.086 1.193 1.241 1.72 2.375 2.57 2.174 1.813 2.078 1.776 
1.612 1.242 1.241 1.064 1.213 1.08 1.108 1.088 1.135 1.278 
1.559 1.974 3.179 3.967 7.468 12.818 12.883 14.31 14.388 9.463 
10.107 10.849 9.928 4.235 9.008 8.582 4.503 5.616 6.184 4.513 
4.129 3.899 3.105 3.671 2.07 1.98 1.968 2.009 2.335 2.414 
2.741 2.91 3.378 2.509 2.205 2.039 2.033 2.163 1.769 2.295 
2.508 2.935 3.355 2.473 4.095 2.555 2.571 2.643 2.032 1.9 
1.924 1.972 2.126 3.249 3.718 2.129 1.594 1.287 1.378 1.193 
1.38 1.283 1.179 1.415 1.26 1.455 1.767 1.697 1.689 1.667 
2.136 1.992 2.396 2.021 1.961 1.68 1.446 1.536 1.598 1.505 
1.446 1.708 1.59 1.745 1.694 2.168 3.27 2.763 2.871 4.252 
4.06 3.525 2.567 4.511 4.047 8.091 7.899 8.402 5.227 3.535 
2.894 2.251 1.693 1.667 2.219 2.815 2.084 1.937 1.732 2.098 
2.199 1.89 2.238 2.005 2.488 2.883 2.492 2.374 2.168 1.982 
1.89 2.102 2.306 2.324 2.084 2.094 2.03 2.076 2.693 3.429 
2.074 2.819 6.244 3.321 8.969 9.445 8.813 9.177 10.511 10.335 
10.121 8.08 9.581 7.29 1.848 1.587 1.837 2.879 3.278 3.554 
3.394 4.168 5.393 5.827 6.862 6.433 6.067 7.129 5.108 5.907 
4.006 4.356 3.716 3.214 3.049 1.932 1.752 1.473 1.573 1.35 
1.894 2.759 2.73 3.223 3.054 3.315 3.432 3.892 4.002 4.636 
4.385 4.076 4.41 4.103 4.281 3.731 4.596 4.068 8.536 8.555 
9.277 10.972 11.745 10.331 10.346 10.436 10.176 12.013 12.03 15.0 
15.0 15.0 15.0 15.0 15.0 15.0 15.0 14.276 13.518 15.0 
10.258 8.078 5.671 4.917 4.364 2.882 2.62 2.396 2.356 4.21 
3.648 3.134 3.441 3.692 3.561 3.246 3.521 3.316 2.769 2.134 
2.045 1.737 2.195 2.187 3.762 5.94 11.561 13.869 15.0 15.0 
15.0 15.0 15.0 15.0 15.0 15.0 10.548 9.339 8.59 8.184 
5.283 3.5 2.326 1.901 1.752 2.037 1.79 1.35 1.466 1.363 
1.151 1.232 1.038 1.497 1.6 2.615 2.816 3.495 3.938 4.001 
3.624 3.125 2.262 2.454 1.553 1.672 1.844 1.717 1.491 1.344 
1.297 1.457 1.57 1.88 1.549 1.542 1.33 1.437 1.985 1.797 
2.009 1.439 1.831 1.205 1.07 0.987 0.946 0.961 1.149 1.228 
1.679 1.504 1.265 1.003 0.996 0.961 0.98 1.106 1.087 1.036 
1.004 0.926 0.966 1.04 1.038 1.087 1.212 1.37 1.283 1.234 
1.31 1.545 1.419 1.302 1.529 1.436 1.346 1.388 1.435 3.227 
3.586 14.976 15.0 15.0 15.0 15.0 15.0 15.0 12.139 7.431 
2.394 1.434 1.296 1.074 1.36 1.444 1.845 2.338 2.125 2.111 
1.782 1.542 1.188 1.093 1.024 1.025 1.009 0.966 0.963 1.002 
1.037 1.186 1.163 1.095 1.075 1.037 1.195 1.175 1.443 1.656 
2.033 1.977 2.354 3.211 2.494 2.198 1.664 1.509 1.212 1.189 
1.038 1.215 1.051 1.551 1.747 1.989 3.529 8.393 15.0 14.521 
15.0 15.0 15.0 15.0 15.0 15.0 15.0 15.0 15.0 15.0 
15.0 15.0 15.0 15.0 15.0 15.0 15.0 15.0 15.0 15.0 
15.0 15.0 15.0 15.0 15.0 15.0 15.0 15.0 15.0 15.0 
15.0 15.0 15.0 15.0 15.0 15.0 15.0 15.0 15.0 15.0 
15.0 15.0 15.0 15.0 15.0 15.0 15.0 15.0 15.0 15.0 
15.0 15.0 15.0 15.0 15.0 15.0 15.0 15.0 15.0 15.0 
15.0 15.0 15.0 15.0 15.0 15.0 15.0 15.0 7.555 5.77 
3.409 4.398 5.819 5.229 14.7 15.0 15.0 15.0 15.0 15.0 
15.0 15.0 15.0 15.0 15.0 15.0 15.0 15.0 15.0 15.0 
15.0 15.0 15.0 15.0 15.0 15.0 15.0 15.0 15.0 15.0 
15.0 15.0 15.0 15.0 15.0 15.0 15.0 15.0 15.0 15.0 
15.0 15.0 15.0 15.0 15.0 15.0 15.0 15.0 15.0 15.0 
15.0 15.0 15.0 15.0 15.0 15.0 15.0 15.0 15.0 15.0 
15.0 15.0 15.0 15.0 15.0 15.0 15.0 15.0 15.0 15.0 
15.0 15.0 15.0 15.0 15.0 15.0 15.0 15.0 15.0 15.0 
15.0 15.0 15.0 15.0 15.0 15.0 15.0 15.0 15.0 15.0 
15.0 15.0 15.0 15.0 15.0 15.0 15.0 15.0 15.0 15.0 
15.0 15.0 15.0 15.0 15.0 15.0 15.0 15.0 10.891 10.668 
9.1 6.658 6.244 6.666 5.862 4.347 3.678 3.286 3.028 3.02 
4.368 4.63 6.382 7.542 7.42 6.182 5.641 3.928 3.335 3.084 
2.987 3.082 3.498 4.663 5.884 5.672 5.222 3.593 2.095 1.192 
1.083 0.893 0.931 0.862 0.91 0.918 0.94 1.114 1.12 1.213 
1.317 1.164 1.163 1.133 1.315 1.117 1.222 1.154 1.117 1.022 
0.941 0.91 0.818 0.818 0.813 0.802 0.899 0.929 1.52 1.431 
3.355 3.25 4.426 6.959 12.208 5.459 10.109 13.919 12.572 15.0 
15.0 15.0 15.0 15.0 14.083 15.0 12.828 10.66 11.05 9.93 
9.779 11.336 10.571 11.94 15.0 15.0 15.0 15.0 15.0 15.0 
15.0 15.0 15.0 15.0 14.137 15.0 15.0 15.0 15.0 15.0 
15.0 15.0 15.0 15.0 15.0 15.0 15.0 15.0 15.0 15.0 
15.0 15.0 15.0 15.0 15.0 15.0 15.0 15.0 15.0 15.0 
15.0 15.0 15.0 15.0 15.0 15.0 15.0 15.0 15.0 15.0 
15.0 15.0 15.0 15.0 15.0 15.0 15.0 15.0 15.0 15.0 
15.0 15.0 15.0 15.0 15.0 15.0 15.0 15.0 15.0 15.0 
15.0 15.0 15.0 15.0 15.0 15.0 15.0 15.0 15.0 14.949 
8.548 5.156 1.674 1.773 1.348 1.417 1.407 1.414 1.699 2.123 
2.942 4.441 7.183 6.785 12.133 10.905 15.0 15.0 15.0 11.528 
9.335 6.1 2.496 2.858 2.34 2.773 2.764 3.435 4.503 7.189 
7.053 9.708 11.783 15.0 15.0 15.0 15.0 15.0 11.683 7.955 
6.465 4.656 2.726 1.397 0.993 1.002 0.851 1.032 1.011 1.092 
1.002 1.052 1.086 1.079 1.117 1.34 1.555 1.572 2.07 1.967 
3.357 5.029 5.774 6.711 6.44 6.087 4.06 2.734 2.417 1.48 
1.206 1.353 1.325 1.582 1.962 1.538 1.32 1.191 1.143 1.247 
1.301 1.273 1.225 1.13 1.04 1.023 0.991 0.992 1.029 1.098 
1.161 1.077 1.075 1.001 1.04 0.965 1.172 1.247 2.048 2.032 
3.003 2.82 1.897 2.383 2.926 2.927 1.93 2.444 2.821 2.089 
1.837 1.417 1.237 1.138 0.975 1.105 0.96 1.019 0.947 1.028 
0.977 1.132 1.375 1.424 1.597 1.166 1.164 1.05 1.027 1.392 
1.992 2.489 1.692 2.335 2.541 4.276 4.778 7.677 8.244 7.764 
8.346 4.347 3.221 1.823 1.538 1.46 1.313 1.186 1.154 1.072 
1.048 1.159 1.239 1.377 1.778 1.458 1.52 1.46 1.332 1.611 
1.47 2.153 2.076 2.92 2.502 3.449 2.391 3.181 2.456 3.814 
4.912 6.499 8.308 7.023 8.817 8.055 10.224 8.462 7.433 7.859 
6.092 3.803 3.141 2.574 2.0 1.355 1.043 1.193 0.894 0.733 
0.814 0.732 0.796 0.738 0.936 1.047 1.311 1.578 1.462 1.291 
1.019 0.948 0.91 0.982 1.003 1.263 1.636 2.042 2.203 1.594 
1.97 2.737 2.309 1.973 2.479 3.155 2.732 2.45 1.539 1.416 
1.489 1.383 1.969 1.443 1.613 1.141 1.24 1.126 1.27 1.266 
1.76 1.83 3.01 2.417 2.344 2.234 1.859 1.729 1.512 1.591 
1.529 1.484 1.305 1.632 1.526 1.668 1.971 1.854 1.495 1.481 
1.544 1.117 0.95 0.789 0.7 0.684 0.683 0.74 0.783 0.863 
0.924 1.042 0.959 1.104 1.145 1.138 1.202 0.959 0.91 0.84 
0.885 1.101 1.134 1.652 2.225 4.746 9.956 13.598 15.0 15.0 
15.0 15.0 15.0 15.0 15.0 15.0 15.0 15.0 15.0 15.0 
15.0 15.0 15.0 15.0 15.0 13.66 11.513 15.0 15.0 8.748 
9.222 12.932 6.618 6.599 3.893 3.432 3.263 2.912 3.771 4.507 
4.273 2.319 2.11 1.475 1.37 1.413 1.373 1.554 1.265 1.739 
1.619 1.793 1.486 1.533 1.287 1.517 1.241 1.325 1.439 1.475 
1.666 2.166 2.275 3.023 2.726 2.392 2.186 3.057 2.106 2.88 
2.305 1.335 1.034 0.914 0.822 0.877 0.954 1.438 1.664 1.81 
1.305 1.252 0.957 1.091 0.895 1.015 1.414 1.288 1.905 2.493 
2.153 2.197 1.492 1.29 1.183 1.078 1.557 1.529 1.589 1.745 
1.978 3.173 2.996 2.307 1.961 1.987 1.735 2.7 2.235 2.604 
2.837 2.868 4.746 4.929 4.434 2.238 1.689 1.697 1.78 2.028 
1.822 1.487 1.339 1.429 1.499 1.574 2.564 3.011 1.972 1.475 
1.134 1.109 1.248 1.611 2.762 4.422 7.597 8.886 13.709 15.0 
15.0 15.0 15.0 15.0 15.0 15.0 15.0 15.0 15.0 15.0 
15.0 15.0 9.828 7.044 5.047 4.031 1.658 1.343 1.061 0.937 
0.995 1.106 1.594 1.793 1.672 1.327 1.233 1.047 1.346 1.055 
1.201 1.362 1.463 2.65 1.672 1.575 1.889 2.737 3.403 3.786 
3.304 3.677 3.447 4.795 5.245 4.275 4.136 3.775 3.701 2.545 
2.258 1.184 1.1 0.879 0.835 0.925 1.013 1.14 1.343 1.43 
1.536 1.475 1.441 1.207 1.063 0.951 0.907 1.024 1.037 1.319 
1.178 1.438 1.76 2.037 3.397 3.445 2.796 1.884 1.234 1.336 
0.968 1.03 1.031 1.454 2.6 3.765 4.179 3.73 2.594 1.773 
1.61 1.569 1.839 1.642 1.356 1.251 1.425 1.305 1.128 1.012 
1.076 1.002 1.273 1.411 1.382 1.227 1.119 1.061 1.203 1.258 
1.378 1.317 1.399 1.299 1.206 1.181 1.046 1.04 1.049 1.167 
1.453 1.46 1.59 1.481 1.337 1.196 1.112 0.976 0.736 0.698 
0.654 0.751 0.754 0.848 0.797 0.949 1.031 1.159 1.6 1.362 
1.385 2.036 1.991 2.85 2.662 1.802 2.272 1.491 1.758 1.39 
1.3 1.062 1.03 0.985 0.958 1.302 1.073 1.136 0.941 0.823 
1.072 1.242 1.716 2.089 1.674 1.518 1.522 1.857 2.13 1.94 
2.352 1.786 1.57 1.378 1.173 1.193 1.05 1.391 1.068 1.813 
1.27 2.153 1.818 1.56 1.673 1.792 1.46 1.444 1.193 1.063 
0.986 0.912 0.844 0.814 0.738 0.683 0.76 0.698 0.753 0.887 
0.942 0.915 1.039 1.049 1.018 1.045 1.046 1.6 2.017 1.331 
1.166 1.105 0.996 0.876 0.877 0.985 1.005 1.068 0.957 1.01 
1.018 1.039 1.309 
END
