PFRMAT local QA
AUTHOR LAW-CASP14
af2-standard_T1118_5.pdb local_accuracy_only 15.0 15.0 15.0 15.0 15.0 15.0 15.0 10.812 5.367 4.998 3.263 
2.905 3.091 1.798 2.22 1.535 1.708 1.841 1.809 2.198 1.661 
1.815 1.537 1.427 1.284 1.361 1.296 1.259 1.333 1.379 1.352 
1.388 1.522 1.523 1.668 1.592 1.968 2.581 3.485 3.455 4.024 
3.579 3.096 3.078 2.957 2.59 2.404 2.013 1.993 1.937 1.863 
2.653 2.675 3.14 2.265 2.412 1.855 1.957 1.85 1.596 1.5 
1.737 1.685 1.545 1.67 1.882 2.05 2.049 2.035 1.938 1.853 
1.842 1.797 1.963 1.83 2.156 2.156 1.823 1.842 1.677 1.886 
1.897 1.916 2.268 2.459 5.066 8.548 11.184 13.944 15.0 15.0 
15.0 15.0 15.0 15.0 15.0 15.0 14.476 12.707 11.113 10.03 
8.524 7.846 7.732 7.098 6.715 4.067 3.957 3.56 2.904 2.594 
2.009 1.531 1.833 2.391 2.507 2.566 2.522 2.388 1.381 1.314 
1.612 1.884 3.162 4.606 1.476 1.163 1.068 0.916 0.966 0.89 
0.879 0.71 0.724 0.735 0.675 0.719 0.753 0.984 0.786 0.929 
0.812 0.778 0.815 0.768 0.766 0.878 0.93 1.082 1.103 1.012 
1.444 1.086 0.92 1.151 1.306 1.095 0.968 0.868 0.877 1.147 
1.29 1.835 2.563 1.77 1.802 2.037 2.314 1.954 1.722 1.666 
2.002 1.552 1.959 1.71 1.278 0.986 0.827 1.016 1.118 1.827 
2.315 2.603 2.238 2.26 1.816 1.081 1.039 0.999 0.981 0.937 
1.157 1.343 1.293 1.592 2.732 2.928 2.242 2.874 2.19 1.853 
1.91 1.994 2.585 2.297 1.943 1.338 1.069 0.911 1.22 0.931 
0.804 0.827 0.705 0.686 0.711 0.685 0.719 0.724 0.719 0.741 
0.732 0.731 0.786 0.853 0.813 0.771 0.987 0.807 1.021 0.749 
0.837 0.747 0.783 0.714 0.801 0.796 0.773 0.809 0.852 1.002 
1.118 1.45 1.782 1.919 1.791 1.636 1.622 1.551 1.831 2.053 
2.379 2.11 2.371 1.819 2.095 3.904 3.168 2.594 2.897 2.862 
2.591 2.131 1.6 1.294 1.338 1.398 1.526 1.879 2.07 2.339 
3.148 3.37 2.31 2.074 1.637 1.414 1.197 1.129 1.209 1.314 
1.525 1.998 2.312 2.485 2.906 3.383 4.173 4.396 4.421 4.178 
4.51 5.25 4.128 3.788 2.981 2.773 1.99 1.956 1.784 1.589 
1.43 1.328 1.231 1.273 1.539 1.786 2.318 2.508 2.862 2.841 
1.864 2.04 2.007 1.669 1.467 1.364 1.408 1.639 1.791 1.869 
1.874 2.018 2.352 2.468 2.463 2.652 3.214 2.71 2.715 2.739 
2.396 2.179 2.022 1.713 2.077 2.187 2.139 1.9 2.494 2.969 
2.821 3.446 3.631 2.874 2.821 2.886 3.253 2.861 3.894 3.508 
3.814 3.311 3.522 4.352 4.65 5.161 3.702 3.366 2.861 2.378 
2.326 2.141 2.202 2.093 2.035 1.766 1.697 1.508 1.47 1.457 
1.604 1.458 1.502 1.596 1.695 1.726 1.845 1.758 1.729 1.559 
1.647 1.564 1.637 1.702 1.68 1.786 2.002 2.381 2.213 2.311 
2.171 2.137 2.492 2.673 3.031 3.308 3.44 3.194 3.133 2.64 
2.531 3.113 3.563 4.604 5.504 4.045 3.897 3.609 3.851 3.522 
3.617 3.596 3.703 3.539 3.085 2.924 2.357 2.341 2.094 2.229 
2.424 2.764 3.041 2.625 1.917 2.022 1.677 1.758 1.492 1.534 
1.487 1.555 1.77 2.006 2.796 2.614 3.426 2.713 1.811 1.616 
1.274 1.272 1.167 1.171 1.071 1.203 1.314 1.611 1.776 2.191 
2.365 3.177 2.641 2.42 2.197 2.229 2.385 2.731 3.338 3.747 
4.454 5.106 4.806 5.575 4.663 4.101 3.812 3.534 3.292 4.648 
4.836 5.714 5.774 6.031 6.371 6.156 5.804 5.436 6.114 4.536 
4.251 3.642 3.354 2.593 2.311 2.01 2.099 1.737 1.973 1.765 
1.761 1.3 1.346 1.033 1.026 0.885 0.968 0.965 1.036 1.038 
1.113 1.18 1.49 1.693 1.377 1.232 1.101 0.998 0.971 0.938 
0.861 0.909 0.846 0.929 0.973 1.004 1.11 1.189 1.295 1.565 
1.693 1.791 2.121 2.053 2.615 2.833 2.538 2.585 2.045 1.782 
1.527 1.338 1.172 1.056 1.076 0.95 1.036 0.843 0.891 0.823 
0.881 0.811 0.975 0.98 1.099 1.188 1.409 1.67 2.485 1.29 
1.197 0.981 0.984 0.856 0.884 0.834 0.805 0.756 0.733 0.776 
0.83 0.973 1.154 1.435 1.855 2.024 2.116 2.084 2.63 2.377 
2.058 1.908 1.728 1.611 1.369 1.026 0.998 0.82 0.823 0.795 
0.743 0.874 0.797 0.983 0.89 1.006 0.87 1.001 1.11 2.103 
3.492 4.037 2.694 1.627 1.214 0.951 0.886 0.858 0.853 0.84 
0.836 0.74 0.776 0.789 0.813 0.857 0.997 1.301 1.349 2.266 
2.933 3.82 6.162 6.729 7.418 5.116 4.094 2.938 2.514 2.277 
1.779 2.001 1.643 1.132 0.938 0.87 0.776 0.761 0.727 0.753 
0.755 0.815 0.859 0.92 0.991 1.152 1.865 2.144 3.034 3.554 
2.529 1.931 1.436 1.057 0.945 0.85 0.818 0.775 0.743 0.789 
0.858 0.873 0.994 1.045 1.273 1.34 1.531 2.433 3.359 4.145 
3.884 1.791 1.885 1.378 1.31 1.231 1.168 1.25 1.193 1.065 
0.853 0.863 0.795 0.756 0.798 0.79 0.86 0.846 0.933 1.034 
1.151 1.441 1.871 2.498 2.869 3.196 3.824 2.507 2.355 1.553 
1.092 1.035 0.93 0.82 0.82 0.773 0.775 0.805 0.811 0.827 
0.878 0.925 0.942 1.101 1.187 1.289 1.354 1.44 1.242 1.259 
1.13 1.041 1.041 1.006 0.938 0.922 0.85 0.805 0.785 0.734 
0.757 0.765 0.806 0.896 0.925 1.159 1.377 1.76 2.081 2.055 
2.254 2.019 2.114 1.583 1.428 1.055 0.992 0.877 0.831 0.774 
0.741 0.774 0.796 0.783 0.837 0.931 0.939 1.384 1.255 1.374 
1.633 1.363 1.344 1.41 1.489 1.408 1.741 1.696 1.568 1.654 
1.644 2.456 1.773 1.544 0.934 0.972 0.983 1.262 1.175 1.349 
1.305 1.491 1.529 1.691 1.896 
END
