PFRMAT local QA
AUTHOR MASS-CASP14
af2-standard_T1118_5.pdb local_accuracy_only 15.0 15.0 15.0 15.0 15.0 15.0 15.0 13.575 11.816 7.65 5.055 
4.297 3.589 3.339 2.961 2.602 2.849 2.92 2.387 2.034 1.777 
2.221 2.336 1.761 1.755 1.709 1.681 1.405 1.525 1.729 2.263 
2.249 2.208 1.743 1.747 1.481 1.692 1.845 1.959 2.295 2.686 
2.5 2.532 3.774 4.792 4.727 5.436 5.863 6.484 5.296 5.118 
5.324 5.064 4.274 3.192 2.754 2.479 2.375 2.291 1.887 1.73 
2.093 2.411 1.877 1.713 2.295 2.312 2.026 1.866 1.553 1.747 
1.662 1.704 1.9 2.034 2.317 2.019 1.933 1.444 1.256 1.295 
1.25 1.428 1.759 1.847 2.284 2.987 4.59 6.052 8.124 10.38 
10.06 12.6 11.675 12.393 13.188 12.893 14.937 15.0 15.0 15.0 
15.0 15.0 15.0 15.0 15.0 15.0 15.0 15.0 15.0 15.0 
15.0 15.0 15.0 15.0 15.0 10.981 11.086 10.272 10.098 9.373 
8.049 7.341 6.028 5.356 4.251 3.27 2.743 2.452 2.219 2.015 
1.952 1.717 1.349 1.452 1.315 1.25 1.18 1.218 1.457 1.601 
1.428 1.346 1.688 1.806 1.74 1.942 1.845 2.114 2.187 1.935 
2.272 2.309 2.068 1.972 2.457 2.616 2.214 2.649 3.047 2.532 
3.578 4.581 6.331 7.302 7.023 8.429 9.355 12.177 12.116 8.842 
4.923 4.606 3.838 3.101 2.483 2.313 2.384 2.574 2.266 2.88 
3.719 4.639 4.59 4.014 3.505 2.852 2.496 2.447 2.773 3.285 
3.928 3.61 4.159 5.55 6.73 10.481 13.898 15.0 15.0 15.0 
15.0 15.0 12.061 8.104 4.129 3.177 2.884 2.09 2.302 2.056 
1.869 2.198 1.536 1.821 1.607 1.527 1.367 1.368 1.401 1.469 
1.559 1.67 1.852 2.2 2.833 2.665 2.51 2.265 2.241 1.8 
1.686 1.529 1.566 1.639 1.891 2.309 2.545 2.501 2.755 2.996 
2.976 4.157 5.308 6.775 6.411 6.31 6.429 6.699 5.853 5.669 
4.832 4.722 4.617 4.952 5.418 7.164 8.08 9.459 8.042 8.065 
8.238 9.19 7.722 8.85 7.956 8.986 8.433 8.123 8.284 8.761 
9.861 8.389 5.882 5.899 5.767 6.476 6.299 7.339 7.833 7.014 
7.101 7.506 9.051 10.089 11.201 11.781 14.669 15.0 15.0 15.0 
12.709 13.693 11.642 10.58 10.206 8.775 7.879 7.645 8.687 8.169 
10.734 11.977 12.177 11.392 11.063 9.138 10.859 8.422 10.631 9.583 
9.472 7.616 9.801 8.268 10.613 9.758 10.653 10.259 10.475 10.616 
11.389 11.633 12.11 13.992 15.0 15.0 13.132 10.149 8.793 5.432 
4.474 3.1 2.878 3.15 3.662 3.532 3.762 3.489 4.381 4.872 
5.013 4.94 4.981 4.156 3.944 3.256 3.694 3.747 4.185 4.09 
4.85 5.935 6.736 6.63 6.846 8.296 9.291 9.934 8.764 7.382 
7.071 6.604 6.002 5.571 4.462 3.615 3.751 2.908 2.677 2.674 
2.494 3.11 2.72 3.145 3.605 3.901 4.159 3.586 2.941 3.673 
3.689 4.408 4.65 4.98 5.248 5.556 6.712 8.285 10.066 11.068 
13.411 11.288 11.144 10.907 11.323 8.721 6.425 5.657 5.227 4.395 
4.192 3.191 3.335 3.848 3.657 2.913 2.864 2.427 2.109 2.19 
2.581 3.124 3.396 3.864 4.692 6.62 7.992 9.521 10.616 11.229 
10.158 11.025 10.863 8.826 8.791 8.742 8.811 9.926 10.06 10.29 
9.672 9.226 8.849 7.013 8.295 7.219 7.541 6.623 4.477 4.323 
4.457 4.563 5.201 5.101 5.688 5.102 5.991 5.407 6.714 7.807 
8.981 10.944 12.61 15.0 15.0 15.0 15.0 15.0 14.503 12.766 
10.67 10.877 9.439 7.961 6.455 6.105 6.166 6.045 6.306 6.043 
6.233 7.491 7.179 7.707 10.177 9.649 9.987 7.488 8.163 7.477 
8.898 9.768 10.382 10.296 10.142 9.791 9.648 9.013 9.496 8.643 
8.344 7.273 5.492 5.179 3.991 3.99 3.398 3.586 2.967 2.889 
2.509 2.588 2.923 2.937 2.244 1.714 1.357 1.275 1.245 1.261 
1.157 1.416 1.498 1.749 1.678 1.936 2.279 2.414 2.487 2.847 
3.079 3.219 3.635 4.465 6.358 8.937 10.07 10.03 7.961 5.764 
4.68 3.348 2.531 2.044 2.062 2.021 1.693 1.632 1.414 1.241 
1.123 1.122 1.142 1.183 1.42 1.599 2.055 2.388 2.185 1.762 
1.215 0.117 0.019 0.008 0.029 0.065 0.534 0.99 1.111 0.993 
1.13 1.186 1.465 1.964 2.189 2.36 3.131 3.954 4.595 5.122 
3.953 2.64 2.025 1.522 1.684 1.431 1.301 1.299 1.185 1.227 
1.172 1.344 1.538 1.594 1.628 1.856 1.996 2.212 2.792 3.714 
5.48 6.396 5.524 4.355 2.722 1.844 1.503 1.561 1.301 1.408 
1.306 1.373 1.488 1.435 1.839 2.277 2.789 3.327 3.604 4.755 
4.836 5.398 6.035 6.602 7.382 7.197 6.162 3.72 2.543 2.369 
2.593 2.499 1.868 1.394 1.235 1.345 1.444 1.596 1.766 2.145 
3.028 3.197 4.505 4.235 5.28 4.394 4.617 5.011 6.159 6.727 
5.439 3.249 2.592 2.057 1.891 1.812 1.68 1.681 1.939 2.204 
3.32 3.847 4.608 5.3 5.032 5.456 5.609 6.316 6.743 8.695 
10.881 9.865 7.212 5.426 4.401 3.797 3.353 3.326 3.041 2.743 
2.602 2.401 2.383 2.084 2.014 2.237 2.52 2.907 3.426 3.179 
3.54 3.768 3.729 4.81 6.479 6.385 6.821 5.226 3.405 2.58 
2.079 1.794 1.471 1.488 1.327 1.309 1.345 1.433 1.753 2.053 
2.419 2.491 2.217 2.067 2.504 3.146 3.299 3.398 2.778 2.254 
1.766 1.684 1.442 1.737 1.642 1.325 1.345 1.042 1.155 1.222 
1.249 1.46 1.507 1.439 1.434 1.563 1.91 2.452 3.246 3.659 
4.469 4.022 4.442 3.965 3.352 2.121 1.77 1.456 1.299 1.096 
1.216 1.242 1.293 1.38 1.783 1.876 2.29 2.436 1.957 1.892 
2.231 2.612 2.623 2.948 3.494 4.053 3.997 4.252 4.089 3.973 
3.85 5.881 6.751 7.118 6.502 8.755 8.941 9.628 9.428 10.593 
10.264 9.949 8.505 9.933 11.005 
END
