PFRMAT local QA
AUTHOR LAW-CASP14
af2-standard_T1122_5.pdb local_accuracy_only 15.0 15.0 15.0 15.0 15.0 15.0 15.0 15.0 15.0 15.0 15.0 
15.0 15.0 15.0 15.0 15.0 15.0 15.0 15.0 15.0 15.0 
15.0 15.0 15.0 15.0 15.0 15.0 15.0 15.0 15.0 15.0 
15.0 15.0 15.0 15.0 15.0 15.0 15.0 15.0 15.0 15.0 
15.0 14.538 15.0 15.0 15.0 15.0 15.0 15.0 12.656 10.863 
9.501 8.378 6.678 6.159 4.354 3.465 2.679 2.707 2.617 2.184 
2.183 2.008 2.08 1.94 1.938 1.836 1.805 1.744 1.859 1.612 
1.561 2.077 1.9 1.727 2.451 2.542 2.471 2.926 3.144 3.873 
4.731 7.832 8.368 6.485 8.715 10.054 11.484 12.202 14.693 15.0 
15.0 15.0 15.0 15.0 15.0 15.0 15.0 15.0 15.0 15.0 
15.0 15.0 7.381 9.409 8.887 7.49 7.552 9.224 9.509 7.946 
7.06 5.695 3.828 3.176 3.341 2.282 2.117 1.809 1.61 1.545 
1.45 1.298 1.173 1.251 1.178 1.036 1.055 1.141 1.092 0.97 
1.147 1.173 1.167 1.292 1.45 1.436 1.522 1.825 1.81 1.721 
2.215 2.0 2.01 2.005 2.346 2.636 2.304 1.954 1.872 1.787 
1.663 1.542 1.527 1.454 1.394 1.349 1.403 1.445 1.438 1.642 
1.915 2.255 2.408 5.346 5.355 5.272 9.379 9.535 12.208 14.785 
14.355 14.059 15.0 15.0 15.0 15.0 15.0 15.0 15.0 15.0 
15.0 15.0 15.0 15.0 15.0 15.0 15.0 15.0 15.0 15.0 
15.0 13.462 11.689 7.745 2.939 2.17 1.705 1.573 1.442 1.271 
1.121 1.168 1.017 0.945 0.918 0.921 0.969 0.862 0.874 1.005 
0.929 0.863 0.933 0.968 0.954 1.095 1.137 1.178 1.463 1.551 
1.544 1.626 2.283 2.555 4.245 3.859 2.711 4.228 3.289 2.825 
2.117 2.299 1.853 1.817 1.691 1.746 1.785 1.729 1.704 1.833 

END
