PFRMAT local QA
AUTHOR MASS-CASP14
af2-standard_T1122_5.pdb local_accuracy_only 15.0 15.0 15.0 15.0 14.696 14.076 14.662 13.822 13.262 11.028 13.456 
11.622 14.518 15.0 15.0 14.279 15.0 15.0 15.0 15.0 15.0 
15.0 14.032 13.089 12.881 14.098 13.834 12.731 12.794 15.0 14.332 
15.0 15.0 15.0 15.0 15.0 15.0 15.0 15.0 15.0 15.0 
15.0 15.0 15.0 15.0 15.0 14.565 12.394 10.468 8.61 7.476 
7.658 5.933 5.786 5.427 4.622 5.0 4.653 5.484 5.992 5.488 
5.237 4.652 3.916 3.702 3.616 3.631 3.706 4.074 3.371 3.366 
3.861 3.595 3.543 4.221 4.055 4.074 4.29 4.877 5.341 6.287 
7.228 8.516 8.406 7.761 8.507 9.773 11.904 13.678 15.0 15.0 
15.0 15.0 15.0 15.0 15.0 15.0 15.0 15.0 13.751 13.53 
11.482 10.593 10.814 11.553 10.903 10.004 9.675 8.761 7.162 7.551 
7.012 7.05 6.359 5.785 4.817 4.149 2.95 2.532 2.405 2.315 
2.05 2.107 2.251 2.029 2.063 1.872 1.965 1.79 1.852 1.829 
2.159 2.102 2.009 2.069 2.105 2.118 2.479 2.936 3.757 3.543 
4.467 5.067 4.973 4.887 5.085 5.466 4.546 3.134 3.424 3.167 
2.679 2.347 2.088 2.123 1.972 2.159 2.452 2.069 1.816 2.366 
2.342 2.005 2.396 2.993 3.458 3.582 4.973 6.502 8.536 9.865 
10.311 9.727 10.638 9.982 10.99 10.426 10.517 10.905 11.887 12.114 
12.91 12.662 11.868 12.231 10.975 11.322 10.216 12.048 11.33 10.671 
10.151 8.447 6.585 5.657 5.026 3.213 2.426 1.89 1.757 1.539 
1.4 1.506 1.607 1.394 1.378 1.502 1.713 1.401 1.563 1.568 
1.619 1.556 1.59 1.632 1.698 1.846 1.768 1.895 2.073 2.111 
2.661 3.261 3.528 4.62 5.119 4.365 3.738 3.806 3.632 3.288 
3.347 3.283 3.142 3.027 3.512 4.885 5.774 6.559 7.921 9.194 

END
