PFRMAT local QA
AUTHOR MASS-CASP14
af2-standard_T1177_4.pdb local_accuracy_only 5.065 3.459 2.331 1.639 1.248 1.148 1.021 1.29 1.407 2.013 2.154 
1.886 1.791 1.869 1.707 1.808 1.961 1.861 1.759 1.743 2.036 
1.953 1.877 2.214 2.137 2.333 3.058 3.341 3.302 4.337 5.035 
5.569 6.525 6.259 7.38 7.18 7.269 5.797 4.451 3.138 2.888 
2.286 2.422 2.253 2.105 2.141 2.242 1.935 1.855 1.958 2.165 
2.652 2.472 2.535 2.832 2.47 2.535 2.928 3.571 3.541 3.376 
3.874 4.313 4.802 5.766 6.481 8.307 9.715 8.298 7.819 7.54 
6.308 6.504 5.18 5.502 4.286 2.888 2.179 1.763 1.631 1.784 
1.983 2.294 2.248 2.147 2.018 1.914 2.224 2.589 2.461 2.418 
2.712 3.022 2.844 2.899 2.658 2.996 2.587 2.029 1.892 1.807 
1.859 1.764 1.558 1.67 2.001 1.984 1.76 1.578 1.381 1.362 
1.561 1.879 2.273 2.837 3.276 4.262 4.426 6.533 6.787 7.68 
7.53 5.579 4.696 3.337 2.822 2.36 2.067 1.787 1.97 1.936 
1.645 1.73 1.619 1.794 1.703 1.687 1.532 1.577 1.599 1.677 
2.014 2.379 3.28 3.773 4.033 3.397 2.977 2.349 1.74 1.625 
1.649 1.429 1.183 1.106 1.038 1.189 1.062 1.063 1.253 1.704 
1.959 2.145 2.109 2.165 2.93 2.966 3.224 2.552 2.729 2.53 
2.355 2.238 1.69 1.46 1.093 1.192 1.292 1.586 1.722 1.707 
1.467 1.475 1.846 1.858 1.752 1.779 1.717 1.972 2.085 2.568 
2.086 1.578 1.44 1.28 1.095 0.964 1.123 1.469 1.657 1.747 
1.621 1.758 1.632 1.667 1.491 1.673 1.567 1.321 1.621 1.666 
1.343 1.204 1.275 1.605 1.735 1.727 1.635 1.598 1.334 1.787 
1.979 2.819 
END
