PFRMAT local QA
AUTHOR LAW-CASP14
af2-standard_T1177_4.pdb local_accuracy_only 2.61 2.162 1.631 1.656 1.46 1.362 1.266 1.264 1.592 1.553 2.307 
1.968 1.676 1.762 1.828 1.893 2.11 2.088 1.736 2.022 2.463 
2.185 2.008 2.387 2.552 2.251 3.121 2.908 2.324 3.967 6.144 
4.894 5.308 3.845 4.421 3.422 3.172 2.118 2.26 1.64 2.404 
1.728 3.002 2.23 3.401 2.86 3.274 2.841 2.663 2.804 2.773 
2.836 2.372 2.594 2.616 2.546 2.376 2.871 2.831 2.762 2.851 
3.453 3.84 4.214 6.142 6.457 7.221 7.199 6.424 5.767 4.992 
3.386 3.521 1.777 2.303 1.854 1.488 1.536 1.33 1.553 1.662 
2.159 2.073 1.775 2.526 2.792 1.824 3.017 3.329 3.02 3.285 
3.61 2.561 1.987 1.698 1.817 1.928 2.419 2.092 3.077 2.413 
2.561 2.084 1.515 1.811 1.795 1.564 1.519 1.272 1.033 1.045 
1.03 1.154 1.259 1.623 1.611 2.09 3.181 5.453 6.883 8.391 
7.857 7.211 5.419 4.551 3.267 2.414 2.676 2.0 3.21 3.138 
2.667 1.818 1.726 1.609 1.725 1.652 1.541 1.823 1.665 1.8 
1.645 2.367 2.242 3.194 3.532 3.346 3.052 2.426 1.973 1.936 
1.955 1.752 1.477 1.361 1.2 1.311 1.305 1.267 1.356 1.382 
1.709 1.552 1.815 1.82 2.67 1.879 1.827 1.618 1.53 2.04 
1.772 1.632 1.284 1.163 1.03 1.111 1.149 1.448 1.496 1.634 
1.508 1.756 1.984 1.925 2.078 2.301 2.184 2.355 2.226 2.674 
2.585 1.67 1.453 1.367 1.406 1.457 1.554 1.884 1.997 2.37 
3.04 3.95 3.499 2.717 2.332 2.618 2.084 1.85 1.758 1.664 
1.574 1.375 1.416 1.416 1.424 1.409 1.302 1.282 1.411 1.453 
1.635 1.692 
END
