PFRMAT local QA
AUTHOR MASS-CASP14
af2-standard_T1186_2.pdb local_accuracy_only 3.155 2.346 1.788 1.506 1.498 1.344 1.066 1.183 1.306 1.146 1.168 
1.341 1.534 1.707 1.949 1.546 0.98 0.757 0.01 0.005 0.0 
0.012 0.313 1.127 1.462 2.088 2.494 2.343 1.819 1.387 1.175 
1.07 0.963 0.985 1.092 1.03 0.948 0.809 0.622 0.781 0.673 
0.776 0.717 0.829 0.708 0.779 0.687 0.853 0.812 0.733 0.797 
0.853 0.775 0.812 0.994 1.113 1.246 1.398 1.477 1.643 1.915 
1.632 1.162 1.152 1.253 1.263 1.107 1.073 1.055 1.089 1.451 
1.601 1.808 1.843 1.574 1.9 2.056 1.512 1.329 1.362 1.231 
1.072 1.356 1.333 1.162 1.245 1.258 1.118 0.993 0.852 0.742 
0.78 0.87 0.868 0.6 0.784 0.833 0.804 0.83 0.747 0.794 
0.937 0.938 0.879 0.933 0.966 0.852 0.811 0.92 0.926 0.739 
0.851 1.029 1.089 1.039 1.158 1.249 1.261 1.59 1.227 1.007 
1.156 1.202 1.069 0.964 1.083 1.236 1.244 1.413 1.368 1.421 
1.235 1.069 1.169 1.157 1.376 1.37 1.335 1.362 1.295 1.25 
1.187 1.327 1.415 1.266 1.566 1.624 1.776 1.365 1.261 1.01 
0.88 0.755 0.756 0.761 0.635 0.011 0.0 0.0 0.0 0.0 
0.077 0.721 0.95 0.995 0.945 1.199 1.24 1.391 1.619 1.732 
1.744 1.706 1.764 1.543 1.077 0.911 1.16 0.902 0.816 0.894 
0.971 0.826 0.874 0.991 1.163 1.095 1.219 1.159 1.522 1.671 
1.868 1.355 1.213 1.407 1.459 1.503 1.425 1.848 1.905 1.624 
1.109 1.02 0.847 0.926 0.854 0.703 0.737 0.786 0.836 0.936 
1.077 1.093 1.131 1.016 0.971 0.886 0.772 0.733 0.839 0.871 
0.876 1.015 1.575 2.236 2.48 2.367 1.703 1.247 0.933 0.723 
0.362 0.222 0.154 0.58 0.824 1.009 1.238 1.714 1.852 1.883 
2.232 2.349 2.355 2.077 1.803 1.881 1.758 1.308 1.108 1.31 
1.286 1.144 1.23 1.381 1.377 1.354 1.727 2.916 
END
