PFRMAT local QA
AUTHOR LAW-CASP14
af2-standard_T1186_2.pdb local_accuracy_only 1.734 1.522 1.055 1.017 1.23 0.855 0.603 0.793 0.811 0.549 0.53 
0.653 0.676 0.486 0.513 0.375 0.352 0.333 0.354 0.343 0.373 
0.348 0.374 0.449 0.437 0.556 0.599 0.565 0.557 0.512 0.448 
0.524 0.474 0.551 0.545 0.623 0.508 0.502 0.345 0.413 0.324 
0.342 0.333 0.321 0.343 0.332 0.35 0.39 0.373 0.348 0.383 
0.436 0.46 0.437 0.538 0.633 0.767 0.717 1.046 1.159 1.161 
0.957 0.714 0.554 0.557 0.537 0.468 0.413 0.499 0.47 0.601 
0.621 0.718 0.594 0.53 0.526 0.495 0.433 0.408 0.421 0.404 
0.386 0.481 0.502 0.472 0.536 0.573 0.504 0.484 0.377 0.41 
0.398 0.424 0.372 0.326 0.311 0.352 0.31 0.3 0.307 0.327 
0.334 0.313 0.329 0.383 0.414 0.322 0.333 0.41 0.382 0.354 
0.425 0.52 0.527 0.469 0.606 0.565 0.482 0.563 0.531 0.428 
0.456 0.513 0.472 0.461 0.492 0.52 0.488 0.536 0.515 0.551 
0.48 0.422 0.451 0.419 0.452 0.427 0.45 0.459 0.481 0.481 
0.408 0.394 0.457 0.417 0.496 0.52 0.583 0.527 0.541 0.436 
0.4 0.402 0.389 0.437 0.381 0.431 0.454 0.326 0.325 0.386 
0.397 0.312 0.376 0.444 0.409 0.402 0.489 0.51 0.58 0.523 
0.471 0.584 0.604 0.579 0.49 0.454 0.502 0.455 0.374 0.417 
0.455 0.38 0.352 0.42 0.44 0.365 0.454 0.416 0.427 0.504 
0.468 0.391 0.359 0.404 0.451 0.409 0.454 0.605 0.644 0.601 
0.415 0.409 0.314 0.361 0.348 0.338 0.351 0.331 0.381 0.399 
0.448 0.412 0.415 0.361 0.346 0.3 0.317 0.283 0.28 0.286 
0.274 0.321 0.382 0.485 0.516 0.46 0.436 0.334 0.29 0.284 
0.266 0.286 0.282 0.269 0.294 0.308 0.349 0.393 0.419 0.429 
0.486 0.469 0.516 0.484 0.389 0.382 0.387 0.353 0.314 0.376 
0.392 0.358 0.357 0.442 0.52 0.466 0.497 0.538 
END
