PFRMAT local QA
AUTHOR MASS-CASP14
af2-standard_T1158_1.pdb local_accuracy_only 12.532 11.234 9.075 6.841 5.918 5.78 3.779 2.768 2.036 2.16 1.916 
2.481 2.442 3.735 4.088 5.028 4.75 4.551 4.64 4.277 3.919 
3.586 3.477 3.179 3.125 2.777 2.764 3.042 3.154 2.689 2.733 
3.027 3.717 4.21 5.461 5.366 5.818 5.308 4.613 5.419 5.769 
5.399 4.48 3.963 3.67 3.807 3.874 4.034 5.694 5.878 6.244 
4.547 3.46 3.287 2.421 1.81 1.739 1.96 2.088 1.894 2.247 
2.609 2.551 2.331 2.66 2.988 3.204 2.926 3.157 3.469 3.568 
4.067 4.29 4.967 4.863 4.57 4.442 3.796 3.007 2.65 2.705 
2.5 2.737 2.383 2.74 3.269 3.331 3.84 4.853 5.674 5.656 
4.723 5.518 4.681 5.217 5.149 5.574 5.068 5.027 5.02 4.87 
4.472 3.922 2.899 2.484 2.489 2.181 1.689 1.56 1.632 1.452 
1.29 1.36 1.447 1.702 1.504 1.416 1.825 1.971 2.152 2.46 
3.006 3.009 3.689 3.672 3.992 3.494 3.32 3.082 2.761 2.56 
2.904 2.76 2.526 2.752 2.726 2.536 2.51 2.807 2.87 2.441 
2.616 2.688 2.444 2.524 2.427 2.516 2.466 2.422 2.308 2.124 
2.314 2.433 2.024 2.228 2.257 2.093 1.833 1.558 1.551 1.444 
1.475 1.289 1.402 1.399 1.305 1.285 1.238 1.26 1.092 1.086 
1.171 1.293 1.116 1.25 1.533 1.399 1.276 1.301 1.233 1.184 
1.277 1.692 1.925 2.315 2.484 3.97 4.544 4.986 5.241 5.502 
4.956 3.543 2.78 3.199 2.979 2.377 2.224 2.353 2.959 2.54 
2.197 2.663 2.781 2.348 3.19 3.171 3.137 3.674 3.66 4.496 
4.749 4.282 4.239 4.111 4.225 4.282 3.978 3.835 3.47 3.133 
3.423 3.665 3.267 3.571 3.588 4.306 3.974 3.702 3.871 5.111 
4.868 4.895 5.329 5.835 5.335 5.687 5.55 6.633 6.068 6.162 
5.862 6.076 6.036 6.181 6.064 6.645 6.427 6.749 6.108 6.106 
5.198 4.783 3.963 4.031 3.447 3.346 3.256 3.684 3.773 3.068 
3.214 5.095 4.865 4.628 4.503 4.894 4.063 4.105 3.5 2.862 
2.653 2.246 2.324 2.741 2.415 2.65 2.502 2.292 2.094 2.6 
2.691 2.043 2.35 2.146 2.147 2.344 2.501 3.024 3.336 3.158 
2.998 2.836 2.226 1.867 2.143 2.245 2.44 2.022 2.818 3.315 
2.618 2.402 2.281 2.533 2.272 1.785 1.845 2.376 2.003 1.712 
1.985 2.471 2.443 2.491 2.135 2.592 3.209 3.186 2.85 2.959 
3.265 3.078 3.462 3.569 3.423 3.694 3.878 3.721 3.64 3.633 
4.143 4.397 4.482 4.262 4.055 4.22 3.861 4.163 4.565 4.565 
4.204 3.351 3.296 3.084 2.491 2.51 2.432 2.138 1.982 1.713 
1.791 1.9 1.901 2.162 1.913 1.916 2.234 2.713 3.022 2.527 
2.414 2.491 2.649 2.588 3.025 3.315 3.159 3.23 3.696 3.265 
2.694 2.699 2.668 2.6 2.182 2.286 2.536 2.201 2.513 2.232 
2.207 2.332 2.261 2.146 1.753 1.948 1.948 1.766 1.722 1.79 
2.006 2.27 2.464 2.826 3.949 5.393 5.949 5.603 6.42 7.618 
8.552 7.456 7.468 7.653 6.436 4.489 3.31 2.374 1.772 1.402 
1.564 1.685 1.753 1.742 2.109 2.136 2.909 3.445 4.254 5.239 
5.298 4.466 4.818 4.065 3.23 2.662 2.342 2.349 2.089 2.069 
1.749 1.597 1.485 1.356 1.472 1.799 1.716 1.603 1.413 1.282 
1.254 1.21 1.16 1.394 1.822 2.179 2.358 2.169 2.009 1.728 
2.063 1.922 1.563 1.463 1.619 1.797 1.903 1.647 1.854 1.965 
1.872 2.235 2.656 2.721 2.612 2.178 1.876 1.547 1.438 1.55 
1.516 1.539 1.385 1.385 1.418 1.581 1.862 2.399 3.092 3.394 
2.836 2.479 2.26 2.02 1.802 1.421 1.251 1.11 1.199 1.351 
1.422 1.417 1.625 1.793 2.326 3.176 3.546 3.406 3.372 3.449 
3.355 2.462 2.342 2.397 2.208 2.0 1.728 1.963 2.353 2.083 
2.421 2.534 3.233 3.644 3.414 2.872 2.982 3.005 2.834 3.097 
2.859 2.555 2.295 2.046 2.045 1.904 1.971 2.247 2.744 3.041 
2.817 2.322 2.366 2.058 1.984 2.359 2.484 2.476 2.161 2.227 
2.202 1.921 1.867 1.911 2.075 2.083 2.17 2.113 2.033 2.461 
2.152 1.942 1.509 1.158 1.045 1.064 1.131 1.359 1.415 1.681 
1.678 2.118 2.673 2.446 2.423 2.584 2.406 1.991 1.987 2.296 
1.956 1.874 1.824 2.215 2.155 2.2 2.318 2.434 2.696 2.71 
2.263 2.512 2.545 2.075 1.663 1.591 1.535 1.54 1.724 2.123 
2.604 2.689 2.843 2.79 2.649 2.516 2.548 2.687 2.21 1.955 
1.579 1.409 1.332 1.239 1.357 1.752 1.909 1.674 1.798 1.642 
1.673 1.59 1.731 1.552 1.645 1.842 2.516 2.749 2.506 2.61 
2.911 2.709 2.762 2.637 2.125 2.056 2.245 2.235 2.323 2.294 
3.377 4.865 6.585 7.156 8.416 9.452 8.572 10.156 9.463 8.37 
10.818 12.564 15.0 12.531 14.644 12.306 14.237 12.346 15.0 15.0 
15.0 15.0 15.0 15.0 15.0 15.0 13.092 10.488 11.028 7.651 
9.016 7.487 8.829 8.065 10.06 7.734 8.063 9.414 10.139 11.771 
13.285 15.0 15.0 15.0 15.0 15.0 15.0 15.0 15.0 15.0 
15.0 15.0 11.307 9.359 12.755 10.965 13.74 13.992 14.001 14.157 
12.384 9.731 7.593 6.043 3.626 3.046 2.875 2.284 1.891 1.748 
2.166 2.354 2.41 3.026 3.493 4.405 6.335 7.01 7.545 8.715 
9.114 8.323 6.696 7.342 7.314 7.529 6.445 6.449 6.169 5.067 
4.614 4.294 4.223 3.472 2.804 2.373 2.644 2.187 2.229 2.382 
2.468 2.485 2.297 2.616 2.492 2.967 2.318 2.753 3.092 4.081 
4.147 4.832 5.788 6.031 7.349 10.012 12.859 14.343 15.0 15.0 
15.0 14.887 15.0 9.27 6.078 4.722 3.725 3.003 2.314 2.635 
2.224 2.266 1.837 2.323 2.358 2.47 2.473 2.773 3.149 2.851 
3.038 3.151 3.312 3.388 2.943 2.926 3.489 3.918 3.856 3.634 
3.873 3.827 4.001 4.211 3.903 3.986 4.184 3.42 3.185 3.345 
3.156 2.613 2.241 2.242 1.914 1.607 1.54 1.904 1.925 1.618 
1.588 1.894 1.824 1.719 1.773 2.123 2.666 2.553 2.163 2.346 
2.266 2.145 2.147 2.221 2.501 2.115 1.786 1.977 1.769 1.524 
1.544 1.824 1.845 2.021 1.772 2.138 2.15 1.749 2.219 2.151 
1.794 2.196 2.173 1.87 1.7 1.801 1.877 1.569 1.448 1.781 
1.748 1.594 1.743 1.669 1.655 1.624 1.78 1.908 1.976 1.861 
2.474 2.393 2.636 2.841 3.146 3.153 3.285 3.323 3.618 3.462 
4.474 4.454 4.508 5.002 5.205 5.371 5.114 5.036 4.694 3.906 
4.611 4.253 3.722 4.324 4.878 4.552 3.759 4.207 4.092 3.99 
3.516 3.35 3.404 2.848 2.549 2.652 2.434 1.892 2.12 2.592 
2.642 3.225 4.415 4.878 4.84 5.034 6.063 4.595 3.004 2.63 
2.572 2.346 2.079 2.069 2.523 2.672 2.325 2.416 2.732 2.565 
3.027 2.673 2.436 2.669 2.897 3.096 2.935 2.398 2.509 2.731 
2.265 1.948 2.169 2.383 2.146 2.116 2.648 2.429 2.471 2.51 
2.415 2.096 2.055 2.259 2.563 2.663 2.788 3.061 3.042 3.112 
3.027 3.077 2.791 2.926 2.673 2.531 2.28 2.625 2.529 2.182 
2.031 2.056 1.95 2.087 2.161 2.374 2.581 2.587 2.608 2.579 
2.853 2.803 2.642 2.526 2.688 2.758 2.666 3.211 3.601 4.212 
4.238 3.837 3.457 3.619 3.526 3.824 2.871 2.523 2.672 2.612 
2.747 2.247 2.239 2.4 2.265 2.172 2.524 2.355 2.481 2.779 
2.215 2.117 2.177 2.216 2.117 1.972 2.39 2.472 2.644 2.834 
2.749 2.219 2.627 3.017 2.944 2.926 2.988 3.613 3.429 3.85 
3.695 3.386 3.249 3.384 3.53 4.042 4.446 3.85 4.107 3.24 
3.307 3.254 3.208 3.034 2.954 3.337 3.604 3.605 3.324 2.97 
2.871 3.118 2.769 2.515 2.358 2.459 2.089 1.82 1.501 1.224 
1.188 1.176 1.426 1.488 1.643 1.549 1.757 2.206 3.027 3.139 
4.135 4.304 4.64 4.562 3.593 3.368 2.831 2.652 2.342 2.212 
2.218 2.231 2.406 2.153 2.341 3.117 3.08 2.599 2.073 2.151 
1.997 2.145 1.934 2.071 2.241 2.652 2.503 2.294 2.078 1.782 
1.876 1.688 1.51 1.33 1.56 1.916 1.802 1.677 1.54 1.659 
1.852 1.921 1.719 1.708 1.685 1.518 1.203 1.301 1.285 1.498 
2.049 2.036 2.008 2.406 3.185 4.232 3.188 2.814 2.351 2.56 
2.359 2.218 2.094 1.972 1.775 1.511 1.366 1.327 1.25 1.696 
2.221 2.919 2.895 2.419 2.121 2.163 2.162 2.062 1.849 1.549 
1.416 1.583 1.233 1.014 1.192 1.483 1.836 2.308 2.806 2.687 
2.708 2.593 2.711 2.338 1.839 1.995 2.079 2.198 1.974 2.142 
2.266 2.238 2.219 2.297 2.66 3.102 3.333 2.848 3.054 3.835 
4.417 4.532 4.372 4.798 4.444 4.748 4.842 4.922 3.684 4.275 
4.418 4.429 3.751 3.62 3.354 2.64 2.253 2.273 2.364 2.13 
1.972 2.186 2.1 1.92 1.983 2.133 2.161 2.28 2.502 2.231 
2.307 2.852 3.086 2.492 2.179 1.722 1.336 1.403 1.495 1.686 
1.815 2.017 2.238 2.457 2.81 2.373 2.3 2.764 2.973 2.849 
2.496 2.796 2.224 1.98 2.021 2.251 2.297 1.819 2.404 3.16 
3.021 2.868 3.315 3.333 2.561 2.038 1.904 1.671 1.606 1.558 
2.011 2.011 1.989 1.899 1.866 1.95 1.746 1.812 2.025 2.036 
1.878 1.402 1.236 1.241 1.266 1.399 1.877 1.902 1.521 1.529 
1.423 1.437 1.3 1.347 1.588 1.591 1.65 1.822 2.147 1.91 
2.349 3.17 3.373 4.114 3.994 3.231 3.09 2.964 2.994 3.495 
3.607 3.466 4.166 5.092 4.695 5.369 5.633 6.121 4.662 4.362 
4.86 4.448 3.614 3.909 4.151 4.022 3.571 3.835 4.22 4.437 
4.131 5.063 5.214 6.07 5.848 6.599 7.68 7.36 8.758 9.09 
10.065 11.143 12.441 13.118 14.587 12.008 12.607 10.082 11.797 10.333 
12.699 12.459 15.0 12.655 12.469 14.756 15.0 14.452 15.0 15.0 
15.0 15.0 15.0 15.0 15.0 15.0 15.0 13.639 14.906 14.67 
15.0 15.0 15.0 15.0 15.0 15.0 15.0 15.0 15.0 
END
