PFRMAT local QA
AUTHOR LAW-CASP14
af2-standard_T1158_1.pdb local_accuracy_only 15.0 15.0 14.972 15.0 10.563 10.554 4.337 2.736 1.511 1.73 1.411 
3.524 6.793 6.317 9.383 8.492 9.131 8.273 5.01 7.683 3.52 
1.54 1.088 0.989 1.118 1.805 0.857 1.113 1.231 1.238 0.996 
1.443 1.462 1.262 1.453 2.171 1.735 1.517 1.129 1.17 1.094 
1.628 1.263 0.918 1.118 1.065 0.783 1.161 1.103 1.121 0.914 
0.867 0.701 0.802 1.016 0.744 0.706 0.861 0.912 0.787 0.879 
1.086 1.145 1.131 1.399 1.635 1.792 2.016 2.449 2.684 2.973 
3.352 4.067 4.01 4.41 3.54 3.808 2.385 1.754 1.279 1.545 
1.589 1.307 1.263 1.55 1.518 1.343 1.792 1.919 2.754 3.066 
2.262 4.193 5.012 2.939 4.764 6.863 4.412 3.44 5.204 4.15 
2.711 2.793 2.857 2.544 1.923 1.508 1.748 1.749 1.443 1.879 
1.819 1.412 1.215 1.782 1.711 1.202 1.263 1.491 1.222 1.144 
1.57 1.778 3.386 4.854 6.951 5.017 5.163 4.48 3.399 3.22 
3.182 3.263 2.667 2.869 2.669 2.383 1.998 2.817 2.65 2.386 
1.855 2.47 2.041 1.738 1.648 1.851 1.586 0.98 1.078 1.269 
1.084 0.736 0.898 1.05 0.773 0.61 0.742 0.74 0.638 0.558 
0.652 0.656 0.562 0.579 0.556 0.575 0.522 0.585 0.519 0.506 
0.535 0.544 0.525 0.481 0.566 0.574 0.529 0.557 0.609 0.643 
0.76 0.879 1.155 0.964 1.107 1.459 1.641 1.455 1.615 1.152 
1.423 1.383 1.092 0.974 1.199 1.086 0.871 1.033 1.094 1.033 
0.799 0.899 0.935 0.733 0.753 0.884 0.907 0.83 0.855 1.146 
1.055 1.403 1.49 1.63 1.732 2.146 1.8 1.736 1.504 1.489 
1.219 1.157 1.235 1.142 0.988 0.973 1.02 0.99 1.07 1.251 
1.188 1.025 1.055 1.104 1.133 0.971 1.034 1.071 1.151 1.153 
1.463 1.307 1.477 1.652 1.914 2.086 2.189 1.953 2.271 1.887 
1.821 1.477 1.472 1.267 1.205 1.064 0.996 1.055 1.041 0.867 
0.955 1.002 0.967 0.826 0.918 0.928 0.837 0.847 0.934 0.855 
0.816 0.826 0.893 0.856 0.773 0.87 0.904 0.803 0.806 0.916 
0.899 0.773 0.812 0.787 0.732 0.729 0.664 0.658 0.74 0.814 
0.853 1.001 1.006 0.921 0.901 0.924 0.824 0.793 0.804 0.805 
0.764 0.724 0.746 0.737 0.701 0.648 0.713 0.74 0.722 0.713 
0.789 0.812 0.87 0.912 1.005 1.032 1.153 1.215 1.333 1.392 
1.406 1.477 1.559 1.563 1.437 1.299 1.337 1.838 1.464 1.239 
1.201 1.378 1.191 1.164 1.172 1.573 1.206 1.195 1.312 1.407 
1.336 1.557 1.59 1.51 1.282 1.459 1.157 1.229 1.119 1.194 
1.177 1.194 1.063 1.227 1.164 1.138 1.141 1.268 1.368 1.314 
1.551 1.574 1.698 1.892 2.323 2.376 1.928 2.098 2.541 2.256 
1.545 2.175 1.928 1.26 1.362 1.596 1.299 1.068 1.424 1.427 
1.149 1.186 1.317 1.159 0.926 1.119 1.018 0.906 0.78 0.946 
0.839 0.859 0.825 0.972 2.378 8.661 11.328 12.568 15.0 14.451 
13.404 10.822 11.817 8.799 6.471 3.377 1.481 1.455 1.305 1.421 
1.486 1.788 1.906 1.696 1.755 1.511 1.647 1.377 1.819 2.371 
3.467 2.674 2.996 2.559 1.823 1.755 1.654 1.742 2.08 1.645 
1.622 1.361 1.368 0.998 1.128 0.983 0.954 0.936 0.836 0.828 
0.807 0.716 0.862 1.277 1.905 5.53 2.243 1.53 1.469 1.017 
0.986 1.308 1.122 0.863 1.022 1.113 1.102 0.87 1.23 0.892 
1.14 1.3 1.496 1.699 1.781 2.112 1.847 1.505 1.57 1.456 
1.601 1.092 0.796 0.698 0.696 0.758 0.795 1.198 1.264 1.758 
1.252 0.884 0.787 0.732 0.854 0.841 0.827 0.843 0.859 1.054 
0.866 0.943 1.162 1.196 1.946 1.51 2.366 2.041 2.364 1.997 
1.764 1.381 1.332 1.235 1.176 1.016 1.053 1.056 1.021 0.956 
1.086 1.042 1.153 1.239 1.182 1.157 1.353 1.403 1.128 1.281 
0.986 1.173 0.877 0.845 0.925 0.891 0.914 1.082 1.169 1.202 
1.06 1.097 1.303 1.434 3.039 1.987 2.014 1.366 1.112 1.24 
1.1 0.936 0.957 0.955 0.978 1.009 0.83 0.946 0.97 0.938 
0.869 0.745 0.727 0.595 0.6 0.612 0.736 0.786 0.895 1.067 
1.07 1.29 1.579 1.414 1.53 1.382 1.395 1.226 1.167 1.202 
1.152 0.995 1.002 1.161 1.037 1.046 1.026 1.086 1.267 1.082 
0.944 1.082 0.971 0.744 0.727 0.665 0.573 0.663 0.716 0.983 
1.558 2.3 2.239 2.675 2.303 1.859 2.422 2.217 1.505 1.279 
1.081 1.03 0.983 1.044 1.184 1.486 1.756 1.554 1.688 1.622 
1.46 1.276 1.35 1.527 1.791 2.113 7.298 6.443 8.312 11.712 
11.582 12.994 15.0 14.735 15.0 15.0 15.0 15.0 15.0 15.0 
15.0 15.0 15.0 15.0 15.0 15.0 15.0 15.0 15.0 15.0 
15.0 15.0 15.0 15.0 15.0 15.0 15.0 15.0 15.0 15.0 
15.0 15.0 15.0 15.0 15.0 15.0 15.0 15.0 15.0 15.0 
15.0 11.008 15.0 13.031 15.0 15.0 15.0 15.0 15.0 15.0 
15.0 15.0 15.0 15.0 15.0 15.0 15.0 15.0 15.0 15.0 
15.0 15.0 15.0 15.0 15.0 15.0 15.0 15.0 15.0 13.839 
11.926 10.358 7.597 6.101 3.285 2.457 1.879 1.53 1.387 1.234 
1.217 1.092 0.887 0.956 1.114 0.814 0.883 1.251 2.095 2.731 
3.969 3.33 3.096 4.635 4.557 3.287 4.28 4.557 3.113 2.911 
2.825 3.278 2.289 1.741 2.779 2.751 2.164 2.555 3.519 2.945 
3.104 3.113 2.948 2.439 2.084 2.727 3.678 1.953 4.681 6.031 
6.896 9.574 10.851 11.704 12.011 13.547 14.833 15.0 15.0 15.0 
15.0 15.0 15.0 15.0 15.0 15.0 15.0 12.1 13.088 11.901 
11.004 9.509 8.224 6.331 7.366 6.11 5.4 4.808 3.217 3.702 
2.23 3.713 3.635 2.717 2.205 2.336 2.214 1.851 1.57 2.207 
2.012 1.387 1.186 1.316 1.088 0.898 0.867 0.869 0.793 0.712 
0.745 0.726 0.694 0.637 0.646 0.641 0.607 0.623 0.637 0.666 
0.64 0.701 0.757 0.684 0.661 0.832 0.89 0.946 0.891 1.205 
1.082 1.037 1.189 1.289 1.064 1.055 0.878 0.878 0.859 0.818 
0.766 0.77 0.832 0.752 0.784 0.791 0.84 0.81 0.865 0.892 
0.856 0.822 0.882 0.902 0.879 0.825 0.8 0.8 0.709 0.758 
0.686 0.665 0.666 0.79 0.645 0.663 0.799 0.812 0.715 0.855 
1.081 0.917 0.965 1.169 1.34 1.279 1.588 1.544 1.333 1.907 
2.021 5.003 4.082 6.001 7.25 6.154 5.915 6.128 4.521 2.624 
2.561 2.206 1.681 1.294 1.437 1.267 0.981 0.996 1.063 0.949 
0.783 0.907 0.964 0.887 0.751 0.825 0.798 0.632 0.744 0.811 
0.75 0.737 0.947 0.955 0.746 0.844 0.916 0.799 0.641 0.708 
0.751 0.608 0.586 0.682 0.657 0.606 0.571 0.643 0.606 0.579 
0.633 0.698 0.635 0.693 0.68 0.681 0.823 0.819 0.839 1.046 
0.992 0.868 0.781 0.87 0.776 0.576 0.646 0.623 0.589 0.574 
0.569 0.561 0.553 0.509 0.571 0.551 0.523 0.479 0.538 0.558 
0.524 0.555 0.584 0.575 0.564 0.607 0.605 0.617 0.645 0.623 
0.682 0.771 0.764 0.883 0.825 0.981 1.073 1.313 1.237 1.526 
1.878 1.609 1.994 2.662 2.993 2.625 3.053 3.408 3.248 2.882 
3.085 2.412 1.654 1.326 1.231 1.425 1.348 1.182 1.183 1.481 
1.115 1.274 1.214 1.12 1.027 1.021 0.982 0.844 0.886 0.867 
0.755 0.736 0.798 0.735 0.664 0.812 0.928 0.788 0.993 1.4 
1.351 1.114 2.138 2.385 1.495 1.779 2.798 1.705 1.261 1.988 
1.531 0.981 1.033 1.321 0.979 0.869 1.162 1.288 1.46 1.336 
1.192 1.393 1.309 1.185 1.689 4.187 6.423 5.375 3.572 2.15 
2.18 1.791 1.37 1.05 0.783 0.81 0.746 0.663 0.668 0.671 
0.71 0.769 0.826 0.997 0.906 1.204 1.142 1.661 1.755 2.911 
5.513 5.52 3.755 3.075 1.778 1.482 1.132 1.16 1.153 1.01 
0.932 0.808 0.767 0.663 0.702 0.691 0.69 0.573 0.554 0.55 
0.628 0.602 0.71 0.966 1.594 2.531 1.624 1.197 0.988 0.849 
0.913 1.014 0.845 0.75 0.783 0.822 0.739 0.687 0.795 0.803 
1.001 0.939 0.981 1.005 0.987 0.849 0.782 0.763 0.776 0.788 
0.911 0.993 1.095 1.059 2.19 2.2 2.532 2.466 0.95 0.833 
1.077 0.787 0.664 0.669 0.683 0.628 0.665 0.616 0.688 0.835 
1.015 1.572 1.279 1.361 1.388 1.237 1.335 1.706 1.77 1.912 
1.553 1.68 1.571 1.27 1.644 1.224 1.9 2.434 3.266 1.993 
2.215 1.485 1.412 1.335 1.225 1.168 1.149 1.072 1.052 1.126 
1.135 1.07 1.191 1.227 1.217 1.493 1.781 1.597 1.911 2.35 
2.597 3.017 2.384 2.151 2.027 2.338 2.201 2.261 1.666 1.875 
1.357 1.372 1.527 2.221 3.312 2.72 2.972 2.598 2.145 1.487 
1.392 1.124 1.089 1.032 0.903 0.931 0.98 0.998 0.816 1.009 
1.031 0.941 0.958 0.767 0.708 0.56 0.576 0.531 0.587 0.686 
0.827 1.035 1.394 1.355 2.365 2.559 3.133 3.154 2.567 2.271 
1.901 1.828 1.523 1.206 1.277 1.274 1.151 1.143 1.17 1.196 
1.189 0.835 1.071 0.894 0.649 0.604 0.497 0.525 0.582 0.617 
0.804 1.078 1.313 1.282 1.53 1.309 0.855 1.326 1.509 0.816 
0.727 0.669 0.707 0.7 0.786 0.835 0.963 1.068 1.065 1.034 
0.958 0.937 0.943 0.874 0.895 1.019 1.16 2.017 1.516 1.438 
2.101 2.45 2.965 4.131 4.253 2.74 2.63 2.161 3.353 4.188 
3.857 3.29 4.558 5.158 5.483 6.93 8.125 7.45 6.221 5.551 
7.101 7.28 3.397 4.089 6.031 3.849 2.987 5.397 7.367 5.316 
4.291 9.0 9.699 9.13 10.385 12.059 13.396 15.0 14.845 15.0 
15.0 15.0 15.0 15.0 15.0 15.0 15.0 15.0 15.0 15.0 
15.0 15.0 15.0 15.0 15.0 15.0 15.0 15.0 15.0 15.0 
15.0 15.0 15.0 15.0 15.0 15.0 15.0 15.0 15.0 15.0 
15.0 15.0 15.0 15.0 15.0 15.0 15.0 15.0 15.0 
END
