PFRMAT local QA
AUTHOR LAW-CASP14
af2-standard_T1176_1.pdb local_accuracy_only 2.004 1.752 1.614 1.597 1.46 2.112 2.621 5.012 5.528 5.82 5.407 
5.567 5.06 5.68 5.592 4.082 3.807 2.834 1.928 2.075 2.151 
3.458 3.605 5.205 3.495 2.31 1.899 1.567 1.403 1.614 1.905 
2.768 3.451 5.612 6.524 8.099 8.686 7.609 6.838 5.371 5.517 
5.653 5.932 5.067 5.593 7.854 8.576 8.644 6.863 5.225 5.226 
2.773 3.385 3.331 1.753 1.386 1.339 1.089 1.081 1.05 1.12 
1.077 1.04 0.996 1.249 1.21 1.644 1.413 1.197 1.025 1.072 
0.961 1.007 1.074 1.206 1.454 1.796 2.47 2.811 3.122 2.764 
2.154 1.599 1.262 1.181 1.031 1.138 1.301 1.456 1.152 1.351 
1.042 1.452 1.62 2.989 3.944 5.076 5.694 5.524 4.343 3.767 
2.571 1.679 1.517 1.21 1.319 1.272 1.109 0.994 0.996 0.987 
0.925 1.0 1.141 1.149 1.045 1.141 1.217 1.169 1.051 1.014 
1.015 1.062 1.121 1.241 1.097 1.101 1.379 1.684 2.957 4.04 
4.029 3.262 2.397 1.51 1.344 1.785 2.838 3.069 2.786 2.447 
3.522 3.328 2.387 3.091 2.677 1.587 1.565 1.218 1.302 1.22 
1.408 1.96 1.746 2.874 2.38 3.464 2.616 1.724 1.313 1.098 
1.193 1.14 1.244 1.216 1.131 1.119 1.245 1.325 1.693 
END
