PFRMAT local QA
AUTHOR MASS-CASP14
af2-standard_T1176_1.pdb local_accuracy_only 3.007 2.383 1.789 1.55 1.51 1.866 1.843 2.066 2.217 2.363 2.266 
2.288 2.693 2.469 2.741 2.659 3.016 2.862 3.375 3.144 3.075 
2.664 3.856 3.849 3.692 2.132 1.806 1.429 1.279 1.389 1.536 
1.879 2.558 3.883 5.295 6.928 8.135 7.977 5.999 3.52 2.217 
1.844 1.559 1.405 1.36 1.734 1.926 2.01 2.35 2.398 2.238 
1.997 2.329 2.717 2.125 2.25 1.715 1.514 1.284 1.301 1.422 
1.28 1.641 1.834 2.323 2.736 2.978 3.015 2.82 2.182 1.784 
1.664 1.514 1.778 1.744 1.886 2.265 3.109 3.295 4.171 3.413 
2.646 1.626 1.244 1.046 0.989 1.114 1.347 1.426 1.476 1.701 
1.641 1.806 1.963 2.535 3.573 4.367 4.284 4.253 3.096 2.595 
2.484 2.559 2.416 2.005 2.332 2.287 2.164 1.259 1.293 1.287 
1.35 1.454 1.478 1.652 1.357 1.27 1.236 1.1 1.007 1.004 
1.002 1.264 1.268 1.553 1.331 1.248 1.928 2.388 3.777 5.447 
5.351 5.359 4.851 4.27 4.206 3.315 3.615 3.084 2.804 2.025 
2.181 2.331 1.935 1.896 1.55 1.315 1.21 1.149 1.087 1.091 
1.376 1.943 2.931 5.11 6.381 5.447 5.246 3.75 2.473 1.792 
1.584 1.399 1.484 1.408 1.126 1.037 1.118 1.434 2.218 
END
