PFRMAT local QA
AUTHOR LAW-CASP14
af2-standard_T1195_2.pdb local_accuracy_only 5.435 4.339 1.853 1.632 1.985 0.892 0.852 0.737 1.025 1.131 1.199 
1.03 0.928 0.939 0.772 0.851 0.845 0.861 0.9 1.071 1.462 
1.795 1.978 1.339 0.886 0.842 0.686 0.686 0.661 0.694 0.861 
0.896 1.24 0.956 0.709 0.573 0.557 0.533 0.552 0.612 0.691 
1.037 1.38 3.07 4.407 3.44 3.483 3.382 3.156 2.37 2.441 
2.052 1.634 1.287 1.429 1.245 1.053 0.858 1.333 0.976 0.958 
1.126 1.457 0.889 1.141 0.778 0.696 0.562 0.645 0.631 0.821 
0.669 0.688 0.583 0.605 0.662 0.767 0.998 0.997 0.907 0.691 
0.55 0.527 0.552 0.558 0.616 0.588 0.722 0.878 0.795 0.704 
0.561 0.53 0.608 0.735 0.903 0.794 0.975 1.238 1.673 2.442 
2.418 2.863 1.265 1.101 0.924 0.928 0.793 0.663 0.699 0.674 
0.589 0.556 0.604 0.551 0.514 0.546 0.578 0.559 0.556 0.64 
0.688 0.62 0.652 0.778 0.757 0.724 0.676 0.591 0.55 0.586 
0.593 0.509 0.511 0.485 0.501 0.5 0.506 0.564 0.641 0.759 
0.991 1.107 0.843 0.687 0.55 0.561 0.521 0.565 0.613 0.606 
0.765 0.929 0.851 1.416 1.569 1.508 2.877 2.903 2.736 4.363 
5.556 6.978 6.602 5.392 4.993 4.131 3.836 2.307 2.75 2.464 
0.859 0.908 0.673 0.551 0.605 0.577 0.721 0.668 0.642 0.714 
0.731 1.029 1.078 1.355 1.868 1.171 0.871 0.612 0.619 0.558 
0.56 0.548 0.524 0.508 0.495 0.527 0.474 0.484 0.485 0.496 
0.483 0.529 0.56 0.562 0.554 0.606 0.658 0.693 0.704 0.641 
0.823 0.977 1.294 1.209 1.541 1.316 1.256 1.271 1.204 1.032 
0.979 1.046 0.97 0.897 0.869 1.03 0.896 0.933 0.86 0.782 
0.627 0.747 0.714 0.795 0.746 0.702 0.787 1.04 1.097 0.814 
0.871 0.804 0.761 0.701 0.723 0.72 0.634 0.531 0.642 0.622 
0.52 0.552 0.615 0.673 0.717 0.647 0.68 0.712 0.568 0.605 
0.575 0.586 0.643 0.633 0.594 0.636 0.702 0.693 0.689 0.793 
0.894 0.848 0.973 1.161 1.264 1.25 1.486 1.656 
END
