PFRMAT local QA
AUTHOR MASS-CASP14
af2-standard_T1195_2.pdb local_accuracy_only 6.99 3.908 2.819 2.781 2.174 1.915 1.948 1.678 1.932 2.498 2.596 
1.938 1.59 1.55 1.469 1.673 1.635 1.605 1.475 1.743 1.971 
2.322 2.384 1.87 1.78 1.594 1.214 1.13 1.216 1.35 1.353 
1.862 2.562 2.342 1.705 1.291 1.136 0.983 1.0 1.036 0.972 
1.176 1.383 1.886 2.158 1.974 2.134 2.313 2.321 1.923 1.78 
1.964 1.793 1.505 1.682 1.772 1.729 1.471 1.753 1.693 1.431 
1.753 1.827 1.902 2.164 1.746 1.551 1.208 1.105 1.15 1.296 
1.221 1.281 1.162 1.329 1.493 2.061 2.802 3.205 2.044 1.441 
1.157 1.048 0.848 0.847 0.913 1.022 1.141 1.594 1.671 1.312 
1.047 0.976 1.215 1.287 1.275 1.305 1.681 1.996 2.159 2.604 
2.843 2.641 2.094 1.796 1.555 1.695 1.503 1.229 1.34 1.418 
1.164 1.199 1.272 1.236 1.14 1.156 1.31 1.134 1.055 1.191 
1.097 0.988 1.155 1.28 1.247 1.252 1.089 1.178 1.238 1.422 
1.382 1.147 1.037 1.291 1.331 1.252 1.061 1.249 1.243 1.785 
2.99 3.368 2.992 1.963 1.424 1.196 1.278 1.308 1.666 1.457 
1.8 1.765 2.26 2.556 2.706 3.345 3.791 4.333 4.354 5.534 
6.595 8.126 7.231 7.342 7.615 6.7 6.132 5.383 6.123 4.55 
2.805 2.03 1.532 1.423 1.39 1.269 1.372 1.444 1.346 1.329 
1.632 1.89 2.555 3.207 3.629 2.83 2.138 1.552 1.417 1.394 
1.368 1.184 0.783 0.0 0.0 0.0 0.0 0.0 0.0 0.0 
0.0 0.0 0.116 0.985 1.318 1.667 1.913 1.815 1.684 1.655 
1.751 2.08 2.458 2.412 2.905 2.296 2.257 2.002 1.871 1.435 
1.631 1.57 1.433 1.38 1.622 1.606 1.872 1.547 1.388 1.594 
1.733 1.724 1.543 1.907 1.693 1.447 1.581 1.9 1.864 1.559 
1.627 1.669 1.661 1.612 1.644 1.596 1.334 1.355 1.512 1.488 
1.186 1.153 1.471 1.731 1.765 2.07 2.257 2.082 1.848 1.797 
1.937 1.616 1.949 1.95 1.759 1.844 2.004 2.027 1.724 2.03 
2.017 1.932 2.335 2.536 2.747 2.493 2.789 4.123 
END
