PFRMAT local QA
AUTHOR LAW-CASP14
af2-standard_T1105_4.pdb local_accuracy_only 7.826 4.62 3.839 3.864 2.313 0.928 1.315 0.743 0.798 0.595 0.618 
0.762 0.649 0.566 0.629 0.804 0.656 0.659 0.948 1.068 0.778 
0.856 0.656 0.581 0.672 0.628 0.857 0.995 1.307 0.989 0.855 
1.025 1.063 0.883 0.877 0.997 1.019 0.984 1.028 1.122 1.104 
1.12 1.077 1.114 1.021 1.091 1.332 1.173 1.274 1.179 1.098 
0.94 0.99 0.846 1.486 1.415 1.359 1.008 0.8 0.791 0.765 
0.693 0.666 0.658 0.661 0.669 0.686 0.701 0.708 0.796 0.832 
0.847 1.035 1.256 1.276 1.337 1.594 1.671 1.61 1.388 1.199 
1.156 1.017 1.492 1.164 2.329 2.144 1.845 1.389 1.08 1.13 
1.152 0.939 0.97 0.949 0.831 0.787 0.813 0.805 0.722 0.774 
0.794 0.81 0.789 0.92 0.957 0.992 0.918 0.823 0.716 0.735 
0.779 0.806 0.897 0.812 0.814 0.87 0.911 0.935 1.167 1.155 
1.275 1.167 1.053 1.121 1.216 0.914 0.924 1.047 1.181 1.221 
1.379 1.201 1.123 1.141 1.247 1.092 1.192 1.243 0.984 1.039 
1.08 1.009 0.848 0.914 0.993 0.844 0.851 0.921 0.936 0.873 
0.972 1.068 1.03 0.918 1.094 0.953 0.809 0.738 0.792 0.862 
0.743 0.801 0.87 0.785 0.745 0.835 1.005 0.848 0.76 0.769 
0.7 0.69 0.635 0.714 0.709 0.707 0.829 0.913 0.905 0.981 
1.159 1.417 0.849 1.016 0.843 0.906 0.846 1.425 0.932 2.222 
2.12 1.597 1.094 0.725 0.748 0.588 0.686 0.676 0.751 0.677 
0.663 0.699 0.668 0.673 0.747 0.755 0.807 0.994 1.055 1.028 
1.203 1.295 1.345 1.586 1.808 1.23 1.375 1.905 1.505 1.446 
1.177 0.971 0.933 0.893 0.753 0.694 0.656 0.66 0.561 0.648 
0.706 0.707 0.685 0.574 0.721 0.785 0.679 0.702 0.798 0.785 
0.814 0.745 0.653 0.695 0.69 0.827 1.042 1.152 0.798 0.953 
1.107 0.949 0.927 0.979 0.972 0.926 0.845 0.89 0.622 0.669 
0.721 0.721 0.576 0.575 0.502 0.535 0.515 0.476 0.463 0.486 
0.505 0.507 0.535 0.536 0.583 0.604 0.644 0.659 0.705 0.732 
0.754 0.827 0.883 0.906 0.976 1.15 1.064 1.155 1.076 1.074 
0.827 0.81 0.71 0.706 0.735 0.714 0.672 0.785 0.863 0.792 
0.868 1.068 1.135 1.003 1.443 1.646 1.704 2.375 2.381 2.081 
1.567 1.023 0.954 0.817 0.83 0.946 1.174 1.225 1.449 1.836 
1.204 1.165 1.478 2.54 4.31 6.844 8.418 10.938 12.663 13.727 

END
