PFRMAT local QA
AUTHOR MASS-CASP14
af2-standard_T1105_4.pdb local_accuracy_only 5.444 3.198 2.501 2.704 2.49 1.636 1.826 1.669 1.426 1.157 1.146 
1.226 1.077 1.022 1.08 1.265 1.254 1.49 1.813 1.953 1.9 
1.743 1.335 1.066 0.956 0.765 0.725 0.814 0.137 0.0 0.0 
0.0 0.0 0.0 0.0 0.0 0.937 0.989 1.229 1.627 1.57 
1.516 1.365 1.535 1.588 1.606 1.626 1.445 1.751 1.912 1.818 
1.563 1.537 1.565 2.134 2.611 2.306 1.94 1.757 1.546 1.286 
1.373 1.282 1.2 1.077 1.081 1.171 1.275 1.222 1.267 1.457 
1.317 1.513 1.617 1.998 2.169 2.878 3.34 2.973 1.965 1.566 
1.524 1.68 1.789 2.017 2.678 2.934 2.332 1.862 1.552 1.763 
1.593 1.226 1.272 1.131 1.007 1.128 1.165 1.091 0.998 1.082 
1.183 1.255 1.183 1.563 1.681 1.661 1.218 1.139 1.058 1.293 
1.206 1.196 1.208 1.056 0.994 1.213 1.313 1.03 1.155 1.3 
1.491 1.189 0.88 1.163 0.974 0.963 0.981 1.237 1.649 1.672 
2.014 1.706 1.397 1.626 1.555 1.524 1.519 1.388 1.304 1.197 
1.336 1.151 0.937 1.153 1.256 1.147 1.235 1.287 1.068 1.069 
1.535 1.851 1.661 1.638 1.618 1.555 1.414 1.298 1.551 1.453 
1.327 1.26 1.505 1.643 1.615 1.922 1.703 1.47 1.34 1.373 
1.41 1.169 1.182 1.38 1.282 1.136 1.344 1.339 1.33 1.205 
1.359 1.475 1.331 1.704 1.729 1.753 2.07 2.416 2.675 3.067 
3.371 2.122 1.472 1.244 1.168 1.163 1.153 1.17 1.19 1.192 
1.172 1.231 1.184 1.289 1.469 1.604 1.419 1.478 1.852 2.023 
1.951 2.074 2.291 2.567 2.777 2.596 3.569 3.507 2.779 3.191 
2.478 2.025 2.325 1.881 1.445 1.45 1.565 1.509 1.547 1.537 
1.526 1.491 1.323 1.16 1.256 1.123 1.287 1.464 1.688 1.68 
1.64 1.347 1.21 1.193 1.209 1.334 1.574 1.638 1.401 1.428 
1.748 1.597 1.502 1.686 1.823 1.767 1.912 1.663 1.393 1.658 
1.765 1.36 1.173 1.181 1.21 1.045 1.03 1.049 0.979 0.916 
1.028 1.037 1.086 1.085 1.079 0.09 0.121 0.056 1.349 1.33 
1.546 1.573 1.432 1.288 1.534 1.88 1.951 2.072 1.851 1.694 
1.583 1.35 1.195 1.198 1.117 0.987 1.255 1.249 1.309 1.32 
1.473 1.899 2.203 2.535 2.271 2.67 2.874 3.557 4.206 4.436 
4.195 3.86 3.787 3.118 3.356 3.137 2.807 2.5 2.075 1.802 
1.98 1.891 2.15 3.142 4.026 6.007 8.364 10.539 13.903 14.663 

END
