PFRMAT local QA
AUTHOR LAW-CASP14
af2-standard_T1178_3.pdb local_accuracy_only 15.0 15.0 15.0 15.0 15.0 15.0 15.0 15.0 15.0 15.0 15.0 
15.0 15.0 15.0 15.0 12.206 9.466 2.209 2.162 1.806 1.441 
2.054 2.13 1.212 1.71 1.479 1.306 1.084 0.948 0.977 1.097 
1.165 1.349 1.095 1.296 2.868 1.395 2.111 2.215 2.9 2.452 
3.521 5.052 3.757 5.11 4.862 5.185 4.443 5.218 3.713 5.305 
3.436 3.431 1.567 1.469 1.512 1.394 1.872 2.475 3.522 4.121 
5.011 6.546 5.956 6.131 2.924 1.625 1.24 1.049 1.244 1.038 
1.101 0.903 0.937 0.908 1.042 1.145 1.207 1.395 1.156 1.058 
1.005 0.959 0.914 0.818 0.95 1.062 0.991 0.951 0.96 0.994 
1.167 1.341 1.616 1.376 1.228 1.15 1.0 1.02 1.157 1.465 
1.783 2.512 2.241 2.034 1.435 1.39 1.31 1.309 1.269 1.477 
1.257 1.902 2.435 1.822 2.485 1.935 1.901 1.856 1.343 1.629 
1.338 1.453 1.625 1.453 2.034 2.214 3.351 2.84 2.793 2.54 
2.603 2.621 2.341 1.832 1.964 1.505 1.342 1.142 1.031 0.984 
1.003 0.969 1.064 1.277 1.644 2.114 2.992 4.029 2.792 3.527 
3.387 2.823 1.991 1.314 1.291 1.092 0.999 0.922 0.887 0.807 
0.916 0.895 1.023 1.19 1.281 1.743 2.027 2.004 2.519 2.774 
2.162 1.895 1.51 1.461 1.604 1.566 2.043 2.257 2.268 2.248 
1.922 2.329 4.113 4.153 6.422 6.658 11.419 11.671 10.695 12.48 
13.534 14.153 13.032 11.214 9.2 8.179 5.567 5.568 6.027 3.586 
3.25 2.267 2.245 2.713 2.576 3.198 3.568 6.22 6.972 5.298 
4.54 2.74 2.281 1.976 1.522 1.558 1.553 1.669 1.77 1.776 
1.992 1.433 1.54 1.418 1.216 1.023 0.908 0.839 0.811 0.81 
0.858 0.87 1.014 1.081 1.243 1.255 1.562 1.514 1.968 1.624 
2.087 1.963 1.526 1.596 1.508 1.343 1.242 1.438 2.557 2.765 
2.178 2.313 2.526 1.923 2.884 3.217 2.804 4.806 6.144 4.501 
6.839 3.455 3.831 1.953 1.712 1.336 1.507 1.38 1.469 1.305 
1.695 1.765 2.773 5.213 2.987 4.609 3.266 2.163 1.652 1.361 
1.176 1.245 1.169 1.204 0.957 1.292 1.231 1.678 2.385 3.52 
4.043 4.658 4.292 4.621 4.278 4.411 4.614 4.784 4.916 4.926 
5.002 4.877 5.046 6.067 5.523 
END
