PFRMAT local QA
AUTHOR MASS-CASP14
af2-standard_T1178_3.pdb local_accuracy_only 10.267 8.599 7.456 7.294 7.605 7.05 7.643 7.931 8.805 7.883 9.608 
9.59 9.341 6.721 4.9 3.287 2.572 1.962 1.747 1.858 1.863 
2.237 2.361 2.625 2.099 2.068 1.731 1.444 1.085 1.149 1.311 
1.639 2.492 2.628 2.527 3.277 3.775 4.508 4.93 5.673 6.437 
7.585 8.547 11.039 12.414 13.105 11.572 10.105 8.873 7.335 5.7 
5.072 3.481 2.814 2.744 3.346 3.872 5.035 6.037 7.311 8.364 
9.094 9.276 9.137 8.768 7.564 6.13 3.856 3.264 2.657 2.046 
1.481 1.118 1.067 1.073 1.401 1.753 2.062 2.049 1.528 1.233 
1.172 1.136 1.196 1.178 1.107 1.12 0.987 1.061 1.057 1.178 
1.469 1.819 2.117 1.773 1.423 1.389 1.203 1.177 1.218 1.437 
1.664 1.838 1.863 1.573 1.44 1.445 1.398 1.191 1.244 1.296 
1.457 2.116 2.562 2.484 3.223 3.895 4.189 4.096 2.772 1.919 
1.831 1.504 1.199 1.249 1.437 1.941 2.193 1.986 1.887 1.794 
2.396 2.264 1.793 2.255 2.013 1.911 1.869 1.676 1.548 1.758 
1.771 2.301 2.514 3.036 3.985 6.615 7.692 9.083 7.604 7.88 
6.943 6.224 4.074 2.704 1.803 1.485 1.313 1.317 1.222 1.134 
1.185 1.094 1.116 1.202 1.178 1.343 1.727 2.197 3.275 3.728 
4.821 5.028 4.797 4.684 4.663 4.268 4.531 4.241 4.204 4.326 
5.356 6.646 9.599 9.325 11.19 12.022 15.0 15.0 15.0 15.0 
15.0 15.0 15.0 15.0 14.405 12.534 11.647 10.552 9.396 9.845 
9.893 8.98 9.976 9.143 10.736 10.936 10.583 12.623 13.682 11.68 
10.995 8.025 6.9 5.553 4.948 4.599 4.116 4.0 3.544 3.305 
2.945 2.618 2.4 2.254 1.931 1.564 1.402 1.479 1.466 1.335 
1.321 1.267 1.497 1.68 1.929 2.345 2.294 2.24 2.565 3.173 
3.58 3.894 3.069 3.017 2.889 2.9 2.815 2.567 2.741 2.619 
2.228 2.233 1.853 1.678 1.669 1.632 2.203 2.328 2.346 2.212 
2.583 2.238 2.29 2.005 1.628 1.471 1.555 1.823 1.532 1.804 
1.703 1.931 2.229 2.221 2.095 2.211 2.304 2.612 2.25 1.857 
1.693 1.629 1.649 1.529 1.466 1.428 1.771 2.194 3.713 4.808 
7.361 7.065 7.744 8.318 8.413 8.329 10.042 9.623 9.687 10.887 
12.704 14.213 14.097 15.0 15.0 
END
