PFRMAT local QA
AUTHOR MASS-CASP14
af2-standard_T1184_1.pdb local_accuracy_only 15.0 15.0 13.383 10.757 13.365 11.479 11.228 9.357 12.115 11.468 11.638 
9.616 10.513 9.125 8.98 8.305 9.167 9.827 10.403 10.225 10.785 
8.315 8.649 8.22 9.006 7.856 8.848 7.945 7.964 7.932 7.843 
7.421 6.535 4.381 2.818 2.6 2.098 1.96 1.984 1.649 1.657 
1.505 1.639 1.893 2.296 2.123 2.84 3.486 3.074 2.91 2.508 
1.603 1.266 1.147 1.173 1.184 1.09 1.1 1.099 1.262 1.431 
1.932 2.845 4.157 6.268 7.764 7.463 8.72 8.311 6.817 5.379 
3.352 2.24 1.632 1.472 1.514 1.476 1.323 1.669 2.121 2.274 
2.471 2.523 2.537 2.737 3.015 4.093 4.911 4.284 4.271 3.67 
4.222 3.854 4.265 4.332 5.227 4.822 5.583 5.72 6.94 6.655 
8.398 7.888 5.471 4.368 3.083 2.537 2.212 1.77 1.569 1.32 
1.253 1.086 0.926 1.144 1.679 2.226 2.281 2.252 1.886 1.704 
1.641 1.872 2.541 2.797 3.497 3.457 3.086 3.429 3.088 3.92 
3.657 3.365 3.777 4.446 5.335 6.779 6.501 7.239 6.543 5.432 
4.645 4.276 3.859 5.0 5.954 5.513 5.885 5.92 7.124 5.362 
4.729 5.54 5.28 4.303 4.425 5.276 8.958 7.535 7.734 6.416 
5.674 4.14 3.659 3.605 3.609 4.209 4.225 5.283 6.987 7.881 

END
