PFRMAT local QA
AUTHOR LAW-CASP14
af2-standard_T1184_1.pdb local_accuracy_only 15.0 15.0 15.0 15.0 15.0 15.0 15.0 15.0 15.0 15.0 15.0 
15.0 15.0 15.0 15.0 15.0 15.0 15.0 15.0 15.0 15.0 
15.0 15.0 15.0 15.0 15.0 15.0 15.0 15.0 15.0 13.709 
12.27 9.033 5.533 3.35 2.777 2.434 2.39 3.066 4.367 2.13 
2.52 1.999 2.36 2.601 2.295 3.386 2.751 1.821 2.608 1.941 
1.488 1.372 1.143 1.141 1.009 1.098 1.084 1.117 1.204 1.274 
1.433 2.165 2.359 4.902 5.61 5.0 4.724 4.269 4.481 4.837 
3.369 1.94 1.691 1.313 1.412 1.487 1.471 2.038 1.602 1.792 
1.644 2.041 1.714 2.635 2.489 4.786 5.223 4.709 5.417 3.11 
6.191 2.59 2.736 2.608 2.174 2.287 1.766 2.707 2.712 2.765 
3.581 2.918 2.526 1.702 1.857 1.258 1.259 1.219 1.1 1.054 
1.079 1.164 1.15 1.411 1.674 1.97 2.596 4.171 2.751 5.067 
2.73 3.073 2.303 3.279 3.347 3.31 2.842 2.428 1.711 1.754 
2.137 2.342 4.72 5.371 6.44 7.365 6.356 6.135 7.488 8.799 
9.334 10.615 9.28 11.223 14.012 15.0 15.0 15.0 13.895 12.051 
12.318 11.24 10.76 8.841 8.021 9.717 9.27 8.062 7.96 5.674 
5.983 5.474 2.606 2.192 1.849 1.806 1.925 2.051 2.593 3.49 

END
