PFRMAT local QA
AUTHOR LAW-CASP14
af2-standard_T1186_4.pdb local_accuracy_only 1.645 1.448 1.009 1.002 1.174 0.832 0.595 0.783 0.806 0.557 0.538 
0.672 0.707 0.543 0.524 0.381 0.355 0.346 0.365 0.353 0.385 
0.349 0.379 0.472 0.455 0.567 0.63 0.59 0.577 0.527 0.458 
0.513 0.472 0.553 0.547 0.635 0.523 0.523 0.358 0.392 0.336 
0.348 0.335 0.331 0.34 0.33 0.342 0.373 0.366 0.344 0.378 
0.423 0.431 0.418 0.506 0.6 0.666 0.661 0.937 1.056 1.061 
0.912 0.689 0.533 0.566 0.555 0.485 0.42 0.503 0.463 0.574 
0.592 0.646 0.549 0.495 0.493 0.464 0.417 0.381 0.417 0.404 
0.385 0.46 0.506 0.476 0.541 0.569 0.503 0.492 0.382 0.415 
0.399 0.418 0.371 0.328 0.315 0.356 0.316 0.303 0.32 0.347 
0.341 0.321 0.332 0.377 0.405 0.321 0.334 0.411 0.384 0.353 
0.427 0.523 0.527 0.466 0.61 0.574 0.487 0.574 0.533 0.429 
0.464 0.513 0.472 0.466 0.508 0.518 0.504 0.556 0.521 0.567 
0.496 0.441 0.467 0.434 0.471 0.438 0.442 0.457 0.479 0.479 
0.415 0.398 0.469 0.44 0.52 0.533 0.602 0.551 0.59 0.452 
0.42 0.424 0.409 0.459 0.407 0.452 0.459 0.347 0.341 0.427 
0.413 0.329 0.416 0.495 0.438 0.43 0.545 0.571 0.627 0.576 
0.478 0.583 0.591 0.568 0.472 0.46 0.507 0.468 0.383 0.433 
0.477 0.395 0.364 0.413 0.436 0.371 0.464 0.429 0.427 0.519 
0.485 0.401 0.374 0.449 0.469 0.425 0.469 0.555 0.573 0.557 
0.408 0.4 0.314 0.367 0.341 0.342 0.358 0.345 0.399 0.417 
0.458 0.423 0.429 0.381 0.366 0.317 0.323 0.286 0.281 0.291 
0.277 0.322 0.383 0.478 0.516 0.464 0.44 0.341 0.296 0.292 
0.271 0.295 0.29 0.289 0.306 0.329 0.353 0.388 0.417 0.426 
0.49 0.465 0.524 0.498 0.406 0.398 0.399 0.364 0.326 0.391 
0.406 0.366 0.381 0.465 0.523 0.48 0.511 0.552 
END
