PFRMAT local QA
AUTHOR MASS-CASP14
af2-standard_T1186_4.pdb local_accuracy_only 3.012 2.272 1.76 1.482 1.465 1.302 1.041 1.159 1.271 1.137 1.155 
1.34 1.538 1.751 1.975 1.543 1.001 0.385 0.002 0.0 0.0 
0.005 0.232 1.097 1.414 2.11 2.478 2.337 1.871 1.408 1.183 
1.056 0.958 0.976 1.082 1.026 0.94 0.775 0.411 0.758 0.648 
0.778 0.736 0.828 0.699 0.78 0.696 0.873 0.822 0.718 0.777 
0.704 0.717 0.804 0.99 1.082 1.195 1.364 1.439 1.566 1.808 
1.59 1.146 1.116 1.24 1.227 1.082 1.032 1.015 1.034 1.401 
1.568 1.745 1.748 1.467 1.759 1.884 1.431 1.234 1.317 1.225 
1.039 1.312 1.283 1.113 1.183 1.209 1.081 0.969 0.837 0.749 
0.786 0.897 0.886 0.705 0.822 0.868 0.834 0.846 0.765 0.826 
0.983 0.957 0.904 0.941 0.964 0.867 0.824 0.948 0.944 0.75 
0.847 1.047 1.089 1.035 1.168 1.26 1.275 1.628 1.261 1.043 
1.182 1.218 1.086 0.974 1.101 1.248 1.262 1.454 1.408 1.478 
1.266 1.113 1.21 1.167 1.376 1.349 1.305 1.338 1.274 1.236 
1.163 1.296 1.405 1.315 1.629 1.661 1.848 1.388 1.306 1.024 
0.915 0.758 0.764 0.749 0.395 0.0 0.0 0.0 0.0 0.0 
0.044 0.7 0.97 1.046 0.974 1.235 1.338 1.519 1.821 1.79 
1.746 1.638 1.738 1.582 1.109 0.941 1.169 0.955 0.86 0.929 
0.991 0.83 0.873 0.964 1.173 1.093 1.22 1.213 1.584 1.724 
1.918 1.33 1.171 1.357 1.402 1.439 1.316 1.677 1.777 1.531 
1.069 0.995 0.86 0.956 0.86 0.727 0.763 0.882 0.892 1.081 
1.175 1.208 1.277 1.156 1.098 1.057 0.898 0.855 0.936 0.972 
1.0 1.156 1.783 2.472 2.611 2.631 1.862 1.305 0.932 0.712 
0.138 0.044 0.029 0.158 0.764 0.983 1.188 1.604 1.702 1.738 
2.092 2.242 2.266 2.035 1.746 1.835 1.683 1.215 1.038 1.246 
1.198 1.073 1.167 1.309 1.291 1.299 1.647 2.681 
END
