PFRMAT local QA
AUTHOR LAW-CASP14
af2-standard_T1170_5.pdb local_accuracy_only 8.354 7.686 3.265 1.548 1.264 1.109 0.981 0.935 0.909 1.033 1.143 
1.078 1.017 0.84 0.86 0.852 1.187 1.239 0.929 1.123 1.319 
1.242 1.048 1.263 1.359 1.279 1.087 1.459 1.567 1.5 1.487 
2.012 2.093 2.082 1.652 1.229 1.038 0.878 0.624 0.605 0.562 
0.593 0.672 0.754 0.839 0.914 0.846 0.777 0.92 0.665 0.758 
0.791 0.681 0.594 0.685 0.685 0.662 0.634 0.741 0.787 0.768 
0.796 0.712 0.743 0.688 0.754 0.783 0.799 0.853 0.803 1.047 
1.213 1.082 1.312 1.221 1.159 1.277 1.227 1.018 1.113 1.142 
1.017 0.837 1.015 1.054 0.865 1.027 1.057 0.939 0.746 0.583 
0.618 0.586 0.597 0.723 0.721 0.647 0.732 0.784 0.842 1.039 
1.041 1.144 1.008 0.951 1.004 0.955 0.87 0.947 0.954 0.87 
0.756 0.968 0.99 1.032 1.08 1.067 1.563 1.68 3.911 3.958 
6.909 8.307 8.931 9.03 8.185 6.2 4.447 2.723 2.211 1.486 
1.193 1.129 0.917 1.005 0.914 0.794 0.628 0.534 0.475 0.51 
0.567 0.618 0.792 0.835 0.85 1.055 1.033 0.927 1.368 1.442 
1.61 1.155 1.252 1.353 1.079 0.81 0.951 0.743 0.737 0.676 
0.774 0.726 0.815 0.785 0.739 0.788 0.751 0.757 0.707 0.712 
0.684 0.681 0.695 0.697 0.737 0.711 0.761 0.808 0.872 0.97 
0.892 0.949 0.928 0.999 0.899 0.984 0.874 0.928 0.886 0.778 
0.774 0.814 0.739 0.713 0.773 0.772 0.742 0.737 0.776 0.747 
0.772 0.94 0.836 0.805 0.902 0.988 0.851 0.815 0.941 0.982 
0.924 0.941 1.081 1.165 1.249 1.727 2.149 2.324 1.979 2.202 
1.481 1.237 0.986 1.045 1.049 1.098 1.112 0.971 1.106 1.152 
1.086 1.023 1.17 1.21 1.144 1.006 0.937 0.899 0.891 0.844 
0.822 0.827 0.845 0.839 0.762 0.725 0.752 0.757 0.744 0.647 
0.723 0.744 0.753 0.787 0.9 0.884 0.931 1.005 0.875 0.929 
0.991 0.917 1.127 0.991 1.228 1.106 0.892 1.019 1.18 1.01 
0.853 1.201 1.082 1.275 1.14 1.268 1.161 1.03 1.056 1.029 
1.018 0.873 0.846 0.874 0.775 0.693 0.677 0.704 0.67 0.607 
0.595 0.59 0.612 0.769 0.909 1.133 1.096 0.999 0.782 0.73 
0.627 0.614 0.699 0.639 0.608 0.755 0.908 0.773 0.747 1.092 
1.146 1.523 1.373 3.128 5.169 7.073 9.188 
END
