PFRMAT local QA
AUTHOR MASS-CASP14
af2-standard_T1170_5.pdb local_accuracy_only 7.11 4.964 3.541 2.406 1.967 1.613 1.441 1.324 1.271 1.36 1.543 
1.463 1.192 1.177 1.262 1.388 1.425 1.417 1.113 1.321 1.552 
1.526 1.478 1.699 1.743 1.571 1.482 1.614 1.719 1.77 1.731 
1.903 2.364 2.633 2.129 1.77 1.638 1.424 1.039 0.906 0.776 
0.681 0.618 0.849 1.099 1.088 0.975 0.899 1.035 1.021 1.067 
1.042 0.876 0.916 1.004 1.042 0.964 1.057 1.174 1.373 1.387 
1.568 1.372 1.339 1.068 1.194 1.072 1.095 1.105 1.01 1.381 
1.44 1.166 1.528 1.585 1.47 1.864 1.405 1.18 1.256 1.456 
1.291 1.219 1.533 1.641 1.695 2.088 2.202 1.941 1.324 0.569 
0.002 0.0 0.0 0.0 0.004 0.537 1.144 1.242 1.202 1.316 
1.525 1.667 1.269 1.282 1.468 1.251 1.111 1.2 1.359 1.228 
1.256 1.491 1.611 1.65 1.347 1.499 1.883 2.241 2.649 3.487 
4.818 6.275 7.44 8.398 6.51 5.185 4.107 2.88 2.025 1.66 
1.605 1.572 1.488 1.544 1.483 1.152 0.925 0.811 0.809 1.052 
0.901 0.893 1.114 1.505 1.597 2.195 1.749 1.543 1.646 2.105 
1.842 1.416 1.499 1.744 1.587 1.465 1.431 1.288 1.381 1.552 
1.639 1.536 1.687 1.253 1.303 1.248 1.502 1.603 1.306 1.149 
1.378 1.502 1.37 1.209 1.416 1.435 1.382 1.66 1.846 1.924 
2.09 2.242 1.601 1.345 1.217 1.147 1.164 1.276 1.13 1.083 
1.102 1.17 1.059 1.058 1.251 1.193 1.198 1.366 1.391 1.079 
1.077 1.135 1.069 1.028 1.183 1.214 1.128 1.07 1.28 1.274 
1.25 1.472 1.479 1.456 1.574 1.984 2.563 2.79 3.465 2.942 
2.509 1.749 1.653 1.952 1.907 1.76 1.585 1.538 1.832 1.576 
1.423 1.274 1.475 1.673 1.754 1.531 1.306 1.458 1.657 1.501 
1.372 1.245 1.38 1.39 1.391 1.36 1.305 1.232 1.112 1.023 
1.073 1.184 1.138 1.143 1.458 1.676 1.818 2.123 2.103 1.983 
1.831 1.573 1.548 1.512 1.61 1.268 1.174 1.121 1.27 1.422 
1.447 1.656 1.735 1.712 1.625 1.807 1.821 1.671 1.722 1.813 
1.456 1.461 1.244 1.273 1.174 1.13 1.12 1.289 1.184 1.314 
1.11 1.015 1.171 1.523 1.853 1.936 1.902 1.629 1.16 1.09 
1.108 1.039 1.059 1.07 0.99 1.051 1.284 1.312 1.188 1.369 
1.467 1.69 1.94 2.799 3.61 5.028 6.006 
END
