PFRMAT local QA
AUTHOR LAW-CASP14
af2-standard_T1162_5.pdb local_accuracy_only 15.0 15.0 15.0 14.261 10.961 8.664 3.483 2.173 1.476 1.292 1.328 
1.097 1.157 1.64 1.321 0.972 1.033 1.125 0.927 0.821 0.931 
0.991 0.878 1.049 1.537 1.651 2.59 1.512 3.458 4.084 3.249 
4.057 3.469 2.164 1.382 1.089 1.167 1.368 2.499 5.156 5.932 
5.354 3.996 6.601 7.608 8.885 8.634 12.444 15.0 15.0 15.0 
15.0 15.0 15.0 11.473 8.272 4.985 4.147 1.9 1.816 1.264 
1.211 1.536 1.463 1.264 1.793 2.209 2.692 2.949 7.68 7.241 
10.031 9.189 8.495 9.23 8.435 9.323 8.222 7.383 7.221 6.909 
5.201 3.422 2.108 3.058 3.07 2.196 1.464 0.984 0.873 0.986 
0.98 1.398 1.369 1.972 2.419 2.871 3.061 2.878 2.098 1.376 
1.005 1.129 1.097 1.032 0.911 1.107 1.086 0.934 0.968 1.125 
1.091 0.994 1.052 1.174 1.119 1.16 1.344 1.331 1.377 1.426 
1.411 1.769 1.55 2.032 2.272 1.992 2.1 1.399 1.629 1.671 
1.704 1.523 1.653 1.209 1.267 1.297 1.158 1.154 1.0 0.975 
1.0 0.855 0.852 0.89 0.874 0.791 0.895 0.969 1.414 1.115 
0.994 1.03 1.046 0.965 1.063 0.899 1.005 1.058 1.408 1.888 
2.679 3.165 6.086 6.971 5.436 2.558 1.619 1.276 0.942 0.871 
0.812 0.88 0.875 1.034 1.085 1.003 1.156 1.46 1.719 1.918 
1.581 1.759 1.124 1.186 1.561 1.52 1.487 1.427 1.353 1.438 
1.456 1.23 1.335 1.415 1.442 
END
