PFRMAT local QA
AUTHOR MASS-CASP14
af2-standard_T1162_5.pdb local_accuracy_only 15.0 15.0 13.402 9.149 8.108 6.91 5.873 3.998 3.672 3.671 3.317 
2.881 2.676 2.398 2.159 1.468 1.417 1.357 1.222 1.113 1.22 
1.203 1.032 1.124 1.373 1.966 2.363 2.458 3.892 4.91 6.284 
5.78 6.112 6.795 6.284 4.819 5.367 5.152 6.422 7.037 7.38 
8.207 9.353 10.279 13.238 11.398 13.386 11.894 13.204 12.213 13.027 
11.77 11.754 9.566 9.31 7.645 7.308 5.249 4.126 3.144 2.648 
2.595 2.409 2.069 2.195 2.372 2.657 2.583 3.251 3.951 5.407 
5.59 6.14 6.907 6.88 7.484 8.649 8.065 8.349 8.175 9.471 
9.576 9.699 10.5 11.798 9.091 7.766 4.196 2.385 1.467 1.325 
1.319 1.305 1.372 1.779 2.08 2.896 3.32 3.234 2.717 2.014 
1.793 1.92 1.79 1.583 1.516 2.1 2.103 1.952 1.987 2.143 
2.364 2.138 2.026 2.018 2.248 2.036 2.46 3.174 3.077 3.263 
3.105 3.553 4.142 5.049 6.153 5.726 5.619 5.191 5.222 6.321 
5.426 4.758 4.386 3.798 2.895 3.411 3.527 3.308 2.714 2.29 
2.614 2.302 1.732 2.057 2.277 2.249 2.344 3.126 4.902 5.907 
5.4 5.328 4.945 5.354 4.08 5.222 5.0 5.066 4.396 4.893 
6.022 6.314 7.108 5.217 3.031 1.842 1.699 1.143 1.094 1.076 
1.079 1.145 1.196 1.286 1.988 2.074 1.997 2.231 2.847 2.53 
1.744 1.739 1.603 1.693 1.941 1.815 1.948 1.428 1.606 1.951 
1.858 1.764 2.152 2.413 2.442 
END
