PFRMAT local QA
AUTHOR LAW-CASP14
af2-standard_T1112_3.pdb local_accuracy_only 10.064 7.053 6.341 3.037 1.111 0.989 0.834 0.817 0.812 0.817 0.91 
1.063 1.46 2.08 1.75 3.615 3.585 3.22 2.826 2.015 2.208 
2.089 1.946 1.497 1.856 2.075 1.488 1.526 2.247 2.819 3.563 
3.462 1.384 1.102 0.932 0.949 0.982 0.904 0.907 1.049 1.255 
2.05 3.759 4.6 5.017 4.984 5.282 5.892 4.535 4.99 3.677 
2.638 2.969 3.117 2.544 2.266 2.66 2.902 2.424 2.389 1.442 
1.3 1.449 1.326 2.379 3.967 4.991 5.127 4.317 4.307 3.748 
2.999 1.769 1.42 1.463 1.401 1.212 1.334 1.35 1.184 1.087 
1.289 1.292 1.148 1.255 0.967 0.983 0.877 0.783 0.819 0.948 
1.006 0.973 1.227 1.413 1.567 1.329 1.319 1.545 1.624 1.809 
1.59 1.431 1.615 1.678 1.274 1.086 1.386 1.322 1.054 1.136 
1.588 1.337 1.364 1.097 1.035 0.959 1.182 1.692 2.256 2.808 
2.231 1.635 1.136 1.275 1.534 2.034 2.154 2.006 1.778 1.531 
1.51 1.175 1.199 1.001 0.936 0.875 0.798 0.811 0.752 0.892 
1.073 1.312 1.497 1.541 1.343 1.247 1.004 0.881 0.875 0.908 
0.84 0.769 0.909 0.904 0.891 0.867 1.035 1.075 1.058 1.183 
1.295 1.342 1.433 1.295 1.157 0.955 0.87 0.809 0.858 0.965 
1.146 1.511 1.951 2.425 2.339 3.079 3.893 4.17 2.477 1.829 
1.566 1.368 2.014 2.376 2.896 3.881 3.716 3.598 2.576 2.718 
2.332 2.849 2.67 2.24 2.426 2.615 2.53 2.397 2.611 2.735 
2.673 2.602 2.608 2.038 1.56 1.684 1.313 1.039 1.224 1.169 
1.076 1.25 1.288 1.231 1.169 1.427 1.133 1.18 1.001 1.005 
1.317 1.577 2.312 2.003 2.451 2.76 2.705 2.886 3.219 2.723 
2.152 2.584 2.38 2.886 2.266 2.067 1.847 1.601 1.603 1.651 
1.294 1.213 1.366 1.331 1.032 1.218 1.585 1.52 1.841 1.129 
1.128 0.957 0.833 0.765 0.823 0.849 1.041 1.345 1.366 1.501 
1.762 1.395 1.688 1.778 1.518 1.441 0.993 1.073 0.955 0.888 
0.816 0.931 0.896 1.116 1.438 1.815 1.864 1.978 2.33 2.462 
2.814 2.439 2.222 2.873 2.626 2.928 2.585 2.827 2.75 2.309 
1.727 1.906 2.182 1.676 1.315 1.109 1.037 1.012 1.02 1.323 
1.408 1.864 2.148 3.227 3.615 4.377 3.123 2.803 3.344 3.371 
3.571 2.981 2.639 3.186 3.121 2.585 2.571 2.915 2.727 2.215 
2.431 2.626 2.486 2.105 2.381 1.896 1.385 1.216 1.29 1.312 
1.628 1.678 1.927 1.6 1.638 1.604 1.539 1.713 1.725 2.148 
2.561 2.278 2.956 2.404 2.03 1.932 1.777 1.814 1.665 1.707 
1.876 1.937 2.908 3.359 3.658 4.942 4.134 3.775 4.732 4.012 
3.073 3.35 3.679 2.944 2.62 3.061 3.306 3.276 3.144 2.967 
2.474 2.1 2.116 2.04 1.93 1.985 1.898 2.352 1.846 1.865 
1.975 1.92 2.084 2.245 2.061 2.04 2.437 2.532 2.346 2.375 
2.811 2.784 2.487 2.845 3.158 2.315 2.101 2.054 1.98 1.983 
1.655 1.693 1.526 1.656 1.675 2.247 1.962 1.859 2.018 2.327 
2.174 2.113 2.469 2.544 2.886 2.545 2.766 3.076 3.071 2.721 
2.39 2.149 2.118 1.909 1.668 1.595 1.384 1.356 1.247 1.435 
1.796 2.471 2.76 4.175 3.994 4.659 3.158 2.825 2.247 1.727 
1.378 1.649 1.421 1.127 1.28 1.378 1.072 1.023 1.307 1.248 
1.053 1.213 1.489 1.537 1.341 2.551 3.46 3.963 4.346 
END
