PFRMAT local QA
AUTHOR MASS-CASP14
af2-standard_T1112_3.pdb local_accuracy_only 7.968 6.289 4.207 2.61 1.712 1.162 0.981 0.818 0.848 0.837 0.929 
0.965 1.168 1.263 1.5 1.642 1.775 1.759 1.695 1.258 1.389 
1.505 1.435 1.233 1.548 1.766 1.573 1.934 2.414 2.636 2.501 
1.835 1.565 1.392 1.168 1.122 1.119 0.946 0.943 1.024 1.196 
1.553 2.321 2.398 2.967 2.679 2.606 2.807 2.84 3.533 2.625 
2.428 2.457 2.303 1.919 2.257 2.483 2.32 1.925 2.074 1.736 
1.771 1.472 1.519 1.85 1.89 2.299 1.944 2.289 2.122 1.945 
1.74 1.866 1.554 1.747 1.61 1.267 1.464 1.494 1.345 1.268 
1.486 1.873 1.742 1.741 1.359 1.194 0.912 0.781 0.769 0.835 
0.882 1.073 1.211 1.572 1.67 1.432 1.274 1.507 1.656 1.534 
1.411 1.334 1.288 1.386 1.278 1.245 1.303 1.252 1.185 1.296 
1.823 1.975 2.173 1.782 1.43 1.641 1.762 2.199 2.638 2.591 
1.946 1.882 1.866 2.096 2.332 2.216 2.587 2.439 2.072 2.148 
2.023 1.587 1.514 1.064 1.014 0.705 0.31 0.114 0.262 0.647 
1.084 1.319 1.772 1.813 2.006 1.473 1.501 1.368 1.449 1.282 
1.081 1.118 1.184 1.178 1.248 1.119 1.292 1.221 1.189 1.31 
1.675 1.643 1.404 1.145 1.198 1.009 0.966 0.862 0.929 1.012 
1.232 1.457 2.093 2.764 2.955 3.334 3.399 3.061 2.725 2.407 
2.361 2.58 2.94 3.422 3.681 3.156 3.187 2.863 2.242 2.077 
2.137 2.154 1.925 1.642 1.814 1.993 1.948 2.048 2.296 2.278 
2.347 2.221 2.321 2.202 1.988 2.024 2.028 1.77 1.669 1.926 
1.96 1.925 1.76 1.941 2.038 1.954 1.587 1.356 1.13 1.125 
1.12 0.946 0.945 1.06 1.181 1.46 1.807 2.194 2.298 1.931 
2.511 2.916 2.241 2.374 2.02 2.038 1.733 1.731 2.052 2.009 
1.88 1.799 1.664 1.646 1.576 1.758 1.857 1.984 2.257 1.973 
1.648 1.298 1.113 0.902 0.998 1.011 0.999 1.082 1.383 1.413 
1.265 1.413 1.509 1.688 1.336 1.349 1.435 1.398 1.189 0.912 
0.999 1.04 1.075 1.079 1.207 1.216 1.521 1.507 1.629 1.691 
2.034 1.943 1.71 1.99 2.372 2.403 2.183 2.31 2.481 2.187 
2.097 1.771 1.932 1.948 2.025 1.534 1.2 1.294 1.196 1.276 
1.716 1.777 1.772 1.966 2.054 2.133 2.185 1.89 2.094 2.117 
1.982 1.649 1.527 1.793 1.754 1.553 1.9 1.792 1.588 1.43 
1.794 1.853 1.82 1.998 2.319 2.588 2.167 2.174 1.856 1.936 
2.137 2.187 2.177 2.113 2.412 2.594 2.956 3.297 3.489 3.342 
2.898 2.366 2.091 1.859 1.487 1.158 0.96 0.939 0.898 0.855 
0.934 1.108 1.45 2.001 2.63 3.255 2.922 2.843 3.167 2.7 
2.136 1.829 2.008 1.959 1.902 2.104 2.463 2.275 2.014 1.974 
1.836 1.953 1.755 1.786 1.536 1.326 1.302 1.395 1.317 1.508 
1.884 1.766 1.734 2.047 1.952 1.765 1.931 1.947 1.801 1.621 
1.936 2.222 2.347 2.708 2.917 3.565 3.171 2.791 1.934 1.64 
1.455 1.696 1.792 1.951 2.106 1.915 1.783 1.679 1.888 1.534 
1.335 1.202 1.231 1.258 1.345 1.324 1.568 1.85 1.812 1.727 
1.505 1.429 1.379 1.274 1.254 1.335 1.674 2.016 2.186 2.278 
2.68 3.239 4.455 4.978 5.43 5.61 4.79 4.558 3.483 2.567 
2.296 2.196 1.916 1.534 1.585 1.72 1.641 1.532 1.755 1.77 
1.685 1.655 1.81 1.848 1.762 2.229 2.928 3.852 4.815 
END
