PFRMAT local QA
AUTHOR MASS-CASP14
af2-standard_T1131_2.pdb local_accuracy_only 15.0 12.511 8.195 7.128 7.186 5.353 4.225 3.532 3.576 2.981 2.535 
2.786 2.78 2.531 2.871 2.795 2.863 3.228 3.214 3.08 3.128 
2.889 2.814 2.91 3.083 3.895 4.065 4.548 4.919 7.371 8.903 
9.03 9.205 9.669 8.431 9.067 9.384 10.981 10.693 11.95 11.599 
13.43 15.0 15.0 13.545 14.23 10.463 8.649 7.61 6.548 5.065 
4.682 4.006 4.447 4.304 4.383 4.209 3.886 4.683 4.828 4.952 
5.722 5.635 6.424 6.022 5.405 6.112 6.46 6.101 7.054 7.041 
8.455 7.739 8.761 8.853 9.413 10.364 11.09 10.848 11.391 12.108 
13.896 15.0 15.0 15.0 15.0 15.0 15.0 15.0 15.0 15.0 
15.0 15.0 15.0 15.0 15.0 15.0 15.0 15.0 15.0 15.0 
15.0 15.0 15.0 15.0 15.0 15.0 15.0 15.0 15.0 15.0 
15.0 15.0 15.0 15.0 15.0 15.0 15.0 13.147 8.806 7.3 
6.595 7.299 8.004 7.867 9.801 10.115 10.907 9.848 11.761 11.019 
11.289 10.084 12.706 11.946 13.35 13.059 13.508 13.296 11.621 11.035 
12.259 12.401 12.875 11.217 11.856 12.614 11.509 9.374 10.335 9.377 
8.131 7.812 7.568 7.263 6.313 6.932 8.494 9.785 8.896 11.433 
12.881 15.0 15.0 15.0 15.0 15.0 15.0 15.0 15.0 15.0 
15.0 15.0 
END
