PFRMAT local QA
AUTHOR LAW-CASP14
af2-standard_T1131_2.pdb local_accuracy_only 15.0 14.635 13.721 10.525 7.253 6.636 5.29 4.081 3.489 2.768 2.598 
2.247 2.117 2.174 1.976 1.779 1.907 2.036 1.694 1.732 1.871 
1.994 2.104 2.141 2.12 2.674 2.827 3.36 5.819 7.128 7.891 
7.63 7.046 6.229 4.313 4.7 5.527 6.539 6.291 7.461 7.43 
7.585 6.923 7.099 6.037 5.158 3.771 4.213 3.349 2.85 2.483 
2.39 2.342 2.153 2.22 2.162 2.188 2.194 2.337 2.41 2.955 
3.35 3.404 3.744 3.721 3.041 3.51 5.045 4.463 4.249 5.496 
6.452 5.741 4.735 6.004 5.572 5.989 5.514 5.981 6.084 6.741 
6.936 8.92 9.026 9.655 9.135 10.042 10.596 14.043 13.861 14.645 
15.0 15.0 14.354 14.092 14.054 13.503 15.0 14.947 15.0 15.0 
15.0 15.0 15.0 15.0 15.0 15.0 15.0 15.0 15.0 14.352 
15.0 13.627 14.474 12.938 13.662 15.0 15.0 15.0 15.0 15.0 
15.0 15.0 15.0 14.563 15.0 15.0 15.0 15.0 15.0 15.0 
14.184 13.963 14.64 15.0 13.591 11.522 10.965 10.087 7.709 7.168 
6.556 7.714 6.647 6.43 4.217 4.164 2.692 2.338 2.446 2.597 
2.162 2.138 2.245 2.139 2.069 2.247 2.185 2.324 2.677 3.828 
3.243 3.612 4.637 5.441 8.457 9.053 11.546 15.0 15.0 15.0 
15.0 15.0 
END
