PFRMAT local QA
AUTHOR MASS-CASP14
af2-standard_T1130_1.pdb local_accuracy_only 15.0 15.0 15.0 15.0 15.0 15.0 15.0 15.0 14.003 11.82 10.958 
9.115 7.154 8.047 8.625 9.964 9.106 8.696 9.189 8.892 8.689 
8.795 7.069 7.093 6.917 5.898 5.193 4.614 3.823 3.26 3.127 
3.189 2.79 2.615 2.613 2.715 2.845 2.849 3.235 3.417 3.4 
3.133 3.003 2.406 2.254 2.206 1.919 1.502 1.823 1.894 1.945 
1.834 1.539 1.673 1.955 2.099 2.851 3.68 4.25 4.447 5.311 
5.623 5.3 5.831 4.374 4.171 2.678 1.874 1.967 1.935 2.069 
1.863 1.894 2.152 1.772 2.064 2.559 2.402 2.764 2.854 3.439 
3.973 4.841 4.468 4.864 5.407 6.271 5.61 5.288 5.462 5.021 
4.125 4.721 5.397 5.459 5.371 6.358 6.138 6.864 8.12 9.837 
12.572 12.162 12.33 15.0 13.668 11.052 8.618 7.508 6.611 6.071 
4.474 4.587 4.364 3.88 2.791 2.772 2.553 2.242 1.886 2.091 
2.33 1.832 1.905 2.37 2.224 2.084 2.591 2.713 2.62 2.88 
2.957 3.199 2.997 2.676 3.156 3.002 3.361 3.585 3.516 3.64 
3.796 3.556 3.02 2.906 3.47 3.242 3.121 3.604 4.459 5.153 
6.122 6.548 8.401 7.74 8.303 8.745 8.57 6.717 5.881 4.266 
3.526 2.615 2.959 2.573 1.951 2.122 2.245 2.0 1.952 1.99 
2.436 2.574 2.734 3.052 3.925 4.323 4.318 4.782 5.652 5.694 
5.409 5.66 5.095 3.917 4.807 5.437 4.442 4.985 4.639 4.612 
4.484 6.08 7.058 7.747 7.583 9.768 12.262 
END
