PFRMAT local QA
AUTHOR LAW-CASP14
af2-standard_T1130_1.pdb local_accuracy_only 15.0 15.0 15.0 15.0 15.0 15.0 15.0 15.0 15.0 15.0 13.512 
11.648 12.138 15.0 15.0 15.0 15.0 15.0 15.0 15.0 15.0 
15.0 15.0 13.942 11.185 9.889 7.811 5.327 5.036 3.657 2.932 
2.485 2.833 1.991 1.767 1.872 1.816 1.567 1.763 1.896 1.869 
1.824 1.618 1.6 1.53 1.852 1.549 1.51 1.707 1.73 1.719 
1.607 1.967 2.056 2.181 2.782 3.29 3.127 3.553 3.931 4.084 
3.344 3.243 3.853 2.807 2.805 2.021 1.916 2.197 2.009 1.904 
2.049 2.073 2.285 2.308 2.622 2.796 3.163 3.27 3.017 3.266 
4.145 4.393 4.551 5.439 5.944 4.544 3.727 3.025 3.228 2.878 
2.44 3.602 3.47 3.004 4.556 4.89 5.551 5.658 7.96 6.85 
7.887 9.476 11.332 12.956 13.564 12.739 10.981 10.8 9.547 8.674 
6.739 6.996 6.288 4.5 3.006 3.394 2.501 2.059 1.766 1.924 
1.764 1.649 1.805 1.832 1.874 1.848 2.037 2.335 2.214 2.63 
2.394 2.982 2.54 2.367 2.611 2.901 3.14 3.671 2.79 2.736 
2.787 2.865 2.326 2.46 2.298 2.252 2.013 2.175 2.188 2.233 
1.972 2.27 2.678 2.759 2.771 3.474 3.844 3.975 4.106 3.812 
2.745 1.994 1.707 1.876 1.664 1.589 1.526 1.59 1.512 1.498 
1.582 1.612 1.848 2.017 2.297 2.957 3.114 4.943 8.619 9.682 
9.388 10.855 9.935 9.063 9.094 7.504 4.263 6.297 5.527 4.258 
3.66 4.816 6.027 5.181 4.541 3.073 4.1 
END
