PFRMAT local QA
AUTHOR LAW-CASP14
af2-standard_T1179_2.pdb local_accuracy_only 5.409 3.823 3.503 2.402 2.115 1.922 1.969 2.377 3.195 3.433 3.777 
6.655 6.485 9.168 8.288 8.789 8.9 8.359 6.396 7.471 4.309 
5.419 3.411 3.031 2.917 1.878 3.811 4.013 5.731 7.019 7.945 
10.774 9.957 14.255 10.498 10.324 7.616 5.457 3.451 2.335 1.659 
1.682 1.684 2.047 3.36 3.344 4.569 4.685 4.686 4.762 3.786 
2.126 1.782 1.448 1.671 1.628 1.518 1.741 1.615 1.707 2.343 
2.783 2.742 2.395 2.554 3.092 3.953 4.265 3.776 3.162 2.613 
2.579 2.245 2.637 2.456 2.704 2.959 3.759 3.745 4.56 3.537 
2.676 1.839 2.004 1.821 2.088 2.701 3.595 3.926 3.775 3.326 
2.937 2.354 2.207 2.127 2.231 1.983 5.762 5.326 4.619 1.956 
1.894 1.516 1.899 1.654 2.025 2.88 6.695 6.465 7.668 7.638 
8.457 7.37 7.51 2.605 2.007 1.612 1.443 1.277 1.273 1.189 
1.159 1.183 1.344 1.806 1.878 2.806 3.098 4.332 5.227 6.251 
7.108 9.094 9.871 11.603 12.923 10.913 10.783 8.352 7.972 5.148 
4.076 4.41 4.412 4.424 4.417 4.144 4.791 6.893 9.309 10.745 
14.641 15.0 15.0 15.0 15.0 15.0 15.0 15.0 15.0 13.414 
9.788 7.605 6.342 5.528 4.911 4.713 4.872 4.966 5.201 6.752 
8.485 9.311 9.415 11.47 10.276 11.285 7.887 8.158 6.449 6.015 
3.746 3.215 2.945 2.188 1.746 1.328 1.19 1.111 1.11 1.188 
1.251 1.339 1.533 1.887 2.001 2.208 3.012 3.134 2.678 2.655 
2.69 2.658 2.911 3.097 3.016 2.884 2.463 2.241 1.956 2.043 
2.364 3.113 2.652 3.058 5.365 6.037 8.04 8.752 7.547 7.537 
6.063 6.592 6.749 6.587 6.826 5.269 3.365 3.238 2.466 2.588 
2.661 2.334 1.881 1.878 2.96 2.72 2.468 2.713 2.5 2.329 
1.889 1.977 1.478 2.399 3.102 3.31 3.641 4.243 4.184 7.835 
11.032 10.491 12.078 15.0 15.0 15.0 15.0 15.0 15.0 15.0 

END
