PFRMAT local QA
AUTHOR MASS-CASP14
af2-standard_T1179_2.pdb local_accuracy_only 14.074 11.549 7.786 5.026 4.911 4.39 4.095 4.713 6.034 7.215 7.243 
8.453 9.055 10.035 10.274 10.276 9.691 9.953 7.484 6.586 5.72 
4.281 2.987 3.068 2.425 2.357 2.659 2.967 4.032 4.968 6.736 
8.246 8.23 8.277 11.255 9.305 8.577 6.929 4.796 3.198 2.311 
2.098 2.044 2.153 2.578 3.442 4.234 4.608 3.674 2.926 2.287 
1.748 1.396 1.383 1.441 1.46 1.548 1.538 1.838 1.843 2.902 
3.895 3.306 2.749 2.975 3.393 3.544 3.684 3.584 3.041 2.91 
3.557 4.581 4.644 5.664 6.516 8.184 8.958 9.081 9.837 10.455 
12.464 12.68 15.0 12.977 11.146 10.78 12.142 14.949 15.0 15.0 
15.0 15.0 15.0 15.0 15.0 15.0 15.0 15.0 13.87 12.837 
11.524 15.0 15.0 15.0 15.0 15.0 15.0 15.0 15.0 15.0 
13.492 8.988 5.313 2.745 1.926 1.445 1.294 1.287 1.201 1.284 
1.271 1.221 1.268 1.624 2.288 3.073 5.053 6.58 7.811 9.296 
9.187 9.94 10.697 12.77 12.221 12.064 13.328 13.767 12.594 11.286 
12.393 9.407 7.239 6.59 6.714 7.121 8.246 9.377 12.193 13.243 
15.0 15.0 15.0 15.0 15.0 15.0 14.89 12.143 10.288 9.38 
8.457 7.373 6.914 6.883 5.744 7.358 8.052 9.535 10.155 9.081 
9.928 8.77 6.514 5.333 5.42 5.731 4.961 4.091 3.598 2.539 
1.977 2.156 2.565 2.162 1.476 1.213 1.176 1.364 1.322 1.408 
1.331 1.375 1.607 2.07 2.506 3.595 4.683 4.3 3.773 3.341 
3.631 4.618 6.361 7.046 4.376 3.552 3.289 2.906 3.307 3.095 
2.751 3.499 4.598 4.382 5.652 5.967 6.71 6.698 7.244 6.793 
6.644 5.983 5.769 4.434 5.366 5.473 5.35 5.321 5.469 4.364 
3.902 4.113 3.956 4.247 4.338 3.957 5.307 5.807 5.48 4.42 
3.91 3.07 2.484 2.86 3.139 3.57 4.27 4.155 5.231 5.724 
9.193 11.47 13.233 13.275 15.0 15.0 15.0 15.0 15.0 15.0 

END
