PFRMAT local QA
AUTHOR LAW-CASP14
af2-standard_T1191_3.pdb local_accuracy_only 15.0 15.0 15.0 15.0 15.0 15.0 15.0 15.0 15.0 15.0 15.0 
15.0 15.0 15.0 15.0 15.0 14.027 11.287 6.771 5.396 2.85 
1.797 1.507 1.323 1.234 1.082 0.962 0.858 0.856 0.83 0.903 
0.868 0.942 0.889 0.893 0.839 0.881 0.855 1.069 1.27 1.768 
2.278 2.301 2.677 2.36 2.121 1.273 1.082 0.999 1.063 1.038 
1.056 0.992 0.968 0.892 0.837 0.789 0.798 0.91 1.075 1.228 
1.341 1.972 1.38 1.119 0.945 0.94 0.826 0.907 0.986 1.055 
1.137 1.247 1.246 1.322 1.576 1.393 1.229 1.633 1.629 2.539 
1.811 2.71 1.934 1.931 1.437 1.918 1.922 2.847 3.482 4.45 
3.976 5.534 4.545 2.783 2.475 1.924 1.73 1.742 1.506 2.234 
1.475 2.138 1.306 1.15 1.044 0.9 0.914 0.874 1.017 1.076 
1.199 1.519 1.125 1.02 1.065 1.179 1.145 0.988 0.998 0.949 
1.174 1.261 1.175 0.915 0.846 0.998 0.736 0.642 0.638 0.644 
0.623 0.634 0.715 0.71 0.754 0.786 0.963 0.895 0.957 0.969 
1.025 1.312 1.536 2.224 1.795 1.889 1.399 1.645 1.781 4.185 
5.494 6.356 5.421 4.054 3.059 2.836 3.025 3.292 3.175 3.459 
3.284 2.047 2.23 1.873 1.733 1.658 1.333 1.199 1.149 0.938 
1.046 0.906 0.789 0.888 0.94 1.022 0.93 1.036 1.044 1.15 
1.166 1.285 1.351 1.542 1.604 1.767 2.059 2.462 2.814 2.447 
2.21 2.627 2.596 2.025 2.072 1.9 1.462 1.577 1.561 1.535 
2.074 2.272 1.951 2.371 3.067 3.726 3.003 2.139 1.529 1.294 
1.248 1.107 1.109 1.097 1.231 1.195 1.117 1.352 1.281 1.017 
1.046 0.996 1.056 1.082 0.946 1.103 1.049 1.201 1.248 1.497 
1.392 2.609 2.57 2.764 2.815 2.279 2.012 1.61 1.238 1.218 
1.613 1.752 1.817 2.017 2.458 2.899 2.061 2.385 2.32 2.022 
1.805 1.644 1.376 1.22 1.197 1.06 1.134 1.136 1.421 2.171 
2.494 2.199 2.655 2.385 1.518 1.345 1.043 1.056 1.081 0.999 
1.078 1.141 1.189 1.142 1.423 1.43 1.543 1.309 1.683 1.206 
1.314 1.536 1.715 1.687 1.848 1.611 1.379 1.032 1.018 0.832 
0.901 0.826 0.877 0.881 0.938 0.881 1.02 0.993 1.043 1.01 
1.19 1.465 2.726 2.881 5.017 3.537 2.585 1.424 1.769 1.709 
1.362 1.793 1.45 1.472 1.352 1.317 1.493 1.606 1.637 1.448 
1.171 0.919 2.085 2.887 5.195 4.072 2.583 3.786 6.644 6.961 
7.729 6.983 6.689 5.349 4.638 3.146 4.414 4.63 6.841 5.335 
7.136 8.28 9.619 12.725 13.686 15.0 15.0 15.0 15.0 15.0 
15.0 15.0 15.0 15.0 15.0 15.0 15.0 15.0 15.0 15.0 
15.0 15.0 15.0 15.0 15.0 15.0 15.0 15.0 15.0 15.0 
15.0 15.0 15.0 15.0 15.0 15.0 15.0 15.0 15.0 15.0 
12.156 11.023 8.89 4.823 3.743 5.867 4.349 4.115 3.029 2.155 
2.232 1.554 1.894 1.943 2.176 1.977 3.137 1.713 2.055 1.067 
1.265 1.34 1.638 1.856 1.658 1.486 1.96 1.43 1.704 2.151 
2.563 2.331 3.81 3.708 4.069 4.799 4.259 2.964 2.471 1.606 
1.427 1.813 1.718 1.345 1.587 1.651 1.369 1.247 1.513 1.577 
1.41 1.545 1.786 1.983 1.784 2.128 2.298 2.4 2.706 2.731 
2.362 3.356 3.863 2.902 2.799 2.059 1.911 1.743 1.589 1.257 
1.433 1.428 1.167 1.053 1.219 1.197 1.013 1.128 1.497 1.101 
1.438 1.203 1.183 1.178 1.115 1.274 1.338 1.457 1.597 1.688 
1.855 1.805 2.252 1.955 3.087 2.335 3.511 3.792 4.023 5.587 
4.755 5.351 4.247 4.445 3.692 3.284 2.408 1.978 1.883 1.877 
1.479 1.343 1.288 1.364 1.21 1.094 1.105 1.323 1.065 0.953 
1.018 1.134 0.98 1.042 1.157 1.585 1.191 0.972 0.988 1.071 
1.028 0.952 1.071 1.138 1.252 1.353 1.472 1.421 1.898 1.865 
1.851 2.157 2.069 1.749 1.676 1.509 1.413 1.404 1.21 1.176 
1.261 1.251 1.114 1.168 1.491 1.316 1.15 1.347 1.52 1.348 
1.622 1.603 1.56 1.398 1.226 1.391 1.378 1.243 1.33 1.5 
1.43 1.456 2.007 1.953 3.103 2.57 1.963 2.414 3.012 2.404 
2.293 1.898 1.605 1.559 1.5 1.325 1.211 1.152 1.129 1.089 
1.07 1.022 1.133 1.038 1.107 1.153 1.296 1.515 1.565 1.462 
1.7 2.59 3.208 4.964 2.537 8.136 11.236 11.617 10.278 10.816 
8.388 6.214 8.967 6.626 8.959 9.832 4.04 2.266 5.846 5.33 
5.425 3.261 2.593 1.972 1.648 1.754 1.717 1.628 1.439 1.337 
1.436 1.382 1.167 1.367 1.313 1.308 1.242 1.43 1.54 1.636 
1.809 2.101 2.153 2.288 2.146 2.029 1.887 1.538 1.398 1.324 
1.41 1.159 1.089 1.158 1.063 1.041 1.15 1.122 1.131 1.239 
1.353 1.387 1.521 1.272 1.415 1.688 1.601 1.344 1.509 1.633 
1.505 1.385 1.653 1.792 1.757 1.756 2.026 1.505 1.409 1.283 
1.328 1.131 1.147 1.162 1.167 1.136 1.228 1.383 1.182 1.258 
1.544 1.368 1.302 1.626 1.666 1.548 1.472 1.51 1.491 1.323 
1.333 1.354 1.288 1.258 1.238 1.216 1.177 1.15 1.106 1.057 
1.072 1.164 1.398 1.205 1.294 1.043 1.108 1.149 1.059 1.176 
1.328 1.356 1.331 1.725 1.577 1.576 1.808 2.041 1.619 1.829 
1.732 1.743 1.709 1.818 1.775 1.458 1.598 1.636 1.46 1.415 
1.598 1.553 1.406 1.617 1.664 1.448 1.562 1.113 1.228 1.098 
1.018 1.028 1.122 1.175 1.156 1.152 1.191 1.348 1.225 1.289 
1.333 1.286 1.239 1.413 1.363 1.495 1.686 1.633 1.66 1.416 
1.509 1.523 1.425 1.328 1.476 1.439 1.299 1.382 1.644 1.484 
1.542 1.949 1.72 1.64 1.893 3.869 4.608 5.508 3.134 3.468 
2.826 2.445 1.848 1.706 1.855 1.911 1.922 1.816 1.919 2.21 
2.76 2.728 3.4 3.532 3.789 3.695 2.588 2.648 2.491 2.529 
2.207 2.186 2.166 2.159 2.134 1.841 1.458 1.713 1.884 1.343 
1.525 1.937 2.217 2.207 2.006 1.9 2.134 2.262 2.487 2.474 
2.614 2.772 2.955 3.257 2.758 2.252 2.186 2.454 2.285 3.201 
3.558 4.34 4.003 3.414 2.899 2.59 2.387 2.312 2.035 1.953 
2.118 2.399 2.349 4.105 5.821 4.82 6.687 7.537 6.044 7.967 
8.128 8.806 10.497 8.537 8.268 7.993 11.536 6.852 5.398 4.688 
2.556 2.06 1.573 1.31 1.585 1.627 1.443 1.492 1.597 1.739 
1.382 1.694 1.765 2.138 2.908 4.085 7.021 6.426 5.031 4.574 
2.558 2.106 2.076 2.103 2.187 2.193 2.433 2.948 3.566 4.373 
3.018 1.872 1.762 1.987 1.876 1.914 1.786 1.75 1.758 1.941 
1.833 1.863 1.806 2.142 2.277 2.385 2.369 2.813 2.943 3.116 
3.491 3.742 3.675 3.874 3.931 4.016 4.252 4.885 4.333 4.481 
4.043 4.034 3.92 2.899 3.032 2.699 2.914 2.355 3.735 3.735 
3.489 2.29 1.737 1.159 0.998 0.897 0.842 0.799 0.774 0.804 
0.739 0.684 0.721 0.809 0.756 0.873 0.842 1.152 1.366 1.881 
2.554 2.218 2.686 2.395 2.705 2.962 3.346 3.509 4.013 4.899 
4.84 5.858 6.282 6.832 7.382 6.854 6.054 6.394 5.508 5.911 
6.428 7.152 6.914 7.12 7.49 6.901 4.463 3.354 2.85 2.412 
2.074 1.934 1.855 1.644 1.457 1.182 1.061 0.92 0.832 0.773 
0.759 0.892 0.984 1.128 1.382 1.474 1.213 1.153 1.022 0.906 
0.923 0.939 0.981 1.118 1.24 1.444 1.573 1.712 1.775 2.015 
2.294 3.267 4.622 6.959 8.522 7.667 7.341 6.396 5.452 4.789 
4.453 4.796 4.638 4.216 3.956 3.929 4.056 4.565 5.316 6.515 
8.84 10.659 10.019 10.383 12.86 11.84 9.519 8.798 5.365 2.893 
2.069 1.859 1.727 1.616 1.542 1.518 1.504 1.595 1.423 1.375 
1.18 1.25 1.231 1.283 1.405 1.464 1.913 1.962 1.961 2.464 
2.53 2.779 3.582 3.427 3.102 3.819 2.706 2.568 2.557 2.194 
2.395 2.948 3.457 3.911 3.84 3.434 3.345 2.475 2.343 2.486 
2.746 3.208 4.139 4.27 4.329 3.483 3.307 2.323 2.079 1.866 
1.814 1.776 2.11 2.64 3.145 4.124 5.89 8.829 11.371 10.699 
9.732 13.865 14.506 14.059 14.318 15.0 14.58 14.927 13.965 14.426 
14.183 13.084 11.681 12.468 12.14 12.205 10.408 10.324 9.8 8.89 
6.168 4.129 3.18 2.373 2.174 1.734 1.598 1.579 1.674 1.706 
2.033 2.333 6.037 8.414 10.72 11.776 13.449 13.034 15.0 11.141 
8.399 6.995 4.292 4.082 3.255 3.033 3.55 3.22 3.093 3.172 
3.124 3.716 5.075 15.0 15.0 15.0 15.0 15.0 15.0 15.0 
15.0 15.0 15.0 15.0 15.0 11.042 8.051 1.801 1.604 1.83 
1.952 2.757 3.441 3.46 3.938 5.503 4.616 4.29 4.161 2.841 
3.179 2.963 2.159 2.688 2.552 1.949 1.945 2.461 2.423 1.859 
2.33 2.501 5.276 4.278 5.407 3.672 3.428 2.521 2.129 1.839 
1.735 1.701 1.674 2.178 2.358 4.029 3.989 6.146 9.427 12.02 
13.387 11.0 9.248 3.781 3.687 2.511 2.189 1.701 1.591 1.497 
1.661 1.773 2.028 2.794 4.958 4.809 4.116 5.705 5.592 3.843 
2.781 1.973 1.693 1.607 1.666 1.733 1.758 2.233 2.327 2.96 
4.299 6.43 10.506 9.233 7.214 4.248 3.165 2.427 2.27 1.924 
1.727 1.703 2.011 2.894 4.404 3.115 4.173 4.082 4.232 4.936 
5.48 5.496 4.903 3.498 3.649 3.015 4.435 4.758 4.501 5.605 
5.657 5.332 4.245 3.546 2.918 2.548 2.393 1.886 1.92 1.67 
1.608 1.637 1.815 2.291 2.699 3.604 3.571 2.841 2.93 3.839 
3.864 2.426 1.948 1.622 1.701 1.663 1.895 1.826 1.958 1.927 
2.152 3.108 3.567 8.235 9.056 6.706 8.086 9.432 8.98 7.017 
6.807 5.175 3.591 2.637 1.857 2.059 2.21 1.84 1.6 1.73 
1.869 1.856 1.864 2.169 2.133 2.03 1.602 1.674 1.262 1.138 
1.192 1.485 1.489 1.634 1.722 1.874 2.462 2.737 3.32 4.408 
4.057 4.065 2.772 2.246 1.949 1.746 1.826 1.794 1.827 1.513 
1.573 1.651 1.785 2.014 2.006 2.408 2.245 1.929 2.59 2.734 
2.81 2.614 3.285 3.462 3.408 3.648 4.329 4.343 5.229 5.489 
6.022 6.547 6.403 5.061 4.918 5.321 5.834 5.577 4.789 4.329 
4.496 3.8 2.03 2.181 1.682 2.109 2.068 1.905 1.735 1.567 
1.351 1.489 1.35 1.51 1.471 1.556 1.792 1.82 2.667 2.313 
2.133 2.12 1.82 1.658 1.497 1.332 1.269 1.262 1.36 1.543 
1.692 2.049 1.886 1.567 1.513 1.411 1.6 1.914 1.85 1.897 
2.49 2.556 6.993 4.943 6.465 7.806 8.523 10.293 9.463 11.755 
11.349 11.38 10.546 12.002 12.414 11.003 10.744 11.035 10.964 10.84 
6.916 7.921 6.404 6.582 6.25 5.857 5.98 3.761 3.35 1.806 
1.336 0.969 0.802 0.808 0.837 0.981 1.156 1.295 0.99 0.842 
0.832 0.869 0.899 0.95 1.03 0.971 0.924 0.875 1.061 1.048 
1.247 1.039 1.355 1.259 1.243 0.994 0.89 0.877 0.834 0.866 
1.033 1.278 1.453 2.394 4.782 6.11 8.816 7.735 9.21 7.95 
8.987 8.188 7.479 7.34 5.137 4.49 2.126 3.267 2.777 2.074 
1.892 1.586 1.131 0.985 0.869 0.872 0.854 0.921 1.211 1.442 
2.011 2.46 1.592 1.317 0.988 0.945 0.904 0.978 0.994 1.224 
1.439 1.944 2.027 1.697 1.366 1.108 1.009 0.925 0.924 1.02 
1.133 1.39 1.513 1.269 1.051 0.924 0.975 0.994 1.168 1.334 
1.715 1.536 1.6 1.329 1.271 1.471 1.701 2.141 2.453 3.761 
2.529 2.031 1.534 1.729 1.821 2.626 3.226 4.537 3.827 3.556 
1.896 1.665 1.282 1.242 1.087 1.316 1.311 1.314 1.656 1.293 
1.149 0.997 0.997 0.925 0.972 1.0 1.124 1.267 1.448 1.296 
1.101 0.991 0.939 0.884 0.864 0.843 0.866 0.918 0.926 0.835 
0.828 0.866 0.887 1.008 1.159 1.17 1.383 1.349 1.114 1.12 
1.117 1.094 1.032 0.966 0.931 0.905 0.829 0.955 1.044 0.953 
1.033 0.974 1.128 1.281 1.692 1.706 1.193 1.936 1.705 1.629 
1.459 2.028 2.243 2.548 2.86 2.278 2.323 1.952 1.403 1.492 
1.777 1.455 1.185 1.323 1.356 1.012 1.177 1.416 2.523 2.96 
3.266 3.504 2.031 2.242 1.993 2.272 1.744 1.903 2.474 2.146 
2.175 2.843 3.569 2.933 3.801 4.563 4.931 5.971 5.02 4.407 
4.31 5.016 5.787 4.427 3.578 3.162 2.128 1.894 2.261 1.66 
1.862 2.419 2.96 3.14 1.864 1.819 2.124 2.741 8.44 11.46 
13.62 14.598 15.0 15.0 15.0 15.0 15.0 15.0 15.0 11.003 
8.683 8.664 9.027 5.402 6.405 6.228 4.599 3.329 1.864 1.628 
1.481 1.237 1.167 1.153 1.55 1.608 2.298 1.918 1.433 1.166 
1.04 1.023 1.139 1.321 1.814 1.513 1.468 2.369 2.662 4.736 
6.82 7.675 9.073 6.776 8.684 8.203 7.936 6.606 5.62 3.772 
2.876 2.267 1.909 1.432 1.449 1.151 1.132 1.163 1.135 1.492 
1.496 1.647 1.717 1.704 1.326 1.411 1.411 1.317 1.196 1.364 
1.424 1.434 1.433 1.568 1.723 1.701 2.003 1.902 2.468 1.826 
2.311 2.845 1.778 1.96 1.415 1.387 1.322 1.537 1.456 2.023 
2.102 3.188 2.644 4.484 6.032 7.369 6.146 7.604 8.801 
END
