PFRMAT local QA
AUTHOR MASS-CASP14
af2-standard_T1191_3.pdb local_accuracy_only 15.0 15.0 14.659 13.687 14.924 14.526 15.0 14.489 15.0 15.0 15.0 
15.0 15.0 15.0 15.0 15.0 13.37 13.281 10.241 5.932 4.346 
2.697 2.665 2.377 2.299 2.289 1.861 1.505 1.576 1.579 1.778 
1.823 1.861 1.804 1.898 1.999 2.106 2.475 2.638 3.461 4.7 
7.143 8.264 9.036 8.136 6.391 4.054 3.164 2.263 1.719 1.584 
1.45 1.374 1.189 1.104 1.111 1.066 0.985 0.995 1.115 1.387 
1.446 1.72 1.456 1.22 1.137 1.176 1.225 1.364 1.378 1.446 
1.824 1.772 2.185 2.421 3.048 3.736 4.257 4.324 4.719 5.39 
5.898 6.901 8.298 5.968 4.629 4.755 5.078 4.987 4.24 4.704 
4.738 5.427 4.659 3.854 4.34 3.755 3.807 3.165 2.815 2.755 
2.846 2.812 3.34 2.484 1.991 1.535 1.431 1.312 1.307 1.433 
1.651 1.786 1.594 1.64 1.429 1.765 1.642 1.335 1.286 1.279 
1.495 1.721 1.701 1.274 1.234 1.25 1.298 1.323 1.205 1.136 
1.201 1.042 1.156 1.21 1.241 1.19 1.465 1.573 1.56 1.41 
1.428 1.699 1.918 2.433 2.463 3.089 3.225 4.375 5.367 6.856 
8.708 10.833 9.869 11.321 11.685 12.35 11.051 13.899 15.0 15.0 
11.713 9.146 6.336 4.152 2.696 1.709 1.789 1.773 1.658 1.789 
1.686 1.707 1.679 1.739 1.963 2.08 2.294 2.791 3.062 2.641 
2.947 2.872 2.668 2.946 3.023 2.775 3.455 4.305 6.666 7.031 
5.895 7.938 8.567 7.627 8.637 7.719 6.613 5.943 7.179 7.498 
8.32 9.794 9.13 10.283 13.941 15.0 11.469 6.733 4.485 4.069 
3.249 2.762 2.334 1.996 2.301 2.598 2.612 2.949 4.956 4.931 
4.817 6.336 6.322 6.169 4.463 4.221 3.348 3.351 2.698 3.025 
3.131 4.084 4.438 4.083 4.456 3.683 4.047 3.681 4.317 4.818 
5.333 5.376 6.52 6.832 8.769 8.425 6.026 5.454 6.574 6.807 
7.225 7.105 7.142 6.272 6.075 6.643 5.629 5.346 6.199 6.672 
6.356 6.415 5.722 4.488 3.075 3.181 2.757 2.973 3.061 3.139 
3.889 4.608 5.871 5.703 5.579 5.786 4.585 4.102 3.988 5.318 
5.834 6.877 6.614 6.716 5.54 4.399 2.596 1.736 1.204 1.043 
1.002 0.974 1.009 1.06 1.007 0.966 1.05 1.243 1.285 1.718 
2.065 2.98 3.784 4.641 6.469 6.598 7.159 6.063 6.122 6.042 
6.162 6.528 6.28 5.497 5.992 6.224 6.617 7.612 7.382 7.665 
7.351 6.289 7.816 7.324 8.396 9.268 8.871 9.626 11.408 12.693 
10.821 9.826 9.816 10.043 8.757 8.187 8.388 7.487 8.226 10.108 
9.345 10.22 10.329 12.727 12.575 14.447 14.418 14.377 15.0 15.0 
15.0 15.0 15.0 15.0 15.0 13.802 15.0 12.651 12.22 9.338 
10.097 10.355 13.336 14.5 15.0 14.782 15.0 13.04 14.857 13.983 
13.9 10.807 10.221 10.061 9.079 8.668 7.98 8.294 8.343 7.203 
6.769 6.256 4.864 3.798 2.574 2.41 2.212 2.435 2.673 2.868 
3.326 3.215 3.883 3.882 3.642 3.53 3.747 4.375 5.261 3.668 
4.218 4.821 4.673 3.951 4.549 6.813 7.56 8.44 8.641 9.959 
10.207 8.765 11.907 13.275 11.764 10.685 7.799 4.652 2.981 2.049 
1.9 1.597 1.692 1.578 1.581 1.712 1.624 1.717 1.767 1.914 
2.069 2.282 2.252 2.65 2.278 3.498 4.553 6.073 6.433 6.678 
6.72 7.136 7.519 6.632 5.099 2.991 2.466 2.278 1.909 1.584 
1.642 1.686 1.521 1.307 1.468 1.466 1.288 1.373 1.566 1.556 
1.535 1.668 1.768 1.611 1.409 1.785 1.588 1.413 1.665 1.962 
1.894 1.9 1.936 2.063 2.778 3.42 4.482 5.433 4.869 6.79 
8.976 10.181 9.687 10.488 9.779 8.53 6.234 5.354 3.945 3.885 
2.518 2.114 1.9 1.957 1.694 1.257 1.355 1.27 1.172 1.029 
1.181 1.261 1.159 1.233 1.315 1.863 1.935 1.448 1.225 1.529 
1.396 1.226 1.331 1.504 1.551 1.601 2.012 2.736 3.403 3.773 
3.464 2.949 2.765 2.324 1.712 1.405 1.569 1.68 1.474 1.235 
1.388 1.641 1.685 1.961 1.96 1.846 1.753 1.889 2.237 1.999 
1.898 2.101 2.128 1.876 1.58 1.96 1.888 1.598 1.455 1.718 
1.475 1.421 1.638 1.704 2.212 2.18 2.107 2.525 2.689 2.686 
2.754 2.266 1.579 1.694 1.53 1.361 1.328 1.193 1.121 1.158 
1.088 1.122 1.201 1.284 1.189 1.536 2.094 2.68 3.007 3.43 
3.96 4.834 6.265 7.089 7.517 8.888 8.101 7.429 7.581 6.114 
4.785 4.454 3.501 3.315 3.534 3.652 3.316 4.174 4.177 5.021 
5.281 4.796 4.127 3.109 2.568 2.564 2.847 2.43 1.745 1.813 
2.262 2.004 1.75 1.845 1.962 1.816 1.504 1.785 2.084 2.149 
2.359 2.685 2.976 2.857 2.34 2.601 2.438 2.08 1.766 1.969 
1.955 1.585 1.468 1.563 1.46 1.235 1.404 1.534 1.439 1.807 
1.891 1.922 1.683 1.349 1.606 1.63 1.689 1.563 1.787 1.785 
1.471 1.824 2.243 2.601 2.376 2.163 2.086 1.951 1.607 1.6 
1.352 1.218 1.112 1.13 1.149 1.075 1.085 1.318 1.315 1.552 
1.81 1.639 1.555 2.226 3.031 3.258 2.723 2.519 2.571 2.143 
1.665 1.598 1.69 1.465 1.318 1.352 1.38 1.287 1.317 1.427 
1.711 2.014 2.073 1.786 1.557 1.487 1.402 1.245 1.121 1.16 
1.17 1.138 1.141 1.277 1.324 1.376 1.344 1.468 1.637 1.766 
1.678 1.517 1.55 1.641 1.466 1.271 1.453 1.483 1.304 1.348 
1.479 1.335 1.546 1.739 2.062 1.547 1.64 1.47 1.547 1.18 
1.069 1.252 1.373 1.152 1.046 1.147 1.216 1.189 1.194 1.294 
1.242 1.227 1.328 1.571 1.663 1.814 1.966 2.206 1.823 1.514 
1.69 1.674 1.356 1.459 1.505 1.363 1.323 1.436 1.539 1.331 
1.471 1.789 1.528 1.406 1.806 2.44 2.638 2.609 2.352 2.96 
3.43 3.756 3.473 3.434 3.864 3.843 3.77 2.868 3.168 2.806 
2.992 2.935 3.154 4.474 5.428 4.562 4.793 3.765 3.863 3.859 
3.839 3.416 3.19 3.369 3.255 3.182 3.575 3.593 4.76 6.302 
6.495 7.46 8.661 6.705 6.452 5.376 5.685 5.21 5.547 5.591 
6.22 5.565 5.521 4.74 4.899 3.918 4.43 4.492 4.348 5.232 
6.547 7.505 8.484 8.37 9.432 8.114 7.648 7.223 6.874 6.609 
6.99 5.645 5.635 7.082 7.217 7.792 7.946 9.304 9.807 10.758 
11.293 11.919 12.946 14.769 14.833 12.808 13.752 12.136 9.363 6.56 
4.479 3.095 2.572 2.341 2.428 2.215 2.109 2.272 2.6 2.632 
2.267 2.696 2.662 3.549 4.783 6.055 7.136 5.606 7.032 6.936 
6.292 7.339 5.415 6.169 4.737 5.519 4.912 5.338 5.681 6.139 
5.067 4.346 3.172 2.326 2.05 2.272 2.117 2.019 2.263 2.506 
3.058 3.031 2.497 3.405 3.507 3.348 3.45 3.256 3.075 3.203 
3.103 3.253 3.401 3.785 3.93 4.173 3.735 4.214 4.633 4.594 
5.013 4.953 5.951 6.8 7.822 7.908 8.24 8.93 9.794 10.199 
12.102 11.437 7.357 6.88 6.283 5.171 4.053 4.085 3.83 4.634 
4.67 4.548 4.383 5.255 4.187 5.602 5.71 6.354 6.226 6.062 
7.169 8.122 8.711 10.885 12.614 14.011 11.857 13.002 13.101 14.098 
11.539 12.671 10.067 10.099 7.445 8.78 7.819 7.582 5.312 3.498 
2.812 2.648 2.101 1.875 2.022 2.165 2.158 2.435 2.909 3.0 
3.305 3.216 3.336 3.128 3.617 3.624 3.063 2.626 2.833 2.391 
2.371 2.751 3.073 4.422 5.615 5.833 7.212 6.659 6.489 5.238 
5.167 5.169 5.098 4.765 5.757 5.719 5.062 5.341 6.036 5.015 
5.862 5.781 5.195 4.815 5.191 5.023 4.968 5.076 4.864 5.13 
5.199 6.568 6.923 8.105 7.225 6.834 5.803 5.804 5.018 4.353 
4.225 3.578 3.908 4.466 5.334 5.911 7.038 7.373 6.785 4.38 
3.062 2.025 1.794 1.578 1.483 1.56 1.343 1.484 1.663 1.57 
1.766 1.909 2.034 2.749 2.863 3.293 4.345 4.368 3.949 5.042 
4.762 4.893 5.296 6.339 7.087 7.116 6.893 5.44 5.534 5.556 
5.874 5.703 6.252 7.285 7.491 6.935 6.798 6.845 6.714 6.808 
5.774 6.301 6.544 5.162 4.897 4.268 2.794 2.088 1.681 1.474 
1.343 1.309 1.514 1.656 2.282 2.944 2.934 3.489 4.042 4.008 
3.743 3.597 3.966 3.593 3.661 4.189 4.614 5.438 5.785 5.761 
7.369 7.188 6.275 6.184 5.855 5.569 5.591 4.74 5.735 5.263 
6.055 5.188 4.137 3.332 2.678 2.215 1.807 1.733 1.557 1.508 
1.405 1.527 1.655 2.078 3.203 4.82 5.831 7.516 7.661 7.24 
6.224 6.818 5.212 4.783 4.785 4.95 5.529 6.186 7.389 8.344 
10.711 11.081 12.678 14.2 15.0 15.0 15.0 15.0 15.0 15.0 
13.873 11.034 8.875 8.001 6.257 5.491 4.963 4.721 4.09 3.812 
3.966 3.808 4.821 5.567 6.126 6.363 6.614 6.696 6.782 6.4 
5.264 4.174 3.904 3.767 3.294 3.056 3.109 3.321 3.201 3.336 
3.663 4.043 4.849 4.913 5.657 4.914 3.394 2.654 1.921 1.684 
1.579 1.719 1.652 1.542 1.658 1.579 1.679 1.972 2.858 3.971 
5.057 5.731 5.429 5.052 4.347 4.57 4.153 4.829 4.077 4.544 
4.074 3.892 4.442 4.743 5.887 7.227 9.232 9.447 9.534 8.72 
6.696 5.364 4.867 4.665 4.508 4.45 4.344 4.174 4.355 4.71 
5.139 6.456 6.963 8.7 9.136 8.342 6.952 5.684 5.575 6.199 
6.178 6.973 7.173 7.82 8.048 8.489 9.366 9.378 10.104 11.374 
11.648 10.881 9.759 9.345 9.653 9.238 10.776 11.883 12.151 14.094 
15.0 15.0 13.309 9.174 6.892 5.041 3.906 3.23 2.801 2.602 
2.277 1.777 1.967 2.431 2.696 4.464 4.657 5.973 6.905 8.767 
7.958 6.2 3.996 3.177 3.02 2.75 2.629 2.519 2.365 2.279 
2.652 2.983 3.455 3.659 3.74 3.637 3.96 5.32 6.1 6.5 
7.488 9.084 9.448 8.764 8.526 7.759 7.268 7.636 6.324 6.8 
6.906 7.993 7.59 10.336 11.264 10.62 7.893 7.273 6.358 5.384 
5.374 4.838 4.35 4.615 4.039 4.218 3.994 3.822 3.925 4.437 
4.752 5.049 4.922 5.082 4.446 4.445 3.513 3.555 2.807 3.102 
2.8 3.103 3.525 3.719 3.656 3.561 2.695 2.497 3.289 3.25 
3.215 3.466 3.845 3.76 3.71 3.757 3.621 3.828 4.925 5.367 
4.894 5.488 6.145 4.804 4.371 3.526 4.37 4.104 4.409 5.377 
5.741 4.993 5.189 5.524 4.991 5.112 4.508 3.532 2.608 2.14 
2.036 1.871 1.785 1.525 1.539 1.439 1.619 1.779 2.753 2.78 
2.73 3.005 2.523 2.57 2.489 2.528 2.425 2.301 2.473 2.657 
3.431 4.344 4.155 3.611 3.673 3.383 3.732 3.889 4.119 4.063 
4.316 4.593 6.032 7.672 9.479 10.242 9.569 8.906 10.193 11.222 
12.298 9.011 10.893 10.75 11.541 12.462 13.52 13.093 14.471 12.931 
12.023 11.045 12.328 13.065 9.257 7.488 8.1 8.424 7.15 4.744 
3.245 2.104 1.735 1.618 1.777 1.753 2.089 1.614 1.169 1.133 
1.145 1.174 1.182 1.246 1.587 1.649 1.586 1.338 1.536 1.429 
1.82 1.623 1.985 2.447 2.407 2.167 2.614 2.733 2.444 2.416 
2.707 3.147 3.353 4.343 5.204 7.117 8.029 9.612 10.805 13.673 
13.057 15.0 13.541 13.391 10.672 11.014 9.265 8.698 10.6 10.203 
8.186 5.839 5.398 6.253 5.5 5.073 5.595 5.016 5.006 4.538 
6.087 5.514 4.642 3.365 2.812 2.056 1.668 1.589 1.427 1.298 
1.449 1.848 2.293 2.111 1.777 1.766 1.762 1.6 2.002 2.838 
3.548 5.17 4.225 3.121 2.179 1.636 1.296 1.086 1.134 1.395 
2.086 2.184 2.326 2.459 2.372 3.065 3.312 3.216 3.881 4.114 
3.757 2.956 3.028 2.67 2.857 2.489 3.237 3.817 3.863 3.143 
2.382 1.712 1.617 1.414 1.195 1.191 1.581 1.787 2.434 2.207 
1.822 1.37 1.208 1.035 0.882 1.111 1.346 1.593 1.937 1.868 
1.467 1.234 0.831 0.174 0.199 0.516 1.214 1.845 2.181 2.124 
1.76 2.035 2.009 2.618 3.24 3.732 4.879 5.148 4.887 5.843 
5.696 4.066 2.376 2.03 1.784 1.491 1.297 1.499 1.934 1.904 
2.223 2.433 2.794 3.233 3.76 3.885 3.566 2.839 2.867 3.261 
3.635 3.648 3.302 2.97 2.762 2.846 3.03 2.524 2.212 2.518 
2.075 1.859 1.647 1.726 1.515 1.45 1.563 1.697 2.41 3.103 
4.411 5.448 5.574 5.684 5.453 4.739 4.398 4.116 3.871 4.033 
4.03 4.125 4.842 4.731 6.17 6.156 6.423 5.741 5.077 4.939 
5.476 5.807 5.863 4.892 3.95 3.716 4.014 3.789 4.103 3.483 
3.01 3.846 5.115 5.461 5.005 5.141 6.126 6.032 7.384 9.036 
10.197 12.957 13.787 14.336 15.0 15.0 15.0 15.0 15.0 12.617 
12.593 8.869 6.687 3.563 2.583 1.751 1.533 1.407 1.482 1.473 
1.461 1.501 1.582 1.573 1.977 2.225 2.599 2.131 1.554 1.261 
1.055 1.082 1.17 1.254 1.59 1.4 1.222 1.338 1.326 1.343 
1.814 2.953 3.144 3.001 3.705 4.345 4.169 3.928 2.913 2.627 
2.798 2.214 1.773 1.738 1.417 1.248 1.364 1.502 1.999 2.708 
3.011 3.482 3.478 2.922 2.355 2.62 2.339 2.044 1.904 2.012 
1.934 1.696 1.958 2.748 2.834 2.516 2.786 2.629 3.035 2.809 
3.32 3.91 3.836 3.668 2.908 2.503 1.864 1.681 1.681 1.564 
1.49 1.613 1.504 1.555 1.713 1.545 1.464 1.837 2.887 
END
