PFRMAT local QA
AUTHOR LAW-CASP14
af2-standard_T1137s1_4.pdb local_accuracy_only 15.0 15.0 15.0 15.0 15.0 15.0 15.0 15.0 15.0 15.0 15.0 
15.0 15.0 14.843 13.955 14.521 13.772 8.678 9.217 12.262 12.854 
12.173 10.847 10.693 8.739 11.129 9.381 10.558 7.578 7.445 4.751 
4.477 4.9 4.47 3.37 3.069 2.926 2.629 2.195 2.509 2.391 
2.234 2.194 2.156 2.125 1.746 1.478 1.262 1.17 1.146 1.218 
1.145 1.088 1.181 1.456 2.554 2.503 2.863 2.36 2.913 1.901 
1.752 1.376 1.29 1.33 1.127 1.129 1.0 1.139 1.232 1.43 
1.55 1.392 1.28 1.11 1.056 1.127 1.04 1.216 1.185 1.32 
1.261 1.936 1.92 3.514 3.242 4.292 4.128 3.588 3.005 2.118 
1.711 1.21 1.075 1.057 1.069 1.119 1.08 1.269 1.29 1.508 
1.336 1.489 1.701 1.633 1.56 1.696 1.688 1.566 1.349 1.28 
1.084 1.17 1.139 1.146 1.475 1.52 2.031 2.072 2.134 1.835 
1.599 1.256 1.098 0.964 1.08 1.106 1.19 1.672 1.69 2.791 
2.843 1.993 2.181 1.833 1.809 1.776 1.756 1.943 1.581 2.073 
1.756 1.348 1.269 1.299 1.417 1.548 1.679 1.849 1.673 2.241 
2.321 2.428 2.606 2.643 3.106 3.005 3.458 3.708 3.791 3.794 
3.683 3.778 3.889 3.785 3.72 3.6 3.339 3.495 3.565 3.592 
3.421 3.978 4.191 3.916 3.654 4.378 5.607 5.282 7.56 8.043 
5.735 5.763 6.338 6.243 6.616 6.585 5.982 5.726 5.161 5.816 
7.56 6.926 6.491 6.773 5.111 4.57 5.521 6.823 4.982 4.584 
4.447 4.231 3.878 3.916 4.107 3.314 3.084 2.964 2.584 2.507 
2.53 2.613 2.542 2.651 3.015 3.089 2.997 3.425 3.619 3.411 
3.365 3.637 3.428 3.442 3.634 3.769 3.541 3.552 3.7 3.496 
3.237 3.346 3.319 3.069 3.127 3.37 3.27 2.865 2.969 2.986 
2.98 2.847 2.982 2.821 2.921 2.736 3.092 2.973 3.053 3.214 
2.972 2.981 3.246 3.561 3.356 3.354 3.801 4.348 5.1 6.529 
7.028 7.849 8.021 8.948 11.267 11.106 10.448 9.813 10.399 9.514 
8.233 7.768 6.249 5.136 4.449 3.632 3.448 3.049 3.07 3.015 
2.986 2.926 2.918 3.06 3.277 3.735 3.732 3.685 3.689 3.9 
4.055 3.587 3.384 2.894 2.844 2.633 2.571 2.221 2.244 2.198 
2.24 2.15 2.33 2.323 2.349 2.573 2.574 2.623 2.755 3.047 
3.226 3.556 4.465 5.623 7.768 9.34 10.75 10.223 13.871 13.818 
14.08 14.542 14.749 13.593 15.0 15.0 15.0 15.0 15.0 15.0 
12.05 9.769 9.36 7.781 6.937 4.881 5.176 4.508 4.127 4.275 
3.973 4.031 3.748 3.614 3.731 3.929 4.709 5.823 6.08 4.493 
4.784 7.515 6.346 5.6 3.514 3.195 3.173 3.516 5.403 8.51 
12.933 13.836 14.267 14.44 13.61 14.214 13.692 12.857 12.366 8.005 
6.552 4.715 4.721 3.651 3.83 3.64 3.877 4.112 3.735 3.861 
3.924 4.245 4.489 5.498 5.836 7.345 7.914 7.63 6.496 5.164 
5.311 4.337 4.153 4.191 4.036 4.745 3.93 3.841 4.105 4.53 
5.925 5.864 7.232 5.308 4.632 4.834 4.712 4.187 
END
