PFRMAT local QA
AUTHOR MASS-CASP14
af2-standard_T1137s1_4.pdb local_accuracy_only 15.0 15.0 15.0 15.0 15.0 15.0 15.0 15.0 15.0 15.0 15.0 
15.0 15.0 15.0 15.0 13.493 11.325 12.188 11.258 9.477 9.679 
8.201 7.653 7.272 6.622 6.928 6.482 6.206 5.545 5.415 5.698 
5.111 5.457 5.115 4.527 4.111 4.03 3.96 4.031 3.977 4.123 
4.279 3.895 4.091 3.923 3.873 2.91 1.988 1.575 1.424 1.416 
1.249 1.137 1.23 1.407 1.858 2.406 3.135 3.564 3.601 3.627 
2.653 2.522 2.653 2.492 1.915 1.803 1.465 1.533 1.865 1.919 
2.169 1.888 1.671 1.66 1.576 1.51 1.599 2.008 2.0 2.177 
2.587 3.509 4.373 6.193 8.094 8.648 9.691 7.582 6.225 3.95 
3.046 2.13 1.794 1.721 1.729 1.615 1.658 1.724 2.314 2.532 
2.832 3.211 3.272 2.942 2.203 2.289 2.351 2.081 1.737 1.48 
1.414 1.358 1.262 1.265 1.303 1.479 1.677 2.109 2.166 2.118 
1.921 1.443 1.207 1.088 1.085 1.109 1.424 2.159 3.958 7.034 
8.068 9.81 10.526 10.699 8.782 7.678 7.256 10.317 12.117 11.327 
8.993 8.831 7.54 8.713 11.354 10.727 9.792 7.139 7.468 7.021 
6.612 6.01 6.142 5.901 5.38 6.029 6.992 7.016 6.883 7.531 
7.241 6.962 5.709 5.872 5.113 4.975 3.918 4.771 4.649 4.461 
4.062 4.042 4.528 4.187 4.258 5.227 5.014 5.915 5.721 6.938 
6.409 5.995 6.025 6.679 6.48 7.647 9.059 9.409 7.334 8.129 
8.864 8.205 8.454 9.169 9.171 8.442 7.589 9.214 7.676 8.06 
8.49 9.166 7.677 6.529 7.867 7.152 7.601 6.563 7.454 6.374 
6.34 6.122 6.309 5.146 5.706 5.76 5.682 5.369 5.283 4.845 
5.557 5.429 6.514 5.529 6.492 7.108 8.032 6.533 6.899 5.917 
5.307 5.96 6.604 6.496 6.867 8.107 8.821 8.386 8.387 8.501 
7.793 6.853 6.548 6.204 5.707 5.593 6.607 6.174 7.049 6.993 
6.189 5.01 5.773 5.419 5.374 6.409 7.052 6.89 6.507 6.143 
6.765 6.714 6.325 6.369 6.594 6.204 6.304 6.14 6.034 6.526 
7.352 8.357 9.805 9.85 10.479 9.716 8.535 8.849 7.718 8.397 
8.606 9.133 8.415 7.751 7.294 7.241 5.919 6.226 5.695 5.618 
4.745 5.256 4.999 4.892 4.821 4.888 4.388 3.533 3.162 3.403 
3.48 3.782 4.054 4.417 5.347 5.867 6.289 6.056 6.654 5.495 
6.845 6.88 8.844 11.005 13.359 12.039 14.317 14.002 15.0 15.0 
15.0 13.926 12.058 12.176 13.891 12.581 12.979 10.22 11.449 9.619 
9.738 9.162 9.016 7.647 7.137 5.751 4.974 4.524 4.924 4.439 
4.111 4.162 3.899 4.183 4.174 5.031 4.726 4.382 4.217 3.679 
3.706 4.48 4.796 4.728 4.633 4.922 5.407 5.665 6.538 6.605 
7.198 7.103 7.527 8.245 7.111 6.574 6.762 6.323 7.688 7.235 
7.649 7.584 6.152 6.55 6.359 7.174 6.443 6.106 5.351 5.452 
5.463 6.442 6.389 6.914 6.453 7.243 6.819 6.944 6.611 7.23 
6.756 6.087 5.993 6.02 6.158 6.242 5.862 6.854 7.51 8.689 
9.313 8.503 7.901 7.378 9.142 8.656 8.709 10.402 
END
