PFRMAT local QA
AUTHOR MASS-CASP14
af2-standard_T1114s2_2.pdb local_accuracy_only 15.0 15.0 15.0 15.0 15.0 15.0 15.0 15.0 15.0 15.0 15.0 
15.0 15.0 15.0 15.0 15.0 15.0 15.0 15.0 15.0 15.0 
15.0 15.0 15.0 15.0 15.0 15.0 15.0 15.0 15.0 15.0 
15.0 15.0 15.0 15.0 15.0 15.0 15.0 15.0 15.0 15.0 
15.0 15.0 15.0 15.0 9.231 4.516 1.871 1.477 1.211 1.046 
0.913 1.01 1.175 1.024 1.109 1.214 1.251 1.364 1.466 1.334 
1.63 1.724 1.625 1.43 1.509 1.827 2.285 2.687 2.561 2.522 
1.792 1.765 1.778 1.576 1.389 1.645 2.22 2.268 2.284 2.134 
2.121 1.907 1.728 1.564 1.438 1.59 2.139 2.4 2.258 2.825 
2.793 2.772 2.873 2.846 2.781 2.308 1.915 1.977 1.993 1.561 
1.356 1.634 1.517 1.601 1.668 2.0 2.278 2.283 2.141 2.158 
1.81 1.332 1.0 0.915 0.816 0.885 1.044 1.159 1.22 1.309 
1.765 2.373 3.841 5.524 7.032 7.868 6.443 6.108 3.729 3.041 
2.925 2.485 2.227 2.633 2.921 1.913 1.75 1.538 1.628 1.678 
1.372 1.328 1.335 1.298 1.214 1.244 1.37 1.463 1.222 1.152 
1.169 1.076 0.956 0.848 0.175 0.582 0.576 1.293 1.385 1.301 
1.567 1.491 1.684 1.9 2.128 2.226 2.446 3.083 3.843 3.84 
4.753 5.102 5.549 5.904 5.518 4.999 4.166 4.506 4.192 4.149 
4.426 5.435 6.522 6.841 6.074 5.186 4.594 3.715 3.629 3.807 
3.459 2.326 2.29 2.109 2.137 2.091 2.254 1.813 1.834 1.413 
1.257 1.4 1.175 1.289 1.2 1.277 1.457 1.664 2.191 2.226 
2.122 1.778 1.409 1.667 1.78 1.786 1.637 1.714 1.733 1.65 
2.047 2.16 2.522 2.73 3.237 3.754 3.616 3.002 2.933 2.895 
3.378 3.429 2.712 2.527 2.287 2.941 3.264 3.42 2.515 2.578 
2.56 2.151 1.858 1.734 1.901 2.192 2.323 1.758 2.042 2.204 
2.801 2.984 2.759 3.913 4.578 6.028 6.592 8.433 9.611 11.641 
10.018 10.394 8.291 9.669 8.648 7.974 6.434 6.404 5.479 4.799 
3.565 3.18 2.729 3.037 2.604 2.119 1.75 1.517 1.463 1.523 
1.773 1.818 1.57 1.746 1.682 1.847 1.673 1.977 2.285 2.441 
2.325 2.392 2.783 2.554 2.275 1.885 1.976 1.923 1.778 2.454 
2.491 2.288 2.007 1.775 1.465 1.491 1.755 1.586 2.115 2.314 
2.604 2.94 2.82 3.452 3.884 5.163 4.75 4.475 5.522 5.505 
5.572 6.583 6.516 6.58 7.8 7.745 9.993 9.605 9.834 10.306 
10.393 8.802 8.288 8.031 9.401 8.762 7.646 7.983 8.175 8.15 
6.624 6.169 5.746 5.53 5.599 5.784 5.829 6.43 6.398 7.584 
8.208 8.327 8.285 9.018 9.923 10.381 11.076 12.568 12.198 10.917 
9.99 11.018 10.838 11.011 11.348 11.451 13.357 13.216 
END
