PFRMAT local QA
AUTHOR LAW-CASP14
af2-standard_T1114s2_2.pdb local_accuracy_only 15.0 15.0 15.0 15.0 15.0 15.0 15.0 15.0 15.0 15.0 15.0 
15.0 15.0 15.0 15.0 15.0 15.0 15.0 15.0 15.0 15.0 
15.0 15.0 15.0 15.0 15.0 15.0 15.0 15.0 15.0 15.0 
15.0 15.0 15.0 15.0 15.0 15.0 15.0 15.0 14.304 13.973 
12.202 11.85 9.918 9.963 7.031 2.099 1.213 1.003 0.812 0.801 
0.899 0.89 1.046 0.929 1.01 1.023 1.11 1.05 1.036 0.881 
1.024 1.017 1.05 1.005 1.114 1.518 1.657 2.458 2.708 1.589 
1.48 1.273 1.318 1.305 1.136 1.279 1.373 1.363 1.378 1.509 
1.107 1.267 1.077 1.145 1.417 1.303 1.663 2.148 2.547 2.749 
3.602 3.474 4.049 4.055 3.572 2.971 2.121 2.162 1.819 1.368 
1.429 1.371 1.351 1.177 1.274 1.325 1.301 1.38 1.259 1.068 
0.876 0.837 0.726 0.735 0.662 0.737 0.79 0.811 0.863 0.906 
1.259 1.599 3.067 3.718 7.021 6.554 6.099 4.751 3.742 2.821 
1.853 4.7 2.818 5.187 5.325 1.991 1.711 1.187 1.173 1.181 
1.132 1.005 1.143 1.137 0.934 0.907 1.159 1.099 0.82 0.833 
0.819 0.723 0.708 0.734 0.737 0.769 0.828 0.811 0.78 0.835 
1.023 0.958 1.033 1.229 1.195 1.305 1.522 2.768 3.024 2.362 
3.308 2.632 1.934 1.927 1.143 1.264 0.965 1.965 1.924 1.847 
1.724 2.299 2.664 3.028 2.468 1.727 1.457 1.715 2.287 2.739 
2.447 1.951 1.603 1.197 1.244 1.277 1.474 1.283 1.202 1.033 
1.071 1.048 0.864 0.891 0.834 0.829 0.886 0.833 1.042 1.131 
1.364 1.1 0.863 1.01 1.009 0.889 0.896 1.004 1.231 1.048 
1.247 1.326 1.693 1.837 2.403 3.403 3.219 3.531 4.272 3.952 
4.172 5.052 4.767 3.496 2.568 3.117 3.616 3.712 2.45 2.428 
2.132 1.901 1.417 1.334 1.385 1.696 1.875 1.654 2.133 1.991 
2.279 2.926 3.776 3.355 4.264 5.221 5.742 6.767 5.858 7.226 
8.333 9.101 7.516 5.835 6.752 3.115 2.691 5.213 5.54 3.634 
2.502 1.799 2.203 3.073 3.927 2.619 1.972 1.29 1.16 1.149 
1.328 1.371 1.054 1.549 1.476 1.645 1.498 1.6 1.735 1.655 
1.874 1.712 2.483 2.173 2.24 1.982 1.694 1.611 1.628 1.947 
2.036 2.081 1.449 1.458 1.055 1.26 1.237 0.955 0.985 1.07 
1.101 1.844 1.394 2.068 2.876 5.413 3.093 8.26 10.146 11.61 
11.301 9.735 10.617 8.277 10.652 9.911 14.247 15.0 15.0 15.0 
15.0 15.0 15.0 14.435 15.0 13.243 10.311 8.697 8.904 9.131 
8.675 8.32 8.878 8.047 7.468 7.311 7.371 6.17 5.077 4.845 
4.832 4.914 4.501 4.712 4.78 4.738 5.235 6.963 8.51 9.669 
8.456 8.519 10.096 9.904 11.33 11.673 13.178 15.0 
END
