PFRMAT local QA
AUTHOR LAW-CASP14
af2-standard_T1133_1.pdb local_accuracy_only 15.0 12.983 6.567 5.618 2.008 1.301 1.195 1.179 1.301 1.272 1.494 
1.734 1.833 1.865 1.472 1.359 1.289 1.131 1.206 1.288 1.459 
1.786 2.098 1.851 1.527 1.415 1.393 1.345 1.749 1.299 1.236 
1.516 1.305 1.451 1.727 1.866 1.954 2.147 1.536 1.417 1.049 
0.982 0.845 0.842 0.844 1.009 1.014 0.864 0.834 0.768 0.723 
0.82 0.939 1.251 1.441 1.703 1.701 1.452 1.135 0.897 0.765 
0.755 0.84 0.882 1.004 1.076 1.007 0.947 0.924 0.874 0.794 
1.091 1.131 1.631 1.531 1.818 1.435 1.074 0.982 0.912 0.847 
0.827 0.812 0.859 0.927 0.994 0.839 0.851 0.901 0.824 0.788 
0.804 0.82 0.862 1.074 1.185 1.771 2.642 3.535 4.268 4.903 
4.13 3.704 3.25 1.874 1.596 1.001 0.849 0.81 0.787 0.947 
0.829 0.884 0.854 0.92 0.909 0.855 0.894 0.945 0.926 0.956 
1.01 0.928 1.172 1.138 1.459 1.925 1.768 2.121 1.521 1.221 
0.921 0.905 0.811 0.846 0.832 1.031 0.971 0.885 0.843 0.751 
0.758 0.8 0.77 0.998 0.952 1.274 1.256 1.154 0.938 0.807 
0.78 0.829 0.848 0.829 0.845 1.027 1.012 1.256 1.296 1.024 
1.006 1.033 1.068 1.11 1.489 1.269 1.503 1.257 1.022 1.087 
0.933 0.819 0.756 0.785 0.782 0.852 1.033 1.042 1.25 0.993 
0.884 0.79 0.747 0.74 0.761 0.822 0.959 1.101 1.427 1.833 
2.471 2.037 1.833 1.264 1.089 0.928 0.903 0.924 0.945 0.996 
1.139 1.022 1.451 1.482 1.426 2.323 2.573 2.618 2.359 1.905 
1.545 1.506 1.274 1.229 1.045 1.152 1.057 1.359 1.109 1.152 
1.066 1.054 0.919 0.853 0.755 0.714 0.726 0.739 0.894 0.868 
0.789 0.858 0.762 0.699 0.719 0.734 0.804 0.894 0.983 1.153 
1.362 2.102 2.29 3.598 4.186 3.696 4.39 2.926 2.923 1.966 
1.623 1.303 1.031 0.959 0.923 0.859 0.894 0.951 1.126 1.173 
1.497 1.521 1.508 1.306 1.273 1.155 1.219 1.999 2.03 2.796 
1.768 1.691 1.178 1.111 0.917 0.919 0.894 0.809 0.758 0.757 
0.773 0.896 0.905 0.841 0.876 0.823 0.746 0.794 0.829 0.973 
1.098 1.21 1.381 1.903 2.067 1.576 1.583 1.347 1.223 0.961 
1.022 1.064 1.19 1.349 1.433 1.364 1.368 1.278 1.451 1.764 
2.671 4.047 4.499 3.931 2.248 1.631 1.305 1.111 0.918 0.94 
0.915 1.021 1.224 1.091 0.975 1.112 1.024 0.973 0.962 1.068 
1.21 1.516 1.645 1.881 2.058 1.921 1.937 1.543 1.603 1.272 
1.274 1.283 1.236 1.426 1.338 1.603 1.683 1.871 1.608 1.501 
1.937 1.755 1.467 1.592 1.676 1.689 1.815 2.048 1.866 2.1 
1.85 1.634 1.432 1.22 1.306 1.236 1.558 1.517 2.083 1.428 
1.527 1.449 1.682 1.778 2.132 2.269 2.45 2.769 2.949 2.701 
3.144 2.952 2.543 2.315 2.139 1.811 1.7 1.581 1.681 1.968 
1.828 2.708 2.255 3.364 2.293 2.34 1.751 1.986 1.973 2.406 
2.337 2.785 3.266 3.425 2.636 2.522 1.855 1.9 1.597 1.512 
1.36 1.315 1.116 1.082 1.282 1.689 2.126 2.778 2.732 2.364 
3.622 2.636 4.353 7.339 10.465 5.439 3.464 8.949 6.961 7.542 
8.929 7.751 9.479 7.038 11.839 10.841 15.0 15.0 15.0 15.0 
15.0 15.0 15.0 15.0 15.0 15.0 15.0 15.0 15.0 15.0 
15.0 15.0 15.0 15.0 15.0 15.0 15.0 15.0 15.0 15.0 
15.0 15.0 15.0 13.635 11.768 9.946 9.059 14.268 15.0 15.0 
15.0 15.0 15.0 15.0 15.0 15.0 15.0 15.0 15.0 15.0 
15.0 15.0 15.0 15.0 15.0 15.0 15.0 15.0 15.0 15.0 
15.0 15.0 15.0 15.0 15.0 15.0 15.0 15.0 15.0 15.0 
15.0 15.0 15.0 15.0 15.0 15.0 15.0 15.0 15.0 15.0 
15.0 15.0 15.0 15.0 15.0 15.0 15.0 15.0 15.0 15.0 
15.0 15.0 15.0 15.0 15.0 15.0 15.0 15.0 15.0 15.0 
15.0 15.0 15.0 15.0 15.0 15.0 15.0 15.0 15.0 15.0 
15.0 15.0 15.0 15.0 15.0 15.0 15.0 15.0 15.0 15.0 
15.0 11.514 14.807 15.0 15.0 15.0 14.529 12.241 15.0 15.0 
15.0 15.0 15.0 15.0 15.0 15.0 15.0 15.0 15.0 15.0 
15.0 15.0 15.0 15.0 15.0 15.0 15.0 15.0 15.0 15.0 
15.0 15.0 15.0 15.0 
END
