PFRMAT local QA
AUTHOR MASS-CASP14
af2-standard_T1133_1.pdb local_accuracy_only 10.589 7.439 5.416 3.82 2.665 1.681 1.343 1.132 1.135 1.1 1.057 
1.212 1.449 1.729 1.514 1.199 1.203 1.215 1.279 1.447 1.483 
1.797 2.095 2.054 2.002 2.317 2.808 3.165 2.883 2.633 2.585 
2.74 3.402 3.594 4.404 4.383 4.029 3.269 1.967 1.708 1.328 
1.238 1.123 1.021 1.277 1.715 1.798 1.539 1.294 1.002 0.698 
1.009 1.095 1.467 1.972 2.532 2.336 1.565 1.165 1.155 1.078 
0.943 1.041 1.093 1.486 1.834 1.891 1.711 1.656 1.486 1.49 
1.424 1.465 1.696 2.1 2.732 2.669 2.05 1.641 1.368 0.29 
0.158 0.192 1.394 1.382 1.676 1.716 1.382 1.117 1.025 1.064 
0.918 0.885 1.03 1.181 1.547 2.245 3.354 4.942 6.996 7.471 
8.785 7.765 5.829 4.659 2.8 1.945 1.399 1.075 1.018 0.986 
0.949 1.025 1.073 1.492 1.669 1.698 1.661 1.513 1.437 1.571 
1.475 1.315 1.601 1.981 2.266 2.695 2.418 2.33 2.158 1.555 
1.411 1.42 1.184 0.983 1.312 1.723 1.856 1.718 1.551 1.226 
1.267 1.28 1.555 1.839 2.173 2.687 2.163 1.717 1.213 1.153 
1.067 1.138 1.421 1.629 1.801 1.746 1.608 1.71 1.748 1.449 
1.569 1.556 1.452 1.426 1.74 1.86 2.113 2.218 1.828 2.041 
1.737 1.529 1.363 1.319 1.552 1.659 2.289 2.582 2.406 2.081 
1.562 1.247 0.974 1.016 0.911 0.858 0.975 1.205 1.779 2.488 
3.135 3.22 2.721 2.223 1.719 1.454 1.233 1.155 1.14 1.024 
1.258 1.328 1.676 2.006 2.237 2.964 3.523 3.841 4.379 3.859 
3.977 3.437 3.748 3.457 3.337 3.212 2.934 3.575 3.722 3.452 
2.963 1.989 1.6 1.438 1.399 1.295 1.094 1.31 1.388 1.577 
1.477 1.456 1.221 1.085 1.212 1.225 1.231 1.301 1.588 2.017 
2.951 3.977 5.328 6.934 8.556 9.506 8.321 7.367 6.471 5.041 
3.513 2.487 2.011 1.664 1.355 1.378 1.165 1.368 1.58 2.146 
2.934 3.244 3.011 3.257 3.218 2.871 2.655 2.823 2.628 3.014 
2.992 2.66 2.429 1.998 1.647 1.404 1.267 1.092 0.922 0.854 
0.997 1.31 1.532 1.623 1.578 1.405 1.15 1.233 1.251 1.243 
1.409 1.914 2.445 3.073 3.677 3.628 3.385 3.222 3.232 2.73 
2.899 2.785 3.219 3.424 2.942 3.208 3.229 3.059 3.327 3.711 
3.415 4.526 5.275 6.483 5.87 5.358 4.354 3.412 2.698 2.06 
1.777 2.023 2.016 2.018 1.777 1.384 1.061 0.983 0.862 0.942 
1.182 1.373 1.425 2.056 2.057 2.138 1.936 1.729 1.317 1.142 
0.941 0.684 0.778 0.987 1.163 1.562 1.619 1.673 1.701 1.552 
1.588 1.728 1.901 2.036 2.162 2.204 2.427 2.131 1.724 1.409 
1.224 1.211 1.051 0.882 1.012 1.386 1.565 1.743 1.59 1.334 
1.158 1.093 1.14 1.117 1.255 1.168 1.474 1.66 2.013 1.995 
2.416 2.554 2.218 1.66 1.014 0.147 0.049 0.066 0.23 1.109 
1.349 1.778 2.042 1.859 1.666 1.398 1.511 1.401 1.497 1.457 
1.473 1.839 2.317 2.261 1.951 1.654 1.317 1.384 1.32 1.108 
1.134 1.052 1.208 1.392 1.628 2.163 2.752 3.286 3.568 3.65 
4.288 5.161 5.239 5.487 4.573 4.4 4.141 4.48 4.19 3.67 
3.657 4.219 4.233 4.771 4.739 5.401 5.753 6.503 6.439 6.751 
5.731 6.162 5.616 5.59 4.913 4.795 4.504 5.564 6.106 5.393 
5.445 5.569 5.995 5.466 6.834 6.758 7.447 7.89 7.62 6.367 
5.565 4.589 3.898 3.099 2.86 2.85 2.909 3.519 4.372 5.361 
5.689 8.016 8.68 8.552 13.132 12.709 15.0 14.436 15.0 15.0 
15.0 15.0 15.0 15.0 15.0 15.0 15.0 15.0 15.0 15.0 
15.0 15.0 15.0 15.0 15.0 15.0 15.0 15.0 15.0 15.0 
15.0 15.0 15.0 15.0 15.0 13.218 15.0 12.52 12.231 8.923 
10.018 8.688 9.817 9.675 10.456 10.483 9.653 8.038 9.144 8.944 
9.4 8.24 7.874 6.51 5.905 5.718 4.313 3.655 2.912 2.991 
2.893 2.463 2.052 2.028 2.032 1.905 1.921 2.218 2.149 2.489 
2.46 2.357 2.187 2.249 1.99 2.0 1.999 2.08 1.727 1.91 
1.857 1.969 2.061 2.393 2.277 2.293 2.143 1.972 1.612 1.823 
2.015 1.858 1.74 1.661 1.787 1.9 2.12 2.552 2.663 3.25 
3.062 2.825 2.591 2.261 2.644 2.517 2.56 2.703 2.799 3.182 
3.643 3.634 4.194 5.2 
END
