PFRMAT local QA
AUTHOR MASS-CASP14
af2-standard_T1147_2.pdb local_accuracy_only 15.0 15.0 15.0 15.0 15.0 15.0 15.0 15.0 15.0 13.028 10.144 
5.602 3.337 2.328 1.575 1.389 1.222 1.369 1.289 1.202 1.269 
1.874 2.749 4.259 4.812 5.242 5.564 5.545 6.035 5.234 5.813 
5.229 5.652 5.494 5.691 7.77 7.685 8.541 8.192 7.662 7.371 
7.022 6.576 5.896 3.964 3.392 2.675 2.744 2.584 2.839 3.35 
3.232 3.22 3.585 4.368 5.477 6.944 8.483 9.531 8.79 8.692 
8.643 7.626 6.741 7.853 8.551 8.643 8.436 7.764 5.956 4.259 
2.401 1.729 1.542 1.436 1.37 1.279 1.206 1.292 1.778 2.876 
3.229 3.931 4.567 5.567 6.44 7.152 6.625 6.575 7.163 8.449 
9.768 10.723 9.158 8.679 6.438 6.075 4.824 5.228 6.015 5.85 
5.91 5.893 
END
