PFRMAT local QA
AUTHOR LAW-CASP14
af2-standard_T1147_2.pdb local_accuracy_only 15.0 15.0 15.0 15.0 15.0 15.0 15.0 15.0 13.788 10.336 5.325 
2.73 1.906 1.75 1.623 1.702 1.56 1.554 1.573 1.715 1.878 
2.448 2.793 2.839 2.787 2.763 2.879 2.758 3.125 2.833 3.009 
2.609 3.034 2.915 2.648 3.525 3.611 3.568 3.536 3.35 3.388 
3.582 3.422 3.306 2.852 2.823 2.277 2.252 1.88 1.756 1.558 
1.569 1.65 1.716 1.813 2.286 2.256 2.915 3.32 3.306 3.714 
3.336 2.825 2.726 2.845 3.519 3.851 5.597 5.565 4.527 4.822 
3.68 2.519 2.162 1.912 1.695 1.755 1.638 1.688 1.683 1.782 
1.844 2.201 2.085 2.287 2.282 3.164 3.123 4.884 5.526 5.892 
6.207 6.199 5.21 5.93 3.475 4.161 2.454 3.926 3.583 4.669 
4.39 2.984 
END
