PFRMAT local QA
AUTHOR LAW-CASP14
af2-standard_T1139_1.pdb local_accuracy_only 15.0 15.0 15.0 15.0 15.0 15.0 15.0 15.0 15.0 15.0 15.0 
15.0 15.0 15.0 15.0 15.0 15.0 15.0 15.0 11.713 8.274 
2.654 2.034 1.936 1.447 1.508 1.238 1.199 1.289 1.149 1.077 
1.194 1.322 1.308 1.25 1.276 1.284 1.19 1.079 1.289 1.425 
1.565 1.553 1.829 2.232 3.758 3.329 4.009 2.41 2.566 1.546 
1.675 1.801 1.808 1.724 1.7 1.47 1.47 1.171 1.321 1.089 
0.916 0.922 0.974 0.972 0.939 1.024 1.151 1.155 1.111 1.107 
1.289 1.025 0.909 1.112 1.137 1.021 1.123 1.253 1.205 1.307 
1.171 1.374 1.147 1.237 1.231 1.124 1.084 1.233 1.101 1.063 
0.936 0.914 0.847 0.776 0.77 0.833 0.857 0.824 0.957 1.07 
1.044 1.081 1.034 1.15 0.934 0.825 1.073 1.011 0.904 0.97 
1.158 1.142 1.319 1.121 1.205 0.952 0.998 0.993 0.95 0.99 
1.151 1.197 1.073 0.986 0.832 0.837 0.807 0.845 0.899 0.889 
0.921 1.08 1.115 1.231 1.022 1.107 1.078 0.908 0.895 1.028 
1.008 0.896 1.002 1.222 1.175 1.327 1.097 1.156 1.083 1.138 
0.979 1.25 1.346 1.562 1.825 1.757 1.328 1.111 0.934 1.091 
1.128 1.091 1.095 1.392 1.479 1.457 1.957 1.426 1.475 1.357 
1.16 1.263 1.45 1.412 1.353 1.869 2.803 2.896 3.777 5.838 
8.644 9.33 11.018 12.372 13.304 13.466 15.0 14.74 13.808 14.062 
15.0 15.0 14.753 15.0 15.0 15.0 15.0 15.0 15.0 15.0 
15.0 15.0 13.721 11.916 9.324 8.121 7.443 6.172 4.36 3.115 
2.944 3.074 3.101 2.136 2.529 2.214 2.11 2.5 2.377 2.659 
3.335 4.022 5.725 6.448 8.572 12.193 15.0 15.0 15.0 15.0 
15.0 15.0 15.0 15.0 15.0 13.122 13.01 11.436 12.165 10.478 
11.489 8.608 9.565 11.673 13.974 15.0 15.0 15.0 15.0 12.914 
12.117 11.778 10.835 10.803 10.182 4.305 2.584 2.276 1.902 1.436 
1.33 1.312 1.358 1.374 1.65 1.567 1.652 1.859 1.975 3.832 
6.023 9.382 10.283 12.839 13.153 13.855 11.956 10.954 9.346 10.33 
6.74 8.232 4.469 4.583 3.076 4.767 6.04 4.427 4.53 2.177 
2.067 1.482 1.527 1.373 1.604 1.634 1.824 2.388 2.666 3.352 
4.451 5.046 5.807 5.396 5.297 6.084 8.21 8.455 11.035 11.673 
14.181 15.0 15.0 15.0 15.0 15.0 
END
