PFRMAT local QA
AUTHOR MASS-CASP14
af2-standard_T1139_1.pdb local_accuracy_only 15.0 15.0 15.0 15.0 15.0 15.0 15.0 15.0 15.0 15.0 15.0 
15.0 12.517 12.159 10.341 9.933 9.277 8.805 6.364 5.93 4.029 
2.966 2.535 2.415 2.357 1.794 1.359 1.517 1.421 1.264 1.023 
1.182 1.416 1.388 1.213 1.146 1.396 1.311 1.046 1.246 1.495 
1.453 1.3 1.63 1.911 2.231 2.059 2.107 1.734 1.689 1.464 
1.676 1.655 1.677 1.63 1.74 1.603 1.482 1.295 1.333 1.187 
1.041 1.07 0.919 0.987 1.077 1.236 1.403 1.413 1.171 1.179 
1.25 1.127 1.066 1.212 1.183 1.131 1.211 1.525 1.361 1.47 
1.243 1.393 1.406 1.801 2.016 1.847 1.744 1.77 1.708 1.64 
1.368 1.245 1.252 1.18 1.132 1.082 1.047 1.145 1.35 1.547 
1.637 1.372 1.362 1.382 1.261 1.077 1.229 1.133 0.996 1.108 
1.445 1.451 1.605 1.403 1.498 1.502 1.542 1.63 1.643 1.6 
1.817 1.666 1.57 1.483 1.531 1.407 1.24 1.316 1.4 1.314 
1.122 1.346 1.537 1.731 1.453 1.559 1.49 1.289 1.179 1.284 
1.288 1.255 1.316 1.449 1.467 1.664 1.631 1.614 1.501 1.683 
1.574 1.592 1.751 1.85 2.204 2.038 1.846 1.59 1.376 1.453 
1.517 1.264 1.335 1.597 1.735 1.944 2.32 2.118 2.118 2.071 
1.7 1.745 2.007 1.819 1.736 2.148 2.516 3.051 3.138 4.058 
4.976 5.27 6.778 6.614 7.412 7.234 7.876 7.64 7.427 6.019 
7.825 7.946 7.793 6.931 8.834 9.37 9.192 8.421 10.079 10.052 
11.069 10.955 10.473 10.415 9.004 9.76 8.482 8.605 7.635 8.646 
8.218 9.409 11.04 12.748 12.958 15.0 15.0 13.996 15.0 14.226 
12.867 11.862 14.158 13.379 15.0 15.0 15.0 15.0 15.0 15.0 
14.975 15.0 15.0 15.0 14.444 12.293 10.651 9.797 10.065 10.853 
11.182 11.279 11.744 12.091 10.064 10.768 10.502 9.779 6.779 5.997 
5.883 5.192 4.057 3.31 2.525 2.437 2.569 2.204 1.529 1.815 
1.714 1.538 1.405 1.487 1.84 2.46 3.631 3.681 4.148 4.868 
5.559 6.079 7.248 8.148 8.142 5.692 4.325 3.574 2.264 1.919 
1.845 1.867 1.756 2.016 2.151 2.172 2.094 1.721 1.738 1.575 
1.232 1.21 1.151 1.198 1.347 1.574 2.084 3.552 4.026 5.619 
8.042 9.693 9.888 9.524 8.797 7.996 8.084 9.453 11.485 10.635 
9.56 12.167 12.671 13.726 15.0 15.0 
END
