PFRMAT local QA
AUTHOR MASS-CASP14
af2-standard_T1130_3.pdb local_accuracy_only 7.052 5.875 4.666 3.673 3.105 3.161 3.985 4.739 5.77 7.044 8.15 
9.661 9.421 10.415 11.62 12.34 12.669 11.906 11.924 10.914 9.945 
7.277 5.555 5.081 5.027 4.372 4.531 3.889 3.565 3.111 3.286 
3.499 3.392 3.565 3.269 3.357 3.467 3.334 3.496 3.445 3.574 
3.091 2.812 2.228 2.499 2.288 2.04 1.7 2.105 2.279 2.425 
2.442 2.383 2.535 3.097 4.03 4.697 3.945 3.921 3.366 4.185 
5.361 6.548 7.084 6.741 6.451 5.205 3.851 3.469 3.339 3.508 
2.619 3.047 3.314 3.441 3.327 3.875 3.299 3.378 3.509 4.313 
4.558 4.508 3.784 3.399 3.507 3.583 3.908 3.789 3.982 3.512 
3.092 3.589 4.323 4.177 3.784 4.457 4.451 4.196 4.53 5.691 
7.965 7.689 9.319 10.2 9.555 8.223 7.035 6.395 6.202 6.393 
5.681 5.998 6.153 5.709 5.08 5.108 4.912 4.747 4.432 4.209 
4.257 3.194 2.996 3.41 3.218 2.902 3.298 3.717 3.81 4.145 
4.098 4.872 5.382 4.87 4.604 3.447 3.575 3.019 2.533 2.615 
2.281 2.035 1.815 1.68 1.864 1.87 1.642 1.729 1.949 2.374 
2.733 2.823 3.489 3.613 3.919 4.361 3.974 3.55 3.604 2.583 
2.216 1.617 2.049 1.761 1.413 1.666 1.749 1.529 1.47 1.389 
1.734 1.702 1.607 1.817 2.317 3.215 4.007 4.419 5.386 5.063 
5.112 5.204 4.8 3.457 4.354 5.232 4.523 5.286 5.352 5.154 
4.645 6.058 6.433 6.674 6.951 8.512 11.485 
END
