PFRMAT local QA
AUTHOR LAW-CASP14
af2-standard_T1130_3.pdb local_accuracy_only 15.0 15.0 15.0 15.0 15.0 12.316 12.169 11.29 11.939 14.457 15.0 
15.0 15.0 15.0 15.0 15.0 15.0 15.0 15.0 15.0 15.0 
15.0 15.0 15.0 15.0 14.57 13.213 11.851 11.255 9.866 8.395 
6.856 7.942 5.312 2.513 2.438 2.157 1.653 1.812 1.909 1.817 
1.714 1.583 1.518 1.525 1.487 1.487 1.514 1.81 1.728 1.709 
2.056 1.885 1.943 2.469 2.873 3.468 5.706 4.986 6.003 7.152 
8.606 6.215 7.747 5.125 4.476 3.438 3.721 3.462 3.087 2.868 
2.652 2.657 2.433 2.343 2.131 2.238 2.259 2.075 1.998 2.11 
2.157 2.227 2.284 1.983 2.179 2.092 1.923 3.48 2.352 1.978 
2.094 2.591 2.396 2.182 2.358 2.756 2.994 3.425 3.437 3.68 
4.299 5.073 8.64 11.719 13.402 11.974 10.37 10.677 10.448 9.957 
8.055 9.189 9.703 7.575 6.638 8.301 8.741 5.809 5.897 6.824 
6.157 4.841 5.382 5.472 5.836 4.493 4.618 5.738 5.038 5.524 
5.355 5.509 6.546 5.881 6.092 5.163 3.094 2.572 2.644 2.391 
1.985 1.872 1.937 1.608 1.599 1.583 1.595 1.503 1.686 1.591 
1.641 1.715 1.808 2.176 1.92 2.506 2.582 3.269 3.082 2.43 
2.327 1.688 1.786 1.473 1.386 1.39 1.347 1.33 1.304 1.311 
1.366 1.414 1.519 1.751 1.777 1.826 1.989 2.276 2.442 3.953 
3.687 5.231 4.64 4.077 4.603 4.746 3.854 4.247 4.863 5.575 
4.827 5.965 6.708 7.749 7.368 6.588 5.795 
END
