PFRMAT local QA
AUTHOR MASS-CASP14
af2-standard_T1134s2_5.pdb local_accuracy_only 15.0 15.0 15.0 15.0 15.0 15.0 15.0 15.0 15.0 12.897 11.433 
8.574 8.972 6.743 6.003 4.378 3.841 3.465 3.658 3.611 3.481 
3.092 3.084 2.29 2.836 3.389 5.014 4.698 4.678 4.766 4.001 
3.582 3.453 3.537 3.671 3.187 3.371 3.296 2.695 2.254 1.974 
1.835 1.536 1.814 1.914 2.129 2.037 1.617 1.865 1.785 1.792 
1.553 1.496 1.495 1.442 1.438 1.706 1.654 1.494 1.668 2.21 
2.697 3.696 4.104 4.829 5.584 5.524 5.976 4.966 5.292 5.105 
4.0 4.047 3.36 2.941 2.35 2.324 2.278 1.944 2.433 2.534 
2.392 2.351 2.305 1.866 1.664 2.062 2.257 2.012 2.104 2.222 
2.564 2.72 2.812 2.362 2.152 2.607 3.084 3.751 5.105 5.959 
6.291 6.836 5.873 4.448 3.195 2.594 2.565 2.306 2.422 2.783 
3.297 4.292 5.449 6.174 5.929 6.049 6.63 6.5 5.024 3.208 
2.475 1.594 1.114 0.312 0.127 0.031 0.706 1.192 1.347 1.82 
2.03 3.006 4.279 4.772 4.613 4.765 4.037 3.447 3.131 2.234 
2.348 2.205 1.757 1.718 1.881 2.103 2.458 2.782 3.286 4.122 
4.792 6.093 4.637 3.171 2.841 2.19 1.687 1.427 1.637 1.539 
1.32 1.42 1.509 1.354 1.492 1.53 1.552 1.52 1.695 2.041 
2.52 3.136 2.615 1.908 1.313 0.957 0.776 0.8 0.833 0.821 
0.886 1.012 1.105 1.075 1.055 1.057 1.018 1.128 1.092 1.045 
0.986 1.172 1.521 1.89 2.367 2.069 1.427 0.499 0.008 0.002 
0.005 0.121 0.977 1.578 1.838 1.552 2.071 2.425 2.274 1.867 
1.665 2.086 2.164 1.967 2.321 2.619 2.546 2.483 2.442 2.72 
2.996 3.207 2.843 2.058 1.749 1.82 1.702 1.408 1.384 1.327 
1.764 2.049 1.944 1.637 1.75 2.157 2.454 2.888 3.524 4.767 
6.001 6.706 8.304 10.416 11.079 12.945 15.0 15.0 15.0 15.0 
15.0 15.0 15.0 15.0 13.06 12.801 10.815 10.879 9.301 8.346 
8.98 9.046 8.073 7.968 7.634 7.686 7.552 7.062 8.072 7.319 
6.809 6.723 6.815 5.655 6.57 6.49 6.969 7.288 7.306 5.886 
4.81 3.841 3.264 2.221 2.097 1.796 1.61 1.684 1.593 1.489 
1.72 1.798 1.479 1.499 1.612 1.766 1.624 1.957 2.199 2.063 
1.974 1.862 1.98 1.663 1.508 1.599 1.592 1.445 1.677 1.81 
2.091 2.823 
END
