PFRMAT local QA
AUTHOR LAW-CASP14
af2-standard_T1134s2_5.pdb local_accuracy_only 15.0 15.0 15.0 15.0 15.0 15.0 15.0 15.0 15.0 15.0 14.718 
9.163 3.301 2.339 2.465 2.186 1.865 1.861 1.832 1.694 1.482 
1.442 1.506 1.28 1.292 1.49 1.449 1.349 1.412 1.631 1.56 
1.739 1.542 1.587 1.432 1.286 1.397 1.338 1.145 1.184 1.343 
1.082 1.051 1.388 1.459 1.028 1.429 1.644 1.147 1.131 1.203 
0.943 0.83 1.036 0.926 0.756 0.982 1.183 0.875 1.046 1.721 
3.186 3.386 3.8 2.489 7.19 6.884 5.606 3.214 2.762 2.044 
1.733 1.461 1.904 2.501 1.834 1.958 2.101 1.881 2.079 6.262 
2.214 2.232 2.265 2.009 1.826 2.039 2.181 1.882 2.083 1.705 
1.78 1.771 1.554 1.472 1.157 1.351 1.473 2.224 3.521 3.834 
3.732 1.83 1.391 1.057 0.905 0.801 0.939 1.247 1.365 1.627 
2.527 2.96 4.739 3.622 3.025 3.471 5.178 5.554 4.723 2.985 
1.8 1.38 0.934 0.807 0.685 0.647 0.764 0.754 1.042 1.218 
1.676 2.393 2.646 4.119 4.572 5.475 4.592 4.276 2.523 1.721 
1.958 2.013 1.862 2.15 2.449 3.023 2.685 4.028 5.583 5.564 
6.209 6.718 5.583 4.235 4.385 3.099 1.448 1.341 1.579 1.316 
0.941 1.215 1.197 1.121 1.18 1.394 1.552 1.564 1.816 2.257 
2.663 3.136 2.743 2.331 1.37 1.117 0.78 0.702 0.705 0.725 
0.766 0.835 0.714 0.723 0.893 0.743 0.703 0.829 0.96 0.891 
1.005 1.289 1.4 1.461 1.779 1.473 1.182 0.876 0.795 0.77 
0.736 0.799 0.961 1.092 2.475 1.839 3.123 3.277 3.261 2.144 
1.95 2.753 2.762 1.96 2.417 1.859 2.186 2.124 1.914 1.779 
1.891 1.7 2.228 1.497 1.216 1.26 1.193 0.887 1.023 0.901 
1.051 1.002 0.937 0.954 0.986 1.106 1.172 1.362 1.739 1.806 
2.318 4.93 7.349 9.705 10.107 8.201 12.538 14.301 14.327 15.0 
15.0 15.0 15.0 15.0 15.0 15.0 15.0 15.0 15.0 15.0 
15.0 15.0 15.0 14.967 14.208 12.364 9.771 7.628 7.632 6.529 
6.749 5.577 3.742 2.996 1.665 1.418 1.087 1.277 1.323 1.196 
1.632 1.51 1.35 1.096 1.143 1.203 0.999 0.856 1.031 0.86 
1.121 1.068 0.854 0.933 1.042 0.895 0.836 0.844 0.854 0.776 
0.851 0.877 0.875 0.925 1.013 1.128 1.204 1.283 1.345 1.499 
1.421 1.651 
END
