PFRMAT local QA
AUTHOR LAW-CASP14
af2-standard_T1158v3_2.pdb local_accuracy_only 13.522 15.0 13.012 13.545 8.656 6.22 5.927 2.722 1.389 1.634 1.401 
3.925 7.401 6.954 9.613 8.748 8.433 7.405 2.494 5.595 2.537 
1.469 1.07 0.973 1.097 1.758 0.859 1.112 1.228 1.175 0.975 
1.439 1.362 1.201 1.332 1.938 1.512 1.339 1.002 1.112 1.036 
1.411 1.122 0.859 1.132 1.009 0.823 1.307 1.242 1.28 1.003 
0.993 0.737 0.831 1.087 0.789 0.745 0.903 1.022 0.888 0.947 
1.191 1.268 1.261 1.515 1.778 2.001 2.312 2.639 2.901 3.223 
3.646 4.605 4.757 5.327 4.16 4.234 2.66 2.009 1.4 1.771 
1.832 1.463 1.412 1.797 1.847 1.535 2.122 2.54 3.201 3.473 
2.652 4.661 5.492 3.145 5.282 6.773 4.496 3.246 4.65 3.819 
2.719 2.277 2.234 2.178 1.684 1.265 1.493 1.56 1.218 1.51 
1.592 1.262 1.095 1.429 1.421 1.013 1.075 1.255 1.022 0.991 
1.286 1.53 3.145 4.518 6.853 4.706 4.731 3.915 3.033 2.904 
2.896 2.922 2.332 2.589 2.449 2.082 1.872 2.604 2.388 2.191 
1.837 2.308 2.041 1.804 1.721 1.944 1.755 1.105 1.173 1.385 
1.296 0.776 0.922 1.105 0.791 0.632 0.763 0.771 0.685 0.596 
0.691 0.688 0.592 0.616 0.585 0.6 0.554 0.602 0.54 0.529 
0.57 0.568 0.538 0.502 0.596 0.595 0.552 0.572 0.627 0.67 
0.773 0.928 1.226 1.019 1.167 1.523 1.73 1.526 1.557 1.11 
1.35 1.32 1.065 0.94 1.168 1.068 0.846 1.005 1.096 1.033 
0.807 0.913 0.953 0.756 0.776 0.881 0.92 0.839 0.873 1.181 
1.093 1.61 1.558 1.649 1.723 2.07 1.699 1.542 1.325 1.331 
1.063 0.939 0.909 0.853 0.786 0.808 0.852 0.81 0.873 1.008 
1.022 0.888 0.935 0.888 0.901 0.827 0.875 0.928 1.021 0.958 
1.144 1.191 1.328 1.42 1.654 1.774 1.787 1.707 2.039 1.655 
1.542 1.361 1.325 1.171 1.126 1.018 0.969 1.004 0.992 0.855 
0.915 0.955 0.935 0.804 0.878 0.871 0.786 0.776 0.823 0.757 
0.725 0.705 0.767 0.748 0.695 0.784 0.845 0.743 0.756 0.9 
0.882 0.806 0.899 0.83 0.761 0.827 0.721 0.695 0.83 0.873 
0.919 1.085 1.013 0.924 0.919 0.938 0.818 0.752 0.806 0.804 
0.738 0.716 0.749 0.737 0.697 0.648 0.712 0.761 0.719 0.73 
0.796 0.84 0.91 0.949 1.026 1.111 1.194 1.253 1.328 1.43 
1.47 1.594 1.681 1.712 1.553 1.409 1.348 1.857 1.486 1.134 
1.121 1.327 1.111 1.041 1.104 1.467 1.089 1.073 1.25 1.378 
1.27 1.389 1.409 1.471 1.284 1.382 1.035 1.068 0.996 1.067 
1.038 1.067 0.922 1.084 1.057 0.961 1.014 1.149 1.186 1.185 
1.433 1.541 1.679 1.825 1.928 2.29 1.894 2.061 2.415 2.197 
1.568 2.113 1.891 1.271 1.345 1.552 1.276 1.067 1.383 1.431 
1.136 1.228 1.38 1.266 0.97 1.21 1.127 1.071 0.836 1.033 
0.925 0.893 0.859 1.024 2.868 9.286 12.213 13.939 15.0 15.0 
14.688 11.544 13.231 10.24 7.949 4.728 1.371 1.327 1.211 1.28 
1.371 1.565 1.724 1.574 1.736 1.554 1.691 1.424 1.788 2.11 
3.28 2.527 3.062 2.682 1.975 1.85 1.7 1.78 1.951 1.54 
1.451 1.239 1.237 0.94 1.057 0.943 0.943 0.932 0.849 0.839 
0.822 0.735 0.879 1.214 1.713 7.566 2.466 1.645 1.557 1.095 
1.016 1.322 1.149 0.878 1.045 1.123 1.076 0.845 1.215 0.919 
1.178 1.336 1.481 1.697 1.734 1.954 1.695 1.407 1.499 1.39 
1.698 0.976 0.776 0.688 0.715 0.752 0.787 1.186 1.291 1.745 
1.234 0.892 0.821 0.743 0.882 0.831 0.811 0.817 0.837 0.981 
0.868 0.918 1.136 1.164 1.804 1.499 2.494 2.018 2.371 1.936 
1.714 1.347 1.303 1.211 1.153 0.997 1.031 1.033 1.027 0.955 
1.062 1.008 1.114 1.19 1.145 1.095 1.279 1.315 1.078 1.209 
0.954 1.098 0.839 0.824 0.886 0.856 0.882 0.993 1.034 1.059 
0.988 1.015 1.127 1.19 1.54 1.677 1.647 1.229 1.069 1.219 
1.053 0.926 0.937 0.939 0.958 1.007 0.816 0.897 0.948 0.932 
0.821 0.728 0.704 0.596 0.602 0.62 0.747 0.793 0.921 1.082 
1.109 1.531 1.665 1.487 1.483 1.411 1.397 1.221 1.167 1.203 
1.121 0.976 1.002 1.179 1.039 1.045 0.982 1.093 1.293 1.096 
0.947 1.08 0.947 0.738 0.721 0.698 0.587 0.685 0.738 1.014 
1.674 2.611 2.617 3.054 2.556 2.243 2.621 2.365 1.555 1.251 
1.103 1.057 1.014 1.085 1.263 1.59 1.964 1.826 1.808 1.729 
1.593 1.349 1.385 1.533 1.821 2.291 5.656 5.195 6.472 9.888 
9.66 11.547 13.688 14.666 15.0 15.0 15.0 15.0 15.0 15.0 
15.0 15.0 15.0 15.0 15.0 15.0 15.0 15.0 15.0 15.0 
15.0 15.0 15.0 15.0 15.0 15.0 15.0 15.0 15.0 15.0 
15.0 15.0 15.0 15.0 15.0 15.0 15.0 15.0 15.0 15.0 
15.0 15.0 15.0 15.0 14.713 12.826 13.722 15.0 15.0 15.0 
15.0 15.0 15.0 15.0 15.0 15.0 15.0 15.0 15.0 15.0 
15.0 15.0 15.0 15.0 15.0 15.0 15.0 14.873 13.358 12.549 
10.722 10.716 7.163 5.773 3.056 2.432 1.909 1.538 1.369 1.221 
1.203 1.093 0.836 0.947 1.102 0.817 0.863 1.239 2.144 2.762 
4.042 3.361 3.118 4.602 4.596 3.08 4.225 4.469 3.09 2.687 
2.879 3.318 2.355 1.721 2.804 2.861 2.402 2.527 3.35 2.722 
2.644 2.722 2.536 2.091 1.792 1.947 2.981 1.715 5.953 5.179 
5.836 9.422 10.317 11.012 11.604 13.228 14.639 15.0 15.0 15.0 
15.0 15.0 15.0 15.0 15.0 15.0 15.0 11.552 13.445 13.411 
11.094 9.883 8.364 7.07 8.186 6.644 6.0 5.102 3.725 3.875 
2.289 4.063 3.975 2.652 2.381 2.421 2.262 1.88 1.584 1.999 
1.758 1.311 1.163 1.184 0.988 0.896 0.828 0.829 0.741 0.679 
0.714 0.7 0.656 0.628 0.644 0.648 0.596 0.636 0.647 0.681 
0.654 0.712 0.757 0.695 0.674 0.83 0.882 0.959 0.901 1.194 
1.036 1.042 1.159 1.257 1.097 1.111 0.925 0.952 0.944 0.862 
0.752 0.787 0.852 0.701 0.725 0.729 0.769 0.717 0.715 0.744 
0.724 0.709 0.758 0.742 0.74 0.721 0.671 0.693 0.627 0.666 
0.638 0.613 0.595 0.733 0.631 0.637 0.777 0.8 0.709 0.822 
1.058 0.918 0.954 1.141 1.146 1.232 1.548 1.449 1.212 1.809 
1.969 4.028 4.174 5.77 6.954 6.069 5.716 5.748 4.269 2.53 
2.328 2.02 1.537 1.208 1.329 1.195 0.927 0.945 1.01 0.906 
0.763 0.901 0.932 0.849 0.744 0.798 0.767 0.61 0.701 0.739 
0.715 0.693 0.843 0.846 0.713 0.774 0.828 0.748 0.641 0.673 
0.684 0.605 0.587 0.675 0.657 0.614 0.575 0.643 0.61 0.576 
0.634 0.684 0.639 0.676 0.68 0.682 0.752 0.843 0.856 1.096 
1.068 0.911 0.817 0.899 0.813 0.595 0.65 0.64 0.62 0.593 
0.596 0.581 0.563 0.535 0.587 0.552 0.533 0.496 0.529 0.565 
0.544 0.575 0.6 0.598 0.587 0.629 0.62 0.644 0.677 0.653 
0.699 0.788 0.795 0.898 0.848 1.016 1.093 1.326 1.235 1.529 
1.893 1.617 1.959 2.287 2.398 1.935 2.228 2.216 1.917 1.611 
1.823 1.592 1.297 1.053 0.978 1.104 1.197 1.003 1.013 1.219 
1.028 1.137 1.107 1.065 1.01 1.007 0.994 0.869 0.907 0.883 
0.778 0.742 0.8 0.728 0.647 0.771 0.886 0.746 0.907 1.117 
1.157 0.965 1.689 1.806 1.242 1.509 2.44 1.51 1.179 1.94 
1.569 0.986 1.077 1.392 1.022 0.901 1.27 1.347 1.551 1.357 
1.302 1.571 1.599 1.445 2.14 4.274 6.639 5.393 3.621 2.322 
2.327 1.955 1.474 1.117 0.828 0.853 0.788 0.707 0.694 0.684 
0.706 0.78 0.863 1.047 0.949 1.316 1.236 2.094 2.022 6.407 
8.514 8.89 7.094 5.372 2.059 1.866 1.282 1.301 1.307 1.073 
0.947 0.8 0.778 0.688 0.736 0.735 0.746 0.622 0.588 0.59 
0.687 0.659 0.775 1.025 1.622 2.528 2.132 1.281 1.075 0.89 
0.984 1.159 0.948 0.895 0.881 0.915 0.844 0.766 0.883 0.872 
1.064 0.992 1.046 1.034 1.022 0.879 0.803 0.769 0.797 0.808 
0.913 0.992 1.102 1.083 2.113 2.102 2.657 2.597 1.262 0.972 
1.234 0.869 0.712 0.726 0.72 0.651 0.667 0.626 0.716 0.891 
1.137 1.735 1.486 1.472 1.41 1.121 1.223 1.671 1.788 2.216 
1.627 1.507 1.465 1.265 1.413 1.122 1.464 1.755 2.155 1.754 
1.742 1.362 1.297 1.246 1.164 1.126 1.108 1.052 1.029 1.113 
1.093 1.066 1.175 1.22 1.238 1.594 2.191 1.819 2.227 2.972 
3.533 3.885 2.972 2.884 2.438 2.693 2.547 2.327 1.678 1.824 
1.336 1.394 1.698 2.496 3.786 2.965 3.263 2.966 2.352 1.523 
1.533 1.183 1.106 1.041 0.95 0.947 0.975 0.989 0.824 1.004 
0.992 0.937 0.958 0.786 0.747 0.587 0.597 0.544 0.613 0.711 
0.912 0.996 1.623 1.647 3.196 3.297 3.28 3.194 2.517 2.317 
1.965 1.847 1.542 1.233 1.319 1.306 1.204 1.175 1.199 1.227 
1.212 0.867 1.125 0.951 0.71 0.644 0.526 0.541 0.606 0.654 
0.879 1.205 1.505 1.642 2.094 1.606 1.012 1.918 2.081 0.982 
0.834 0.756 0.806 0.777 0.883 0.9 1.003 1.149 1.11 1.113 
0.992 0.988 1.047 0.958 1.008 1.211 1.414 2.822 1.794 1.715 
2.578 2.869 3.165 4.169 4.208 2.936 2.68 2.745 3.628 4.789 
4.936 5.222 7.077 7.937 9.931 12.787 13.39 12.972 12.137 11.304 
12.699 12.794 8.311 8.776 11.324 8.147 5.943 10.008 11.758 8.852 
6.545 10.885 10.434 10.763 11.069 12.719 13.349 15.0 15.0 15.0 
15.0 15.0 15.0 15.0 15.0 15.0 15.0 15.0 15.0 15.0 
15.0 15.0 15.0 15.0 15.0 15.0 15.0 15.0 15.0 15.0 
15.0 15.0 15.0 15.0 15.0 15.0 15.0 15.0 15.0 15.0 
15.0 15.0 15.0 15.0 15.0 15.0 15.0 15.0 15.0 
END
