PFRMAT local QA
AUTHOR MASS-CASP14
af2-standard_T1158v3_2.pdb local_accuracy_only 15.0 13.935 10.675 8.203 6.773 6.313 3.919 2.722 1.972 1.954 1.655 
2.037 2.015 3.068 3.381 4.231 4.243 4.251 4.379 4.185 3.907 
3.599 3.63 3.242 3.172 2.817 2.721 2.984 3.163 2.589 2.628 
2.882 3.356 3.785 4.941 4.709 4.887 4.545 3.945 4.534 4.846 
4.501 3.778 3.337 3.195 3.405 3.44 3.345 4.956 5.151 5.835 
4.276 3.319 3.058 2.285 1.744 1.688 1.898 2.03 1.841 2.211 
2.546 2.569 2.335 2.64 2.948 3.17 2.91 3.113 3.448 3.565 
4.233 4.33 5.03 4.917 4.576 4.423 3.878 3.083 2.716 2.76 
2.549 2.743 2.447 2.755 3.284 3.3 3.751 4.767 5.479 5.465 
4.454 5.359 4.462 5.05 4.948 5.397 4.878 4.909 4.846 4.833 
4.406 3.953 2.905 2.506 2.521 2.158 1.674 1.536 1.584 1.429 
1.276 1.332 1.432 1.67 1.442 1.382 1.759 1.9 2.068 2.445 
2.987 3.075 3.891 3.829 4.305 3.815 3.605 3.336 2.994 2.791 
3.134 2.959 2.684 2.932 2.886 2.706 2.705 3.034 3.025 2.664 
2.828 2.915 2.694 2.752 2.637 2.675 2.659 2.551 2.445 2.261 
2.412 2.536 2.08 2.3 2.338 2.313 1.995 1.793 1.669 1.654 
1.624 1.403 1.505 1.44 1.337 1.329 1.284 1.302 1.13 1.093 
1.194 1.345 1.124 1.252 1.484 1.376 1.262 1.249 1.223 1.196 
1.288 1.699 1.959 2.326 2.563 4.095 4.629 4.923 5.297 5.411 
5.017 3.445 2.694 3.051 2.841 2.308 2.146 2.282 2.771 2.272 
2.075 2.474 2.649 2.224 3.143 3.052 3.046 3.696 3.531 4.158 
4.303 3.85 3.863 3.849 3.957 4.007 3.796 3.519 3.136 2.701 
2.793 2.935 2.654 2.868 2.733 3.281 3.046 2.634 2.679 3.518 
3.468 3.351 4.109 4.839 4.268 4.796 4.824 5.824 5.122 5.541 
5.115 5.186 5.111 5.49 5.518 6.069 5.97 6.258 5.741 5.672 
4.86 4.574 3.868 3.912 3.188 3.2 3.141 3.514 3.626 3.046 
3.194 4.917 4.675 4.44 4.295 4.75 3.858 3.913 3.358 2.773 
2.577 2.157 2.201 2.551 2.233 2.476 2.346 2.129 2.015 2.393 
2.529 1.945 2.231 2.038 2.034 2.259 2.398 2.951 3.342 3.154 
2.979 2.834 2.2 1.858 2.118 2.256 2.435 2.01 2.87 3.396 
2.767 2.512 2.46 2.673 2.433 1.895 1.993 2.575 2.221 1.852 
2.153 2.678 2.579 2.517 2.184 2.601 3.211 3.117 2.881 2.939 
3.223 3.055 3.639 3.764 3.457 3.692 3.811 3.681 3.6 3.55 
4.092 4.368 4.414 4.22 4.112 4.234 3.86 4.169 4.589 4.468 
4.244 3.293 3.382 3.09 2.52 2.51 2.468 2.14 1.972 1.715 
1.793 1.85 1.886 2.123 1.905 1.904 2.255 2.727 3.105 2.609 
2.526 2.568 2.763 2.688 3.185 3.448 3.247 3.277 3.737 3.276 
2.69 2.693 2.68 2.611 2.247 2.353 2.623 2.261 2.705 2.321 
2.355 2.42 2.295 2.179 1.776 1.982 1.984 1.791 1.753 1.792 
1.949 2.202 2.321 2.539 3.559 4.783 5.358 5.321 6.333 7.807 
8.631 7.904 7.688 7.777 6.362 4.368 3.026 2.093 1.557 1.236 
1.387 1.508 1.566 1.522 1.772 1.842 2.458 2.953 3.747 4.593 
4.78 4.125 4.363 3.572 2.895 2.368 2.047 2.201 1.971 1.911 
1.652 1.488 1.382 1.285 1.406 1.747 1.653 1.543 1.368 1.247 
1.241 1.206 1.15 1.406 1.86 2.188 2.337 2.191 2.009 1.743 
2.115 1.974 1.595 1.508 1.652 1.826 1.892 1.636 1.839 1.981 
1.934 2.316 2.873 2.832 2.718 2.208 1.788 1.533 1.361 1.442 
1.352 1.384 1.27 1.314 1.355 1.537 1.786 2.36 3.082 3.342 
2.774 2.424 2.191 1.953 1.698 1.386 1.241 1.105 1.231 1.367 
1.489 1.527 1.642 1.839 2.288 3.012 3.365 3.201 3.236 3.321 
3.32 2.44 2.35 2.417 2.234 1.997 1.754 1.937 2.288 1.986 
2.39 2.413 3.035 3.304 3.077 2.627 2.808 2.847 2.708 2.906 
2.575 2.266 2.077 1.846 1.854 1.709 1.739 1.954 2.452 2.576 
2.428 2.048 2.097 1.801 1.795 2.107 2.239 2.244 2.032 2.097 
2.166 1.887 1.843 1.921 2.068 2.007 2.084 2.053 1.959 2.393 
2.038 1.821 1.459 1.139 1.031 1.06 1.144 1.393 1.446 1.723 
1.767 2.227 2.748 2.449 2.367 2.597 2.452 2.004 2.026 2.32 
1.964 1.855 1.84 2.23 2.208 2.199 2.332 2.367 2.615 2.638 
2.219 2.372 2.409 2.0 1.653 1.583 1.55 1.555 1.772 2.237 
2.779 2.931 3.217 3.07 2.877 2.655 2.733 2.795 2.232 2.078 
1.667 1.535 1.43 1.374 1.503 1.895 2.006 1.792 1.918 1.741 
1.805 1.721 1.884 1.758 1.863 2.052 2.937 2.945 2.677 2.945 
3.387 3.207 3.602 3.516 3.05 3.092 3.347 3.05 3.407 3.569 
4.593 6.024 7.961 8.228 9.159 9.789 8.938 9.583 8.78 7.588 
9.852 10.296 11.34 10.427 11.665 11.524 13.622 12.136 15.0 15.0 
15.0 15.0 15.0 15.0 15.0 14.629 15.0 15.0 15.0 11.481 
12.038 9.123 9.021 8.823 9.105 7.307 7.194 8.502 8.546 12.656 
11.238 13.734 11.997 15.0 15.0 15.0 15.0 15.0 15.0 15.0 
14.157 15.0 10.737 9.139 11.607 9.895 11.557 11.942 12.247 12.094 
11.206 9.165 7.166 5.917 3.717 3.103 2.982 2.336 1.953 1.786 
2.22 2.383 2.467 3.084 3.607 4.479 6.358 6.966 7.449 8.632 
9.237 8.536 6.917 7.439 7.41 7.738 6.533 6.561 6.119 5.207 
4.806 4.404 4.144 3.457 2.765 2.308 2.543 2.153 2.191 2.326 
2.392 2.418 2.259 2.575 2.39 2.825 2.212 2.563 2.836 3.782 
3.937 4.584 5.468 5.819 7.13 9.704 12.643 14.118 15.0 15.0 
15.0 14.819 15.0 9.605 6.283 4.968 3.946 3.191 2.354 2.726 
2.224 2.285 1.844 2.392 2.408 2.497 2.495 2.787 3.147 2.865 
3.006 3.105 3.24 3.39 3.016 2.979 3.564 4.142 4.02 3.65 
3.636 3.559 3.708 3.783 3.428 3.523 3.721 3.084 2.713 3.065 
2.708 2.281 1.95 2.012 1.702 1.46 1.454 1.823 1.84 1.596 
1.585 1.858 1.816 1.727 1.947 2.359 3.032 2.919 2.68 2.772 
2.813 2.522 2.488 2.547 2.788 2.388 1.996 2.222 2.021 1.623 
1.647 1.87 1.717 1.841 1.534 1.76 1.7 1.367 1.687 1.734 
1.478 1.775 1.776 1.583 1.522 1.607 1.699 1.572 1.519 1.763 
1.761 1.603 1.798 1.719 1.737 1.675 1.828 1.93 1.967 1.863 
2.417 2.345 2.546 2.785 3.154 3.143 3.303 3.307 3.642 3.534 
4.554 4.594 4.549 5.083 5.311 5.473 5.233 5.078 4.755 3.93 
4.767 4.242 3.696 4.159 4.718 4.364 3.507 3.926 3.77 3.704 
3.294 3.146 3.271 2.79 2.513 2.644 2.48 1.958 2.164 2.555 
2.587 3.198 4.358 4.791 4.782 4.929 5.931 4.488 2.863 2.48 
2.458 2.249 2.034 2.015 2.531 2.688 2.384 2.531 2.882 2.655 
3.106 2.797 2.529 2.671 2.928 3.008 2.981 2.482 2.616 2.801 
2.376 2.045 2.236 2.465 2.24 2.089 2.68 2.492 2.59 2.511 
2.504 2.097 2.126 2.279 2.631 2.667 2.832 3.05 3.052 3.129 
3.069 3.119 2.866 3.0 2.678 2.558 2.319 2.61 2.48 2.112 
2.014 2.036 1.94 2.098 2.097 2.339 2.448 2.455 2.437 2.448 
2.627 2.602 2.369 2.302 2.393 2.451 2.468 2.706 2.997 3.29 
3.26 2.817 2.604 2.494 2.59 3.033 2.638 2.227 2.519 2.453 
2.756 2.327 2.216 2.404 2.337 2.23 2.568 2.366 2.45 2.813 
2.278 2.256 2.249 2.338 2.197 2.055 2.419 2.51 2.536 2.75 
2.634 2.15 2.457 2.901 2.817 2.816 2.846 3.443 3.289 3.687 
3.548 3.33 3.206 3.389 3.43 4.056 4.343 3.888 4.056 3.192 
3.269 3.199 3.129 2.936 2.922 3.254 3.552 3.514 3.197 2.846 
2.747 3.029 2.716 2.5 2.388 2.601 2.166 1.898 1.514 1.25 
1.194 1.197 1.446 1.49 1.676 1.584 1.812 2.283 3.179 3.247 
4.426 4.827 5.223 5.145 4.055 3.845 3.263 3.066 2.657 2.527 
2.436 2.449 2.527 2.247 2.319 2.953 2.896 2.547 2.057 2.142 
1.944 2.125 1.889 2.021 2.117 2.628 2.54 2.379 2.211 1.973 
1.993 1.808 1.62 1.438 1.628 2.022 1.884 1.707 1.537 1.668 
1.901 1.919 1.714 1.687 1.671 1.504 1.205 1.302 1.294 1.51 
2.082 2.106 2.063 2.471 3.239 4.316 3.301 2.892 2.405 2.592 
2.386 2.241 2.127 2.016 1.787 1.51 1.375 1.337 1.241 1.693 
2.326 3.087 2.911 2.632 2.311 2.439 2.313 2.136 1.861 1.559 
1.401 1.578 1.227 1.005 1.159 1.463 1.862 2.35 2.802 2.641 
2.517 2.326 2.445 2.186 1.704 1.851 1.963 2.115 1.924 2.088 
2.197 2.2 2.191 2.255 2.537 2.918 3.212 2.679 2.989 3.7 
4.503 4.866 4.619 5.139 4.721 5.08 5.079 5.226 3.828 4.481 
4.606 4.757 4.082 3.942 3.647 2.797 2.32 2.296 2.385 2.131 
2.007 2.193 2.058 1.955 2.018 2.148 2.214 2.347 2.571 2.321 
2.413 2.95 3.162 2.589 2.302 1.81 1.426 1.492 1.566 1.828 
2.003 2.164 2.368 2.567 2.936 2.482 2.398 2.898 3.14 2.94 
2.578 2.882 2.293 2.053 2.06 2.335 2.455 1.93 2.558 3.32 
3.249 3.101 3.57 3.603 2.8 2.319 2.191 2.005 1.966 1.974 
2.544 2.696 2.799 2.529 2.286 2.584 2.175 2.315 2.53 2.269 
1.895 1.382 1.226 1.209 1.24 1.349 1.82 1.896 1.547 1.516 
1.377 1.413 1.268 1.316 1.562 1.614 1.638 1.821 2.226 1.956 
2.384 3.252 3.439 4.146 4.041 3.28 3.13 2.995 3.06 3.468 
3.597 3.587 4.383 5.379 5.187 5.839 6.213 6.692 4.948 4.678 
5.118 4.673 3.814 4.16 4.38 4.259 3.834 4.073 4.555 4.998 
4.518 5.455 5.664 6.66 6.353 7.405 8.265 8.406 10.238 10.596 
12.34 14.454 14.969 15.0 15.0 15.0 15.0 15.0 15.0 12.511 
14.189 12.653 15.0 13.087 12.403 14.613 15.0 13.738 14.212 15.0 
15.0 15.0 15.0 15.0 15.0 15.0 15.0 12.87 13.977 12.93 
13.409 15.0 15.0 15.0 15.0 15.0 15.0 15.0 15.0 
END
