PFRMAT local QA
AUTHOR MASS-CASP14
af2-standard_T1182_5.pdb local_accuracy_only 15.0 15.0 15.0 15.0 15.0 15.0 15.0 15.0 15.0 15.0 15.0 
15.0 15.0 15.0 15.0 13.889 14.324 13.324 12.662 11.327 9.665 
10.591 9.141 7.338 4.688 3.159 1.853 1.681 1.344 1.221 1.236 
1.393 1.264 0.929 1.272 1.962 2.121 1.487 1.456 1.407 1.266 
1.321 1.419 1.536 1.349 1.259 1.503 1.649 1.616 1.771 2.21 
2.485 2.135 2.38 2.861 2.686 2.473 2.117 2.298 2.109 1.89 
2.196 2.138 1.723 1.794 2.216 2.578 3.278 3.317 3.019 3.023 
2.814 3.361 3.615 3.938 3.241 3.437 3.561 3.029 2.263 2.388 
2.332 2.117 1.779 1.512 1.424 1.533 1.514 1.316 1.279 1.223 
1.353 1.24 1.327 1.368 1.4 1.201 1.142 1.19 1.319 1.36 
1.283 1.152 1.066 1.192 1.292 1.308 1.547 1.904 2.643 3.132 
3.621 4.926 5.576 7.677 8.833 8.152 8.879 8.692 7.16 6.261 
4.819 4.497 4.456 4.815 6.663 7.227 8.22 8.953 10.403 10.724 
12.781 10.588 9.688 9.989 10.127 9.103 9.979 10.754 11.226 11.392 
9.348 6.063 5.711 4.075 3.519 2.782 2.632 2.431 2.28 2.321 
2.485 2.879 3.196 2.718 3.186 3.062 3.048 2.467 2.054 1.863 
1.982 1.616 1.37 1.5 1.685 1.978 2.022 2.579 3.197 3.854 
4.55 4.179 2.992 2.234 1.924 1.561 1.186 1.243 1.143 1.155 
1.296 1.295 1.412 1.611 1.874 1.475 1.115 1.292 1.401 1.598 
1.121 1.087 0.978 1.078 1.426 2.035 2.013 1.774 1.49 1.375 
1.35 1.376 1.159 1.311 1.47 1.41 1.703 1.912 2.115 1.848 
1.418 1.226 1.143 1.137 1.112 1.163 1.24 1.415 1.79 2.312 
2.392 2.902 2.883 3.513 4.158 5.166 4.907 5.294 7.239 8.722 
11.377 9.571 13.12 12.056 12.962 11.926 14.471 12.317 8.451 5.359 
3.569 2.438 1.799 2.257 2.049 1.671 1.836 2.106 2.254 2.762 
3.334 4.704 6.072 6.674 5.926 6.87 8.902 7.812 5.233 3.826 
2.471 2.142 2.073 2.313 2.439 2.0 1.935 2.124 2.511 3.445 
3.785 4.194 4.167 3.042 2.131 2.488 2.224 1.586 1.581 1.554 
1.723 1.51 1.859 2.354 2.637 2.395 2.756 3.05 3.689 4.873 
6.486 6.177 6.727 6.724 7.618 6.892 5.837 4.756 4.125 4.425 
5.479 6.703 6.341 4.14 3.275 2.573 2.654 2.344 2.471 2.447 
2.402 2.042 1.971 2.733 2.588 2.46 2.94 3.226 3.483 2.826 
2.183 1.662 1.329 1.414 1.417 1.56 1.681 1.518 1.343 1.448 
1.616 1.461 1.36 1.406 1.355 1.28 1.221 1.474 1.444 1.372 
1.452 1.52 1.538 1.617 1.645 1.639 1.534 1.629 1.662 1.547 
1.583 1.892 2.189 2.452 2.22 2.535 2.682 3.213 3.034 3.156 
3.197 3.143 2.647 2.183 2.335 2.721 2.458 1.982 2.003 2.034 
2.1 2.136 2.007 1.576 1.416 1.712 1.602 1.248 1.275 1.311 
1.806 1.887 1.998 1.727 1.667 1.527 1.505 1.393 1.638 1.666 
1.498 1.438 1.46 1.456 1.61 1.831 1.977 1.878 1.828 1.944 
1.952 2.025 2.135 2.29 2.456 2.968 3.501 3.965 3.592 4.076 
4.301 4.225 5.621 5.764 7.778 7.008 6.196 4.598 3.039 2.979 
3.244 2.971 2.517 2.624 2.78 2.861 2.868 3.204 3.546 4.039 
3.919 4.19 4.216 3.616 3.115 2.526 2.393 2.193 2.523 2.688 
3.218 3.639 3.561 3.126 2.678 1.954 1.663 1.424 1.229 1.416 
1.577 1.815 1.714 1.885 1.927 2.135 2.01 1.958 1.73 1.473 
1.127 1.171 1.303 1.327 1.69 1.798 1.595 1.458 1.387 1.132 
1.183 1.2 1.409 1.425 1.99 3.0 3.218 3.642 3.609 3.183 
3.494 2.886 2.41 2.814 2.782 2.973 3.688 2.691 2.489 2.471 
2.264 1.96 1.947 2.22 1.977 2.042 1.912 1.731 1.668 1.796 
1.952 2.132 2.464 2.698 2.94 3.044 3.395 3.337 3.515 3.441 
2.646 2.406 2.073 2.188 2.224 2.677 2.573 2.446 2.775 3.051 
3.567 3.243 4.044 4.911 4.555 5.01 6.095 6.266 5.978 5.069 
4.862 4.172 4.037 3.908 3.863 4.193 4.396 4.429 4.732 5.092 
6.415 7.07 7.99 
END
