PFRMAT local QA
AUTHOR LAW-CASP14
af2-standard_T1182_5.pdb local_accuracy_only 15.0 15.0 15.0 15.0 15.0 15.0 15.0 15.0 15.0 15.0 15.0 
15.0 15.0 15.0 15.0 15.0 15.0 13.928 10.135 9.684 6.909 
5.731 3.778 3.195 1.974 2.307 1.759 1.738 1.336 1.372 1.121 
1.134 1.057 0.935 1.018 1.072 1.167 1.047 1.04 1.18 1.128 
1.005 1.125 1.168 1.184 1.083 1.195 1.381 1.365 1.328 1.403 
1.586 1.288 1.69 1.649 1.689 1.602 1.441 1.237 0.989 0.989 
1.131 1.253 1.326 1.278 1.599 1.768 2.305 2.029 1.612 2.394 
2.327 2.302 2.71 3.046 2.708 1.953 1.879 1.552 1.347 1.295 
1.122 1.068 0.829 0.783 0.719 0.767 0.812 0.712 0.716 0.793 
0.789 0.767 0.74 0.775 0.733 0.755 0.736 0.91 0.921 0.959 
0.904 0.895 0.986 1.083 1.482 1.645 1.832 2.341 2.267 2.016 
2.414 3.663 3.517 4.541 4.724 4.534 4.447 3.453 3.764 2.792 
1.758 1.282 1.798 4.085 4.29 4.642 3.753 2.915 5.996 3.956 
8.55 8.222 6.955 6.19 4.718 4.992 3.508 3.037 4.734 4.464 
5.366 4.623 3.342 2.149 1.722 1.471 1.418 1.382 1.34 1.109 
1.255 1.384 1.473 1.152 1.268 1.65 1.821 1.135 1.139 0.927 
1.293 1.277 1.067 1.217 1.591 2.607 1.924 2.028 3.231 3.432 
4.497 5.185 5.522 2.979 1.739 1.477 1.189 1.269 1.298 1.16 
1.284 1.14 1.173 1.256 1.408 1.21 1.106 1.192 1.029 0.922 
0.906 0.782 0.829 0.917 1.067 1.289 1.264 1.001 0.799 0.731 
0.711 0.747 0.864 1.126 1.181 1.203 1.396 1.51 1.456 1.408 
1.485 1.299 1.395 1.057 0.911 0.844 0.771 0.803 0.81 0.887 
0.901 0.924 0.94 1.207 1.538 1.681 2.392 3.517 4.712 2.768 
3.947 2.263 2.612 2.719 3.759 4.457 5.015 6.366 5.1 3.738 
2.689 1.426 1.039 1.034 1.074 1.105 1.246 1.223 1.23 1.275 
1.555 1.805 2.455 2.411 2.884 2.845 3.044 3.589 3.432 2.651 
2.429 2.14 2.692 3.235 2.578 2.345 1.618 1.724 1.758 2.028 
3.371 3.15 3.786 3.998 3.015 3.534 1.732 1.579 1.339 1.682 
1.569 1.348 2.541 5.18 4.163 8.786 9.327 10.131 10.423 12.618 
12.899 10.747 10.801 8.645 8.864 9.579 9.051 9.188 8.984 9.056 
9.318 10.433 10.832 9.703 9.383 6.476 3.563 2.583 2.164 1.985 
2.29 1.424 1.51 1.595 1.282 1.25 1.757 3.143 3.446 3.255 
2.148 2.404 1.256 1.094 0.965 0.928 0.815 0.816 0.804 0.855 
0.788 0.788 0.826 0.898 0.89 0.809 0.798 0.936 0.727 0.733 
0.737 0.731 0.674 0.726 0.78 0.742 0.728 0.881 0.921 0.959 
1.003 1.105 1.118 1.193 1.16 1.052 1.237 1.247 1.172 1.174 
1.611 1.652 1.74 1.551 1.352 1.517 1.474 1.196 1.572 1.555 
1.406 1.56 1.551 1.315 1.155 1.386 1.237 0.952 1.037 0.847 
1.064 1.343 1.025 1.034 1.651 1.485 1.07 1.504 2.079 1.313 
1.227 1.594 1.478 1.012 1.28 1.339 1.3 1.157 1.4 1.43 
1.353 1.561 1.654 1.692 1.835 1.937 2.119 2.526 2.572 3.601 
3.297 2.247 2.861 2.427 4.264 3.165 3.686 2.32 1.801 1.64 
1.603 1.308 1.085 1.405 1.497 1.23 1.185 1.865 2.027 1.388 
1.548 1.782 1.9 1.244 1.306 0.96 1.136 1.077 1.356 1.26 
1.48 1.895 2.067 1.778 1.479 1.246 1.227 1.175 1.325 1.123 
1.386 1.243 1.181 1.287 1.347 1.006 1.11 1.323 0.892 0.837 
0.762 0.867 0.84 0.88 0.979 0.814 0.965 0.869 0.886 0.804 
0.755 0.797 0.8 0.907 1.265 1.667 1.956 2.166 1.432 1.176 
1.742 1.43 1.061 1.642 1.161 1.435 1.348 1.291 1.079 1.291 
1.423 1.345 1.121 1.513 2.184 2.094 1.859 6.074 5.562 1.457 
4.307 4.751 2.574 2.56 1.852 2.135 1.762 2.31 2.099 2.063 
1.426 1.634 2.227 2.53 2.438 3.458 2.916 4.144 7.806 7.924 
10.18 12.692 12.76 12.074 10.234 11.334 10.094 11.833 9.307 5.275 
3.102 2.247 1.573 1.555 1.335 1.599 1.827 1.744 1.622 2.045 
2.687 2.28 2.36 
END
