PFRMAT local QA
AUTHOR MASS-CASP14
af2-standard_T1176_2.pdb local_accuracy_only 3.063 2.393 1.807 1.581 1.539 1.931 1.954 2.177 2.319 2.382 2.296 
2.395 2.995 2.874 3.166 2.768 3.0 2.775 3.165 2.861 2.799 
2.405 3.491 3.394 3.301 2.069 1.813 1.421 1.298 1.417 1.584 
1.927 2.841 4.168 5.74 7.139 9.305 8.966 6.312 3.764 2.302 
1.847 1.497 1.32 1.294 1.573 1.807 1.897 2.182 2.273 2.146 
1.921 2.265 2.63 2.048 2.177 1.646 1.437 1.202 1.218 1.297 
1.132 1.428 1.662 2.117 2.596 2.903 3.107 2.911 2.193 1.776 
1.743 1.524 1.744 1.676 1.74 2.043 2.832 3.127 4.127 3.338 
2.558 1.572 1.23 0.992 0.956 1.093 1.311 1.315 1.366 1.513 
1.418 1.532 1.652 2.117 3.027 3.739 3.807 3.929 2.983 2.428 
2.338 2.385 2.248 1.923 2.174 2.233 2.096 1.24 1.254 1.29 
1.344 1.431 1.464 1.631 1.321 1.261 1.225 1.089 0.987 0.997 
1.003 1.283 1.27 1.531 1.314 1.234 1.877 2.26 3.639 5.337 
5.221 5.216 4.63 3.997 3.965 3.147 3.522 3.198 2.819 2.064 
2.251 2.376 2.015 1.989 1.662 1.413 1.261 1.197 1.204 1.205 
1.487 2.143 3.205 5.228 6.519 5.601 5.29 3.543 2.352 1.675 
1.556 1.353 1.467 1.405 1.133 1.046 1.125 1.44 2.235 
END
