PFRMAT local QA
AUTHOR LAW-CASP14
af2-standard_T1176_2.pdb local_accuracy_only 1.94 1.683 1.555 1.533 1.408 1.957 2.337 4.864 5.451 5.918 5.298 
5.378 4.866 5.288 4.947 3.927 3.776 2.722 1.873 2.049 2.122 
3.302 3.505 5.052 3.429 2.259 1.906 1.583 1.418 1.605 1.854 
2.867 3.775 6.418 7.366 8.199 8.448 7.627 6.5 5.249 5.273 
5.329 5.503 4.712 5.282 7.062 7.886 7.865 6.452 4.823 4.953 
2.555 3.138 3.118 1.627 1.323 1.225 1.054 1.053 1.054 1.125 
1.09 1.05 1.009 1.241 1.283 1.546 1.314 1.173 1.043 1.095 
1.019 1.082 1.191 1.322 1.535 1.764 2.368 2.68 3.075 2.653 
2.11 1.616 1.265 1.224 1.06 1.14 1.294 1.369 1.12 1.287 
1.02 1.358 1.516 2.446 3.108 4.053 4.907 4.625 3.621 3.167 
2.381 1.788 1.466 1.207 1.307 1.293 1.151 1.025 0.982 0.999 
0.934 0.998 1.136 1.14 1.045 1.147 1.203 1.149 1.018 0.975 
0.982 1.034 1.091 1.231 1.114 1.095 1.365 1.645 2.787 3.897 
3.821 2.909 2.133 1.423 1.297 1.679 2.574 2.892 2.453 2.187 
3.152 3.006 2.307 3.056 2.886 1.838 1.886 1.414 1.491 1.343 
1.525 2.016 1.696 4.261 2.888 4.283 2.905 1.776 1.377 1.141 
1.237 1.188 1.284 1.255 1.142 1.122 1.209 1.267 1.59 
END
