PFRMAT local QA
AUTHOR MASS-CASP14
af2-standard_T1105v1_1.pdb local_accuracy_only 5.44 3.443 2.753 2.808 2.535 1.649 1.837 1.61 1.391 1.148 1.125 
1.185 1.056 1.021 1.074 1.296 1.351 1.61 2.082 2.321 2.192 
2.006 1.392 1.107 1.041 0.898 0.962 1.136 1.245 1.107 0.878 
0.105 0.469 0.005 0.58 1.14 1.116 1.079 1.267 1.57 1.571 
1.459 1.325 1.47 1.558 1.557 1.563 1.401 1.768 1.928 1.856 
1.559 1.519 1.566 2.052 2.526 2.231 1.866 1.774 1.497 1.24 
1.359 1.272 1.186 1.058 1.026 1.115 1.238 1.218 1.262 1.407 
1.272 1.485 1.548 1.84 2.075 2.803 3.579 3.206 2.092 1.684 
1.604 1.757 1.828 2.055 2.734 3.021 2.434 2.008 1.791 1.946 
1.767 1.435 1.376 1.236 1.088 1.242 1.271 1.127 1.049 1.139 
1.212 1.254 1.195 1.556 1.638 1.654 1.248 1.17 1.079 1.322 
1.263 1.215 1.259 1.092 1.024 1.244 1.356 1.04 1.169 1.369 
1.572 1.236 0.954 1.246 1.201 0.971 0.989 1.269 1.655 1.676 
1.96 1.705 1.417 1.62 1.612 1.543 1.504 1.35 1.293 1.185 
1.31 1.116 0.91 1.13 1.22 1.128 1.22 1.268 1.054 1.069 
1.52 1.848 1.654 1.615 1.628 1.58 1.457 1.368 1.631 1.511 
1.339 1.299 1.541 1.628 1.638 1.875 1.654 1.411 1.279 1.269 
1.355 1.103 1.085 1.261 1.2 1.035 1.265 1.235 1.304 1.159 
1.327 1.435 1.199 1.553 1.507 1.463 1.561 1.896 1.974 2.435 
2.745 1.889 1.332 1.19 1.115 1.098 1.047 1.114 1.169 1.123 
1.149 1.167 1.151 1.267 1.474 1.608 1.449 1.535 1.946 2.168 
2.121 2.29 2.542 2.913 3.113 2.968 3.989 3.854 2.989 3.507 
2.661 2.205 2.529 2.048 1.511 1.52 1.6 1.547 1.564 1.526 
1.702 1.756 1.411 1.263 1.321 1.137 1.347 1.485 1.722 1.71 
1.649 1.315 1.207 1.174 1.189 1.311 1.561 1.61 1.414 1.448 
1.792 1.644 1.533 1.756 1.896 1.809 2.0 1.783 1.518 1.774 
1.953 1.436 1.163 1.167 1.175 1.012 0.959 1.013 0.851 0.441 
0.349 0.024 0.182 0.0 0.0 0.0 0.0 0.0 0.911 1.305 
1.67 1.693 1.591 1.428 1.631 1.99 2.085 2.23 1.957 1.724 
1.661 1.367 1.23 1.235 1.153 1.027 1.296 1.301 1.346 1.353 
1.432 1.815 2.104 2.433 2.043 2.38 2.544 3.095 3.763 3.794 
3.433 3.058 2.96 2.569 3.114 3.269 3.045 2.664 2.266 1.74 
1.768 1.711 1.892 2.418 2.77 4.112 5.969 7.825 11.282 13.602 

END
