PFRMAT local QA
AUTHOR LAW-CASP14
af2-standard_T1105v1_1.pdb local_accuracy_only 8.139 5.445 3.267 3.599 2.153 0.896 1.275 0.755 0.724 0.588 0.619 
0.76 0.66 0.576 0.667 0.887 0.678 0.715 1.095 1.336 0.908 
1.037 0.75 0.63 0.743 0.67 0.879 0.956 1.292 0.967 0.839 
0.995 1.048 0.863 0.86 0.984 0.998 0.971 1.015 1.105 1.092 
1.108 1.075 1.094 0.986 1.017 1.256 1.126 1.228 1.144 1.099 
0.96 1.001 0.863 1.396 1.342 1.327 1.029 0.854 0.817 0.778 
0.71 0.676 0.65 0.638 0.635 0.655 0.669 0.648 0.754 0.788 
0.782 1.076 1.201 1.127 1.22 1.486 1.902 1.788 1.316 1.193 
1.116 1.083 1.373 1.177 2.448 2.12 1.744 1.292 1.018 1.017 
0.998 0.887 0.893 0.926 0.81 0.801 0.847 0.847 0.753 0.811 
0.839 0.852 0.817 0.97 1.011 1.048 0.974 0.86 0.718 0.742 
0.801 0.806 0.894 0.813 0.793 0.846 0.884 0.894 1.129 1.151 
1.246 1.166 1.07 1.268 1.395 1.051 1.038 1.266 1.334 1.315 
1.328 1.303 1.236 1.184 1.271 1.13 1.207 1.246 0.951 1.02 
1.02 0.95 0.794 0.863 0.947 0.776 0.832 0.892 0.92 0.871 
0.97 1.063 1.029 0.936 1.111 0.957 0.847 0.764 0.837 0.894 
0.766 0.822 0.854 0.797 0.744 0.832 0.975 0.821 0.746 0.761 
0.695 0.702 0.635 0.714 0.717 0.711 0.837 0.921 0.906 0.962 
1.184 1.442 0.841 1.088 0.825 0.846 0.78 1.254 0.872 1.94 
1.902 1.425 1.012 0.68 0.733 0.614 0.696 0.638 0.739 0.661 
0.641 0.665 0.635 0.655 0.718 0.731 0.795 1.038 1.082 1.083 
1.346 1.489 1.728 2.049 2.402 1.61 1.671 2.316 1.582 1.349 
1.014 0.928 0.906 0.882 0.756 0.7 0.652 0.653 0.552 0.645 
0.662 0.67 0.637 0.556 0.685 0.695 0.649 0.671 0.749 0.745 
0.79 0.735 0.661 0.711 0.704 0.839 0.967 0.976 0.798 0.935 
1.079 0.996 0.962 1.023 1.038 1.001 0.951 0.968 0.701 0.745 
0.814 0.717 0.598 0.58 0.529 0.554 0.519 0.499 0.475 0.5 
0.514 0.52 0.526 0.54 0.594 0.603 0.636 0.656 0.718 0.716 
0.742 0.825 0.873 0.891 0.993 1.172 1.074 1.161 1.08 1.086 
0.817 0.799 0.7 0.692 0.713 0.689 0.646 0.732 0.797 0.715 
0.721 0.87 0.859 0.844 1.12 1.093 1.199 1.724 1.827 1.721 
1.337 0.994 0.969 0.832 0.979 0.946 1.116 1.182 1.776 1.911 
1.506 1.363 2.808 2.738 3.727 3.103 5.327 5.765 6.336 6.28 

END
