PFRMAT local QA
AUTHOR LAW-CASP14
af2-standard_T1137s4_3.pdb local_accuracy_only 15.0 15.0 15.0 15.0 15.0 15.0 15.0 15.0 15.0 15.0 15.0 
14.57 12.055 9.516 8.119 7.408 5.655 5.763 6.543 12.071 12.715 
10.729 8.659 9.297 10.029 15.0 15.0 15.0 12.316 14.148 12.514 
15.0 15.0 15.0 10.751 10.575 8.921 8.584 7.761 6.766 4.896 
3.965 3.021 2.747 1.721 1.423 0.922 0.747 0.628 0.652 0.659 
0.828 0.798 0.933 0.938 0.749 0.873 0.859 0.744 0.737 0.65 
0.735 0.652 0.866 0.571 0.811 0.881 1.068 1.237 1.08 1.079 
0.721 0.668 0.651 0.579 0.636 0.647 0.675 0.852 1.381 1.376 
1.883 1.681 1.207 0.87 0.787 0.582 0.58 0.583 0.613 0.706 
0.807 1.076 1.068 0.815 1.066 0.834 1.004 0.951 0.876 0.735 
0.785 0.642 0.667 0.64 0.727 1.071 1.184 1.959 2.204 2.646 
1.709 1.218 0.833 0.721 0.582 0.67 0.688 0.765 0.841 1.045 
1.272 1.6 1.508 1.346 1.096 1.119 0.971 1.109 1.002 0.888 
0.899 0.887 0.911 1.17 1.108 1.375 1.066 0.863 0.865 0.845 
0.97 1.584 1.789 1.853 1.648 1.573 1.551 1.464 1.404 1.388 
1.473 1.594 1.644 1.668 1.708 2.021 1.955 1.807 2.301 2.145 
2.503 2.286 2.529 2.357 2.266 2.548 2.269 2.428 2.192 2.823 
3.037 2.911 3.223 3.76 3.028 2.677 2.893 3.123 2.559 2.34 
2.364 2.141 1.814 1.697 1.558 1.475 1.418 1.469 1.54 1.484 
1.465 1.598 1.862 1.51 1.701 1.742 1.625 1.543 1.893 1.717 
1.694 1.896 2.163 1.973 2.11 2.27 2.191 1.895 2.143 2.113 
1.94 1.978 2.149 2.223 2.236 2.23 2.367 2.316 2.187 2.181 
2.253 2.31 2.262 2.473 3.21 3.788 6.287 8.193 9.93 12.923 
14.41 15.0 15.0 15.0 15.0 15.0 15.0 15.0 15.0 15.0 
15.0 15.0 15.0 14.698 10.776 6.994 4.47 4.157 3.372 2.867 
2.521 2.48 2.204 2.124 2.194 2.309 1.914 2.328 2.458 2.043 
2.002 2.23 2.168 2.118 2.607 2.561 2.471 2.991 2.949 3.145 
3.276 3.416 3.321 3.283 3.382 2.692 2.263 2.085 2.026 1.854 
1.771 1.997 1.961 1.942 1.962 2.176 2.262 2.423 2.342 2.69 
2.89 3.46 3.379 2.641 2.63 2.561 2.383 2.056 2.162 2.247 
2.068 2.117 2.276 2.205 2.288 2.239 2.332 2.391 2.388 2.401 
2.457 2.465 2.522 2.507 2.606 2.688 3.378 3.868 4.704 3.567 
3.177 3.144 2.981 3.099 3.238 3.444 3.945 4.473 4.489 4.872 
5.504 4.424 5.075 5.673 5.495 6.216 4.835 4.398 8.168 10.804 
10.377 7.493 11.072 8.093 11.005 13.077 15.0 14.72 11.735 12.372 
13.55 15.0 15.0 15.0 15.0 15.0 15.0 15.0 15.0 15.0 
15.0 13.84 13.848 15.0 10.731 11.442 9.3 8.614 7.027 7.994 
7.049 5.267 5.79 5.171 5.226 5.68 7.333 10.028 12.601 12.788 
15.0 15.0 14.024 14.405 15.0 14.917 11.097 6.334 8.71 14.317 
15.0 15.0 14.946 15.0 15.0 15.0 8.183 12.505 12.731 15.0 
10.426 8.957 14.942 15.0 15.0 15.0 15.0 11.53 6.581 7.909 
4.698 3.985 4.675 11.639 10.394 11.689 12.2 15.0 15.0 15.0 
15.0 12.801 11.813 11.419 10.145 15.0 9.531 15.0 15.0 15.0 
15.0 15.0 15.0 15.0 15.0 15.0 15.0 15.0 15.0 15.0 
15.0 15.0 15.0 15.0 15.0 15.0 15.0 15.0 15.0 15.0 
15.0 15.0 15.0 15.0 15.0 15.0 15.0 15.0 15.0 15.0 
15.0 15.0 15.0 15.0 15.0 15.0 15.0 15.0 15.0 15.0 
15.0 15.0 15.0 15.0 15.0 15.0 15.0 15.0 15.0 15.0 
15.0 15.0 15.0 15.0 15.0 15.0 15.0 15.0 15.0 15.0 
15.0 15.0 15.0 15.0 15.0 15.0 15.0 15.0 15.0 15.0 
15.0 15.0 15.0 15.0 15.0 15.0 15.0 15.0 15.0 15.0 
15.0 15.0 15.0 15.0 15.0 15.0 15.0 15.0 15.0 15.0 
15.0 15.0 15.0 15.0 15.0 15.0 15.0 15.0 15.0 15.0 
15.0 15.0 15.0 15.0 15.0 15.0 15.0 15.0 15.0 15.0 
15.0 15.0 15.0 15.0 15.0 15.0 
END
