PFRMAT local QA
AUTHOR MASS-CASP14
af2-standard_T1137s4_3.pdb local_accuracy_only 15.0 15.0 15.0 15.0 15.0 15.0 15.0 15.0 15.0 15.0 15.0 
15.0 15.0 15.0 15.0 15.0 14.679 15.0 15.0 15.0 14.764 
15.0 15.0 15.0 15.0 15.0 15.0 15.0 15.0 15.0 15.0 
15.0 15.0 13.832 13.943 12.809 11.679 11.491 13.191 13.122 12.837 
10.698 10.805 9.408 7.108 5.188 2.927 1.819 1.327 1.161 1.109 
1.069 0.983 1.122 1.302 1.198 1.5 1.377 1.287 1.559 1.639 
1.787 1.56 1.713 1.574 1.913 2.285 2.736 3.194 2.268 1.899 
1.496 1.374 1.16 1.223 1.437 1.484 1.341 1.356 1.786 2.506 
3.834 3.166 2.23 1.592 1.321 1.314 1.12 1.121 0.999 0.972 
1.372 1.913 1.994 2.012 1.952 1.621 1.534 1.771 2.042 1.71 
1.529 1.351 1.136 1.149 1.477 1.872 2.163 2.377 3.308 3.386 
3.405 2.858 2.14 1.479 1.221 1.085 1.086 1.325 1.756 2.333 
3.475 5.432 6.945 8.878 6.209 6.287 6.477 8.54 7.351 6.919 
5.335 4.944 4.168 5.225 5.18 4.611 4.114 3.79 3.906 3.796 
4.292 3.89 3.321 3.45 3.391 2.891 2.609 2.858 3.119 2.923 
3.255 3.006 3.105 3.006 3.235 3.488 3.415 3.476 3.938 4.906 
5.456 5.559 5.088 4.096 3.383 3.102 3.024 3.009 2.8 3.095 
3.613 3.375 3.556 3.282 3.746 4.066 4.31 5.21 5.12 4.83 
5.003 5.521 4.422 4.411 3.541 3.572 2.806 2.492 2.431 2.403 
2.341 2.454 2.677 2.56 2.794 2.678 2.718 2.364 2.669 2.721 
2.818 2.798 3.509 3.69 4.123 4.678 4.835 4.112 4.839 5.281 
4.368 4.984 4.649 5.001 4.256 4.798 4.724 4.75 4.628 4.891 
5.35 5.333 5.684 6.999 8.491 8.921 10.504 10.56 11.588 11.442 
12.233 12.594 14.626 15.0 14.869 13.05 15.0 15.0 15.0 15.0 
15.0 15.0 15.0 15.0 15.0 15.0 12.843 9.518 8.079 7.197 
7.459 8.092 7.933 7.168 7.885 7.487 6.578 6.992 7.666 7.0 
7.844 7.614 8.888 7.785 7.224 6.203 5.981 5.281 5.786 6.595 
6.839 7.075 8.226 8.088 6.779 6.928 7.744 8.506 7.414 7.544 
6.817 7.9 8.254 8.314 8.72 7.876 7.212 7.896 8.536 7.158 
6.606 6.393 5.639 5.011 5.258 4.34 3.898 3.283 3.496 3.316 
3.187 3.167 3.656 3.588 3.658 3.448 3.373 3.268 3.532 3.03 
3.012 3.391 3.512 3.572 3.515 3.419 4.472 5.073 5.447 5.36 
5.011 4.659 4.337 4.242 4.204 4.729 4.462 4.03 4.873 5.074 
5.954 6.458 6.384 5.51 4.978 3.872 3.477 2.828 2.684 3.054 
2.992 3.124 2.944 3.777 4.643 4.653 5.671 6.566 8.721 8.142 
10.259 8.879 7.834 6.425 7.111 5.962 4.713 4.912 4.65 4.14 
3.76 4.471 5.433 5.908 6.009 6.252 6.726 7.202 8.03 7.762 
9.044 8.575 8.272 7.873 7.698 9.585 9.708 10.713 11.639 12.664 
12.648 12.822 14.184 11.455 10.505 9.812 9.27 9.419 7.643 7.407 
8.048 8.241 8.294 8.748 9.272 10.299 10.597 12.722 10.205 10.091 
7.586 7.753 7.257 8.584 8.509 9.232 7.406 7.89 8.364 9.298 
9.839 9.514 9.442 8.685 7.856 8.187 9.39 10.091 10.373 10.185 
12.877 12.865 11.723 11.637 12.362 11.355 10.239 8.807 7.844 7.322 
6.016 5.969 6.877 7.314 7.892 8.85 8.341 7.888 8.205 8.306 
7.738 6.315 7.093 8.042 8.366 7.06 6.77 6.305 5.432 4.429 
5.592 7.281 7.644 6.712 6.702 6.381 6.009 5.987 6.596 8.045 
8.598 9.798 9.961 10.759 12.734 12.45 13.523 15.0 15.0 14.651 
14.702 14.084 13.835 10.334 11.599 10.898 14.393 13.957 10.856 7.693 
7.923 6.013 6.539 5.85 6.663 5.496 7.854 8.949 10.155 12.576 
13.488 10.78 13.142 12.269 12.321 10.265 12.065 10.49 11.895 11.672 
12.232 10.415 10.095 9.391 9.952 8.409 8.166 6.964 6.868 7.005 
7.556 7.102 7.448 7.926 9.564 8.964 8.276 8.532 8.699 9.935 
11.286 11.054 11.268 12.417 13.057 14.006 15.0 15.0 15.0 15.0 
15.0 15.0 15.0 15.0 15.0 15.0 15.0 15.0 15.0 15.0 
15.0 15.0 15.0 15.0 15.0 15.0 
END
