PFRMAT local QA
AUTHOR LAW-CASP14
af2-standard_T1158v1_5.pdb local_accuracy_only 7.79 9.419 10.761 10.247 8.251 5.512 5.931 2.806 1.52 1.815 1.448 
3.995 7.095 6.69 9.781 9.165 9.438 8.57 3.88 7.824 3.306 
1.621 1.151 1.026 1.195 1.996 0.888 1.173 1.274 1.186 0.999 
1.465 1.405 1.248 1.413 2.064 1.618 1.483 1.037 1.119 1.037 
1.608 1.159 0.857 1.048 1.133 0.803 1.242 1.157 1.173 0.943 
0.897 0.719 0.811 1.033 0.754 0.725 0.876 0.933 0.865 0.916 
1.157 1.249 1.26 1.526 1.841 2.097 2.417 2.915 3.16 3.59 
4.172 5.456 5.481 6.327 4.826 4.822 3.041 2.086 1.422 1.866 
1.938 1.507 1.445 1.819 1.792 1.496 2.06 2.214 2.981 3.198 
2.378 4.341 5.174 2.884 5.268 6.858 4.53 3.59 5.524 4.116 
2.745 2.509 2.705 2.358 1.735 1.307 1.574 1.618 1.253 1.606 
1.636 1.285 1.113 1.459 1.413 1.028 1.091 1.256 1.001 0.984 
1.273 1.475 3.162 4.486 6.738 4.47 4.602 3.543 2.792 2.663 
2.721 2.778 2.235 2.272 2.295 2.031 1.822 2.688 2.529 2.23 
1.879 2.588 2.115 1.852 1.765 1.991 1.657 1.05 1.138 1.321 
1.111 0.755 0.91 1.058 0.772 0.615 0.742 0.74 0.653 0.567 
0.655 0.651 0.56 0.589 0.558 0.576 0.538 0.6 0.529 0.522 
0.562 0.562 0.545 0.496 0.591 0.596 0.532 0.553 0.625 0.665 
0.776 0.931 1.237 1.032 1.207 1.588 1.835 1.593 1.578 1.044 
1.269 1.253 1.154 0.894 1.08 1.018 0.818 0.944 1.002 0.959 
0.763 0.846 0.867 0.703 0.732 0.823 0.852 0.789 0.83 1.094 
0.992 1.473 1.419 1.527 1.599 1.981 1.595 1.476 1.289 1.269 
1.064 0.951 0.918 0.864 0.804 0.836 0.883 0.813 0.875 1.023 
1.032 0.852 0.914 0.852 0.861 0.79 0.861 0.878 0.965 0.909 
1.1 1.127 1.24 1.409 1.554 1.761 1.86 1.687 1.956 1.642 
1.541 1.29 1.296 1.151 1.106 0.998 0.981 1.035 1.017 0.894 
0.961 1.0 0.961 0.821 0.9 0.892 0.816 0.795 0.85 0.809 
0.744 0.727 0.787 0.763 0.702 0.807 0.84 0.757 0.768 0.878 
0.886 0.768 0.843 0.797 0.758 0.795 0.693 0.681 0.79 0.834 
0.895 1.05 0.986 0.904 0.903 0.913 0.812 0.754 0.808 0.809 
0.769 0.721 0.775 0.755 0.705 0.662 0.739 0.744 0.731 0.74 
0.837 0.858 0.938 1.002 1.075 1.144 1.217 1.373 1.405 1.526 
1.502 1.56 1.584 1.595 1.489 1.25 1.278 1.618 1.428 1.039 
1.085 1.297 1.059 1.005 1.034 1.362 1.013 0.997 1.135 1.231 
1.159 1.252 1.25 1.374 1.15 1.335 1.032 1.097 0.988 1.101 
1.053 1.072 0.912 1.087 1.033 0.955 0.979 1.118 1.164 1.142 
1.369 1.487 1.616 1.791 2.062 2.228 1.822 1.981 2.396 2.127 
1.455 2.069 1.812 1.189 1.248 1.518 1.213 0.995 1.365 1.403 
1.097 1.195 1.337 1.156 0.925 1.146 1.039 0.891 0.818 0.972 
0.895 0.882 0.853 1.018 2.177 6.753 9.845 10.823 11.276 8.622 
11.373 9.395 7.177 7.774 4.526 3.034 1.356 1.179 1.13 1.181 
1.271 1.472 1.528 1.403 1.484 1.339 1.579 1.338 1.762 2.23 
4.1 2.92 3.729 2.487 1.588 1.539 1.476 1.495 1.822 1.431 
1.423 1.207 1.197 0.933 1.058 0.955 0.97 0.926 0.846 0.847 
0.82 0.739 0.899 1.369 2.096 6.836 2.238 1.517 1.356 1.011 
0.963 1.241 1.078 0.84 1.03 1.081 1.042 0.836 1.276 0.928 
1.137 1.259 1.328 1.468 1.455 1.725 1.457 1.267 1.317 1.27 
1.411 0.992 0.785 0.673 0.685 0.725 0.744 1.071 1.177 1.653 
1.187 0.886 0.871 0.766 0.913 0.868 0.892 0.905 0.903 1.129 
0.9 0.948 1.142 1.397 2.185 1.461 2.022 1.825 2.083 1.824 
1.635 1.297 1.245 1.171 1.101 0.965 0.993 0.998 0.993 0.917 
1.032 0.985 1.072 1.148 1.114 1.073 1.268 1.577 1.124 1.281 
1.011 1.156 0.919 0.945 0.978 0.928 0.963 1.045 0.925 0.954 
1.03 1.703 2.221 1.7 4.269 1.952 1.771 1.273 1.122 1.307 
1.072 0.948 0.936 0.929 0.951 1.003 0.807 0.925 0.933 0.927 
0.83 0.729 0.692 0.59 0.587 0.603 0.724 0.769 0.897 1.056 
1.116 1.537 1.614 1.457 1.548 1.39 1.369 1.21 1.158 1.161 
1.11 0.958 0.969 1.101 0.992 1.017 0.96 1.082 1.216 1.064 
0.941 1.119 0.982 0.732 0.723 0.686 0.591 0.681 0.729 1.038 
1.56 2.475 2.446 2.579 2.0 1.638 1.935 1.625 1.401 1.209 
1.097 1.045 1.014 1.077 1.189 1.435 1.609 1.416 1.563 1.563 
1.462 1.297 1.378 1.503 1.77 1.922 5.636 5.361 7.238 10.926 
10.606 11.565 13.362 13.713 13.906 11.519 14.596 15.0 12.153 12.621 
15.0 15.0 15.0 15.0 15.0 15.0 15.0 15.0 15.0 15.0 
15.0 15.0 15.0 15.0 15.0 15.0 15.0 15.0 15.0 15.0 
15.0 15.0 15.0 15.0 15.0 15.0 15.0 13.073 10.5 6.389 
7.669 9.592 9.739 11.449 12.119 15.0 15.0 15.0 15.0 15.0 
15.0 15.0 15.0 15.0 15.0 15.0 15.0 15.0 15.0 15.0 
15.0 15.0 15.0 15.0 15.0 15.0 15.0 14.652 12.417 10.116 
9.082 8.337 5.066 4.777 2.52 2.219 1.758 1.442 1.254 1.19 
1.194 1.1 0.851 0.979 1.15 0.858 0.903 1.304 2.371 3.1 
4.62 3.735 3.458 5.275 5.151 3.477 4.68 4.839 3.287 3.063 
2.864 3.334 2.331 1.712 2.714 2.83 2.591 2.496 3.423 3.423 
2.79 2.951 2.968 2.457 1.874 2.65 3.519 1.882 8.205 6.566 
8.488 10.923 11.859 12.417 13.116 14.648 15.0 15.0 15.0 15.0 
15.0 15.0 15.0 15.0 15.0 14.93 15.0 10.881 12.716 11.985 
11.711 10.298 9.17 7.303 8.577 7.467 6.007 5.924 4.318 4.378 
2.522 4.601 4.551 3.048 2.477 2.631 2.366 1.961 1.708 2.282 
2.098 1.435 1.256 1.312 1.056 0.929 0.863 0.882 0.775 0.7 
0.761 0.738 0.676 0.643 0.656 0.651 0.588 0.624 0.637 0.638 
0.631 0.658 0.736 0.656 0.638 0.804 0.849 0.888 0.84 1.051 
0.951 0.952 1.077 1.168 1.011 1.0 0.855 0.857 0.831 0.783 
0.723 0.715 0.752 0.674 0.696 0.693 0.726 0.694 0.695 0.734 
0.721 0.711 0.772 0.746 0.737 0.732 0.741 0.684 0.617 0.662 
0.615 0.607 0.577 0.722 0.636 0.636 0.779 0.802 0.73 0.842 
1.092 0.952 1.006 1.204 1.312 1.31 1.651 1.548 1.225 1.905 
2.066 4.122 3.629 6.047 7.592 7.119 6.243 6.823 5.194 3.099 
3.09 2.858 2.056 1.56 1.664 1.382 1.053 1.104 1.067 0.951 
0.82 0.911 0.95 0.833 0.75 0.805 0.789 0.612 0.712 0.762 
0.727 0.7 0.898 0.894 0.723 0.798 0.855 0.759 0.622 0.665 
0.667 0.594 0.564 0.659 0.65 0.58 0.547 0.65 0.579 0.555 
0.649 0.662 0.616 0.663 0.672 0.657 0.803 0.799 0.817 1.041 
0.994 0.847 0.786 0.871 0.775 0.577 0.657 0.634 0.596 0.586 
0.587 0.561 0.552 0.524 0.579 0.543 0.522 0.486 0.535 0.556 
0.529 0.568 0.594 0.587 0.581 0.631 0.615 0.64 0.669 0.647 
0.705 0.795 0.792 0.884 0.898 1.029 1.119 1.266 1.278 1.537 
1.754 1.545 1.807 2.003 2.015 1.632 1.776 1.791 1.544 1.324 
1.485 1.319 1.112 0.988 0.95 1.119 1.14 1.0 1.047 1.278 
1.053 1.176 1.153 1.081 1.055 1.068 1.051 0.918 0.956 0.94 
0.827 0.774 0.834 0.798 0.663 0.816 0.916 0.748 0.906 1.093 
1.097 0.916 1.515 1.529 1.091 1.302 1.769 1.191 0.994 1.398 
1.151 0.906 0.973 1.242 0.965 0.902 1.439 1.418 1.79 1.54 
1.429 1.652 1.511 1.316 1.858 3.745 5.899 4.664 3.378 2.207 
2.333 1.96 1.472 1.091 0.789 0.825 0.742 0.658 0.651 0.651 
0.678 0.728 0.793 0.96 0.871 1.155 1.095 1.501 1.526 2.309 
3.583 3.964 3.042 2.674 1.675 1.469 1.107 1.132 1.108 0.974 
0.894 0.754 0.747 0.624 0.696 0.67 0.684 0.576 0.544 0.546 
0.623 0.597 0.709 0.996 1.6 2.447 1.702 1.187 0.995 0.848 
0.877 1.054 0.859 0.759 0.794 0.83 0.743 0.694 0.802 0.789 
0.935 0.925 0.957 0.969 0.948 0.819 0.743 0.731 0.749 0.768 
0.875 0.938 1.013 0.986 1.657 1.711 2.163 2.235 1.072 0.9 
1.132 0.806 0.675 0.681 0.694 0.633 0.657 0.618 0.686 0.821 
0.98 1.343 1.158 1.21 1.289 1.179 1.209 1.568 1.627 1.778 
1.475 1.456 1.409 1.217 1.4 1.107 1.431 1.731 2.082 1.79 
1.831 1.462 1.421 1.337 1.24 1.208 1.183 1.094 1.09 1.173 
1.163 1.108 1.247 1.289 1.283 1.596 1.856 1.694 1.896 2.283 
2.398 2.6 2.274 2.068 1.964 2.159 2.023 2.046 1.589 1.819 
1.285 1.311 1.535 2.518 4.121 3.02 3.116 2.272 1.889 1.478 
1.323 1.106 1.099 1.048 0.904 0.943 0.992 1.005 0.834 1.024 
1.023 0.956 0.979 0.777 0.72 0.561 0.576 0.53 0.584 0.672 
0.832 1.034 1.387 1.414 2.055 2.227 2.39 2.708 2.22 2.003 
1.764 1.72 1.454 1.19 1.263 1.259 1.143 1.128 1.161 1.195 
1.173 0.825 1.048 0.878 0.647 0.59 0.491 0.507 0.567 0.622 
0.842 1.175 1.455 1.402 1.552 1.4 0.875 1.415 1.635 0.83 
0.74 0.686 0.711 0.71 0.792 0.831 0.947 1.052 1.023 1.016 
0.937 0.933 0.957 0.884 0.919 1.055 1.208 2.244 1.613 1.54 
2.352 2.686 3.373 4.855 4.941 3.126 2.852 2.561 3.938 5.171 
4.854 4.372 6.445 6.896 8.209 10.946 11.216 10.541 9.029 8.536 
9.966 9.834 4.628 5.661 8.053 5.54 3.91 7.47 9.561 6.924 
4.891 8.964 9.12 9.355 9.783 11.525 12.66 15.0 15.0 15.0 
15.0 15.0 15.0 15.0 15.0 15.0 15.0 15.0 15.0 15.0 
15.0 15.0 15.0 15.0 15.0 15.0 15.0 15.0 15.0 15.0 
15.0 15.0 15.0 15.0 15.0 15.0 15.0 15.0 15.0 15.0 
15.0 15.0 15.0 15.0 15.0 15.0 15.0 15.0 15.0 
END
