PFRMAT local QA
AUTHOR MASS-CASP14
af2-standard_T1158v1_5.pdb local_accuracy_only 11.475 12.712 11.084 8.666 6.729 6.233 3.891 2.727 1.897 1.901 1.626 
2.028 1.975 3.031 3.427 4.461 4.613 4.707 4.927 4.635 4.268 
3.736 3.684 3.29 3.176 2.801 2.759 3.084 3.188 2.649 2.744 
2.986 3.54 4.064 5.419 5.295 5.696 5.258 4.461 5.01 5.209 
4.759 3.889 3.357 3.205 3.348 3.348 3.268 4.827 4.889 5.44 
4.155 3.42 3.19 2.393 1.774 1.687 1.881 1.993 1.798 2.155 
2.474 2.464 2.293 2.604 2.86 3.151 2.864 3.153 3.511 3.641 
4.269 4.42 5.5 5.429 5.115 4.96 4.134 3.258 2.807 2.851 
2.565 2.796 2.426 2.746 3.258 3.274 3.774 4.844 5.58 5.518 
4.549 5.322 4.552 5.047 4.99 5.397 4.877 4.811 4.835 4.812 
4.372 3.879 2.829 2.524 2.354 2.172 1.681 1.522 1.572 1.399 
1.238 1.36 1.436 1.673 1.452 1.456 1.819 1.926 2.083 2.353 
2.856 3.039 3.682 3.686 3.933 3.379 3.118 2.855 2.598 2.371 
2.732 2.6 2.411 2.779 2.708 2.614 2.652 2.91 2.962 2.571 
2.725 2.879 2.699 2.821 2.703 2.725 2.671 2.617 2.535 2.275 
2.409 2.526 2.119 2.309 2.278 2.316 1.982 1.743 1.674 1.592 
1.613 1.383 1.465 1.424 1.31 1.274 1.261 1.281 1.106 1.075 
1.167 1.312 1.105 1.228 1.473 1.38 1.273 1.287 1.237 1.221 
1.276 1.735 1.989 2.299 2.424 3.875 4.553 4.923 5.775 5.778 
5.177 3.639 2.742 3.067 2.817 2.213 2.155 2.263 2.851 2.336 
2.055 2.487 2.495 2.174 2.92 2.887 2.811 3.279 3.189 4.01 
4.134 3.798 3.686 3.704 3.781 3.93 3.702 3.355 2.936 2.524 
2.622 2.719 2.466 2.617 2.523 3.015 2.812 2.526 2.625 3.294 
3.227 3.183 3.566 4.247 3.775 4.173 4.172 5.282 4.644 5.167 
5.025 5.181 5.266 5.695 5.829 6.347 6.166 6.487 5.933 5.763 
4.909 4.542 3.794 3.877 3.134 3.245 3.173 3.519 3.674 3.123 
3.353 5.17 4.958 4.538 4.44 4.849 3.928 3.945 3.36 2.744 
2.551 2.119 2.212 2.641 2.291 2.527 2.404 2.181 2.008 2.457 
2.528 1.947 2.205 2.003 1.994 2.152 2.27 2.711 2.973 2.773 
2.648 2.601 2.02 1.745 1.957 2.079 2.294 1.867 2.622 3.162 
2.627 2.448 2.377 2.637 2.336 1.847 1.907 2.485 2.133 1.756 
2.05 2.562 2.529 2.448 2.103 2.529 3.241 3.155 2.902 2.908 
3.135 3.023 3.581 3.582 3.297 3.548 3.82 3.741 3.656 3.595 
4.164 4.424 4.459 4.177 4.08 4.108 3.762 4.057 4.364 4.257 
4.023 3.148 3.247 3.025 2.502 2.589 2.592 2.203 1.996 1.72 
1.837 1.866 1.887 2.106 1.874 1.891 2.231 2.629 2.979 2.467 
2.409 2.448 2.672 2.521 3.149 3.289 3.165 3.228 3.725 3.272 
2.64 2.652 2.643 2.549 2.162 2.282 2.575 2.249 2.675 2.359 
2.369 2.454 2.378 2.246 1.833 1.974 2.004 1.805 1.745 1.767 
1.961 2.219 2.296 2.562 3.511 4.624 4.941 4.963 5.882 7.517 
8.254 8.269 8.057 8.606 7.074 4.921 3.368 2.256 1.702 1.328 
1.497 1.6 1.635 1.633 1.963 2.036 2.782 3.279 4.094 4.964 
5.211 4.308 4.657 3.82 3.076 2.542 2.185 2.24 2.014 2.043 
1.749 1.628 1.526 1.403 1.51 1.924 1.842 1.732 1.499 1.349 
1.314 1.262 1.165 1.396 1.778 2.054 2.249 2.056 1.936 1.723 
2.06 1.928 1.607 1.476 1.6 1.815 1.833 1.593 1.814 1.953 
1.855 2.142 2.37 2.486 2.366 2.041 1.814 1.491 1.378 1.509 
1.512 1.505 1.382 1.389 1.398 1.57 1.801 2.36 3.037 3.302 
2.779 2.426 2.169 2.065 1.92 1.464 1.313 1.147 1.243 1.432 
1.503 1.515 1.67 1.864 2.356 3.252 3.498 3.284 3.19 3.228 
3.123 2.324 2.259 2.301 2.154 1.947 1.736 1.97 2.308 2.055 
2.448 2.598 3.327 3.707 3.518 3.049 3.179 3.346 3.108 3.169 
2.736 2.315 2.069 1.752 1.765 1.755 1.815 2.036 2.428 2.718 
2.772 2.737 2.927 2.473 2.556 2.717 2.674 2.425 1.991 1.978 
1.892 1.661 1.694 1.8 2.003 1.991 2.125 2.104 2.072 2.566 
2.173 1.815 1.4 1.079 0.983 1.003 1.078 1.333 1.408 1.73 
1.746 2.257 2.849 2.555 2.497 2.793 2.658 2.128 2.103 2.408 
2.032 1.921 1.895 2.268 2.251 2.29 2.406 2.445 2.683 2.591 
2.239 2.466 2.544 1.964 1.56 1.492 1.454 1.46 1.734 2.183 
2.621 2.699 2.943 2.85 2.725 2.514 2.521 2.59 2.142 1.948 
1.567 1.407 1.314 1.268 1.371 1.745 1.945 1.756 1.848 1.731 
1.739 1.641 1.762 1.567 1.584 1.746 2.263 2.352 2.063 2.094 
2.228 2.149 2.208 2.136 1.699 1.744 2.062 1.966 2.048 2.126 
2.813 4.191 5.64 6.624 7.818 9.306 8.287 11.758 10.483 10.083 
12.191 14.491 15.0 12.948 13.977 13.409 15.0 13.918 15.0 15.0 
15.0 15.0 15.0 15.0 15.0 14.022 15.0 10.067 11.594 8.003 
10.224 8.139 9.099 7.451 8.37 6.727 7.442 8.027 8.099 8.972 
9.662 11.073 11.177 15.0 13.288 15.0 15.0 15.0 15.0 15.0 
13.585 15.0 10.597 8.971 11.136 9.891 11.969 13.007 13.783 14.409 
12.828 10.387 8.141 6.393 4.055 3.392 3.256 2.533 2.106 1.964 
2.387 2.643 2.719 3.36 3.903 4.928 6.887 7.509 7.859 8.984 
9.575 8.814 7.094 7.839 7.833 8.196 6.831 6.972 6.575 5.534 
5.063 4.809 4.658 3.815 3.025 2.508 2.786 2.413 2.46 2.582 
2.801 3.008 2.724 3.126 2.925 3.466 2.658 3.03 3.383 4.425 
4.415 5.024 5.873 6.085 6.988 9.628 12.057 14.152 15.0 15.0 
15.0 15.0 15.0 10.07 6.804 5.321 4.281 3.536 2.54 2.865 
2.359 2.427 2.072 2.532 2.556 2.657 2.64 2.951 3.384 3.076 
3.308 3.406 3.519 3.649 3.239 3.14 3.818 4.354 4.31 4.022 
4.215 4.235 4.521 4.757 4.183 4.237 4.362 3.619 3.248 3.436 
3.183 2.59 2.108 2.127 1.801 1.486 1.406 1.734 1.757 1.488 
1.457 1.733 1.66 1.555 1.642 1.986 2.393 2.356 2.131 2.137 
2.137 2.084 1.94 2.148 2.404 2.033 1.712 1.901 1.767 1.498 
1.524 1.692 1.659 1.727 1.507 1.698 1.662 1.335 1.648 1.66 
1.478 1.759 1.765 1.573 1.491 1.609 1.697 1.517 1.461 1.743 
1.697 1.533 1.66 1.631 1.658 1.612 1.771 1.854 1.879 1.791 
2.317 2.263 2.439 2.694 3.034 3.05 3.138 3.221 3.497 3.419 
4.367 4.589 4.59 5.289 5.508 5.94 5.572 5.648 5.39 4.585 
5.518 5.001 4.578 5.058 5.801 5.045 4.041 4.324 4.403 4.358 
3.772 3.756 3.886 3.125 2.732 2.836 2.65 1.984 2.168 2.626 
2.659 3.212 4.358 4.881 4.911 5.078 6.163 4.762 3.048 2.596 
2.591 2.348 2.075 2.167 2.637 2.841 2.456 2.569 2.924 2.672 
3.102 2.725 2.428 2.529 2.819 2.855 2.874 2.347 2.494 2.627 
2.243 1.887 2.14 2.383 2.125 2.046 2.664 2.438 2.607 2.479 
2.43 2.062 2.113 2.244 2.559 2.604 2.756 2.973 2.986 3.114 
3.038 3.12 2.906 3.053 2.779 2.588 2.383 2.667 2.566 2.194 
2.088 2.136 2.023 2.169 2.144 2.483 2.536 2.571 2.551 2.508 
2.679 2.617 2.315 2.309 2.349 2.387 2.385 2.623 2.895 3.27 
3.293 2.918 2.686 2.601 2.733 3.113 2.72 2.283 2.557 2.496 
2.813 2.328 2.191 2.411 2.331 2.252 2.695 2.49 2.635 3.082 
2.559 2.427 2.54 2.542 2.45 2.268 2.686 2.653 2.735 2.81 
2.778 2.226 2.641 3.116 2.968 2.972 3.004 3.723 3.501 3.838 
3.648 3.327 3.285 3.437 3.544 4.069 4.585 4.002 4.362 3.48 
3.506 3.447 3.358 3.203 3.128 3.476 3.783 3.761 3.413 3.019 
2.858 3.124 2.772 2.517 2.422 2.521 2.154 1.837 1.53 1.234 
1.213 1.182 1.435 1.459 1.641 1.472 1.711 2.093 2.866 2.883 
4.039 4.336 4.877 4.828 3.809 3.553 2.995 2.809 2.444 2.358 
2.321 2.322 2.489 2.2 2.391 3.116 2.999 2.595 2.036 2.137 
1.977 2.139 1.927 2.076 2.233 2.83 2.703 2.501 2.293 2.108 
2.046 1.858 1.619 1.349 1.52 1.803 1.721 1.598 1.505 1.638 
1.867 1.941 1.735 1.698 1.671 1.514 1.196 1.283 1.261 1.461 
2.011 1.983 1.962 2.357 3.105 4.167 3.184 2.93 2.417 2.66 
2.426 2.298 2.146 1.995 1.717 1.443 1.313 1.242 1.169 1.586 
2.115 2.693 2.639 2.347 2.093 2.234 2.197 2.063 1.811 1.586 
1.424 1.612 1.274 1.038 1.21 1.487 1.827 2.178 2.734 2.607 
2.561 2.398 2.557 2.292 1.813 1.969 2.054 2.205 2.016 2.178 
2.298 2.297 2.21 2.314 2.719 3.156 3.418 2.866 3.207 4.06 
4.804 4.978 4.686 4.8 4.438 4.549 4.609 4.68 3.59 4.201 
4.372 4.506 4.003 3.897 3.608 2.746 2.268 2.215 2.258 2.12 
1.972 2.204 2.11 1.964 2.061 2.185 2.224 2.325 2.581 2.346 
2.417 3.025 3.277 2.67 2.344 1.859 1.472 1.549 1.647 1.92 
2.056 2.352 2.725 2.849 3.059 2.523 2.383 2.747 3.022 2.901 
2.523 2.824 2.259 2.008 2.018 2.272 2.32 1.821 2.387 3.121 
3.052 2.882 3.282 3.349 2.593 2.068 1.94 1.73 1.682 1.63 
2.068 2.18 2.229 2.176 2.083 2.177 1.86 1.958 2.141 2.061 
1.794 1.35 1.222 1.219 1.233 1.343 1.817 1.859 1.509 1.495 
1.389 1.433 1.29 1.346 1.533 1.557 1.599 1.778 2.191 1.96 
2.39 3.24 3.411 4.089 3.949 3.121 3.017 2.868 3.034 3.397 
3.526 3.502 4.428 5.533 5.433 6.003 6.536 6.791 4.866 4.563 
4.867 4.371 3.504 3.705 3.902 3.761 3.4 3.572 4.022 4.136 
3.791 4.721 4.808 5.578 5.037 5.312 5.729 5.638 6.769 7.308 
8.955 10.477 12.362 13.303 15.0 13.978 15.0 12.041 13.267 11.042 
14.066 13.343 15.0 13.488 13.294 14.566 15.0 14.223 15.0 15.0 
15.0 14.153 15.0 15.0 14.604 15.0 14.589 13.043 12.97 13.443 
13.58 15.0 15.0 15.0 15.0 15.0 15.0 15.0 15.0 
END
