PFRMAT local QA
AUTHOR MASS-CASP14
af2-standard_T1177_5.pdb local_accuracy_only 4.702 3.259 2.236 1.574 1.208 1.094 0.965 1.179 1.274 1.74 1.966 
1.711 1.721 1.813 1.71 1.84 1.97 1.868 1.774 1.765 2.065 
1.975 1.871 2.221 2.157 2.34 3.078 3.37 3.35 4.435 5.232 
5.677 6.557 6.348 7.272 6.988 7.136 5.49 4.073 2.781 2.455 
1.975 2.083 1.991 1.935 2.052 2.154 1.835 1.815 1.911 2.135 
2.603 2.466 2.561 2.825 2.457 2.519 2.896 3.529 3.545 3.422 
3.898 4.399 4.914 6.006 6.714 8.553 9.977 8.462 8.069 7.568 
6.318 6.414 5.02 5.45 4.193 2.999 2.221 1.908 1.751 1.924 
2.163 2.502 2.435 2.321 2.131 2.092 2.389 2.749 2.568 2.639 
2.912 3.24 3.131 3.245 2.942 3.279 2.787 2.243 2.077 1.986 
2.05 1.911 1.683 1.801 2.144 2.132 1.861 1.625 1.415 1.365 
1.595 2.014 2.39 2.843 3.13 3.957 4.105 5.985 6.403 7.218 
7.006 5.086 4.255 2.949 2.453 2.114 1.929 1.663 1.86 1.821 
1.564 1.66 1.586 1.725 1.666 1.629 1.494 1.542 1.531 1.619 
1.95 2.303 3.142 3.671 3.922 3.311 2.998 2.431 1.815 1.701 
1.754 1.534 1.296 1.2 1.162 1.326 1.219 1.194 1.415 1.889 
2.222 2.458 2.516 2.524 3.459 3.507 3.695 2.821 2.914 2.68 
2.427 2.286 1.727 1.474 1.104 1.205 1.31 1.599 1.734 1.711 
1.461 1.475 1.845 1.849 1.754 1.798 1.714 1.964 2.052 2.57 
2.098 1.57 1.43 1.277 1.081 0.943 1.104 1.473 1.65 1.753 
1.616 1.747 1.628 1.661 1.477 1.671 1.559 1.308 1.605 1.653 
1.33 1.198 1.289 1.607 1.748 1.681 1.625 1.61 1.333 1.803 
1.982 2.819 
END
