PFRMAT local QA
AUTHOR LAW-CASP14
af2-standard_T1177_5.pdb local_accuracy_only 2.394 2.012 1.463 1.502 1.31 1.241 1.181 1.212 1.563 1.493 2.24 
1.905 1.64 1.737 1.807 1.898 2.099 2.059 1.722 2.007 2.431 
2.116 1.961 2.355 2.496 2.196 3.055 2.878 2.241 4.59 7.009 
6.354 6.383 5.126 5.01 3.732 3.323 2.284 2.366 1.748 2.336 
1.748 2.519 2.173 3.207 2.668 2.975 2.577 2.499 2.564 2.623 
2.709 2.263 2.507 2.562 2.507 2.292 2.837 2.796 2.724 2.821 
3.323 3.702 3.965 6.125 6.454 7.157 7.151 6.441 5.797 4.962 
3.179 3.279 1.879 2.304 1.912 1.542 1.602 1.398 1.597 1.691 
2.13 2.115 1.8 2.848 2.893 1.854 3.264 3.52 3.235 3.484 
3.846 2.579 2.124 1.8 1.877 1.928 2.434 1.923 2.957 2.318 
2.384 1.967 1.485 1.734 1.712 1.52 1.5 1.279 1.077 1.073 
1.066 1.232 1.329 1.71 1.711 2.18 3.064 5.178 6.464 7.72 
7.194 6.69 4.791 4.057 2.717 2.224 2.268 1.841 2.785 2.69 
2.419 1.778 1.665 1.596 1.703 1.655 1.555 1.824 1.682 1.82 
1.679 2.435 2.307 3.328 3.667 3.448 3.147 2.466 2.007 1.942 
1.975 1.76 1.48 1.366 1.222 1.264 1.334 1.309 1.437 1.544 
1.884 1.7 2.002 1.865 2.944 2.05 1.877 1.732 1.59 2.09 
1.775 1.631 1.326 1.212 1.087 1.164 1.182 1.456 1.547 1.618 
1.507 1.789 1.993 1.901 2.095 2.335 2.255 2.404 2.329 2.812 
2.82 1.89 1.433 1.344 1.322 1.319 1.42 1.716 1.841 2.154 
3.014 4.052 3.534 2.667 2.201 2.566 2.035 1.81 1.688 1.624 
1.549 1.351 1.387 1.396 1.411 1.379 1.267 1.229 1.311 1.332 
1.441 1.508 
END
