PFRMAT local QA
AUTHOR LAW-CASP14
af2-standard_T1139_5.pdb local_accuracy_only 15.0 15.0 15.0 15.0 15.0 15.0 15.0 15.0 15.0 15.0 15.0 
15.0 15.0 15.0 15.0 15.0 15.0 15.0 13.429 10.649 3.943 
2.087 1.599 1.465 1.158 1.214 0.997 0.996 1.077 0.928 0.884 
1.015 1.13 1.096 1.026 1.026 1.056 0.962 0.863 1.079 1.177 
1.257 1.185 1.534 1.888 2.979 2.358 3.213 1.719 1.823 1.213 
1.327 1.307 1.605 1.54 1.837 1.504 1.339 1.052 1.093 0.893 
0.785 0.789 0.825 0.814 0.811 0.847 0.972 0.95 0.898 0.904 
1.061 0.822 0.745 0.941 0.977 0.865 0.983 1.128 1.034 1.135 
0.997 1.16 1.044 1.032 1.052 0.958 0.93 1.073 0.869 0.838 
0.753 0.734 0.702 0.63 0.631 0.688 0.693 0.658 0.739 0.815 
0.783 0.873 0.841 0.944 0.791 0.678 0.9 0.838 0.781 0.834 
1.013 1.007 1.274 0.956 0.965 0.788 0.786 0.752 0.753 0.761 
0.833 0.887 0.816 0.767 0.663 0.685 0.659 0.69 0.726 0.682 
0.725 0.839 0.852 0.968 0.753 0.829 0.905 0.733 0.695 0.847 
0.825 0.742 0.829 0.971 0.931 1.014 0.812 0.817 0.83 0.72 
0.762 0.934 1.012 1.105 1.292 1.293 1.025 0.899 0.758 0.884 
0.915 0.859 0.913 1.104 1.087 1.107 1.28 1.127 1.093 1.044 
0.886 0.988 1.085 1.135 1.049 1.335 1.847 2.232 2.38 4.307 
6.501 9.748 13.222 13.703 15.0 15.0 15.0 15.0 15.0 15.0 
15.0 15.0 15.0 15.0 15.0 15.0 15.0 15.0 15.0 15.0 
15.0 15.0 15.0 15.0 15.0 15.0 15.0 15.0 15.0 15.0 
15.0 15.0 15.0 15.0 15.0 15.0 15.0 15.0 15.0 15.0 
15.0 15.0 15.0 15.0 15.0 15.0 15.0 15.0 15.0 15.0 
15.0 15.0 15.0 15.0 15.0 15.0 15.0 15.0 15.0 15.0 
15.0 15.0 15.0 15.0 15.0 15.0 15.0 15.0 15.0 15.0 
15.0 15.0 15.0 13.942 15.0 15.0 13.919 15.0 15.0 15.0 
15.0 15.0 15.0 15.0 15.0 15.0 15.0 13.097 14.09 15.0 
15.0 15.0 15.0 15.0 15.0 15.0 15.0 15.0 15.0 15.0 
15.0 15.0 15.0 15.0 15.0 15.0 15.0 15.0 15.0 15.0 
15.0 15.0 15.0 15.0 15.0 15.0 15.0 15.0 15.0 15.0 
13.126 14.284 15.0 15.0 15.0 15.0 15.0 15.0 15.0 15.0 
15.0 15.0 15.0 15.0 15.0 15.0 
END
