PFRMAT local QA
AUTHOR MASS-CASP14
af2-standard_T1139_5.pdb local_accuracy_only 15.0 15.0 15.0 15.0 15.0 15.0 15.0 15.0 15.0 15.0 15.0 
15.0 15.0 15.0 14.037 13.81 13.235 12.828 9.214 7.804 4.585 
3.184 2.484 2.43 2.169 1.741 1.377 1.519 1.435 1.275 1.042 
1.199 1.417 1.365 1.188 1.131 1.37 1.293 1.056 1.263 1.556 
1.508 1.389 1.743 2.02 2.377 2.193 2.228 1.853 1.768 1.567 
1.698 1.652 1.793 1.87 2.251 2.058 1.716 1.368 1.31 0.108 
0.0 0.0 0.0 0.0 0.0 1.004 1.36 1.446 1.196 1.17 
1.121 0.1 0.002 0.0 0.004 0.113 1.139 1.455 1.306 1.432 
1.189 1.346 1.383 1.78 1.867 1.917 1.848 2.023 1.875 1.678 
1.384 1.247 1.14 0.033 0.009 0.003 0.008 0.016 1.113 1.33 
1.564 1.258 1.34 0.557 0.024 0.0 0.007 0.199 0.956 1.119 
1.413 1.347 1.579 1.298 1.415 1.478 1.57 1.472 1.457 1.414 
1.603 1.562 1.521 1.494 1.497 1.395 1.254 1.356 1.335 1.226 
1.167 1.362 1.548 1.638 1.345 1.485 1.425 1.274 1.174 1.215 
1.198 1.232 1.356 1.518 1.56 1.781 1.693 1.595 1.459 1.626 
1.503 1.515 1.596 1.599 1.958 1.857 1.708 1.475 1.282 1.365 
1.408 1.217 1.252 1.438 1.517 1.644 1.911 1.772 1.837 1.889 
1.548 1.595 1.839 1.687 1.628 2.044 2.323 2.67 2.765 3.461 
4.366 4.744 5.964 5.926 6.592 6.571 6.582 6.765 6.324 5.695 
6.506 6.528 6.721 5.838 6.685 6.0 5.518 5.369 5.892 6.084 
5.129 5.646 6.047 6.175 6.414 5.527 5.731 6.11 6.032 6.927 
7.42 8.871 10.425 10.891 11.794 13.462 14.476 14.116 14.88 12.312 
11.145 9.302 7.271 6.284 6.355 6.493 6.958 7.357 7.202 7.919 
8.001 10.259 11.522 12.713 12.499 12.267 13.671 13.012 13.476 14.133 
15.0 15.0 15.0 15.0 15.0 15.0 13.319 12.911 12.523 13.452 
14.105 14.763 13.853 13.999 11.899 9.989 9.419 8.468 5.321 5.811 
4.532 4.665 4.551 5.207 5.305 6.222 6.869 6.416 6.645 7.069 
6.882 6.729 7.834 8.826 9.369 7.865 7.576 7.117 6.195 6.137 
6.081 6.36 6.678 7.064 7.075 7.284 7.359 5.824 5.51 4.152 
2.685 2.717 2.606 2.394 2.57 2.934 3.645 5.775 5.914 6.88 
7.848 8.164 6.599 6.04 6.13 6.249 6.616 7.442 7.72 9.54 
11.308 13.303 14.682 13.533 15.0 15.0 
END
