PFRMAT local QA
AUTHOR LAW-CASP14
af2-standard_T1177_3.pdb local_accuracy_only 2.582 2.199 1.691 1.759 1.549 1.436 1.315 1.319 1.687 1.652 2.506 
2.096 1.789 1.809 2.053 1.952 2.193 2.138 1.812 2.097 2.56 
2.282 2.09 2.52 2.688 2.445 3.457 3.379 2.888 5.223 7.258 
6.439 7.028 5.499 5.62 4.196 4.026 2.681 2.72 1.805 2.335 
1.761 2.383 2.169 3.06 2.679 3.108 2.622 2.517 2.739 2.699 
2.747 2.336 2.548 2.57 2.524 2.346 2.851 2.825 2.742 2.831 
3.319 3.667 3.902 6.025 6.301 6.994 6.999 6.386 5.696 4.922 
3.149 3.359 1.972 2.461 2.055 1.638 1.681 1.44 1.635 1.79 
2.246 2.2 1.985 2.554 2.78 1.903 2.878 2.881 2.85 3.097 
3.32 2.345 2.019 1.751 1.873 1.982 2.499 2.064 3.212 2.564 
2.667 2.141 1.56 1.873 1.83 1.589 1.596 1.302 1.084 1.069 
1.058 1.214 1.303 1.647 1.695 2.162 3.124 5.319 6.691 8.032 
7.481 6.849 4.9 4.044 2.762 2.29 2.516 1.962 2.911 3.135 
2.139 1.82 1.685 1.619 1.695 1.648 1.535 1.836 1.704 1.847 
1.68 2.268 2.142 3.049 3.388 3.171 2.886 2.347 1.967 1.957 
2.06 1.76 1.497 1.372 1.209 1.261 1.316 1.277 1.354 1.441 
1.756 1.587 1.805 1.839 2.353 1.879 1.882 1.589 1.638 2.143 
1.86 1.719 1.343 1.218 1.083 1.172 1.226 1.546 1.664 1.774 
1.663 2.043 2.406 2.175 2.639 3.051 2.815 2.861 2.591 3.057 
2.798 1.741 1.518 1.427 1.428 1.523 1.636 2.061 2.299 2.57 
3.32 4.091 3.682 2.983 2.523 2.808 2.258 1.974 1.882 1.801 
1.665 1.445 1.488 1.499 1.469 1.476 1.365 1.333 1.496 1.536 
1.776 1.831 
END
