PFRMAT local QA
AUTHOR MASS-CASP14
af2-standard_T1177_3.pdb local_accuracy_only 4.939 3.387 2.351 1.657 1.29 1.185 1.052 1.329 1.45 2.003 2.149 
1.929 1.827 1.856 1.743 1.884 2.014 1.887 1.768 1.793 2.106 
2.042 1.966 2.332 2.249 2.458 3.238 3.54 3.533 4.623 5.446 
5.779 6.752 6.496 7.439 7.237 7.316 5.502 3.919 2.691 2.325 
1.879 1.958 1.897 1.833 2.02 2.16 1.84 1.81 1.917 2.138 
2.556 2.45 2.524 2.782 2.402 2.449 2.804 3.417 3.472 3.354 
3.817 4.281 4.786 5.89 6.566 8.393 9.872 8.354 7.855 7.321 
6.25 6.322 4.886 5.16 4.043 2.738 2.068 1.658 1.512 1.674 
1.933 2.165 2.185 2.16 1.966 1.872 2.135 2.504 2.367 2.394 
2.667 2.964 2.925 3.085 2.864 3.23 2.708 2.198 2.005 1.898 
1.963 1.847 1.623 1.714 2.082 2.032 1.779 1.551 1.347 1.303 
1.506 1.863 2.266 2.721 3.125 3.997 4.122 6.072 6.399 7.274 
6.976 5.026 4.247 3.014 2.478 2.196 1.992 1.714 1.94 1.92 
1.64 1.677 1.626 1.759 1.687 1.646 1.491 1.516 1.485 1.583 
1.884 2.245 3.093 3.684 3.965 3.25 2.927 2.396 1.776 1.655 
1.635 1.436 1.167 1.092 1.02 1.176 1.055 1.058 1.264 1.696 
1.936 2.143 2.197 2.21 3.0 3.039 3.253 2.484 2.797 2.551 
2.416 2.255 1.708 1.448 1.067 1.171 1.238 1.496 1.609 1.631 
1.432 1.43 1.763 1.783 1.734 1.775 1.686 1.95 2.007 2.505 
2.045 1.577 1.443 1.282 1.109 0.981 1.122 1.479 1.694 1.867 
1.705 1.837 1.68 1.684 1.508 1.67 1.575 1.329 1.624 1.669 
1.342 1.217 1.31 1.662 1.786 1.687 1.642 1.626 1.341 1.817 
2.007 2.904 
END
