PFRMAT local QA
AUTHOR MASS-CASP14
af2-standard_T1162_1.pdb local_accuracy_only 15.0 13.858 8.839 5.926 5.782 5.396 5.792 4.216 4.038 4.137 3.85 
3.334 3.069 2.732 2.297 1.582 1.504 1.411 1.249 1.144 1.236 
1.213 1.008 1.15 1.425 1.997 2.424 2.483 3.763 4.701 5.802 
5.2 5.207 5.448 5.103 3.797 4.191 3.949 4.807 5.677 6.419 
7.73 8.959 10.416 12.354 10.978 12.241 12.404 12.771 12.531 12.572 
11.627 10.603 8.736 8.179 6.917 6.319 4.635 3.443 2.675 2.231 
2.24 2.143 1.937 2.177 2.363 2.732 2.579 3.382 4.005 5.06 
4.7 4.85 5.386 5.861 6.62 7.963 8.401 9.281 9.357 11.422 
11.583 11.306 11.939 13.185 9.821 8.367 4.571 2.436 1.489 1.335 
1.364 1.36 1.482 1.796 2.072 2.806 3.008 2.894 2.559 1.98 
1.768 1.918 1.827 1.629 1.54 2.153 2.127 1.915 2.008 2.139 
2.378 2.161 2.072 2.071 2.341 2.139 2.575 3.282 3.18 3.347 
3.19 3.435 3.957 4.599 5.482 5.042 4.7 4.487 4.698 5.769 
5.187 4.576 4.27 3.717 2.875 3.305 3.459 3.272 2.708 2.272 
2.643 2.328 1.793 2.135 2.364 2.357 2.479 3.286 5.136 6.007 
5.398 5.286 4.736 5.007 3.834 4.725 4.417 4.311 3.935 4.724 
5.366 5.328 5.595 3.93 2.674 1.917 1.55 1.121 1.091 1.108 
1.052 1.14 1.194 1.341 2.024 2.32 2.202 2.479 3.154 2.646 
1.77 1.737 1.573 1.682 1.91 1.784 1.922 1.423 1.639 1.985 
1.882 1.805 2.161 2.433 2.436 
END
