PFRMAT local QA
AUTHOR LAW-CASP14
af2-standard_T1162_1.pdb local_accuracy_only 15.0 14.868 12.65 11.212 9.385 5.938 2.458 1.675 1.382 1.189 1.255 
1.036 1.111 1.589 1.219 0.943 1.034 1.08 0.907 0.8 0.949 
0.95 0.849 1.011 1.421 1.494 1.615 1.414 3.043 3.686 2.626 
3.538 3.082 1.965 1.374 1.085 1.172 1.517 2.213 5.36 7.096 
6.299 6.311 8.323 10.242 13.455 12.275 14.751 15.0 15.0 15.0 
15.0 15.0 13.934 11.034 8.104 5.72 4.179 1.822 1.692 1.139 
1.123 1.444 1.351 1.156 1.576 2.054 2.283 2.512 6.61 5.503 
7.862 7.983 8.313 8.366 7.224 8.606 7.559 6.725 7.26 6.111 
3.695 2.662 1.829 2.536 2.618 1.917 1.254 0.912 0.845 0.948 
0.929 1.284 1.221 1.652 1.809 2.507 1.706 1.93 1.42 1.197 
0.961 1.079 1.052 0.995 0.885 1.077 1.052 0.902 0.941 1.088 
1.058 0.964 1.025 1.145 1.094 1.143 1.323 1.317 1.355 1.424 
1.417 1.727 1.418 1.823 1.908 1.771 1.754 1.285 1.52 1.625 
1.614 1.443 1.56 1.161 1.183 1.226 1.116 1.092 0.971 0.944 
0.961 0.828 0.828 0.878 0.84 0.766 0.861 0.914 1.347 1.078 
0.949 1.015 1.03 0.94 0.981 0.858 0.934 0.972 1.224 1.539 
1.907 2.415 4.583 3.29 3.736 1.877 1.355 1.127 0.875 0.828 
0.78 0.85 0.845 0.947 1.009 0.944 1.066 1.361 1.547 1.718 
1.423 1.572 1.05 1.108 1.435 1.401 1.383 1.294 1.265 1.343 
1.356 1.175 1.296 1.347 1.393 
END
