PFRMAT local QA
AUTHOR LAW-CASP14
af2-standard_T1186_3.pdb local_accuracy_only 1.653 1.46 1.017 1.002 1.181 0.843 0.599 0.785 0.797 0.557 0.539 
0.668 0.693 0.54 0.524 0.387 0.358 0.349 0.363 0.351 0.376 
0.353 0.384 0.464 0.454 0.574 0.633 0.588 0.579 0.521 0.455 
0.511 0.477 0.562 0.55 0.641 0.528 0.529 0.358 0.396 0.337 
0.353 0.34 0.336 0.346 0.337 0.35 0.38 0.371 0.349 0.381 
0.429 0.438 0.425 0.513 0.605 0.674 0.669 0.927 1.05 1.05 
0.92 0.695 0.539 0.573 0.56 0.489 0.423 0.492 0.461 0.56 
0.584 0.643 0.554 0.506 0.508 0.478 0.43 0.394 0.426 0.415 
0.391 0.48 0.511 0.476 0.533 0.554 0.494 0.489 0.384 0.419 
0.402 0.421 0.373 0.329 0.317 0.358 0.321 0.307 0.326 0.345 
0.346 0.328 0.339 0.384 0.412 0.324 0.333 0.41 0.386 0.354 
0.429 0.524 0.531 0.468 0.61 0.574 0.488 0.576 0.537 0.432 
0.466 0.519 0.479 0.471 0.522 0.526 0.507 0.572 0.527 0.579 
0.495 0.437 0.463 0.436 0.475 0.446 0.444 0.458 0.484 0.481 
0.426 0.397 0.472 0.445 0.517 0.536 0.594 0.549 0.591 0.458 
0.423 0.422 0.407 0.455 0.403 0.433 0.451 0.333 0.334 0.408 
0.407 0.327 0.417 0.486 0.434 0.426 0.539 0.565 0.616 0.563 
0.478 0.583 0.59 0.568 0.494 0.46 0.505 0.469 0.386 0.436 
0.484 0.401 0.377 0.441 0.445 0.381 0.463 0.429 0.431 0.505 
0.479 0.399 0.362 0.441 0.442 0.418 0.461 0.552 0.575 0.567 
0.414 0.409 0.326 0.38 0.363 0.348 0.366 0.345 0.4 0.416 
0.455 0.423 0.431 0.382 0.37 0.317 0.325 0.288 0.287 0.295 
0.281 0.327 0.385 0.483 0.517 0.467 0.439 0.344 0.296 0.292 
0.27 0.29 0.29 0.29 0.307 0.333 0.357 0.395 0.421 0.429 
0.492 0.473 0.533 0.512 0.414 0.406 0.405 0.366 0.325 0.388 
0.407 0.366 0.383 0.465 0.537 0.485 0.521 0.569 
END
