PFRMAT local QA
AUTHOR MASS-CASP14
af2-standard_T1186_3.pdb local_accuracy_only 3.023 2.313 1.782 1.502 1.497 1.318 1.056 1.174 1.296 1.148 1.161 
1.337 1.532 1.72 1.967 1.537 0.991 0.697 0.005 0.002 0.0 
0.008 0.281 1.14 1.501 2.161 2.558 2.366 1.868 1.439 1.19 
1.064 0.968 0.989 1.108 1.053 0.95 0.805 0.613 0.776 0.712 
0.808 0.762 0.845 0.746 0.795 0.705 0.875 0.832 0.733 0.803 
0.78 0.733 0.811 0.993 1.085 1.192 1.36 1.433 1.556 1.785 
1.58 1.146 1.117 1.23 1.223 1.078 1.034 1.013 1.022 1.377 
1.525 1.723 1.718 1.453 1.78 1.934 1.463 1.277 1.365 1.265 
1.077 1.356 1.336 1.152 1.211 1.217 1.088 0.982 0.847 0.756 
0.791 0.899 0.89 0.699 0.824 0.873 0.838 0.854 0.77 0.831 
0.979 0.957 0.897 0.95 0.966 0.865 0.816 0.938 0.933 0.744 
0.841 1.027 1.086 1.051 1.168 1.247 1.262 1.593 1.236 1.021 
1.157 1.211 1.084 0.954 1.088 1.227 1.226 1.424 1.39 1.467 
1.234 1.075 1.168 1.153 1.354 1.337 1.302 1.309 1.214 1.221 
1.133 1.231 1.375 1.275 1.575 1.608 1.82 1.361 1.303 1.023 
0.913 0.753 0.765 0.76 0.465 0.0 0.0 0.0 0.0 0.0 
0.0 0.397 0.905 1.045 0.949 1.186 1.269 1.423 1.69 1.725 
1.686 1.628 1.706 1.572 1.096 0.943 1.131 0.932 0.807 0.935 
1.016 0.851 0.931 1.037 1.209 1.112 1.248 1.254 1.625 1.79 
1.939 1.353 1.19 1.389 1.431 1.465 1.342 1.716 1.77 1.528 
1.051 0.989 0.872 0.977 0.905 0.717 0.763 0.872 0.908 1.068 
1.167 1.203 1.256 1.16 1.108 1.077 0.914 0.875 0.944 0.979 
1.002 1.169 1.808 2.53 2.659 2.653 1.842 1.301 0.935 0.72 
0.187 0.074 0.051 0.245 0.786 0.992 1.205 1.635 1.751 1.775 
2.144 2.299 2.348 2.131 1.854 1.918 1.797 1.297 1.102 1.312 
1.282 1.149 1.221 1.378 1.391 1.354 1.755 2.956 
END
