PFRMAT local QA
AUTHOR MASS-CASP14
af2-standard_T1157s2_4.pdb local_accuracy_only 4.211 2.481 1.603 1.44 1.573 1.58 1.903 2.405 2.698 2.412 2.082 
2.107 2.263 2.119 2.071 2.328 2.938 2.934 2.767 1.67 1.159 
1.01 1.033 0.999 0.785 0.935 1.043 1.496 1.681 1.508 1.601 
1.453 1.291 1.488 1.582 1.416 1.524 1.64 1.57 1.45 1.666 
1.676 1.568 1.701 1.754 1.828 1.952 2.806 3.462 3.346 2.714 
1.614 1.377 1.089 1.011 1.019 0.902 0.971 1.005 1.214 1.523 
1.609 1.72 1.602 1.389 1.465 1.726 1.661 1.582 1.551 1.386 
1.75 2.084 1.58 1.503 1.143 0.962 1.076 0.893 0.961 1.257 
1.77 2.139 2.403 2.135 1.692 1.819 1.991 1.93 2.497 2.459 
2.39 2.254 1.873 1.906 2.067 1.831 1.574 1.598 1.736 1.63 
1.457 1.572 1.931 1.902 1.99 2.365 2.398 2.366 1.794 2.021 
2.073 2.087 2.627 3.389 3.52 2.686 2.389 2.857 2.765 2.538 
2.768 3.246 3.422 3.15 2.255 1.861 1.652 1.675 1.489 1.504 
1.448 1.597 2.021 2.659 2.809 2.632 2.684 2.607 2.583 2.538 
2.453 2.128 1.928 2.156 1.947 1.747 1.688 1.96 2.12 1.919 
2.323 2.568 2.335 1.783 1.66 1.474 1.521 1.788 2.017 2.58 
2.858 3.281 3.36 3.016 3.399 3.654 3.959 3.524 3.437 3.255 
4.007 3.698 3.742 2.952 2.919 2.774 2.407 2.584 2.748 3.596 
3.67 5.205 5.487 6.132 4.702 5.061 4.169 3.811 4.445 3.924 
3.622 2.859 2.645 2.798 2.904 2.595 2.097 2.565 2.288 2.104 
2.07 2.335 2.364 2.087 1.985 1.993 1.843 1.59 1.355 1.715 
1.643 1.43 1.729 2.11 2.094 1.894 1.632 2.031 1.87 1.53 
1.74 2.157 2.23 1.921 1.505 1.125 0.938 1.0 0.997 0.956 
0.972 1.188 1.534 1.613 1.668 1.721 1.454 1.41 1.795 1.744 
1.597 1.802 1.891 1.783 1.553 1.86 1.838 1.684 1.541 1.665 
1.701 1.762 1.797 2.108 1.794 1.419 1.172 1.007 1.11 1.06 
1.02 1.17 1.213 1.635 1.877 1.717 1.985 1.869 1.739 1.384 
1.885 1.753 1.822 1.687 1.634 1.869 2.352 2.572 1.774 1.356 
1.322 1.003 0.873 0.916 0.899 1.137 1.304 1.715 2.126 2.166 
1.905 1.624 1.335 1.279 1.188 1.405 1.657 2.092 2.463 2.379 
2.438 2.108 2.398 2.4 2.417 1.885 1.588 1.751 1.92 1.636 
1.499 1.643 1.528 1.368 1.626 1.814 1.954 1.864 1.948 1.86 
1.978 2.037 1.961 1.964 2.353 2.837 3.315 3.894 4.207 5.067 
4.673 4.242 4.428 3.918 2.65 1.678 1.514 1.444 1.258 1.253 
1.39 1.646 1.481 1.385 1.811 2.022 1.959 1.658 1.816 2.007 
1.789 1.663 1.517 1.141 0.992 0.96 0.927 0.86 0.809 0.905 
1.095 1.487 1.506 1.375 1.393 1.518 1.208 1.432 1.523 1.383 
1.526 1.777 1.726 1.614 1.666 1.741 1.625 2.003 2.171 2.527 
2.396 3.15 3.66 4.5 4.371 3.497 3.103 2.831 1.944 1.426 
1.05 0.911 0.886 0.815 0.831 0.932 1.099 1.343 1.518 1.643 
1.643 1.759 2.027 1.982 2.022 2.083 2.053 1.657 1.0 0.295 
0.049 0.022 0.008 0.045 0.313 1.021 1.294 1.681 1.603 1.521 
1.538 1.522 1.4 1.185 1.218 1.39 1.617 2.087 1.895 2.0 
1.77 1.481 1.599 1.483 1.368 1.386 1.256 1.225 1.244 1.479 
1.541 1.528 1.559 1.33 1.426 1.506 1.641 1.647 1.443 1.927 
2.032 2.78 3.3 4.139 5.633 7.761 10.347 13.15 15.0 15.0 
15.0 15.0 15.0 15.0 15.0 15.0 15.0 9.906 10.102 9.936 
9.013 9.272 9.035 8.849 9.172 9.31 9.378 9.92 8.406 9.074 
10.143 10.418 11.89 10.946 11.865 9.637 10.782 10.09 11.428 11.236 
11.098 11.237 13.258 15.0 
END
