PFRMAT local QA
AUTHOR LAW-CASP14
af2-standard_T1157s2_4.pdb local_accuracy_only 1.094 1.066 0.849 0.834 0.784 0.87 1.106 1.344 1.583 1.406 1.339 
1.52 1.51 1.405 1.109 1.42 1.401 1.04 1.094 0.829 0.699 
0.689 0.628 0.775 0.719 0.793 0.903 1.045 1.269 0.96 1.223 
0.965 0.909 1.06 1.131 1.04 1.055 1.101 1.102 0.924 1.045 
1.072 0.972 0.991 1.147 1.102 1.01 1.174 1.215 1.14 1.132 
0.959 0.827 0.756 0.681 0.705 0.762 0.88 0.967 1.097 1.168 
1.118 1.268 1.371 1.228 1.131 1.403 1.4 1.315 1.46 1.024 
1.176 0.894 0.819 0.816 0.819 0.728 0.7 0.669 0.775 1.006 
1.248 1.272 1.428 1.162 0.999 0.841 0.855 0.858 1.155 1.222 
1.346 1.172 1.1 1.063 1.041 1.135 0.993 0.978 1.069 0.947 
0.92 1.01 1.028 0.971 1.064 1.17 1.146 1.008 0.857 0.856 
0.856 0.888 1.161 1.431 1.646 1.407 1.27 1.581 1.473 1.067 
1.052 1.325 1.214 1.041 1.074 0.793 0.735 0.592 0.579 0.617 
0.717 0.819 1.063 1.59 1.881 1.242 1.678 1.363 1.127 1.07 
1.255 1.203 1.02 1.054 1.117 1.086 0.939 1.078 1.089 1.05 
0.969 1.062 1.001 0.831 0.822 0.67 0.657 0.702 0.796 1.023 
1.091 1.198 1.496 1.306 1.129 1.434 1.488 1.346 1.322 0.99 
1.01 0.918 0.8 0.736 0.612 0.644 0.715 0.682 0.894 0.928 
0.996 0.982 1.087 0.991 0.901 0.911 0.807 0.809 0.935 1.166 
1.668 1.393 1.642 1.298 1.526 1.427 1.182 1.291 1.363 1.172 
1.184 1.309 1.279 1.12 1.041 1.106 0.955 0.758 0.728 0.801 
0.871 0.954 1.233 1.813 1.885 1.534 1.455 1.578 1.269 0.972 
0.928 1.143 1.0 0.915 0.764 0.603 0.537 0.474 0.443 0.482 
0.513 0.576 0.613 0.687 0.716 0.815 0.726 0.658 0.852 0.875 
0.767 0.823 0.883 0.877 0.811 0.833 0.841 0.856 0.718 0.819 
0.845 0.784 0.782 0.846 0.743 0.658 0.652 0.579 0.583 0.626 
0.618 0.705 0.644 0.723 0.77 0.741 0.729 0.775 0.724 0.638 
0.695 0.65 0.524 0.644 0.574 0.708 0.758 0.762 0.667 0.597 
0.548 0.503 0.458 0.439 0.428 0.479 0.619 0.733 0.832 0.838 
0.727 0.676 0.568 0.522 0.493 0.462 0.622 0.629 0.83 0.822 
0.918 0.733 0.889 0.884 0.966 0.947 0.859 0.945 0.94 0.821 
0.9 0.934 1.023 0.982 1.046 1.107 1.124 1.128 0.935 0.937 
0.755 0.731 1.01 1.129 1.459 1.541 2.195 1.985 2.721 3.382 
3.48 2.392 1.726 1.32 1.073 0.918 0.958 0.986 0.94 1.051 
1.146 1.272 1.178 1.062 1.187 1.204 1.114 0.967 1.044 1.016 
1.065 0.964 0.812 0.832 0.734 0.741 0.706 0.643 0.647 0.561 
0.578 0.589 0.675 0.596 0.773 0.731 0.626 0.75 0.84 0.836 
0.833 0.902 0.943 0.854 0.985 0.938 0.897 0.887 0.974 1.037 
0.987 1.084 1.152 1.234 1.265 1.137 1.062 0.999 0.916 0.843 
0.767 0.756 0.731 0.68 0.66 0.657 0.739 0.718 1.036 0.949 
1.094 1.115 1.396 1.448 1.513 1.003 1.079 0.885 0.688 0.615 
0.778 0.739 0.814 0.874 0.909 0.993 0.969 1.295 1.17 1.148 
1.16 1.122 1.054 1.028 0.987 1.0 1.485 1.334 1.358 1.154 
1.171 1.004 1.128 1.164 1.072 1.111 1.22 1.167 1.198 1.332 
1.392 1.29 1.199 1.385 1.25 1.522 1.315 1.5 1.344 2.208 
1.724 7.04 6.788 12.803 14.558 15.0 15.0 15.0 15.0 15.0 
15.0 15.0 15.0 15.0 15.0 15.0 15.0 15.0 15.0 15.0 
15.0 15.0 15.0 15.0 15.0 15.0 15.0 15.0 15.0 15.0 
15.0 15.0 15.0 15.0 15.0 15.0 15.0 15.0 15.0 15.0 
15.0 15.0 15.0 15.0 
END
