PFRMAT local QA
AUTHOR LAW-CASP14
af2-standard_T1130_5.pdb local_accuracy_only 15.0 15.0 15.0 15.0 15.0 12.37 14.157 12.128 8.773 8.915 5.767 
6.988 2.729 4.119 3.548 5.916 6.177 5.631 8.535 9.147 5.51 
9.129 8.707 8.272 10.698 11.274 9.486 9.152 8.923 6.863 5.846 
5.709 4.952 3.321 3.018 3.192 2.791 2.125 2.471 2.609 2.448 
2.373 2.239 2.002 2.041 2.151 2.178 2.123 3.138 3.044 3.547 
4.541 4.978 5.223 5.766 6.469 6.398 6.922 8.231 9.166 12.01 
12.47 13.356 13.844 13.661 13.492 11.768 10.493 9.092 9.666 8.747 
8.726 7.806 9.135 8.538 9.869 10.105 11.159 11.518 11.359 9.875 
10.266 11.262 11.239 9.528 8.966 5.535 3.451 3.451 3.331 3.149 
2.77 3.425 3.501 3.064 4.265 4.598 4.519 4.25 6.377 5.809 
6.441 7.862 10.794 11.682 12.554 11.775 10.119 9.381 8.419 8.195 
6.784 6.416 6.053 4.994 4.125 3.872 3.202 2.764 2.302 2.287 
2.205 2.164 2.034 2.273 2.319 2.297 2.36 2.967 2.512 3.014 
3.345 3.67 2.75 2.654 3.28 2.734 2.654 2.795 2.637 2.446 
2.432 2.343 2.328 2.425 2.269 2.192 2.263 2.54 2.241 2.236 
2.821 2.585 2.536 2.655 2.748 2.895 3.542 3.426 3.666 3.816 
2.562 2.201 2.069 2.295 1.97 1.983 1.948 1.946 2.089 2.11 
2.263 2.185 2.749 2.944 3.042 3.805 5.001 5.327 6.793 8.983 
9.275 7.404 9.034 9.457 8.999 7.499 8.86 10.343 10.142 10.88 
12.685 14.256 14.769 15.0 15.0 15.0 15.0 
END
