PFRMAT local QA
AUTHOR MASS-CASP14
af2-standard_T1130_5.pdb local_accuracy_only 15.0 14.695 13.527 10.955 12.704 10.942 12.16 13.367 15.0 14.478 11.124 
7.143 4.418 4.307 3.629 4.121 3.779 3.547 3.925 3.976 4.287 
5.463 5.854 9.324 10.955 11.881 11.963 13.058 10.207 10.364 8.538 
5.979 4.665 3.702 3.183 3.389 3.657 3.788 3.874 4.407 4.291 
4.01 4.35 3.772 3.749 4.061 3.836 3.242 3.876 4.55 4.758 
5.308 4.948 6.321 6.927 8.409 9.85 11.1 10.598 11.771 11.332 
12.297 10.369 11.651 8.57 6.375 4.559 3.517 2.825 3.074 3.142 
2.61 2.853 2.986 3.118 4.243 5.379 6.345 6.901 8.691 9.884 
12.511 13.483 12.153 10.179 11.533 11.474 10.312 8.198 7.211 6.355 
4.984 5.202 5.514 5.362 5.124 5.947 5.347 5.952 7.387 8.962 
11.849 11.017 11.819 15.0 12.596 10.527 7.824 6.66 5.683 5.114 
3.97 4.079 3.984 3.74 2.794 2.834 2.695 2.573 2.37 2.505 
2.83 2.33 2.255 2.796 2.632 2.655 3.275 3.491 3.367 3.888 
4.07 4.543 4.627 4.098 4.674 4.289 5.092 5.311 4.774 5.223 
5.519 5.263 5.001 4.943 5.405 4.786 4.881 5.419 6.755 7.186 
8.866 9.215 10.375 9.449 10.506 10.161 8.245 7.416 6.609 5.272 
4.147 2.853 3.299 3.03 2.37 2.548 2.469 2.327 2.268 2.39 
2.543 2.584 2.335 2.564 2.776 3.024 2.939 3.39 4.381 4.426 
4.536 4.941 4.521 4.096 5.069 6.064 5.361 6.863 7.858 9.035 
9.003 13.095 15.0 15.0 15.0 15.0 15.0 
END
