PFRMAT local QA
AUTHOR LAW-CASP14
af2-standard_T1157s2_5.pdb local_accuracy_only 1.176 1.115 0.876 0.855 0.782 0.863 1.083 1.318 1.557 1.401 1.345 
1.593 1.615 1.486 1.193 1.597 1.556 1.108 1.219 0.871 0.717 
0.719 0.643 0.805 0.732 0.809 0.926 1.091 1.377 1.002 1.28 
0.994 0.938 1.094 1.148 1.062 1.073 1.112 1.106 0.953 1.05 
1.065 0.995 0.998 1.14 1.097 1.0 1.179 1.225 1.144 1.117 
0.948 0.84 0.774 0.694 0.71 0.767 0.897 0.96 1.113 1.176 
1.107 1.233 1.326 1.212 1.108 1.332 1.349 1.267 1.402 1.023 
1.16 0.914 0.846 0.834 0.819 0.74 0.719 0.683 0.815 1.049 
1.392 1.426 1.604 1.321 1.067 0.879 0.879 0.836 1.148 1.204 
1.342 1.159 1.129 1.075 1.066 1.161 1.01 1.0 1.127 0.984 
0.959 1.025 1.074 1.033 1.094 1.172 1.104 1.015 0.857 0.832 
0.843 0.866 1.135 1.411 1.641 1.397 1.257 1.598 1.486 1.053 
1.032 1.362 1.212 1.059 1.098 0.788 0.729 0.585 0.565 0.61 
0.711 0.863 1.172 1.94 2.372 1.614 1.992 1.537 1.231 1.167 
1.391 1.333 1.118 1.171 1.282 1.217 1.02 1.219 1.298 1.132 
1.011 1.117 1.073 0.838 0.852 0.66 0.644 0.685 0.782 1.056 
1.035 1.174 1.404 1.247 1.085 1.371 1.414 1.296 1.279 0.973 
0.994 0.928 0.791 0.734 0.602 0.635 0.706 0.678 0.905 0.967 
1.056 1.048 1.152 1.028 0.933 0.912 0.804 0.817 0.944 1.21 
1.797 1.514 1.777 1.409 1.622 1.619 1.256 1.397 1.458 1.232 
1.24 1.401 1.386 1.168 1.08 1.223 1.02 0.846 0.786 0.87 
1.012 0.944 1.455 1.934 1.931 1.632 1.501 1.63 1.423 0.965 
0.956 1.191 1.026 0.913 0.768 0.612 0.547 0.493 0.472 0.509 
0.542 0.609 0.667 0.766 0.793 0.892 0.781 0.715 0.907 0.915 
0.788 0.868 0.9 0.899 0.846 0.896 0.905 0.927 0.779 0.92 
0.94 0.862 0.832 0.803 0.75 0.668 0.652 0.601 0.603 0.666 
0.646 0.735 0.696 0.799 0.85 0.817 0.846 0.873 0.831 0.703 
0.777 0.725 0.551 0.634 0.604 0.736 0.811 0.812 0.672 0.621 
0.565 0.522 0.467 0.447 0.443 0.493 0.619 0.75 0.855 0.884 
0.757 0.672 0.551 0.525 0.501 0.471 0.65 0.649 0.884 0.862 
0.957 0.745 0.908 0.9 0.969 0.951 0.856 0.95 0.916 0.795 
0.86 0.867 0.911 0.868 0.921 0.944 0.942 0.938 0.802 0.789 
0.659 0.64 0.915 0.918 1.171 1.186 1.778 1.79 2.579 3.204 
3.181 2.27 1.528 1.277 1.05 0.928 0.951 1.053 0.946 1.019 
1.066 1.203 1.147 1.023 1.1 1.112 1.051 0.893 0.971 0.933 
0.992 0.916 0.781 0.832 0.723 0.734 0.695 0.645 0.656 0.575 
0.597 0.616 0.713 0.622 0.819 0.761 0.653 0.783 0.872 0.876 
0.87 0.933 0.969 0.92 1.011 0.962 0.913 0.895 0.987 1.049 
0.98 1.032 1.138 1.213 1.249 1.126 1.054 1.005 0.919 0.84 
0.775 0.745 0.736 0.686 0.673 0.66 0.736 0.712 0.915 0.885 
0.996 1.064 1.308 1.386 1.473 1.016 1.121 0.915 0.717 0.631 
0.789 0.746 0.806 0.865 0.845 0.955 0.96 1.226 1.091 1.067 
1.064 1.043 0.994 1.0 0.979 1.007 1.562 1.419 1.459 1.238 
1.237 1.05 1.212 1.232 1.113 1.164 1.288 1.232 1.17 1.397 
1.416 1.293 1.21 1.387 1.256 1.545 1.358 1.543 1.387 2.474 
2.01 8.801 10.829 15.0 15.0 15.0 15.0 15.0 15.0 15.0 
15.0 15.0 15.0 15.0 15.0 15.0 15.0 15.0 15.0 15.0 
15.0 15.0 15.0 15.0 15.0 15.0 15.0 15.0 15.0 15.0 
15.0 15.0 15.0 15.0 15.0 15.0 15.0 15.0 15.0 15.0 
15.0 15.0 15.0 15.0 
END
