PFRMAT local QA
AUTHOR MASS-CASP14
af2-standard_T1157s2_5.pdb local_accuracy_only 4.128 2.432 1.541 1.411 1.537 1.546 1.906 2.419 2.702 2.376 2.138 
2.174 2.31 2.156 2.196 2.42 3.048 3.022 2.841 1.667 1.137 
0.998 1.011 0.97 0.755 0.911 1.033 1.515 1.738 1.561 1.653 
1.486 1.323 1.54 1.637 1.437 1.591 1.687 1.647 1.502 1.748 
1.757 1.675 1.784 1.859 1.895 1.913 2.602 3.534 3.383 2.562 
1.487 1.32 1.055 0.967 1.005 0.887 0.968 0.989 1.244 1.668 
1.696 1.714 1.589 1.375 1.387 1.612 1.614 1.465 1.415 1.275 
1.66 1.995 1.525 1.407 1.092 0.931 1.043 0.873 0.975 1.253 
1.689 2.056 2.278 2.02 1.591 1.727 1.833 1.809 2.344 2.364 
2.282 2.083 1.745 1.77 1.923 1.707 1.45 1.495 1.626 1.535 
1.345 1.505 1.792 1.743 1.802 2.027 1.982 1.921 1.503 1.756 
1.794 1.86 2.315 3.005 3.209 2.496 2.324 2.663 2.783 2.441 
2.783 3.273 3.482 3.222 2.282 1.889 1.66 1.661 1.488 1.506 
1.432 1.669 2.252 3.049 3.125 2.884 3.0 2.904 2.9 2.886 
2.806 2.475 2.342 2.581 2.318 2.121 2.07 2.39 2.53 2.313 
2.616 2.904 2.626 1.846 1.721 1.49 1.568 1.825 2.01 2.517 
2.739 3.047 3.069 2.737 3.141 3.357 3.563 3.23 3.119 2.894 
3.574 3.399 3.287 2.566 2.489 2.289 2.039 2.168 2.432 3.351 
3.418 5.028 5.378 6.173 4.694 5.033 4.176 3.803 4.456 3.963 
3.606 2.834 2.634 2.7 2.777 2.466 2.059 2.518 2.182 2.067 
2.107 2.438 2.572 2.269 2.096 2.07 1.861 1.585 1.341 1.712 
1.683 1.477 1.766 2.062 2.276 2.149 1.845 2.299 2.043 1.713 
1.875 2.27 2.283 1.963 1.494 1.112 0.917 0.971 0.948 0.919 
0.956 1.151 1.535 1.575 1.641 1.687 1.4 1.357 1.716 1.674 
1.485 1.748 1.826 1.781 1.56 1.842 1.795 1.66 1.533 1.633 
1.656 1.752 1.806 2.035 1.711 1.394 1.147 1.027 1.127 1.091 
1.05 1.205 1.241 1.762 1.977 1.753 2.082 1.986 1.739 1.43 
1.841 1.686 1.637 1.576 1.536 1.772 2.14 2.371 1.693 1.255 
1.199 0.976 0.885 0.923 0.901 1.175 1.374 1.832 2.269 2.382 
1.933 1.541 1.294 1.232 1.161 1.371 1.608 2.038 2.461 2.454 
2.561 2.229 2.456 2.351 2.367 1.827 1.557 1.716 1.882 1.546 
1.443 1.596 1.486 1.35 1.595 1.755 1.813 1.736 1.742 1.658 
1.652 1.76 1.716 1.754 2.107 2.592 2.801 3.375 3.518 4.412 
4.17 3.749 3.989 3.53 2.325 1.526 1.372 1.294 1.148 1.144 
1.314 1.555 1.385 1.312 1.722 1.809 1.709 1.424 1.516 1.603 
1.4 1.266 1.244 0.971 0.854 0.852 0.814 0.701 0.737 0.864 
1.092 1.497 1.508 1.392 1.388 1.487 1.188 1.416 1.504 1.359 
1.504 1.76 1.725 1.599 1.662 1.725 1.626 2.081 2.248 2.61 
2.392 3.134 3.509 3.994 3.816 3.035 2.6 2.403 1.673 1.309 
1.037 0.919 0.9 0.836 0.863 0.959 1.098 1.339 1.516 1.664 
1.679 1.727 1.974 1.947 1.971 2.012 1.986 1.605 0.889 0.173 
0.018 0.007 0.002 0.014 0.097 0.911 1.123 1.462 1.409 1.418 
1.484 1.509 1.367 1.177 1.231 1.429 1.66 2.167 2.057 2.187 
1.895 1.612 1.814 1.625 1.45 1.523 1.398 1.304 1.315 1.528 
1.583 1.504 1.549 1.347 1.392 1.491 1.644 1.642 1.438 1.873 
2.097 2.75 3.408 4.137 5.587 7.36 9.133 13.463 13.352 15.0 
15.0 15.0 15.0 15.0 15.0 15.0 15.0 15.0 12.904 12.594 
9.658 9.114 8.389 8.399 8.464 8.767 9.175 9.95 8.378 8.959 
9.807 9.511 10.981 10.314 10.47 8.569 9.884 9.674 11.494 11.294 
12.463 12.277 13.655 15.0 
END
