PFRMAT local QA
AUTHOR MASS-CASP14
af2-standard_T1165_1.pdb local_accuracy_only 8.202 6.899 6.214 5.936 6.462 8.112 8.493 8.238 8.383 8.654 7.369 
6.768 6.979 6.16 5.095 4.613 4.334 4.047 2.442 2.626 2.692 
2.507 2.129 2.252 2.423 2.359 2.536 3.216 3.271 3.215 3.258 
3.212 2.459 1.699 1.571 1.796 1.704 1.566 1.781 2.016 1.97 
2.076 2.18 1.855 1.891 1.672 1.54 1.339 1.2 1.067 1.076 
1.284 1.319 1.115 1.292 1.345 1.154 1.116 1.119 1.041 0.957 
1.227 1.292 1.183 1.2 1.342 1.39 1.27 1.335 1.533 1.666 
1.418 1.396 1.411 1.684 2.077 2.43 2.69 2.805 2.741 4.109 
3.893 3.74 3.34 3.356 3.172 2.714 2.681 2.272 2.257 2.245 
1.726 1.282 1.213 1.342 1.255 1.056 1.212 1.208 1.13 1.116 
1.137 1.09 1.163 1.326 1.308 1.107 1.131 1.399 1.372 1.282 
1.592 1.659 1.726 1.921 1.575 1.527 1.784 1.83 2.029 1.858 
1.265 1.303 1.301 1.467 1.288 1.195 1.068 1.252 1.241 1.194 
1.087 1.236 0.963 0.985 0.955 1.036 1.061 0.998 1.153 1.041 
1.025 1.006 1.236 1.183 1.328 1.348 1.483 1.513 1.709 2.302 
3.4 4.007 4.632 5.471 5.214 6.558 7.115 6.351 4.745 3.733 
2.831 2.828 2.412 2.35 1.906 1.856 1.837 2.095 1.864 1.951 
1.826 2.326 2.169 2.287 2.521 2.791 2.501 3.396 4.05 5.279 
5.846 7.53 8.332 9.92 8.94 8.729 6.394 5.178 3.599 2.787 
2.693 2.467 2.295 1.915 2.562 2.956 3.51 4.467 3.83 3.615 
2.597 2.426 2.321 2.064 1.413 1.71 1.742 1.422 1.48 1.499 
1.388 1.27 1.301 1.602 2.314 2.929 3.685 5.458 7.212 9.818 
14.011 15.0 15.0 15.0 15.0 15.0 15.0 15.0 14.142 9.116 
7.619 7.041 5.004 4.118 3.414 3.214 3.104 2.575 3.023 3.027 
3.507 4.321 4.551 3.954 2.928 3.956 3.698 3.298 2.268 1.905 
2.085 2.031 1.551 1.537 1.891 1.946 1.988 1.923 2.052 2.045 
1.53 1.7 1.614 1.74 1.32 1.023 1.296 1.178 1.056 1.024 
1.137 1.138 1.06 1.266 1.256 1.293 1.44 1.431 1.371 1.712 
2.343 3.153 3.699 3.999 3.368 2.374 2.083 2.094 1.491 1.567 
1.446 1.485 1.376 1.122 1.247 1.245 1.145 1.228 1.186 1.27 
1.254 1.309 1.307 1.292 1.315 1.405 1.538 1.547 2.048 2.368 
2.539 2.009 1.668 1.817 2.603 2.596 2.203 2.215 2.137 2.162 
2.237 1.99 2.262 1.926 1.658 1.83 1.847 1.723 1.688 1.918 
1.994 2.354 3.282 3.6 4.062 3.389 3.149 2.087 1.603 1.545 
1.582 1.434 1.265 1.248 1.426 1.432 1.496 1.31 1.375 1.331 
1.203 1.298 1.233 1.285 1.546 2.119 2.284 2.462 2.138 1.728 
1.405 1.311 1.349 1.045 1.004 1.164 1.236 1.319 1.44 1.486 
1.907 2.24 2.08 2.204 1.997 1.584 1.367 1.599 1.802 1.748 
1.728 1.919 2.049 2.296 2.196 2.627 2.47 2.229 2.687 3.02 
3.134 3.073 2.922 2.463 2.084 1.946 2.117 2.069 1.928 1.703 
1.694 1.679 1.393 1.344 1.516 1.552 1.467 1.612 1.918 2.045 
2.525 3.389 3.903 4.333 4.466 3.499 2.94 2.863 2.584 1.883 
1.806 1.73 1.669 1.568 1.337 1.355 1.86 1.753 1.642 1.593 
1.562 1.696 1.836 2.338 2.542 3.479 4.088 3.963 3.41 2.951 
2.905 2.759 2.408 2.008 2.003 1.842 1.783 1.924 1.868 1.933 
2.062 2.32 2.458 2.716 2.294 2.864 3.42 3.507 2.875 2.409 
2.259 1.86 1.608 1.318 1.376 1.506 1.543 1.702 1.434 1.279 
1.35 1.324 1.239 1.202 1.343 1.525 1.378 1.416 1.5 1.547 
1.322 1.472 1.909 1.977 1.984 2.4 2.32 2.917 3.576 3.85 
3.821 4.389 4.386 4.467 4.663 4.123 4.453 4.018 3.014 2.029 
1.894 1.575 1.639 1.703 1.642 1.762 1.752 1.51 1.706 1.681 
1.454 1.643 1.846 1.963 1.837 1.976 1.858 1.98 1.717 1.79 
1.798 1.946 2.138 2.72 3.428 3.458 3.475 2.98 2.907 2.221 
2.268 2.212 1.756 1.615 1.674 1.642 1.72 1.467 1.437 1.628 
1.544 1.4 1.4 1.355 1.322 1.357 1.695 1.73 1.858 1.99 
1.425 1.316 1.183 1.181 1.31 1.02 1.108 1.168 1.273 1.346 
1.327 1.301 1.239 1.347 1.291 1.266 1.171 1.15 1.351 1.438 
1.74 1.47 1.611 1.453 1.72 1.999 1.986 1.713 1.956 2.187 
2.266 2.183 1.789 1.96 2.039 1.752 1.585 1.398 1.754 1.909 
1.779 1.934 1.85 1.62 1.396 1.378 1.524 1.385 1.27 1.383 
1.356 1.377 1.374 1.396 1.548 1.755 1.575 1.36 1.211 1.105 
1.14 0.963 0.882 0.947 1.161 1.434 1.425 1.367 1.277 1.449 
1.374 1.154 1.457 1.894 1.943 1.82 1.591 1.454 1.756 1.774 
1.448 1.34 1.253 1.287 1.302 1.426 1.597 1.918 1.864 1.742 
1.64 1.729 1.511 1.66 2.234 2.998 3.212 2.691 2.3 1.971 
1.955 1.619 1.312 1.271 1.248 1.293 1.038 1.331 1.337 1.243 
1.31 1.362 1.425 1.324 1.568 1.586 1.352 1.302 1.493 1.42 
1.123 1.176 1.231 1.253 1.149 1.11 1.266 1.348 1.289 1.469 
1.486 1.566 1.834 2.206 2.163 2.258 2.7 3.18 3.898 4.243 
3.709 3.215 2.766 2.721 2.688 2.585 3.104 3.627 3.504 3.13 
2.612 2.301 2.383 2.332 2.687 2.637 3.156 3.377 4.616 5.674 
5.639 7.25 7.874 9.438 11.252 11.391 11.52 11.849 9.364 7.676 
7.5 6.649 5.486 5.23 4.531 3.562 2.647 2.564 2.438 2.154 
1.394 1.801 1.755 1.377 1.078 1.29 1.393 1.263 1.197 1.463 
1.486 1.555 1.642 1.91 2.131 2.687 2.749 2.169 1.886 2.134 
1.958 1.654 1.965 1.898 1.505 1.421 1.438 1.381 1.468 1.414 
1.118 1.176 1.323 1.227 1.214 1.26 1.408 1.812 1.866 1.917 
1.96 1.954 2.353 2.102 2.347 2.202 1.84 1.701 1.517 1.307 
1.433 1.436 1.164 1.404 1.51 1.284 1.308 1.45 1.437 1.484 
1.754 2.377 2.771 2.632 2.715 2.827 2.305 2.011 1.71 2.062 
1.806 1.5 1.412 1.654 1.616 1.425 1.594 1.832 1.846 1.84 
2.202 2.101 1.971 2.081 2.219 1.817 1.725 2.063 2.803 3.217 
3.081 3.251 3.172 2.647 2.459 2.523 2.741 3.196 3.543 3.161 
3.072 2.558 2.116 1.608 1.464 1.555 1.385 1.249 1.233 1.262 
1.203 1.122 1.368 1.281 1.362 1.426 1.492 1.186 1.316 1.21 
1.349 1.245 1.584 1.908 1.968 2.234 2.826 3.186 3.387 3.745 
3.751 3.131 3.244 3.264 2.908 2.313 1.977 2.189 2.013 1.741 
1.794 1.936 1.922 2.087 2.906 3.422 3.861 3.07 2.644 2.218 
1.819 1.464 1.576 1.564 1.282 1.479 1.599 1.558 1.622 1.774 
1.671 1.712 1.915 2.108 2.084 2.11 1.92 2.018 1.695 2.074 
2.16 2.211 2.334 2.653 3.279 2.99 2.942 2.796 3.995 4.697 
4.822 6.108 5.996 7.671 8.257 10.486 10.393 9.433 10.057 8.807 
7.573 6.322 5.061 4.046 3.13 3.0 3.171 3.346 3.575 4.185 
5.321 7.053 8.493 13.068 15.0 15.0 15.0 15.0 15.0 12.596 
9.701 5.851 4.548 3.292 2.398 2.382 2.131 2.317 2.032 2.089 
2.147 1.886 1.702 1.932 1.981 1.556 1.586 1.743 1.722 1.499 
1.509 1.547 1.817 1.731 1.747 1.851 1.856 1.715 1.744 1.761 
1.519 1.377 1.63 1.709 2.145 2.714 3.684 4.336 4.698 4.327 
4.526 3.788 3.999 3.86 4.04 3.91 3.527 3.642 3.294 3.272 
2.856 2.502 2.058 1.754 2.001 1.943 1.612 1.278 1.56 1.878 
1.528 1.657 1.667 1.943 2.05 2.637 2.528 2.737 3.177 3.266 
3.306 3.286 2.559 2.194 1.837 1.542 1.554 1.602 1.524 1.394 
1.695 1.575 1.388 1.6 1.506 1.413 1.362 1.259 1.436 1.735 
2.247 2.748 3.46 5.273 5.386 5.494 4.979 3.736 2.985 2.053 
1.942 1.824 1.719 1.703 1.543 1.42 1.564 1.627 1.431 1.673 
1.778 1.866 1.884 1.49 1.41 1.622 1.56 1.387 1.272 1.328 
1.385 1.315 1.523 1.508 1.288 1.331 1.527 1.6 1.606 1.689 
1.726 2.027 2.264 2.543 3.074 3.727 4.027 4.715 4.753 4.966 
5.066 4.858 4.348 4.004 4.072 4.553 4.41 3.905 3.906 3.464 
2.78 2.17 2.095 2.354 2.061 1.845 2.105 2.075 1.934 1.714 
1.86 1.925 1.917 1.82 1.994 2.302 2.264 2.655 3.757 3.7 
3.226 3.072 3.05 2.868 2.633 2.676 2.517 2.382 2.734 2.688 
2.215 2.351 2.636 2.778 2.503 2.498 2.852 2.711 2.228 2.031 
2.041 2.117 1.922 1.822 1.813 1.72 1.592 1.598 1.356 1.159 
1.193 1.101 0.078 0.0 0.005 0.456 0.968 1.286 1.365 1.441 
1.731 1.854 2.372 2.236 2.328 2.276 2.44 2.822 3.023 3.469 
3.655 3.377 2.82 2.327 1.807 1.901 1.591 1.487 1.236 1.494 
1.391 1.422 1.493 1.487 1.348 1.322 1.448 1.332 1.223 1.4 
1.688 2.284 3.628 4.403 6.505 8.131 7.51 7.495 6.805 5.921 
4.709 4.472 4.039 3.776 3.747 3.344 3.225 3.249 3.024 2.981 
2.658 2.721 2.671 2.598 2.91 3.161 3.1 3.488 4.161 4.894 
4.842 4.764 4.757 4.12 4.076 3.98 3.522 2.73 3.471 3.219 
3.466 3.439 3.841 4.244 4.535 5.462 5.634 6.373 6.848 7.618 
8.321 9.534 8.603 8.238 7.711 7.32 6.765 6.48 6.228 6.406 
6.397 4.935 4.033 4.765 4.598 3.851 4.13 4.461 5.09 5.299 
6.452 8.058 8.019 8.924 8.138 9.151 8.412 9.455 9.292 11.014 
11.272 11.966 13.511 13.631 12.96 11.74 10.286 9.431 5.672 4.032 
3.612 3.086 2.853 2.669 2.044 2.773 3.451 2.671 2.695 2.983 
3.203 2.522 2.934 2.828 2.505 2.268 1.788 1.706 1.837 1.498 
1.348 1.371 1.414 1.288 1.378 1.508 1.39 1.229 1.663 1.693 
1.336 1.359 1.565 1.486 1.37 1.265 1.536 1.296 1.208 1.274 
1.357 1.365 1.698 2.313 3.001 3.899 4.634 4.851 4.242 3.183 
2.576 2.108 1.618 1.584 1.704 1.54 1.224 1.278 1.454 1.424 
1.286 1.489 1.706 1.686 2.044 2.184 2.337 1.886 1.904 1.617 
1.32 1.027 1.065 1.103 1.035 1.079 1.189 1.196 1.189 1.376 
1.384 1.288 1.26 1.654 2.02 2.258 2.165 1.901 1.905 2.488 
2.394 2.228 2.067 1.917 1.528 1.605 1.777 1.66 1.379 1.466 
1.658 1.557 1.529 1.78 2.151 2.373 2.445 3.016 3.793 4.271 
2.654 2.233 1.766 1.539 1.436 1.138 1.141 1.133 1.169 1.037 
1.075 1.049 1.131 1.09 1.27 1.29 1.198 1.21 1.544 1.512 
1.481 1.635 1.536 1.688 2.518 3.444 4.216 4.856 5.596 7.133 
9.378 10.123 9.926 10.286 11.281 11.326 11.302 11.315 9.325 8.935 
8.733 7.189 6.423 5.397 3.645 2.487 2.41 1.976 2.121 2.201 
2.443 1.908 1.581 1.69 1.49 1.476 1.437 1.519 1.589 1.581 
1.475 1.851 1.98 2.315 1.947 1.6 1.795 1.511 1.332 1.315 
1.221 1.183 1.128 1.106 1.142 1.121 1.132 1.01 1.039 1.142 
1.209 1.258 1.367 1.748 1.758 1.708 1.735 1.382 1.359 1.471 
1.369 1.163 1.262 1.761 2.084 2.09 1.642 1.538 1.792 1.587 
1.486 1.445 1.519 1.532 1.772 2.347 2.541 2.437 2.684 3.108 
3.015 3.17 2.501 1.897 2.223 1.783 1.463 1.523 1.614 1.42 
1.287 1.479 1.411 1.403 1.336 1.428 1.539 1.427 1.554 1.896 
2.222 2.23 2.443 2.125 1.517 1.478 1.68 1.416 1.269 1.395 
1.563 1.409 1.146 1.177 1.571 1.615 1.702 2.053 3.026 3.992 
5.999 7.347 9.381 7.818 8.528 7.137 5.545 4.642 3.526 3.215 
2.788 2.25 2.28 2.149 1.777 1.558 1.882 2.228 2.02 2.02 
1.761 1.545 1.417 1.286 1.273 1.292 1.344 1.505 1.504 1.319 
1.429 1.56 1.574 1.546 1.567 1.763 1.807 1.519 1.444 1.487 
1.942 2.063 1.96 2.672 3.764 4.791 4.991 5.427 5.166 5.826 
7.838 6.234 6.334 4.735 5.662 5.339 5.682 5.996 6.389 9.156 
9.507 13.507 14.858 15.0 15.0 15.0 15.0 15.0 15.0 15.0 
15.0 15.0 12.123 10.58 6.421 4.408 2.915 2.309 2.075 1.75 
1.561 1.546 1.584 1.449 1.225 1.155 1.486 1.47 1.455 1.609 
1.812 1.763 1.678 1.802 2.108 2.296 2.273 3.515 3.826 5.206 
5.464 7.686 8.062 8.64 9.064 11.059 12.194 14.388 14.724 15.0 
13.867 15.0 13.324 13.157 9.962 9.09 7.31 6.902 5.646 5.297 
4.56 3.45 2.734 2.302 2.093 1.846 1.755 1.729 1.546 1.593 
1.612 1.651 1.643 1.725 1.875 2.011 1.998 2.573 3.701 3.854 
3.916 4.151 3.192 3.069 2.706 2.1 1.7 1.773 2.074 1.822 
2.243 2.663 3.7 3.785 4.772 5.632 4.967 4.73 4.49 4.414 
3.802 3.089 2.891 2.538 2.421 2.082 1.827 1.541 1.645 1.603 
1.529 1.879 1.965 1.862 1.603 2.133 2.834 3.819 4.742 6.23 
5.871 6.243 5.712 4.541 3.71 3.088 2.879 2.318 2.065 1.672 
1.607 1.629 1.302 1.269 1.423 1.5 1.479 1.517 1.564 1.744 
1.729 1.695 1.575 1.421 1.419 1.372 1.606 2.149 2.558 3.338 
3.993 5.243 5.894 7.318 7.376 8.58 8.314 8.456 6.893 6.505 
5.77 5.187 3.618 3.086 2.406 2.101 2.084 1.991 1.574 1.592 
1.634 1.732 1.652 1.466 1.623 1.697 1.581 1.468 1.672 1.553 
1.273 1.616 1.759 2.063 2.365 3.244 4.024 4.781 5.05 4.76 
3.663 3.622 3.02 2.161 1.688 1.588 1.355 1.223 1.159 1.25 
0.995 1.114 1.151 1.179 1.178 1.523 1.98 2.635 2.604 3.247 
4.545 5.844 5.945 5.469 5.366 4.788 4.993 6.048 5.871 6.891 
7.28 8.492 9.191 9.308 9.419 9.337 8.247 7.052 5.507 4.692 
3.801 3.093 2.705 2.531 2.217 1.737 1.644 1.586 1.677 1.46 
1.361 1.451 1.658 1.754 1.524 1.552 1.743 1.876 1.647 1.925 
1.982 1.669 1.82 1.7 1.828 1.802 1.79 1.63 1.266 1.358 
1.313 1.198 1.2 1.3 1.394 1.278 1.263 1.43 1.237 1.331 
1.511 1.647 1.429 1.73 1.975 2.435 2.562 3.309 4.666 8.175 
9.698 15.0 15.0 15.0 15.0 15.0 15.0 15.0 15.0 15.0 
15.0 15.0 15.0 15.0 15.0 15.0 15.0 15.0 15.0 15.0 
15.0 15.0 15.0 14.828 12.164 9.594 6.546 5.946 4.158 3.979 
4.067 5.767 5.81 7.071 7.786 10.374 10.464 12.178 11.681 13.212 
14.145 14.256 13.421 13.633 13.018 13.272 14.04 14.301 12.707 13.586 
14.183 14.612 15.0 15.0 15.0 15.0 15.0 15.0 15.0 14.024 
11.961 8.621 7.746 6.704 6.204 6.725 7.222 7.689 7.957 8.565 
8.837 10.761 10.761 11.396 11.051 11.32 9.257 8.633 7.575 5.884 
4.221 3.339 2.939 2.491 1.981 1.689 1.344 1.393 1.283 1.185 
1.161 1.049 1.251 1.268 1.235 1.284 1.424 1.432 1.43 1.808 
2.404 2.864 2.788 3.026 2.259 2.322 2.137 2.129 1.667 1.6 
1.729 1.542 1.183 1.265 1.39 1.409 1.364 1.43 1.927 1.914 
1.771 1.591 2.021 1.763 1.908 2.03 2.38 2.821 3.503 4.024 
4.413 5.313 5.441 6.291 6.455 6.633 5.853 5.766 6.05 6.218 
6.573 6.557 6.413 6.979 7.877 7.922 9.388 9.157 11.122 10.552 
13.104 13.554 15.0 15.0 15.0 15.0 15.0 15.0 15.0 15.0 
13.0 14.748 10.872 10.044 9.98 8.151 8.797 7.82 9.234 8.466 
8.332 6.762 6.702 5.37 4.487 3.157 2.593 1.992 1.663 1.624 
1.52 1.542 1.845 1.931 1.647 1.312 1.274 1.324 1.235 1.458 
1.665 1.467 1.547 1.353 1.625 1.636 1.881 2.021 1.996 2.186 
2.645 2.751 3.054 3.127 3.547 2.965 1.882 2.161 2.067 1.64 
1.318 1.557 1.627 1.513 1.368 1.398 1.448 1.188 1.305 1.322 
1.515 1.745 1.893 2.31 3.369 4.918 9.018 8.676 10.169 7.986 
6.616 5.278 5.189 4.443 3.821 3.49 3.245 2.836 2.711 2.248 
2.237 2.295 2.082 1.881 2.036 2.007 1.723 1.655 1.825 2.043 
1.724 1.937 2.007 2.091 2.135 2.186 2.197 2.655 3.016 3.309 
3.598 4.781 5.341 6.203 7.589 8.394 9.084 10.166 10.98 12.158 
15.0 15.0 15.0 15.0 15.0 15.0 15.0 15.0 15.0 14.495 
11.0 11.601 9.972 9.135 8.078 7.427 6.344 6.145 6.027 5.597 
6.722 7.218 8.835 10.844 15.0 10.447 11.49 8.419 8.211 6.512 
7.257 7.014 9.404 9.016 10.499 9.33 8.793 9.094 7.887 6.694 
5.561 4.241 2.927 2.657 2.044 1.591 1.59 1.454 1.266 1.235 
1.115 1.227 1.295 1.265 1.264 1.453 1.782 1.742 1.762 2.208 
2.774 3.22 3.852 5.1 6.33 5.667 4.877 4.973 4.14 2.651 
2.713 2.686 2.206 1.849 2.098 2.177 2.092 2.082 2.304 2.878 
3.085 2.784 2.269 1.962 2.155 1.994 1.546 1.623 1.879 1.746 
1.555 1.545 1.71 1.695 1.59 1.687 1.871 1.785 1.694 1.912 
1.928 1.848 1.775 1.34 1.339 1.573 1.567 1.294 1.33 1.392 
1.456 1.265 1.379 1.709 1.894 2.399 3.098 4.458 4.625 5.483 
5.457 6.075 5.485 5.156 4.595 4.103 3.505 2.684 2.714 2.394 
2.618 2.059 2.168 1.954 2.237 2.193 1.88 1.7 1.774 1.665 
1.397 1.323 1.553 1.634 1.582 1.895 1.875 1.791 1.693 2.189 
2.243 2.182 2.17 1.858 1.719 1.557 1.742 1.432 1.228 1.202 
1.603 1.603 1.62 1.953 2.204 2.254 2.704 3.11 3.461 4.289 
4.817 5.298 6.576 7.538 7.5 8.529 8.453 8.477 6.777 4.996 
3.382 2.817 2.456 1.967 1.873 1.505 1.56 1.546 1.337 1.335 
1.326 1.337 1.254 1.407 1.644 2.043 2.219 2.594 3.026 2.699 
2.478 2.857 3.499 3.797 3.991 3.89 3.765 3.645 3.245 2.821 
2.523 2.52 2.952 3.005 2.764 3.219 3.66 2.749 3.243 3.498 
3.399 2.818 3.456 3.412 3.409 3.339 4.553 6.651 7.548 9.766 
10.61 13.437 13.507 15.0 12.648 10.427 8.062 6.944 4.682 3.84 
2.675 2.56 2.07 1.869 1.719 1.951 1.965 1.784 1.511 1.549 
1.549 1.399 1.474 1.411 1.406 1.38 1.69 1.916 2.164 1.667 
1.315 1.339 1.452 1.627 1.47 1.412 1.607 1.466 1.313 1.285 
1.364 1.285 1.147 1.31 1.428 1.415 1.571 1.876 2.281 2.828 
2.468 1.761 1.614 1.491 1.235 0.993 0.981 1.133 1.063 0.98 
1.041 1.139 1.167 1.03 1.172 1.11 1.034 1.01 1.214 1.266 
1.168 1.344 1.708 1.375 1.232 1.411 1.342 1.171 1.361 1.562 
1.94 2.058 3.099 4.034 4.61 5.231 5.614 5.66 4.783 3.406 
2.727 2.798 2.691 2.699 2.377 2.123 2.269 1.9 1.801 1.599 
1.765 1.8 1.584 1.428 1.578 1.543 1.496 1.526 1.402 1.408 
1.263 1.181 1.166 1.144 1.137 1.232 1.228 1.279 1.363 1.459 
2.049 3.353 5.031 7.136 9.023 8.097 8.701 7.555 7.003 5.685 
4.426 3.313 2.446 1.933 1.952 1.788 1.547 1.526 1.526 1.507 
1.377 1.584 1.489 1.544 1.399 1.184 1.107 1.381 1.351 1.08 
1.189 1.304 1.185 1.278 1.444 1.499 1.446 1.687 2.476 3.261 
4.856 5.217 4.948 4.317 3.683 2.798 2.374 1.988 2.038 1.531 
1.722 1.465 1.366 1.171 1.313 1.133 1.125 1.201 1.433 1.543 
1.71 1.944 2.13 2.196 2.734 2.675 4.028 5.168 5.126 6.223 
6.906 7.351 8.391 8.215 9.743 10.329 12.087 10.917 10.449 11.363 
10.764 9.295 7.081 6.15 5.874 5.376 3.822 3.365 2.372 2.597 
2.549 1.964 1.626 1.855 1.854 1.471 1.664 2.123 2.38 1.962 
1.514 1.866 1.564 1.346 1.455 1.463 1.335 1.059 1.374 1.515 
1.73 1.693 1.776 1.662 1.676 1.947 2.135 2.028 1.824 1.854 
1.658 1.977 2.142 2.901 3.014 3.219 2.753 2.161 1.753 1.59 
1.533 1.647 1.428 1.53 1.727 1.87 1.839 1.786 1.934 2.051 
1.974 1.599 2.122 2.841 3.678 3.696 3.161 2.506 1.606 1.588 
1.102 1.257 1.188 1.047 1.055 1.122 1.28 1.472 1.787 1.538 
1.275 1.255 1.357 1.501 1.328 1.347 1.645 1.693 1.579 1.834 
2.398 2.498 1.968 2.049 1.803 1.465 1.173 1.608 1.551 1.309 
1.229 1.197 1.139 1.185 1.189 1.266 1.524 1.936 2.234 2.593 
2.652 2.285 1.925 1.846 1.531 1.274 1.096 1.151 1.264 1.341 
0.987 1.136 1.199 1.196 1.102 1.177 1.193 1.21 1.116 1.228 
1.516 1.746 1.919 1.674 1.516 1.246 1.168 1.259 1.21 1.104 
1.713 2.207 2.226 2.037 1.751 1.097 0.952 0.952 0.882 0.986 
1.079 1.132 1.156 1.376 1.434 1.42 1.556 1.449 1.195 1.286 
1.244 1.112 1.169 1.2 1.063 1.079 1.109 1.242 1.134 1.198 
1.261 1.307 1.103 1.154 1.517 1.685 1.409 1.515 1.4 1.391 
1.383 1.553 1.505 1.456 1.471 1.782 1.829 1.438 1.421 1.583 
1.531 1.339 1.312 1.512 1.775 2.184 1.746 1.803 1.871 1.978 
1.602 1.359 1.641 1.511 1.435 1.438 1.547 1.676 1.505 1.383 
1.686 1.56 1.431 1.532 1.598 1.541 1.745 2.077 2.38 2.278 
1.776 2.006 2.303 2.12 1.815 1.727 1.926 1.622 1.699 1.853 
2.294 2.681 3.142 3.387 4.053 3.378 3.648 2.634 2.387 1.722 
1.303 1.279 1.251 1.226 1.358 1.829 1.668 1.559 1.519 1.548 
1.401 1.527 1.487 1.705 2.018 2.194 1.821 1.763 1.915 1.747 
1.637 1.538 1.754 1.791 1.486 1.434 1.612 1.665 1.779 1.707 
2.108 2.835 2.84 2.677 2.776 2.744 1.913 1.768 2.055 2.049 
1.84 1.717 1.838 2.148 1.824 1.902 1.973 1.938 2.095 2.183 
2.316 2.344 1.847 1.56 1.867 1.931 1.743 1.825 1.879 2.044 
1.647 1.367 1.345 1.448 1.358 1.294 1.264 1.457 1.397 1.741 
1.805 1.431 1.519 1.442 1.56 1.441 1.306 1.539 1.584 1.686 
1.682 1.656 1.408 1.702 1.617 1.472 1.548 1.619 1.726 1.59 
1.638 1.662 1.428 1.53 1.651 1.492 1.61 1.656 1.718 1.615 
1.711 2.022 1.879 2.045 2.22 2.533 1.934 1.927 1.804 1.765 
1.586 1.657 1.472 1.44 1.353 1.229 1.522 1.546 1.464 1.404 
1.197 1.251 1.503 1.561 1.58 1.458 1.613 1.793 1.779 1.867 
1.947 1.97 1.847 2.118 1.867 1.627 1.242 1.062 0.921 0.906 
0.992 1.256 1.445 1.81 2.103 2.821 2.987 2.812 2.082 1.619 
1.295 1.334 1.357 1.349 1.328 1.205 1.402 1.23 1.081 1.018 
1.085 1.157 1.455 1.843 2.029 2.433 2.294 2.291 2.771 2.364 
1.953 2.149 2.21 2.157 1.826 1.774 1.958 2.047 2.02 2.339 
2.961 3.444 3.702 4.055 4.328 4.71 4.734 6.095 6.681 5.875 
6.837 7.876 7.585 8.983 10.264 9.893 9.601 11.403 11.221 10.703 
9.499 10.461 10.88 
END
