PFRMAT local QA
AUTHOR LAW-CASP14
af2-standard_T1165_1.pdb local_accuracy_only 12.575 15.0 15.0 15.0 15.0 15.0 15.0 15.0 15.0 15.0 15.0 
15.0 14.537 13.72 11.725 10.255 10.245 8.022 4.523 3.731 2.886 
1.955 1.586 1.549 1.447 1.221 1.275 1.236 1.166 1.195 1.197 
1.219 1.173 1.094 1.105 1.23 1.202 1.084 1.285 1.43 1.514 
1.68 2.003 1.56 1.818 1.499 1.38 1.179 1.175 1.183 1.053 
1.298 1.552 1.339 1.413 1.492 1.265 1.194 1.371 1.323 1.127 
1.184 1.229 1.089 0.988 1.024 1.076 0.997 0.927 1.018 1.06 
0.926 1.143 0.843 1.162 1.652 3.51 4.742 6.412 5.452 4.484 
3.029 1.726 1.168 1.082 0.744 0.826 0.804 0.857 1.042 1.045 
1.098 0.967 0.908 0.974 0.968 0.809 0.89 0.996 0.895 0.765 
1.003 0.922 0.843 0.903 0.961 0.845 0.841 0.932 1.022 0.953 
1.076 1.305 1.076 1.751 1.839 1.689 2.7 1.428 1.407 1.114 
0.944 0.729 0.795 0.775 0.626 0.572 0.63 0.609 0.613 0.662 
0.656 0.807 0.647 0.57 0.645 0.731 0.567 0.518 0.688 0.645 
0.603 0.588 0.809 0.78 0.812 0.848 0.952 1.165 1.088 1.189 
1.307 1.67 1.757 2.636 2.302 3.926 3.733 4.305 2.853 2.019 
1.389 2.583 1.745 1.774 1.393 1.153 0.973 1.07 0.857 0.656 
0.633 0.789 0.609 0.561 0.755 0.735 0.781 1.256 1.377 1.753 
2.092 3.383 2.095 3.66 3.47 3.359 3.135 2.777 1.649 1.477 
1.244 0.961 1.387 1.218 1.062 1.431 1.739 2.083 1.825 1.944 
1.229 1.173 1.076 1.012 0.778 0.773 1.191 0.916 1.612 1.05 
1.702 1.385 1.728 2.395 3.568 6.654 9.93 13.451 15.0 15.0 
15.0 15.0 15.0 15.0 15.0 15.0 15.0 15.0 15.0 13.507 
10.655 7.719 3.663 2.874 2.117 1.94 1.736 1.374 1.605 1.517 
1.671 1.417 2.014 2.052 1.14 1.402 2.065 1.433 1.263 0.786 
0.907 1.052 0.931 0.767 0.927 1.051 0.846 0.826 1.011 1.049 
0.851 0.824 0.89 0.824 0.742 0.688 0.684 0.664 0.61 0.562 
0.571 0.591 0.554 0.514 0.558 0.592 0.602 0.606 0.658 0.758 
0.781 1.044 1.308 1.446 1.185 0.854 1.019 1.153 0.85 0.683 
0.778 0.825 0.62 0.607 0.619 0.525 0.545 0.466 0.503 0.482 
0.471 0.503 0.572 0.574 0.639 0.718 0.842 0.848 0.982 1.036 
1.117 1.002 0.879 1.005 1.079 0.988 0.808 1.004 1.023 1.003 
1.054 1.044 1.128 0.992 0.803 0.89 0.961 0.59 0.681 0.802 
0.649 0.624 1.079 1.419 2.368 1.754 1.792 1.321 0.886 0.968 
0.879 0.855 0.689 0.652 0.724 0.606 0.514 0.547 0.584 0.485 
0.498 0.598 0.581 0.568 0.625 0.769 0.813 0.816 0.972 0.787 
0.761 0.879 0.798 0.65 0.769 0.843 0.776 0.719 0.922 0.829 
1.114 1.127 1.043 1.068 0.911 0.905 0.76 0.822 0.906 0.875 
0.79 0.891 0.964 0.966 1.032 1.124 1.383 1.334 1.43 1.558 
1.767 1.845 2.274 1.976 1.501 1.177 1.094 1.0 0.798 0.917 
0.949 0.787 0.707 0.8 0.828 0.656 0.788 0.944 0.836 0.853 
1.13 1.166 1.182 1.733 2.103 1.257 1.404 1.713 1.577 1.155 
1.164 1.308 1.064 0.946 0.858 0.865 0.889 0.814 0.761 0.858 
0.941 0.889 0.89 1.122 1.253 1.482 1.432 1.629 1.645 1.289 
1.175 1.094 1.058 0.976 0.961 0.962 0.847 0.848 0.968 0.922 
0.896 1.051 1.284 1.192 1.401 1.622 1.886 1.867 1.628 1.437 
1.449 1.417 1.256 1.039 1.08 1.216 1.049 1.192 1.003 0.98 
1.176 1.026 0.939 1.02 1.084 0.964 0.882 1.037 1.009 0.91 
0.887 0.995 1.073 1.058 1.101 1.204 1.495 1.465 2.111 2.524 
2.048 2.321 1.706 2.036 2.585 3.334 2.88 3.082 1.643 1.349 
1.295 1.392 1.242 1.566 1.329 1.202 1.059 0.995 1.008 0.92 
0.829 0.88 0.845 0.783 0.78 0.849 0.805 0.788 0.898 1.005 
1.131 1.03 1.337 1.516 1.606 1.223 1.042 1.294 1.435 1.357 
1.02 1.459 1.226 1.202 1.25 1.365 1.323 1.186 1.312 1.336 
1.018 0.963 1.02 0.971 0.868 0.926 1.006 1.091 1.108 1.363 
1.145 1.071 1.209 1.146 1.1 0.924 0.901 0.974 0.906 0.797 
0.763 0.871 0.795 0.741 0.781 0.935 0.784 0.67 0.8 0.961 
0.73 0.633 0.709 0.646 0.753 0.908 1.072 1.118 1.38 1.443 
1.582 1.699 1.477 1.275 1.897 1.97 1.958 1.726 2.2 2.038 
1.911 1.887 1.831 1.682 1.457 1.329 1.252 1.162 1.133 1.111 
1.038 1.007 1.009 0.918 0.881 0.864 0.954 0.746 0.795 0.848 
0.706 0.674 0.71 0.629 0.61 0.773 0.956 0.821 0.785 1.028 
1.166 1.034 1.155 1.415 1.641 1.598 1.493 1.262 1.366 1.586 
1.248 1.243 1.372 1.29 1.118 1.258 1.277 1.194 1.244 1.22 
1.132 1.185 1.254 1.297 1.341 1.82 2.112 1.678 1.324 1.119 
0.918 0.998 0.852 0.781 0.836 0.849 0.74 0.804 0.797 0.794 
0.813 0.811 0.842 0.793 0.883 0.921 0.835 0.868 1.028 1.089 
0.932 1.133 1.114 1.105 0.995 1.161 1.081 1.173 1.154 1.31 
1.334 1.317 1.503 1.677 1.596 1.563 2.019 2.26 3.418 3.305 
2.167 1.394 1.124 1.121 1.438 1.518 2.437 2.686 2.289 1.922 
1.397 1.024 0.914 1.012 1.122 1.288 1.246 1.722 1.483 3.812 
7.26 8.554 8.709 9.373 12.519 13.612 15.0 15.0 14.119 13.763 
11.195 7.408 1.375 3.944 3.387 2.266 1.509 1.472 1.546 1.275 
1.046 0.962 0.959 0.943 0.84 0.816 0.862 0.791 0.753 0.806 
0.878 0.829 0.926 1.0 1.042 1.396 1.257 1.242 1.44 1.878 
2.185 1.854 2.398 2.641 2.03 1.827 2.156 1.568 1.621 1.564 
1.323 1.151 1.333 1.23 1.059 0.86 1.073 1.224 1.022 0.891 
0.918 0.824 1.075 0.905 0.899 1.094 1.029 1.051 0.939 0.868 
0.969 0.876 0.815 0.774 0.892 0.797 0.856 0.879 0.935 1.094 
1.142 1.132 1.31 1.44 1.433 1.561 1.499 1.441 1.132 1.253 
1.095 0.786 0.789 0.838 0.78 0.633 0.767 0.819 0.752 0.727 
0.88 1.046 0.871 1.249 1.439 1.038 0.881 1.382 1.287 1.314 
0.99 1.153 1.06 0.859 0.938 0.914 0.997 1.092 1.459 1.72 
2.333 2.173 2.02 1.59 1.339 1.262 1.098 0.888 0.752 0.865 
0.744 0.605 0.637 0.676 0.543 0.562 0.596 0.567 0.54 0.613 
0.631 0.668 0.733 0.774 0.867 0.907 0.986 1.178 1.671 2.194 
1.476 1.65 2.161 2.504 2.174 1.654 2.031 2.074 1.752 1.641 
1.942 1.735 1.403 1.489 1.674 1.576 1.443 1.251 1.069 0.985 
0.764 0.737 0.751 0.706 0.586 0.577 0.673 0.529 0.543 0.53 
0.58 0.509 0.576 0.605 0.581 0.599 0.65 0.704 0.738 0.755 
0.797 0.991 1.12 1.327 1.492 1.634 1.336 1.292 1.558 1.571 
0.953 1.003 0.866 1.235 2.113 2.443 5.081 5.713 5.89 5.97 
6.509 6.637 1.745 1.042 0.908 1.248 1.504 1.824 2.354 2.637 
4.717 3.83 5.956 9.245 12.55 13.452 12.795 11.654 10.383 9.764 
7.198 1.896 2.969 2.096 1.14 1.009 1.04 0.921 0.769 0.762 
0.756 0.669 0.613 0.647 0.706 0.578 0.561 0.626 0.688 0.542 
0.619 0.718 0.638 0.637 0.742 0.858 0.851 0.919 1.053 1.098 
1.189 1.293 1.444 1.813 3.751 3.588 2.947 4.556 5.054 4.978 
5.87 4.845 4.4 3.473 3.222 2.87 2.705 3.072 2.113 2.442 
2.238 2.034 1.44 1.781 1.725 1.105 1.044 1.327 1.165 0.81 
0.969 1.237 1.069 0.83 1.155 1.297 1.239 1.404 2.07 1.884 
2.453 2.436 1.736 1.664 1.322 0.969 1.354 1.363 1.054 1.259 
1.456 1.272 1.097 1.488 1.578 1.446 1.174 2.254 3.904 5.441 
8.846 11.544 15.0 12.892 12.418 12.659 14.882 10.961 8.399 4.916 
4.729 4.278 4.71 5.389 2.874 4.122 4.723 2.543 1.802 1.986 
2.568 1.653 1.546 1.577 1.568 1.697 1.553 1.553 1.487 1.566 
1.638 1.617 1.636 1.625 1.557 1.559 1.823 1.887 1.991 2.103 
2.169 2.465 3.258 3.521 3.254 4.762 4.94 3.539 3.909 5.899 
4.649 6.931 4.974 2.182 2.666 2.191 2.573 2.248 2.35 2.519 
2.041 1.819 1.967 1.814 1.733 2.016 2.047 1.662 1.757 1.768 
2.005 2.073 2.123 1.884 2.369 2.509 2.028 2.476 3.045 2.813 
3.498 3.426 4.058 3.714 4.484 4.026 5.457 4.239 4.482 5.045 
3.807 4.441 4.187 4.426 3.834 3.908 4.831 5.085 4.251 3.91 
4.441 3.772 3.762 4.268 4.077 3.023 3.072 2.677 2.365 1.907 
1.892 1.574 1.568 1.532 1.584 1.43 1.372 1.463 1.496 1.556 
1.664 1.716 1.785 2.044 2.06 2.198 2.059 2.568 2.723 3.56 
3.329 2.768 2.99 2.3 2.916 2.366 2.152 2.021 1.846 1.608 
1.901 1.708 1.534 1.582 1.606 1.607 1.603 1.652 1.662 1.625 
1.992 3.459 5.436 9.543 10.525 10.446 6.464 7.836 8.034 8.091 
10.232 8.687 7.355 6.282 4.779 7.945 9.111 5.345 4.65 6.265 
7.749 9.929 10.867 9.111 9.625 11.85 12.0 11.127 11.985 14.299 
12.794 13.788 12.92 13.01 11.655 9.951 8.17 7.783 8.281 7.891 
6.679 5.174 5.487 4.192 5.088 5.749 5.282 4.143 5.957 8.279 
6.54 6.506 7.821 8.114 8.094 10.184 7.094 10.261 11.665 11.609 
10.774 11.358 9.894 10.932 12.534 10.684 10.44 11.359 11.645 11.342 
12.664 8.492 9.522 9.763 11.612 11.923 9.502 11.369 10.439 12.598 
12.432 12.966 13.581 11.411 11.441 9.129 7.995 8.227 5.254 3.685 
3.305 3.358 3.191 3.036 2.387 2.645 2.699 2.292 2.181 2.565 
2.51 2.2 2.515 2.711 2.626 2.388 2.364 2.017 2.458 2.137 
1.891 1.681 1.9 1.685 1.304 1.344 1.602 1.387 1.294 1.329 
1.238 1.172 1.226 1.32 1.214 1.141 1.327 1.396 1.369 1.401 
1.695 1.577 1.917 2.229 2.166 2.488 2.779 2.681 2.293 1.911 
1.458 1.693 1.364 1.082 1.165 1.115 0.898 0.93 1.043 1.016 
0.941 1.155 1.199 1.178 1.383 1.398 1.586 1.225 1.072 1.017 
1.046 0.997 0.858 0.966 0.878 0.817 0.859 0.894 0.811 0.816 
0.978 0.956 0.881 0.999 1.052 1.255 1.384 1.181 1.243 1.55 
1.467 1.242 1.373 1.255 1.122 1.047 1.125 1.137 1.002 0.99 
1.145 1.143 1.021 1.148 1.312 1.347 1.131 1.251 1.117 1.301 
1.095 0.995 0.996 0.924 0.845 0.871 0.787 0.677 0.783 0.726 
0.614 0.74 0.709 0.605 0.613 0.745 0.775 0.667 0.792 0.862 
0.874 0.8 0.878 0.792 1.044 1.235 1.518 2.068 2.371 5.295 
7.685 9.145 6.862 8.207 7.34 6.084 9.96 9.995 10.422 7.183 
4.887 2.166 2.009 1.893 1.267 1.184 1.054 1.001 1.153 1.185 
1.178 1.076 1.033 1.026 1.01 0.912 0.82 0.977 0.946 0.875 
0.952 1.097 1.098 1.377 1.167 0.95 0.951 0.867 0.806 0.715 
0.719 0.681 0.627 0.602 0.595 0.539 0.552 0.527 0.545 0.546 
0.578 0.601 0.658 0.713 0.852 0.881 0.964 0.841 0.761 0.929 
0.984 0.791 0.947 1.14 1.05 1.12 1.012 0.928 1.144 1.058 
0.785 0.92 1.035 0.892 0.854 1.004 1.094 1.037 1.079 1.23 
1.167 1.342 1.093 0.938 0.979 0.886 0.674 0.666 0.66 0.582 
0.541 0.562 0.567 0.54 0.572 0.597 0.625 0.672 0.662 0.767 
0.835 0.97 0.952 0.864 0.788 0.792 0.804 0.688 0.591 0.631 
0.78 0.655 0.613 0.806 1.028 0.913 1.108 1.906 1.963 3.424 
3.271 6.306 6.293 5.849 6.307 3.005 1.736 1.695 1.401 1.13 
1.157 0.952 0.959 0.932 0.843 0.773 0.837 0.802 0.668 0.745 
0.646 0.61 0.608 0.658 0.634 0.702 0.681 0.767 0.666 0.607 
0.618 0.672 0.575 0.606 0.679 0.71 0.824 0.834 0.958 1.165 
1.41 1.936 3.484 5.067 8.205 8.467 5.873 6.623 3.027 3.061 
2.242 1.417 1.432 1.17 1.295 1.285 1.427 3.015 7.367 12.77 
15.0 12.881 15.0 15.0 15.0 15.0 15.0 15.0 15.0 15.0 
15.0 15.0 15.0 15.0 11.061 5.077 4.904 2.504 1.249 1.175 
0.891 0.839 0.959 1.101 0.813 0.884 1.09 0.983 0.872 1.175 
1.358 1.127 1.369 1.659 1.662 2.043 1.416 2.001 3.101 5.538 
8.241 12.291 15.0 15.0 15.0 15.0 15.0 15.0 15.0 15.0 
15.0 15.0 11.542 8.993 5.852 3.279 1.572 1.437 1.623 1.366 
1.137 1.139 1.083 0.94 0.803 0.795 0.783 0.68 0.695 0.788 
0.851 0.672 0.75 0.876 1.03 0.746 0.892 1.178 1.006 0.893 
1.084 1.034 0.805 1.007 1.115 1.108 0.943 1.05 1.327 1.072 
1.552 1.737 2.629 2.37 3.727 6.257 6.614 7.421 5.424 2.847 
1.817 1.311 1.234 1.141 1.193 0.994 1.03 1.249 1.175 1.119 
1.226 1.401 1.414 1.33 1.367 1.634 1.856 2.418 4.61 5.334 
7.637 7.121 4.936 5.633 4.532 3.298 2.941 2.468 2.153 1.568 
1.62 1.565 1.337 1.077 1.348 1.294 1.019 1.123 1.243 1.248 
1.057 1.204 1.324 1.174 1.067 1.247 1.443 1.784 1.412 1.315 
1.03 0.883 1.651 1.415 4.416 6.508 9.562 9.145 7.144 7.018 
6.688 3.244 2.366 1.918 1.541 1.334 1.287 1.117 0.979 0.952 
0.945 0.947 0.926 0.882 0.984 1.025 1.003 0.938 1.132 1.118 
1.086 1.375 1.595 1.747 1.864 2.636 3.017 3.081 3.207 2.679 
2.37 2.622 2.284 1.881 1.572 1.541 1.41 1.3 1.272 1.362 
1.286 1.301 1.408 1.501 1.562 1.594 2.132 1.987 1.985 3.104 
4.294 7.976 8.724 9.298 5.24 4.737 8.408 6.998 4.579 7.567 
8.421 11.208 10.872 10.675 9.443 9.774 9.258 3.737 4.024 3.225 
2.337 1.756 1.51 1.346 1.045 0.975 0.916 1.006 0.959 0.927 
0.835 0.798 0.832 0.896 0.838 0.723 0.836 0.973 0.76 0.792 
1.151 1.023 1.218 1.017 1.136 1.169 1.229 1.394 1.12 1.109 
1.238 1.185 0.938 1.164 1.175 1.058 1.061 1.194 1.184 1.006 
1.024 1.274 1.201 0.99 1.325 2.118 1.533 1.61 2.836 2.932 
4.413 5.541 7.28 12.687 15.0 15.0 15.0 15.0 15.0 15.0 
15.0 15.0 15.0 15.0 15.0 15.0 15.0 15.0 15.0 15.0 
15.0 15.0 14.839 11.302 8.402 5.745 2.768 3.267 1.415 2.944 
3.043 5.103 4.067 4.071 5.666 6.568 7.761 8.408 9.145 10.54 
11.219 11.113 11.249 11.491 11.071 10.137 9.604 9.209 7.816 8.498 
9.638 8.988 10.021 9.861 9.851 10.814 11.47 12.817 14.657 14.541 
13.046 13.036 9.94 9.338 6.76 7.207 7.874 8.47 6.636 7.389 
8.992 9.558 12.402 14.179 14.018 13.58 12.0 11.563 8.266 7.425 
5.009 6.538 3.295 2.925 2.128 1.17 1.057 0.733 0.653 0.704 
0.649 0.634 0.675 0.764 0.7 0.716 1.015 0.962 0.909 1.038 
1.211 1.345 1.007 1.071 1.037 0.794 0.939 1.021 0.847 0.869 
1.046 1.058 0.773 0.936 1.163 0.981 0.907 1.193 1.328 1.359 
1.323 1.779 2.172 2.872 2.979 6.228 7.873 11.189 13.718 15.0 
15.0 15.0 15.0 15.0 15.0 15.0 15.0 15.0 15.0 15.0 
15.0 15.0 15.0 15.0 15.0 15.0 15.0 15.0 15.0 15.0 
15.0 15.0 15.0 15.0 15.0 15.0 15.0 15.0 15.0 15.0 
15.0 15.0 15.0 15.0 15.0 15.0 15.0 15.0 15.0 14.145 
11.241 10.817 7.444 4.549 2.796 1.842 1.156 1.003 0.952 0.873 
1.098 1.012 1.218 1.526 1.145 1.044 0.88 0.939 0.983 1.128 
1.401 1.194 1.192 1.09 1.116 0.943 1.087 0.993 0.969 1.007 
1.035 0.99 1.01 1.121 1.139 1.107 1.075 1.301 1.111 1.036 
1.015 1.52 1.425 1.116 1.152 1.409 1.135 1.246 1.516 1.617 
1.479 2.081 2.262 2.693 3.917 7.272 9.829 12.283 12.885 11.656 
11.431 11.59 9.904 8.001 2.565 2.496 2.322 2.175 2.029 1.734 
1.726 1.335 1.481 1.403 1.996 2.086 1.804 2.111 3.035 3.572 
3.81 4.32 4.091 6.119 7.016 9.03 7.485 8.17 8.179 9.055 
10.334 10.539 10.309 11.037 10.373 12.41 12.818 12.639 10.638 10.395 
13.19 13.161 11.576 9.72 12.338 11.598 10.889 13.32 15.0 15.0 
15.0 15.0 15.0 15.0 15.0 13.352 11.01 9.029 7.563 4.021 
4.666 3.505 6.387 9.649 11.493 12.288 15.0 15.0 15.0 15.0 
15.0 15.0 15.0 15.0 15.0 14.8 11.565 7.362 4.48 2.447 
1.405 1.223 1.109 0.96 0.869 0.761 0.802 0.722 0.805 0.704 
0.618 0.607 0.622 0.545 0.521 0.556 0.529 0.565 0.623 0.727 
0.806 1.048 1.212 1.448 1.718 1.469 1.305 1.426 1.314 1.102 
0.938 0.964 0.886 0.71 0.872 0.843 0.789 0.714 0.921 0.91 
0.956 0.93 0.776 0.752 0.782 0.762 0.681 0.724 0.891 0.865 
0.68 0.796 0.93 0.752 0.74 0.889 0.867 0.823 0.875 0.969 
0.902 0.84 0.743 0.788 0.749 0.75 0.709 0.724 0.648 0.851 
0.79 0.662 0.736 0.964 0.935 0.815 1.063 1.405 2.169 2.757 
3.84 3.496 3.656 3.477 2.196 1.63 1.466 1.035 1.112 1.439 
1.125 0.91 0.876 0.88 0.999 0.902 0.751 0.766 0.792 0.759 
0.643 0.676 0.703 0.666 0.636 0.724 0.846 0.761 0.851 1.069 
1.111 1.013 1.1 0.964 0.814 0.894 0.981 0.879 0.792 1.005 
1.218 1.229 1.22 1.449 1.694 1.326 1.492 1.989 5.184 9.388 
12.374 15.0 15.0 15.0 15.0 15.0 15.0 15.0 15.0 12.908 
3.158 2.137 1.686 1.423 1.387 1.185 1.017 0.888 0.777 0.92 
0.844 0.776 0.853 0.909 0.843 0.972 1.021 1.084 1.246 1.429 
1.142 1.188 1.41 1.431 1.355 1.199 0.931 0.992 0.979 0.803 
0.753 0.859 0.957 0.761 0.814 0.985 1.068 0.911 1.089 1.365 
1.679 3.367 7.115 9.998 11.581 10.851 15.0 15.0 15.0 15.0 
15.0 15.0 15.0 15.0 15.0 15.0 15.0 13.86 10.657 6.993 
7.744 1.809 2.872 1.881 1.847 1.467 1.338 1.239 1.018 0.999 
0.97 0.818 0.832 1.02 0.808 0.743 0.901 1.067 1.347 1.281 
0.981 1.331 1.14 1.089 0.99 0.836 0.993 0.951 0.797 0.825 
0.949 0.846 0.804 0.957 1.047 1.036 1.133 1.431 1.522 1.68 
1.551 1.247 1.154 1.184 1.213 0.908 1.02 1.103 1.026 0.898 
1.022 1.15 0.984 0.821 1.151 1.151 0.883 1.017 1.275 1.159 
1.034 1.219 1.344 1.285 1.107 1.328 1.46 1.549 1.325 1.859 
2.051 1.647 2.23 2.505 4.048 4.776 7.912 7.569 6.862 6.059 
3.366 3.904 4.608 3.66 2.921 3.069 2.59 2.106 1.525 2.458 
2.004 1.705 1.061 1.119 0.899 0.762 0.806 0.662 0.637 0.652 
0.6 0.631 0.646 0.706 0.699 0.776 0.796 0.913 0.949 1.148 
1.365 1.601 3.978 7.485 10.052 9.844 9.567 6.717 4.837 3.226 
2.693 2.812 2.2 1.333 1.709 1.463 1.236 1.209 1.383 1.22 
1.077 1.376 1.263 2.003 1.372 1.158 1.156 1.252 1.059 0.922 
1.032 1.065 1.07 1.049 1.209 1.297 1.409 1.553 1.617 2.085 
2.33 3.133 2.657 2.252 2.98 2.462 1.822 2.117 1.908 1.315 
1.304 0.959 0.808 1.042 1.076 0.798 0.96 1.206 1.004 1.031 
1.433 1.675 1.968 2.586 4.834 7.306 10.293 10.817 11.478 13.182 
15.0 15.0 15.0 15.0 15.0 15.0 15.0 15.0 15.0 15.0 
15.0 12.927 7.326 6.708 4.607 4.785 3.842 2.501 1.785 2.369 
2.45 1.993 1.815 2.124 2.047 1.963 1.922 1.977 2.231 1.862 
1.716 1.715 1.663 1.606 1.624 1.788 1.527 1.517 1.487 1.645 
1.945 1.62 1.747 1.673 1.548 2.063 1.859 1.701 1.457 1.666 
1.461 1.413 1.389 1.468 1.423 1.35 1.471 1.402 1.217 1.14 
0.858 1.078 1.243 0.968 1.012 1.11 1.102 0.96 1.192 1.314 
1.233 1.149 1.616 1.723 2.221 2.517 3.124 1.91 1.172 0.956 
0.9 0.777 0.847 0.74 0.861 0.772 0.948 0.811 0.996 0.918 
0.747 0.771 0.893 0.9 0.837 0.776 1.017 0.945 0.998 0.909 
1.306 1.082 1.178 0.923 0.905 0.922 0.849 0.784 0.885 0.8 
0.814 0.712 0.737 0.633 0.882 0.907 0.966 1.291 1.619 1.445 
1.077 0.822 0.707 0.662 0.637 0.645 0.621 0.577 0.551 0.564 
0.514 0.49 0.534 0.554 0.558 0.592 0.688 0.699 0.663 0.771 
0.868 0.914 1.087 0.927 0.934 0.739 0.788 0.788 0.915 0.88 
1.119 1.294 1.168 1.198 0.891 0.75 0.723 0.695 0.74 0.807 
0.93 1.123 0.886 1.086 1.109 0.983 0.966 0.83 0.693 0.646 
0.616 0.591 0.578 0.622 0.555 0.524 0.58 0.58 0.494 0.491 
0.606 0.565 0.535 0.574 0.689 0.639 0.651 0.586 0.631 0.555 
0.674 0.614 0.701 0.559 0.62 0.551 0.571 0.507 0.499 0.507 
0.519 0.505 0.566 0.552 0.52 0.586 0.702 0.784 0.774 0.87 
0.75 0.817 0.848 0.86 0.866 0.904 0.922 0.838 0.798 0.802 
0.833 0.751 0.687 0.83 0.882 0.772 0.781 1.128 1.091 1.05 
0.911 1.016 1.21 1.263 1.053 1.019 0.81 0.755 0.752 0.783 
0.688 0.844 0.842 1.057 1.117 1.352 1.263 1.187 1.014 0.915 
0.858 0.787 0.901 0.711 0.953 1.089 1.005 0.88 0.863 0.848 
0.766 0.798 0.652 0.747 0.697 0.621 0.578 0.593 0.614 0.568 
0.551 0.561 0.646 0.628 0.601 0.71 0.819 0.796 0.879 0.877 
0.9 0.991 0.968 0.861 0.896 0.779 0.696 0.672 0.781 0.686 
0.618 0.658 0.776 0.657 0.608 0.793 0.822 0.752 0.789 0.921 
0.768 0.956 0.885 0.717 0.748 0.833 0.626 0.69 0.6 0.714 
0.684 0.654 0.687 0.729 0.682 0.565 0.7 0.679 0.78 0.835 
1.07 0.797 0.874 0.732 0.717 0.668 0.637 0.61 0.689 0.62 
0.549 0.586 0.532 0.59 0.642 0.525 0.579 0.541 0.585 0.543 
0.657 0.649 0.535 0.611 0.609 0.574 0.621 0.698 0.634 0.623 
0.771 0.791 0.745 0.873 0.839 0.688 0.623 0.603 0.568 0.593 
0.563 0.521 0.559 0.706 0.614 0.616 0.596 0.586 0.574 0.649 
0.668 0.673 0.763 0.838 0.704 0.639 0.805 0.764 0.674 0.802 
0.728 0.73 0.885 0.876 0.862 0.7 0.662 0.532 0.569 0.51 
0.57 0.696 0.824 1.669 3.66 4.15 3.369 7.837 7.716 5.93 
0.966 0.931 0.768 0.731 0.712 0.665 0.671 0.649 0.619 0.679 
0.702 0.785 1.164 0.999 1.009 1.104 0.995 0.801 0.929 0.99 
0.806 0.741 1.053 1.129 1.069 0.972 1.549 1.253 0.873 1.191 
1.545 1.919 1.199 2.737 6.965 10.629 13.092 15.0 15.0 15.0 
15.0 15.0 15.0 15.0 15.0 15.0 15.0 15.0 15.0 15.0 
15.0 15.0 15.0 
END
