PFRMAT local QA
AUTHOR MASS-CASP14
af2-standard_T1173_4.pdb local_accuracy_only 7.832 6.157 4.125 3.685 3.796 3.941 3.948 4.707 5.595 7.914 9.096 
10.215 10.18 10.583 10.722 9.825 7.198 5.502 3.595 2.333 1.76 
1.394 1.237 1.473 1.468 1.996 3.038 4.069 5.623 7.015 9.393 
9.627 7.527 5.497 3.71 2.786 1.821 1.601 1.611 2.057 2.572 
2.55 1.935 1.675 1.252 1.196 1.11 1.228 1.355 1.992 1.906 
1.691 1.594 1.541 1.408 1.406 1.318 1.46 1.684 2.303 3.425 
4.235 6.518 8.271 9.791 11.665 13.251 12.991 13.443 14.09 14.837 
15.0 15.0 15.0 15.0 14.314 13.888 15.0 13.715 14.151 12.026 
13.331 10.91 10.416 7.646 9.762 10.264 10.104 10.815 10.327 10.412 
10.177 12.581 13.241 12.73 14.626 14.701 15.0 15.0 15.0 15.0 
15.0 15.0 15.0 15.0 15.0 15.0 15.0 15.0 15.0 15.0 
15.0 14.152 12.399 12.981 14.279 13.504 15.0 15.0 15.0 14.191 
14.111 13.351 15.0 13.917 14.591 15.0 15.0 14.471 12.082 10.886 
9.693 6.892 5.135 3.004 2.43 2.326 1.932 2.045 2.473 3.154 
4.697 5.699 7.816 7.448 7.825 7.326 5.927 4.201 4.096 3.483 
2.816 3.14 4.002 4.351 3.662 3.168 3.995 4.14 5.167 5.612 
6.084 5.9 4.146 3.228 2.611 2.13 1.974 1.884 1.965 2.256 
2.327 1.838 1.7 1.628 1.759 1.718 2.362 2.213 2.304 2.85 
3.056 3.508 3.635 4.415 4.446 4.481 5.221 5.091 5.745 5.519 
3.898 3.926 3.415 3.004 2.781 3.894 4.275 4.62 3.578 3.115 
3.265 3.45 4.355 
END
