PFRMAT local QA
AUTHOR LAW-CASP14
af2-standard_T1173_4.pdb local_accuracy_only 4.686 3.192 3.036 3.282 3.427 3.762 3.993 4.797 3.978 5.543 5.771 
6.162 7.271 7.638 7.826 6.867 6.028 4.231 3.953 2.611 2.682 
2.434 2.141 2.192 2.444 4.146 4.852 5.796 7.112 5.521 6.129 
5.234 4.06 2.671 1.835 1.682 1.581 1.718 1.867 2.238 2.692 
2.603 2.352 1.984 1.755 1.757 1.628 1.653 1.639 2.002 2.891 
2.014 2.735 2.254 2.123 1.903 1.977 1.927 1.827 2.336 3.01 
3.258 4.497 5.979 6.1 7.038 7.211 8.596 9.576 9.811 12.168 
15.0 15.0 15.0 15.0 15.0 15.0 15.0 15.0 14.687 13.013 
11.866 10.8 8.545 5.477 4.893 4.864 4.511 4.926 4.642 4.377 
4.689 5.415 5.431 7.409 6.901 6.438 6.476 6.055 5.691 6.937 
7.18 7.036 7.198 6.034 5.912 6.209 5.197 5.077 5.222 5.253 
3.924 3.147 2.457 2.834 2.789 3.09 3.446 3.466 2.846 5.029 
5.866 9.437 11.268 13.48 15.0 15.0 14.627 15.0 13.753 11.862 
9.528 8.139 5.218 4.794 4.105 3.718 2.859 2.481 3.254 3.001 
3.739 4.412 4.805 4.415 3.759 3.142 2.392 2.465 2.402 2.722 
2.889 3.302 4.593 2.78 2.601 2.296 2.35 2.124 2.318 2.554 
2.797 2.954 2.649 2.638 2.392 2.297 2.253 2.33 2.412 2.725 
3.013 2.887 2.707 2.529 2.372 2.287 2.353 2.507 3.081 4.046 
5.26 6.135 5.241 4.876 4.006 2.713 2.721 2.377 2.647 2.455 
2.626 2.931 3.545 3.815 2.98 3.248 4.635 3.992 4.626 4.064 
3.589 2.714 2.859 
END
