PFRMAT local QA
AUTHOR LAW-CASP14
af2-standard_T1133_2.pdb local_accuracy_only 15.0 12.967 7.096 6.306 2.168 1.332 1.192 1.148 1.233 1.19 1.405 
1.574 1.68 1.681 1.389 1.26 1.205 1.07 1.182 1.369 1.626 
2.093 2.281 2.173 1.677 1.479 1.337 1.231 1.553 1.189 1.158 
1.392 1.227 1.364 1.595 1.721 1.853 2.041 1.466 1.337 0.992 
0.949 0.817 0.835 0.831 0.975 0.992 0.885 0.849 0.756 0.698 
0.79 0.888 1.144 1.344 1.574 1.551 1.321 1.056 0.846 0.728 
0.723 0.828 0.861 1.015 1.058 0.97 0.932 0.889 0.837 0.779 
1.028 1.053 1.519 1.411 1.669 1.32 1.021 0.932 0.874 0.825 
0.805 0.809 0.841 0.893 0.907 0.844 0.865 0.937 0.844 0.782 
0.79 0.798 0.824 1.042 1.176 1.699 2.764 3.3 4.797 5.329 
4.456 4.146 3.237 1.848 1.704 1.005 0.852 0.809 0.791 0.955 
0.837 0.895 0.9 0.95 0.958 0.857 0.902 0.933 0.916 0.968 
1.02 0.943 1.192 1.145 1.463 1.911 1.735 2.091 1.577 1.193 
0.904 0.893 0.782 0.809 0.792 0.95 0.912 0.826 0.796 0.704 
0.724 0.758 0.766 1.109 1.026 1.321 1.43 1.266 0.979 0.809 
0.75 0.788 0.811 0.779 0.801 1.01 1.017 1.319 1.303 1.016 
0.959 0.958 1.049 1.134 1.681 1.41 1.65 1.327 1.119 1.103 
0.976 0.846 0.755 0.776 0.766 0.832 0.973 0.968 1.142 0.945 
0.861 0.774 0.745 0.747 0.778 0.821 0.97 1.11 1.387 1.803 
2.395 1.97 1.722 1.204 1.052 0.886 0.882 0.895 0.921 0.97 
1.073 0.973 1.244 1.361 1.429 2.699 2.802 2.89 2.657 1.939 
1.534 1.499 1.237 1.169 0.976 1.067 0.997 1.273 1.118 1.188 
1.154 1.095 0.917 0.848 0.732 0.689 0.712 0.723 0.874 0.849 
0.767 0.845 0.739 0.676 0.701 0.718 0.802 0.92 1.053 1.288 
1.701 2.421 2.618 4.369 4.681 4.098 5.004 3.404 3.423 2.328 
1.784 1.581 1.114 0.99 0.942 0.846 0.87 0.925 1.131 1.183 
1.56 1.522 1.518 1.263 1.225 1.216 1.23 2.031 2.065 2.919 
1.938 1.862 1.339 1.215 0.929 0.895 0.854 0.769 0.716 0.757 
0.763 0.879 0.917 0.847 0.877 0.815 0.743 0.768 0.805 0.963 
1.15 1.387 1.595 2.099 1.999 1.679 1.663 1.308 1.25 0.967 
1.016 1.034 1.077 1.27 1.363 1.298 1.525 1.586 1.849 1.923 
2.341 2.683 2.867 2.677 2.134 1.618 1.246 1.024 0.841 0.806 
0.812 0.881 1.107 0.964 0.859 0.907 0.855 0.839 0.852 0.995 
1.155 1.48 1.634 1.862 2.059 1.914 1.997 1.54 1.598 1.235 
1.173 1.141 1.063 1.206 1.126 1.37 1.464 1.425 1.384 1.309 
1.688 1.578 1.427 1.588 1.69 1.67 1.791 2.054 1.765 1.93 
1.713 1.45 1.278 1.138 1.231 1.254 1.56 1.424 1.946 1.358 
1.33 1.328 1.492 1.666 1.974 2.156 2.306 2.638 2.803 2.643 
2.941 3.43 2.493 2.213 2.1 1.627 1.606 1.443 1.592 1.88 
1.704 2.709 2.238 3.48 2.285 2.415 1.737 1.965 1.983 2.315 
2.244 2.689 3.021 3.287 2.509 2.33 1.724 1.768 1.473 1.499 
1.324 1.252 1.111 1.064 1.278 1.505 2.022 2.722 2.705 2.515 
3.559 2.949 4.7 6.91 9.397 6.176 3.446 10.071 8.006 8.771 
10.193 8.806 10.456 7.535 13.309 12.909 15.0 15.0 15.0 15.0 
15.0 15.0 15.0 15.0 15.0 15.0 15.0 15.0 15.0 15.0 
15.0 15.0 15.0 15.0 15.0 15.0 15.0 15.0 15.0 15.0 
15.0 15.0 15.0 15.0 11.232 4.413 4.827 3.361 3.197 3.584 
15.0 15.0 15.0 15.0 15.0 15.0 15.0 15.0 15.0 15.0 
15.0 15.0 15.0 15.0 15.0 15.0 15.0 15.0 15.0 15.0 
15.0 15.0 15.0 15.0 15.0 15.0 15.0 15.0 15.0 15.0 
15.0 15.0 15.0 15.0 15.0 15.0 15.0 15.0 15.0 15.0 
15.0 15.0 15.0 15.0 15.0 15.0 15.0 15.0 15.0 15.0 
15.0 15.0 15.0 15.0 15.0 15.0 15.0 15.0 15.0 15.0 
15.0 15.0 15.0 15.0 15.0 15.0 15.0 15.0 15.0 15.0 
15.0 15.0 15.0 15.0 15.0 15.0 15.0 15.0 15.0 14.249 
10.889 7.375 6.901 10.117 10.844 6.623 6.692 8.415 15.0 15.0 
15.0 15.0 15.0 15.0 15.0 15.0 15.0 15.0 15.0 15.0 
15.0 15.0 15.0 15.0 15.0 15.0 15.0 15.0 15.0 15.0 
15.0 15.0 15.0 15.0 
END
