PFRMAT local QA
AUTHOR MASS-CASP14
af2-standard_T1133_2.pdb local_accuracy_only 10.873 7.525 5.435 4.014 2.849 1.81 1.418 1.156 1.155 1.078 1.029 
1.199 1.461 1.625 1.406 1.119 1.163 1.178 1.269 1.472 1.713 
2.142 2.47 2.291 2.064 2.0 2.387 2.408 2.248 2.022 2.0 
2.113 2.577 2.836 3.469 3.976 3.776 3.114 2.008 1.694 1.33 
1.231 1.111 1.034 1.283 1.706 1.781 1.514 1.257 0.954 0.419 
0.956 1.05 1.406 1.867 2.359 2.184 1.465 1.11 1.13 1.054 
0.916 1.034 1.112 1.489 1.833 1.831 1.672 1.598 1.45 1.457 
1.42 1.403 1.61 1.981 2.52 2.482 1.967 1.612 1.382 1.16 
0.705 0.761 1.394 1.39 1.656 1.676 1.357 1.099 1.021 1.065 
0.923 0.891 1.044 1.247 1.658 2.522 3.691 5.625 7.742 8.502 
9.595 8.124 6.043 4.444 2.588 1.783 1.307 1.022 0.999 0.983 
0.954 1.035 1.089 1.515 1.701 1.729 1.651 1.534 1.439 1.558 
1.486 1.333 1.611 1.99 2.273 2.78 2.497 2.427 2.163 1.509 
1.353 1.338 1.131 0.934 1.246 1.669 1.704 1.487 1.361 1.049 
1.049 1.034 1.256 1.584 1.817 2.296 1.947 1.503 1.052 1.022 
0.93 0.97 1.262 1.45 1.618 1.557 1.492 1.623 1.714 1.452 
1.474 1.402 1.378 1.33 1.641 1.767 2.033 2.15 1.732 1.927 
1.68 1.532 1.347 1.315 1.514 1.634 2.216 2.512 2.37 2.105 
1.563 1.237 0.957 0.98 0.894 0.84 0.95 1.155 1.708 2.375 
2.999 3.047 2.547 2.101 1.663 1.448 1.203 1.135 1.114 1.032 
1.249 1.319 1.661 2.028 2.414 3.248 3.886 4.443 4.995 4.38 
4.527 4.067 4.229 3.773 3.54 3.417 2.996 3.538 3.978 3.741 
3.073 2.05 1.576 1.427 1.395 1.283 1.076 1.272 1.384 1.564 
1.437 1.39 1.162 1.033 1.144 1.162 1.18 1.24 1.521 1.967 
2.874 3.939 5.233 6.828 8.404 9.366 8.469 7.199 6.18 4.856 
3.416 2.445 1.977 1.616 1.331 1.333 1.134 1.285 1.503 2.076 
2.841 3.077 2.897 3.021 3.064 2.727 2.545 2.676 2.465 2.835 
2.81 2.556 2.377 1.948 1.612 1.398 1.251 1.068 0.901 0.858 
1.021 1.301 1.525 1.623 1.566 1.357 1.103 1.178 1.19 1.214 
1.355 1.845 2.387 3.038 3.775 3.874 3.672 3.67 3.765 3.236 
3.296 3.168 3.685 3.947 3.262 3.441 3.202 2.896 3.23 3.553 
2.995 3.668 4.473 5.079 4.504 3.719 3.075 2.22 1.736 1.301 
1.191 1.352 1.453 1.524 1.324 0.981 0.165 0.025 0.002 0.048 
0.28 1.157 1.309 1.925 1.988 2.12 1.834 1.604 1.254 1.099 
0.925 0.662 0.772 0.988 1.173 1.556 1.66 1.748 1.755 1.573 
1.625 1.769 1.913 2.035 2.138 2.14 2.31 2.059 1.705 1.422 
1.223 1.204 1.037 0.883 1.005 1.384 1.516 1.693 1.538 1.31 
1.142 1.094 1.141 1.138 1.275 1.201 1.514 1.756 2.18 2.187 
2.649 2.64 2.26 1.635 0.963 0.063 0.019 0.025 0.119 1.064 
1.321 1.745 2.021 1.844 1.665 1.387 1.457 1.342 1.426 1.374 
1.388 1.74 2.218 2.19 1.907 1.658 1.324 1.373 1.286 1.065 
1.086 1.021 1.2 1.388 1.578 2.105 2.572 3.063 3.223 3.281 
3.87 4.492 4.765 4.811 4.087 4.042 3.946 4.338 4.164 3.743 
3.735 4.226 4.33 4.806 4.73 5.344 5.592 6.272 5.943 6.35 
5.404 5.867 5.755 5.771 5.227 5.2 4.994 6.169 6.847 6.02 
5.904 5.986 6.401 5.693 7.03 7.164 7.84 8.427 8.263 7.292 
6.843 5.95 6.051 4.724 4.673 4.896 4.389 5.243 5.457 7.285 
7.451 9.278 10.693 9.481 15.0 12.061 15.0 13.887 15.0 15.0 
15.0 15.0 15.0 15.0 15.0 15.0 15.0 15.0 15.0 15.0 
15.0 15.0 15.0 15.0 15.0 15.0 15.0 15.0 15.0 15.0 
15.0 15.0 15.0 13.979 15.0 11.235 15.0 13.558 12.447 9.408 
11.468 9.868 12.604 11.931 15.0 15.0 12.316 10.922 11.146 11.304 
10.949 9.133 8.543 7.391 6.732 6.509 4.775 3.923 2.972 2.92 
2.845 2.409 2.116 2.096 2.063 1.862 2.002 2.293 2.158 2.454 
2.461 2.371 2.215 2.225 1.955 1.942 1.98 2.049 1.702 1.905 
1.863 1.988 2.117 2.457 2.38 2.339 2.321 2.081 1.775 2.129 
2.305 2.204 2.102 2.017 2.067 2.139 2.372 2.763 2.861 3.394 
3.279 2.941 2.633 2.304 2.57 2.496 2.53 2.775 2.878 3.389 
4.047 4.076 4.735 5.557 
END
