PFRMAT local QA
AUTHOR LAW-CASP14
af2-standard_T1147_5.pdb local_accuracy_only 15.0 15.0 15.0 15.0 15.0 15.0 15.0 13.534 10.325 9.848 5.047 
3.602 2.02 1.814 1.658 1.715 1.566 1.538 1.559 1.697 1.872 
2.386 2.663 2.533 2.631 2.666 2.812 2.642 2.916 2.59 2.725 
2.4 2.78 2.722 2.524 3.344 3.41 3.356 3.323 3.11 3.183 
3.182 3.119 3.127 2.615 2.703 2.136 2.155 1.809 1.733 1.544 
1.578 1.66 1.745 1.926 2.419 2.378 3.062 3.334 3.03 3.473 
3.022 2.563 2.448 2.598 3.147 3.639 4.682 5.433 4.063 4.819 
3.628 2.637 2.139 1.904 1.714 1.787 1.667 1.716 1.703 1.818 
1.892 2.529 2.304 2.623 2.515 3.877 3.524 5.92 6.21 6.391 
6.516 6.371 5.948 6.47 4.254 4.693 2.467 3.926 3.638 4.512 
4.182 2.954 
END
