PFRMAT local QA
AUTHOR MASS-CASP14
af2-standard_T1147_5.pdb local_accuracy_only 15.0 15.0 15.0 15.0 15.0 15.0 15.0 15.0 15.0 13.731 10.548 
5.973 3.434 2.316 1.564 1.354 1.199 1.331 1.261 1.179 1.24 
1.811 2.661 4.124 4.575 5.046 5.402 5.395 5.592 4.989 5.627 
5.016 5.473 5.25 5.435 7.409 7.411 8.241 7.998 7.468 7.276 
6.809 6.355 5.596 3.785 3.303 2.575 2.589 2.481 2.709 3.181 
3.079 3.044 3.447 4.139 5.168 6.716 8.206 9.297 8.474 8.206 
8.003 7.303 6.465 7.481 8.131 8.027 7.876 7.378 6.067 4.289 
2.429 1.792 1.595 1.484 1.403 1.31 1.235 1.339 1.845 2.966 
3.393 4.248 5.008 6.074 7.042 7.95 7.578 7.29 7.662 8.912 
10.388 11.165 9.607 8.887 6.2 5.761 4.594 4.812 5.452 5.385 
5.443 5.695 
END
