PFRMAT local QA
AUTHOR MASS-CASP14
af2-standard_T1105_1.pdb local_accuracy_only 5.406 3.384 2.735 2.826 2.574 1.667 1.852 1.653 1.424 1.165 1.172 
1.236 1.089 1.053 1.116 1.34 1.409 1.662 2.217 2.561 2.432 
2.205 1.514 1.173 1.114 0.955 1.017 1.195 1.305 1.151 0.866 
0.003 0.0 0.0 0.0 0.072 1.083 1.044 1.228 1.553 1.514 
1.481 1.414 1.531 1.598 1.63 1.589 1.464 1.849 2.094 1.933 
1.563 1.535 1.572 1.983 2.346 2.504 2.139 2.097 1.686 1.335 
1.507 1.473 1.293 1.14 1.134 1.204 1.311 1.291 1.286 1.415 
1.26 1.323 1.376 1.631 1.596 2.339 2.921 2.836 1.773 1.47 
1.398 1.572 1.655 1.835 2.455 2.784 2.165 1.799 1.521 1.795 
1.659 1.265 1.27 1.153 1.019 1.131 1.192 1.103 1.011 1.09 
1.195 1.276 1.213 1.581 1.695 1.712 1.245 1.18 1.093 1.344 
1.239 1.226 1.235 1.065 1.008 1.224 1.304 1.019 1.158 1.327 
1.525 1.19 0.915 1.179 1.035 0.976 0.995 1.246 1.691 1.75 
2.096 1.815 1.423 1.724 1.561 1.494 1.522 1.355 1.31 1.217 
1.339 1.18 0.953 1.177 1.274 1.175 1.278 1.301 1.085 1.104 
1.574 1.876 1.656 1.607 1.618 1.577 1.456 1.35 1.648 1.519 
1.357 1.307 1.583 1.666 1.645 1.949 1.725 1.501 1.347 1.373 
1.411 1.17 1.155 1.368 1.315 1.138 1.329 1.34 1.345 1.208 
1.357 1.461 1.305 1.648 1.68 1.685 1.899 2.283 2.5 2.895 
3.258 2.081 1.442 1.214 1.141 1.142 1.147 1.14 1.156 1.184 
1.158 1.217 1.167 1.306 1.481 1.614 1.446 1.503 1.879 2.03 
1.965 2.126 2.446 2.724 3.018 2.617 3.514 3.355 2.699 3.257 
2.529 2.04 2.453 2.017 1.51 1.517 1.642 1.515 1.593 1.539 
1.501 1.434 1.25 1.169 1.281 1.118 1.303 1.505 1.76 1.745 
1.667 1.352 1.222 1.176 1.202 1.354 1.654 1.721 1.477 1.523 
1.838 1.684 1.524 1.735 1.914 1.836 2.023 1.776 1.517 1.78 
1.893 1.476 1.262 1.264 1.289 1.116 1.048 1.069 0.992 0.941 
1.042 1.058 1.097 1.033 0.585 0.004 0.003 0.0 1.039 1.28 
1.586 1.608 1.469 1.332 1.543 1.915 2.003 2.22 2.076 1.854 
1.738 1.438 1.297 1.299 1.2 1.096 1.367 1.369 1.439 1.361 
1.523 1.882 2.233 2.584 2.286 2.814 3.15 3.862 4.671 4.963 
4.741 4.159 4.032 3.42 3.585 3.36 2.903 2.734 2.45 2.264 
2.353 2.331 2.65 3.471 4.211 5.705 7.664 9.223 12.499 13.607 

END
