PFRMAT local QA
AUTHOR LAW-CASP14
af2-standard_T1105_1.pdb local_accuracy_only 8.232 5.884 3.799 3.759 2.197 0.933 1.3 0.794 0.767 0.616 0.646 
0.811 0.694 0.6 0.694 0.933 0.705 0.737 1.155 1.447 0.943 
1.101 0.779 0.65 0.762 0.7 0.914 1.018 1.344 1.013 0.892 
1.058 1.089 0.913 0.91 1.031 1.039 1.013 1.075 1.141 1.123 
1.167 1.127 1.166 1.069 1.119 1.405 1.297 1.416 1.302 1.241 
1.06 1.106 0.936 1.309 1.281 1.403 1.201 1.102 0.967 0.888 
0.831 0.793 0.784 0.774 0.775 0.781 0.787 0.77 0.864 0.878 
0.929 1.173 1.318 1.461 1.635 1.971 2.562 2.155 1.648 1.339 
1.234 1.169 1.521 1.21 2.427 2.223 1.914 1.512 1.155 1.243 
1.285 1.035 1.066 1.027 0.924 0.879 0.893 0.874 0.798 0.858 
0.869 0.885 0.857 0.995 1.029 1.064 0.989 0.891 0.791 0.847 
0.868 0.865 0.956 0.868 0.859 0.92 0.958 0.973 1.203 1.173 
1.322 1.241 1.076 1.284 1.497 1.094 1.044 1.344 1.392 1.428 
1.429 1.38 1.191 1.304 1.255 1.101 1.132 1.189 0.958 1.033 
1.041 1.02 0.877 0.936 1.108 0.856 0.896 0.963 0.97 0.917 
1.029 1.118 1.075 1.007 1.17 1.029 0.937 0.851 0.946 0.99 
0.862 0.913 0.949 0.882 0.818 0.919 1.108 0.912 0.805 0.812 
0.75 0.74 0.668 0.757 0.761 0.748 0.879 0.976 0.946 1.037 
1.281 1.876 0.941 1.21 0.896 0.945 0.88 1.596 1.022 2.821 
2.674 1.897 1.188 0.713 0.778 0.597 0.735 0.709 0.79 0.711 
0.688 0.722 0.714 0.711 0.784 0.827 0.904 1.105 1.187 1.139 
1.439 1.509 1.564 1.843 2.059 1.496 1.56 2.113 1.634 1.563 
1.26 1.02 0.98 0.931 0.786 0.731 0.684 0.708 0.577 0.677 
0.719 0.745 0.724 0.608 0.772 0.805 0.697 0.714 0.824 0.801 
0.825 0.774 0.688 0.727 0.728 0.883 1.047 1.073 0.854 0.993 
1.165 1.044 1.007 1.111 1.122 1.043 0.965 0.948 0.708 0.776 
0.836 0.787 0.635 0.638 0.56 0.576 0.551 0.52 0.496 0.511 
0.531 0.545 0.562 0.569 0.626 0.641 0.673 0.705 0.776 0.776 
0.795 0.882 0.928 0.959 1.049 1.249 1.133 1.255 1.178 1.153 
0.88 0.845 0.744 0.733 0.757 0.745 0.696 0.797 0.876 0.806 
0.87 1.059 1.114 1.013 1.453 1.663 1.725 2.479 2.47 2.164 
1.655 1.115 1.041 0.889 0.958 0.948 1.126 1.419 4.688 5.916 
2.638 2.128 6.587 6.574 9.641 13.85 15.0 15.0 15.0 15.0 

END
