PFRMAT local QA
AUTHOR MASS-CASP14
af2-standard_T1134s1_5.pdb local_accuracy_only 5.601 3.551 2.917 2.513 1.983 2.221 2.045 1.644 1.623 2.117 2.469 
2.191 1.805 1.706 1.668 1.417 1.499 1.566 1.416 1.365 1.683 
1.946 1.984 1.853 1.655 1.907 1.746 1.393 1.583 1.641 1.473 
1.594 2.124 2.396 2.057 1.984 1.766 2.2 2.211 2.463 2.547 
2.749 3.306 3.321 2.578 2.479 2.114 2.245 2.1 2.056 1.898 
1.807 1.938 2.005 2.014 2.314 2.992 3.552 2.981 2.452 2.343 
2.214 2.265 1.846 1.605 1.591 1.357 1.192 1.299 1.267 1.201 
1.286 1.741 2.029 1.972 1.638 1.499 1.424 1.487 1.631 1.563 
1.766 1.928 2.499 2.703 2.578 2.03 1.456 1.387 1.603 1.748 
1.562 1.718 1.749 2.084 2.485 2.977 2.653 2.241 2.082 1.509 
1.367 1.571 1.483 1.265 1.323 1.501 1.725 1.806 1.507 1.705 
1.854 1.974 1.882 1.695 2.1 2.242 2.541 2.539 2.247 1.672 
1.605 1.467 1.349 1.454 1.602 1.548 1.592 1.88 2.186 2.172 
2.125 1.901 1.81 1.737 1.592 1.685 1.58 1.335 1.393 1.873 
1.968 1.919 1.696 1.583 1.469 1.55 1.596 1.645 2.089 2.298 
2.247 2.464 2.21 1.952 1.748 1.637 1.763 1.76 1.573 1.449 
1.752 1.713 1.595 1.499 1.369 1.521 1.393 1.147 1.248 1.292 
1.129 1.289 1.636 1.712 1.599 1.48 1.592 1.713 1.663 1.749 
1.837 1.79 2.044 2.03 1.774 1.359 1.307 1.265 1.459 1.518 
1.333 1.264 1.348 1.579 1.699 1.884 2.222 2.711 3.093 2.942 
2.705 2.508 1.97 1.781 1.77 1.435 1.536 1.501 1.432 1.573 
1.496 1.311 1.364 1.418 1.261 1.181 1.377 1.675 1.759 1.895 
2.002 1.922 1.76 2.069 2.221 2.597 2.923 2.882 4.38 
END
