PFRMAT local QA
AUTHOR LAW-CASP14
af2-standard_T1134s1_5.pdb local_accuracy_only 7.36 5.778 3.922 3.58 2.039 2.305 2.647 1.987 1.844 1.985 1.921 
1.629 1.538 1.604 1.538 1.209 1.261 1.281 1.203 1.118 1.217 
1.233 1.208 1.227 1.166 1.295 1.239 1.097 1.176 1.357 1.297 
1.164 1.434 1.487 1.396 1.277 1.013 1.013 1.229 1.273 1.75 
1.901 2.06 1.676 1.274 1.074 1.005 0.918 1.033 1.088 1.066 
1.081 1.235 1.357 1.73 1.961 2.775 2.932 2.398 2.281 1.937 
1.546 1.39 1.291 1.076 1.015 1.007 0.881 0.865 0.945 0.908 
0.856 0.952 1.026 1.034 0.918 0.927 0.845 0.86 0.881 0.914 
1.011 1.406 1.558 1.086 1.133 0.876 0.866 0.847 0.793 0.877 
0.926 0.974 0.944 1.163 1.372 1.441 1.352 1.083 1.009 0.955 
0.86 0.865 0.867 0.811 0.86 0.854 0.883 0.902 0.846 0.822 
0.972 1.025 0.872 0.904 0.932 0.979 1.085 1.101 1.07 0.92 
0.927 0.831 0.983 1.148 0.978 0.978 1.03 1.344 1.214 1.507 
1.155 1.026 1.088 1.04 0.859 0.952 0.922 0.931 1.029 0.969 
0.935 1.258 1.081 1.517 1.57 1.646 1.475 1.109 0.943 1.124 
1.09 1.008 0.941 0.918 1.477 1.02 0.925 0.969 0.938 0.882 
0.921 0.982 0.973 0.959 0.925 0.984 0.883 0.931 0.97 0.974 
1.095 0.914 1.082 1.19 1.151 1.109 0.986 0.922 0.984 0.907 
0.949 0.93 0.98 1.003 0.988 0.918 0.861 0.843 0.967 0.96 
0.852 0.915 0.925 0.941 0.96 1.053 1.126 1.397 1.979 4.753 
6.108 5.362 4.156 3.015 2.212 2.029 1.797 1.257 1.059 1.155 
1.117 0.976 0.978 1.036 0.966 0.95 1.073 1.012 0.943 1.033 
1.042 1.363 1.381 1.39 1.273 1.596 1.567 1.325 1.812 
END
