PFRMAT local QA
AUTHOR LAW-CASP14
af2-standard_T1185s4_1.pdb local_accuracy_only 15.0 15.0 15.0 15.0 15.0 15.0 15.0 15.0 15.0 15.0 15.0 
14.542 13.364 13.431 11.672 8.657 6.758 9.756 7.16 6.297 1.332 
1.47 1.554 1.311 1.893 1.972 1.517 2.199 4.344 4.397 4.95 
3.661 5.926 4.048 4.773 2.427 2.232 1.181 1.017 0.899 0.748 
0.659 0.558 0.495 0.543 0.524 0.635 0.73 1.032 1.261 1.214 
0.867 1.1 0.819 0.969 1.113 1.026 0.885 1.102 1.203 1.161 
1.025 1.241 1.379 1.066 1.096 1.575 1.982 2.609 3.523 3.009 
2.558 1.789 1.485 1.254 0.899 0.742 0.602 0.532 0.521 0.541 
0.713 0.795 0.851 0.821 0.868 0.896 1.142 1.241 1.384 1.32 
1.232 1.385 1.446 1.384 1.456 1.705 1.816 1.919 2.337 3.747 
3.967 3.209 3.579 2.939 2.489 2.329 1.708 1.72 1.579 1.3 
1.158 1.128 0.928 0.706 0.645 0.643 0.588 0.738 0.753 0.983 
1.114 1.359 1.429 1.098 1.01 1.226 1.28 1.118 1.124 1.302 
1.475 1.361 1.382 1.808 1.612 1.333 1.908 1.823 1.19 1.428 
1.051 0.75 0.836 0.561 0.504 0.486 0.568 0.717 0.929 0.934 
1.272 1.434 1.61 2.19 3.515 4.245 3.079 4.181 4.989 5.059 
5.657 6.629 7.513 7.062 6.527 4.612 4.532 3.539 2.2 2.211 
1.811 1.494 1.298 1.415 1.206 1.045 1.088 1.054 0.929 0.84 
0.938 0.899 0.735 0.906 1.028 1.016 0.931 0.721 0.618 0.516 
0.477 0.551 0.761 0.876 1.196 1.412 2.811 5.359 7.683 9.568 
12.059 13.429 14.537 14.665 15.0 14.35 13.456 12.245 11.724 11.282 
8.703 9.458 10.0 10.1 8.659 8.487 10.649 9.916 9.864 7.883 
6.986 5.923 4.063 2.436 2.31 1.509 1.295 1.202 1.093 1.007 
1.13 0.911 0.805 0.658 0.646 0.567 0.568 0.547 0.617 0.688 
0.784 1.028 1.334 3.684 5.041 5.663 6.006 4.591 3.599 1.294 
1.154 0.899 0.912 0.764 0.8 0.771 0.906 1.046 1.0 1.41 
1.985 1.681 1.649 1.373 1.149 1.023 1.111 1.068 1.163 1.257 
1.346 1.458 1.635 1.559 1.285 1.302 1.439 1.516 1.541 
END
