PFRMAT local QA
AUTHOR MASS-CASP14
af2-standard_T1185s4_1.pdb local_accuracy_only 15.0 15.0 15.0 15.0 14.485 15.0 13.18 10.642 9.89 7.803 6.848 
6.317 5.069 5.218 5.183 4.943 4.948 5.184 5.137 4.155 3.121 
2.759 2.606 2.054 2.381 2.355 1.99 2.415 2.547 2.844 2.229 
2.398 2.729 3.195 3.535 2.78 2.423 1.936 1.991 1.806 1.651 
1.168 0.999 1.045 1.116 0.988 1.168 1.089 1.439 1.88 1.86 
1.603 1.912 1.788 1.688 1.622 1.337 1.291 1.401 1.458 1.352 
1.375 1.278 1.447 1.377 1.403 1.871 2.443 2.955 3.886 3.864 
3.534 2.566 2.145 1.764 1.365 1.112 0.856 0.913 0.818 0.816 
0.901 1.197 1.374 1.622 1.595 1.432 1.511 1.629 1.696 1.586 
1.315 1.413 1.579 1.491 1.387 1.583 1.65 1.686 1.672 2.13 
2.719 3.312 2.756 2.506 2.447 1.916 1.543 1.848 1.815 1.584 
1.513 1.675 1.337 0.87 1.124 1.081 1.083 1.022 1.005 1.32 
1.411 1.514 1.564 1.507 1.284 1.415 1.567 1.529 1.317 1.547 
1.689 1.654 2.137 2.135 1.843 1.769 1.995 2.133 2.018 2.154 
1.672 1.442 1.247 1.224 1.249 1.243 1.336 1.652 1.549 1.71 
1.896 2.072 2.403 2.826 3.622 5.234 6.066 6.394 7.24 7.69 
7.363 8.468 8.073 7.112 6.485 6.088 4.571 3.914 3.318 3.107 
2.22 1.687 1.887 1.676 1.321 1.517 1.502 1.241 1.152 1.22 
1.272 1.224 1.144 1.454 1.701 1.67 1.716 1.605 1.559 1.44 
1.491 1.416 1.4 1.96 2.226 3.247 4.62 6.208 9.059 12.459 
15.0 15.0 15.0 15.0 15.0 15.0 15.0 15.0 15.0 15.0 
15.0 15.0 15.0 11.513 8.902 7.187 5.33 3.891 3.641 2.887 
2.887 2.232 2.364 2.309 1.913 1.649 1.576 1.815 1.726 1.358 
1.546 1.695 1.421 1.296 1.224 1.112 1.118 1.143 1.033 1.002 
1.121 1.487 1.931 2.7 3.531 4.585 4.439 4.145 3.861 2.59 
1.587 1.154 1.099 0.98 1.014 1.11 1.177 1.322 1.537 2.125 
2.763 2.415 2.053 1.695 1.648 1.47 1.337 1.059 1.086 1.184 
1.335 1.731 2.139 1.994 1.329 1.174 1.297 1.125 1.521 
END
