PFRMAT local QA
AUTHOR LAW-CASP14
af2-standard_T1185s3_1.pdb local_accuracy_only 7.609 6.609 3.443 5.307 5.538 6.777 9.286 9.574 10.414 8.432 9.277 
8.391 9.326 7.092 4.637 6.115 5.948 5.217 5.503 4.592 3.712 
3.883 5.405 4.117 6.648 7.182 6.204 8.297 9.173 8.808 8.109 
11.38 13.94 13.094 9.86 12.401 14.551 13.158 10.642 11.402 10.778 
8.742 7.323 10.511 10.788 12.285 13.483 15.0 11.93 11.949 13.707 
12.912 12.451 13.079 13.285 11.575 10.704 11.854 12.218 10.509 10.523 
8.526 10.146 11.9 13.424 14.462 14.904 15.0 15.0 15.0 14.455 
13.458 12.503 10.671 9.138 8.488 8.244 5.278 3.032 2.004 1.606 
1.237 1.409 1.264 1.415 1.429 1.559 1.369 1.281 1.466 1.512 
1.29 1.458 1.71 1.61 1.445 1.161 1.199 1.148 1.06 0.838 
0.716 0.707 0.657 0.677 0.749 0.834 0.977 1.041 1.11 0.963 
1.017 0.843 0.954 1.0 0.997 0.816 1.042 1.16 1.045 0.814 
1.141 1.142 1.072 1.111 1.433 1.479 1.388 1.431 1.274 1.024 
0.771 0.661 0.607 0.605 0.767 0.763 0.917 0.945 1.049 1.109 
1.498 1.504 1.675 1.56 1.37 1.589 1.682 1.518 1.516 1.901 
1.973 2.128 2.146 2.407 2.299 2.31 2.043 2.026 1.761 1.71 
1.557 1.376 1.273 1.232 1.113 0.893 0.804 0.726 0.727 0.833 
0.813 0.918 0.889 0.897 0.928 0.923 0.791 0.911 0.952 0.885 
0.892 1.057 1.14 1.167 1.23 1.628 1.718 1.844 2.602 2.595 
3.189 3.706 5.943 6.442 7.592 6.952 3.588 2.14 1.067 1.083 
0.781 0.656 0.589 0.592 0.687 0.763 0.726 0.874 0.971 0.874 
0.975 1.197 1.275 1.31 1.534 2.069 2.846 3.228 2.103 1.718 
1.427 1.249 1.254 1.119 1.0 0.927 0.963 0.935 0.864 0.878 
0.928 0.931 0.8 0.928 1.057 0.939 0.887 1.065 1.251 1.138 
1.27 0.906 0.827 0.685 0.642 0.637 0.716 0.734 0.881 1.053 
1.188 1.678 1.793 2.696 2.93 3.358 2.4 2.258 1.52 1.406 
1.049 1.11 1.357 1.481 1.723 1.44 1.112 1.307 1.221 0.999 
0.845 0.85 0.802 0.753 0.776 0.82 0.862 0.938 1.191 1.609 
2.611 3.388 4.234 4.646 3.479 3.332 2.749 2.059 1.606 1.108 
1.062 0.985 1.028 1.066 1.03 1.022 1.298 1.287 1.843 2.121 
2.048 1.664 1.403 1.35 1.19 1.154 1.255 1.171 1.656 1.454 
2.08 2.706 1.847 1.977 3.455 6.626 8.161 11.461 14.294 15.0 
15.0 15.0 15.0 15.0 15.0 15.0 15.0 
END
