PFRMAT local QA
AUTHOR MASS-CASP14
af2-standard_T1185s3_1.pdb local_accuracy_only 2.689 2.016 1.609 1.352 1.693 2.096 2.172 2.316 2.377 2.891 3.306 
2.962 2.862 2.979 3.278 2.495 2.212 2.547 2.518 2.08 2.413 
2.353 2.423 1.926 1.611 1.472 1.33 1.327 1.697 1.738 1.669 
1.816 2.153 2.156 1.802 1.832 2.147 1.901 1.525 1.778 1.916 
1.99 1.813 2.145 2.052 2.211 2.166 2.558 2.434 2.059 2.635 
2.479 2.343 2.246 2.622 2.466 2.204 2.516 2.701 2.892 3.061 
3.578 4.755 6.527 7.538 9.089 9.858 10.78 12.854 12.185 12.117 
13.227 11.607 10.707 10.518 10.218 8.651 6.919 4.836 2.614 1.74 
1.472 1.323 1.238 1.441 1.136 1.414 1.3 1.283 1.506 1.572 
1.464 1.722 2.207 2.412 1.885 1.515 1.635 1.778 1.723 1.314 
0.981 1.148 1.098 0.999 0.944 1.085 1.478 1.95 2.092 1.775 
1.648 1.382 1.597 1.502 1.219 1.218 1.402 1.436 1.451 1.271 
1.378 1.228 1.33 1.473 1.708 2.003 1.945 1.724 1.528 1.326 
1.023 0.943 0.872 0.821 0.955 1.213 1.48 1.765 1.743 1.443 
1.617 1.877 1.835 1.524 1.301 1.574 1.62 1.492 1.387 1.656 
1.982 2.329 2.333 2.834 2.55 2.448 2.459 2.192 2.094 1.943 
1.996 1.751 1.64 1.66 1.494 1.286 1.36 1.203 1.184 1.191 
1.231 1.359 1.409 1.27 1.456 1.389 1.256 1.397 1.454 1.356 
1.333 1.563 1.635 1.439 1.699 1.905 1.855 1.764 1.929 2.602 
2.994 4.174 5.356 6.25 6.394 6.084 4.564 2.209 1.346 1.051 
0.875 0.756 0.525 0.438 0.852 1.085 1.047 1.226 1.444 1.462 
1.673 2.101 2.429 2.472 2.615 3.994 4.661 4.427 3.253 3.032 
2.749 2.427 2.123 2.326 1.921 1.718 1.838 1.662 1.482 1.61 
1.756 1.534 1.193 1.294 1.401 1.432 1.41 1.761 1.82 1.905 
1.744 1.322 1.211 0.998 0.886 0.96 1.037 1.226 1.288 1.529 
1.719 2.185 2.943 4.057 4.78 4.651 3.766 2.955 2.535 2.181 
2.063 1.839 1.793 1.83 1.837 1.508 1.124 1.316 1.467 1.082 
1.161 0.87 0.827 0.079 0.851 0.545 0.949 1.231 1.616 2.312 
3.069 4.039 5.222 6.225 5.868 4.989 4.21 2.448 1.539 1.09 
0.973 0.872 0.62 0.685 0.847 0.98 1.226 1.533 1.662 1.826 
1.651 1.548 1.379 1.29 1.37 1.332 1.29 1.184 1.233 1.259 
1.532 1.505 1.496 1.708 1.992 2.493 3.023 5.214 6.801 9.05 
9.828 11.538 14.726 15.0 15.0 15.0 15.0 
END
