PFRMAT local QA
AUTHOR LAW-CASP14
af2-standard_T1134s2_4.pdb local_accuracy_only 15.0 15.0 15.0 15.0 15.0 15.0 15.0 15.0 15.0 15.0 15.0 
8.887 3.184 2.302 2.465 2.205 1.853 1.844 1.792 1.688 1.464 
1.426 1.479 1.303 1.271 1.45 1.429 1.343 1.378 1.588 1.538 
1.625 1.527 1.564 1.421 1.279 1.402 1.323 1.146 1.174 1.328 
1.08 1.064 1.427 1.536 1.054 1.574 1.82 1.205 1.178 1.264 
0.965 0.836 1.046 0.937 0.766 0.993 1.184 0.895 0.999 1.748 
2.994 3.842 5.062 2.72 7.206 6.913 5.602 3.301 2.696 2.05 
1.759 1.492 1.973 2.561 1.871 1.973 2.084 1.874 2.11 5.944 
2.267 2.302 2.307 2.047 1.873 2.101 2.226 1.957 2.141 1.762 
1.868 1.864 1.677 1.551 1.222 1.459 1.568 2.338 3.914 3.973 
4.14 1.898 1.482 1.164 0.975 0.832 0.961 1.26 1.37 1.629 
2.511 2.976 4.805 3.679 2.984 3.52 5.182 5.512 4.575 3.012 
1.768 1.371 0.944 0.821 0.699 0.664 0.763 0.768 0.943 1.314 
2.216 2.647 4.746 6.914 6.524 7.726 6.986 6.46 3.271 2.684 
2.5 3.023 3.148 3.177 3.62 4.989 5.8 6.631 7.437 7.476 
7.665 7.425 6.064 4.971 3.936 2.801 1.433 1.336 1.557 1.31 
0.959 1.229 1.241 1.146 1.235 1.425 1.583 1.568 1.729 2.337 
2.679 3.48 2.783 2.215 1.353 1.111 0.789 0.714 0.714 0.734 
0.79 0.81 0.725 0.733 0.904 0.754 0.717 0.842 0.972 0.926 
1.012 1.298 1.393 1.461 1.741 1.394 1.181 0.887 0.807 0.779 
0.736 0.805 0.946 1.234 2.628 1.912 3.124 3.094 3.463 2.272 
2.06 2.936 2.956 1.949 2.551 1.943 2.272 2.177 1.913 1.77 
2.018 1.77 2.296 1.525 1.223 1.297 1.198 0.902 0.987 0.914 
1.056 0.989 0.949 0.996 0.972 1.066 1.14 1.588 2.028 2.095 
4.794 7.897 11.215 13.886 14.736 12.127 15.0 15.0 15.0 15.0 
15.0 15.0 15.0 15.0 15.0 15.0 15.0 15.0 15.0 15.0 
14.935 14.247 11.433 10.693 9.571 9.288 4.796 5.261 5.07 4.723 
4.553 3.842 2.993 2.226 1.715 1.451 1.127 1.409 1.52 1.408 
2.187 2.124 1.769 1.246 1.567 1.446 1.072 0.904 1.108 0.885 
1.164 1.074 0.858 0.933 0.974 0.906 0.834 0.846 0.819 0.777 
0.866 0.886 0.879 0.923 1.043 1.11 1.187 1.274 1.314 1.422 
1.402 1.597 
END
