PFRMAT local QA
AUTHOR MASS-CASP14
af2-standard_T1134s2_4.pdb local_accuracy_only 15.0 15.0 15.0 15.0 15.0 15.0 15.0 15.0 15.0 12.331 10.658 
8.036 8.373 6.419 5.871 4.329 3.845 3.352 3.507 3.532 3.552 
3.083 3.202 2.37 2.95 3.379 5.262 5.02 5.142 5.108 4.425 
3.86 3.805 3.96 3.971 3.389 3.604 3.487 2.822 2.371 2.079 
1.936 1.575 1.886 1.987 2.181 2.08 1.668 1.883 1.787 1.786 
1.571 1.5 1.497 1.429 1.417 1.694 1.646 1.495 1.643 2.14 
2.614 3.595 3.956 4.538 5.319 5.126 5.602 4.66 5.044 4.793 
3.779 3.893 3.273 2.836 2.223 2.251 2.233 1.887 2.392 2.437 
2.328 2.274 2.249 1.778 1.602 1.991 2.172 1.959 2.055 2.182 
2.537 2.711 2.828 2.371 2.2 2.632 3.206 3.908 5.184 6.138 
6.503 7.016 5.959 4.274 2.982 2.394 2.334 2.105 2.207 2.528 
2.949 3.848 4.85 5.434 5.06 5.107 5.729 5.905 4.528 3.02 
2.362 1.582 1.135 0.786 0.366 0.129 0.934 1.245 1.443 1.93 
2.188 3.331 4.785 5.668 5.607 5.944 5.485 4.594 4.051 2.943 
2.901 2.914 2.388 2.297 2.511 2.96 3.714 4.044 4.471 5.094 
5.62 6.752 4.991 3.299 2.838 2.139 1.654 1.423 1.598 1.514 
1.32 1.41 1.468 1.339 1.506 1.549 1.559 1.502 1.691 2.043 
2.544 3.179 2.67 1.917 1.331 0.98 0.79 0.805 0.838 0.815 
0.874 1.004 1.111 1.083 1.069 1.059 1.023 1.132 1.112 1.054 
0.994 1.163 1.479 1.869 2.34 2.071 1.426 0.824 0.029 0.008 
0.013 0.208 0.977 1.524 1.765 1.546 2.114 2.493 2.329 1.922 
1.715 2.133 2.23 1.997 2.452 2.813 2.707 2.617 2.585 2.782 
2.993 3.081 2.692 1.917 1.615 1.654 1.553 1.247 1.232 1.252 
1.668 1.914 1.785 1.516 1.597 1.98 2.11 2.483 3.08 4.351 
5.342 5.88 7.573 9.211 8.893 10.777 10.947 11.721 13.093 15.0 
15.0 14.518 15.0 13.572 12.668 14.355 11.99 12.198 10.73 10.425 
10.734 10.826 9.281 9.57 9.078 8.661 7.73 7.14 7.948 7.5 
7.029 7.117 6.808 6.182 6.8 6.992 7.125 7.603 7.927 6.683 
5.625 4.417 3.758 2.484 2.14 1.851 1.668 1.702 1.559 1.472 
1.685 1.777 1.459 1.502 1.629 1.801 1.64 1.938 2.144 1.998 
1.899 1.79 1.909 1.582 1.444 1.541 1.544 1.42 1.594 1.73 
2.032 2.77 
END
