PFRMAT local QA
AUTHOR MASS-CASP14
af2-standard_T1157s1_5.pdb local_accuracy_only 4.865 3.302 2.521 2.372 2.412 1.97 2.039 2.194 2.043 1.548 1.635 
1.773 1.45 1.201 1.444 1.469 1.424 1.329 1.596 1.381 1.339 
1.402 1.615 1.228 1.212 1.092 1.167 1.148 1.081 1.016 1.061 
1.233 1.855 1.759 1.501 1.332 1.385 1.827 1.931 2.559 3.012 
3.597 5.003 5.247 4.903 4.74 4.46 3.669 3.515 3.699 3.162 
3.056 2.759 2.343 2.433 2.665 2.815 1.987 1.764 1.552 1.438 
1.525 1.424 1.622 1.468 1.341 1.453 1.469 1.348 1.681 1.603 
1.638 2.3 2.875 3.659 4.235 5.659 7.134 7.687 9.86 8.101 
6.666 4.594 3.372 2.486 1.808 1.672 1.847 1.734 1.345 1.57 
1.612 1.443 1.28 1.569 1.636 1.41 1.57 1.983 2.024 1.908 
2.093 2.118 2.321 2.569 2.736 3.088 3.319 3.605 3.737 3.805 
3.844 3.707 3.287 2.965 2.862 2.326 1.733 1.82 1.872 2.213 
1.892 1.722 1.461 1.667 1.67 1.409 1.57 1.421 1.343 1.299 
1.433 1.396 1.284 1.263 1.225 1.235 1.104 1.157 1.265 1.246 
1.084 1.113 1.403 1.741 1.854 1.723 1.608 2.049 2.399 3.582 
4.761 4.972 6.002 7.08 9.688 12.018 13.017 13.685 11.86 10.615 
9.467 8.236 7.529 7.465 7.481 6.796 6.134 6.548 7.31 9.006 
8.206 6.1 5.211 3.03 2.575 2.227 1.889 1.588 1.335 1.236 
1.452 1.463 1.156 1.111 1.173 1.138 1.228 1.389 1.346 1.259 
1.335 1.317 1.287 1.313 1.541 1.763 1.891 1.73 1.702 1.248 
1.193 1.131 1.379 1.133 1.183 1.22 1.269 1.613 1.888 1.616 
1.688 2.216 2.289 2.678 3.219 3.52 3.194 3.984 3.994 4.256 
5.512 5.317 5.647 5.752 7.14 7.912 7.732 5.831 5.661 4.568 
4.135 3.528 3.163 2.474 2.034 1.77 1.585 1.36 1.135 1.228 
1.237 1.299 1.307 1.317 1.271 1.21 1.262 1.28 1.338 1.226 
1.344 1.441 1.286 1.4 1.512 1.563 1.412 1.74 1.628 1.455 
1.23 1.122 1.161 1.352 1.347 1.192 1.298 1.44 1.359 1.348 
1.413 1.632 1.521 1.561 1.828 1.847 2.197 2.486 2.821 2.611 
2.621 2.106 1.686 1.651 1.669 1.324 1.141 1.243 1.427 1.829 
1.649 1.477 1.461 1.321 1.478 1.939 1.602 1.598 1.403 1.455 
1.268 1.298 1.453 1.237 1.19 1.347 1.393 1.379 1.473 1.524 
1.628 1.63 1.436 1.441 1.612 1.738 1.536 1.469 1.822 2.346 
2.784 2.95 3.2 3.392 4.085 6.055 6.985 9.034 10.154 11.592 
12.22 13.174 14.258 14.208 11.935 10.267 8.169 6.544 4.861 5.035 
4.465 4.025 4.326 5.191 5.704 5.841 6.993 6.753 6.864 7.066 
6.367 5.442 4.143 3.16 2.38 2.227 2.282 1.739 1.594 1.592 
1.919 1.658 1.567 1.978 1.872 1.569 1.574 1.61 1.47 1.28 
1.62 1.915 2.21 2.262 2.841 3.762 4.606 5.129 4.515 3.421 
2.914 2.57 2.152 2.487 2.099 2.077 2.266 2.596 3.376 3.492 
2.761 2.989 2.232 2.379 2.447 2.561 2.374 2.466 2.88 3.055 
3.511 3.554 3.862 3.79 3.297 2.917 2.547 2.179 1.792 1.762 
1.804 1.898 1.782 1.808 1.473 1.648 1.486 1.245 1.345 1.572 
1.499 1.592 1.785 1.562 1.759 1.796 1.857 1.532 1.522 1.846 
1.828 1.791 1.34 1.263 1.246 1.131 1.114 1.221 1.357 1.642 
1.89 3.026 3.821 3.876 3.782 3.759 4.373 4.439 4.416 3.147 
2.419 2.032 1.895 1.787 1.611 1.567 1.61 1.587 1.617 1.53 
1.609 1.735 1.864 1.87 1.815 1.41 1.373 1.574 1.46 1.543 
1.577 1.571 1.378 1.293 1.32 1.477 1.477 1.375 1.359 1.523 
1.569 1.33 1.066 1.393 1.394 1.256 1.449 1.609 1.444 1.097 
1.102 1.353 1.566 1.231 1.152 1.086 0.978 1.017 0.994 1.245 
1.181 1.291 1.878 1.83 1.52 1.255 1.239 1.308 1.304 1.327 
1.423 1.685 1.645 1.469 1.463 1.301 1.252 1.251 1.157 1.215 
1.352 1.488 1.508 1.587 1.887 1.805 1.761 1.896 2.422 2.385 
2.138 2.285 2.072 2.024 2.294 2.295 2.584 2.678 2.215 1.788 
1.355 1.286 1.393 1.501 1.419 1.248 1.16 1.015 0.885 1.086 
1.326 1.618 2.472 3.183 4.721 6.075 10.457 11.768 15.0 15.0 
15.0 15.0 15.0 15.0 15.0 15.0 15.0 15.0 11.849 12.352 
9.451 9.56 8.15 7.497 7.925 8.829 9.448 8.678 6.196 5.443 
4.348 3.564 3.21 2.813 3.164 3.411 4.145 4.836 4.99 5.572 
6.218 6.794 7.078 7.195 6.969 6.222 5.047 6.138 5.699 4.195 
3.778 2.869 2.385 2.042 2.411 1.994 2.152 2.286 2.31 1.986 
2.219 2.371 2.558 3.058 4.126 4.643 6.724 8.157 11.979 15.0 
15.0 15.0 15.0 15.0 15.0 15.0 15.0 15.0 15.0 15.0 
15.0 15.0 15.0 15.0 15.0 13.565 9.42 7.57 5.511 3.868 
3.156 2.614 2.69 3.202 3.714 4.37 4.999 4.012 3.87 4.828 
6.137 6.511 5.906 5.563 5.329 5.002 5.263 4.317 3.778 3.092 
2.382 1.879 1.577 1.505 1.292 1.425 1.353 1.438 1.525 2.017 
2.755 3.436 4.705 6.023 7.84 9.901 11.044 11.909 10.09 11.623 
9.737 8.521 7.78 6.978 6.023 5.254 4.945 4.142 2.785 2.267 
2.21 2.125 2.339 2.635 2.85 2.626 2.038 1.419 1.405 1.446 
1.775 1.85 1.688 1.647 1.651 1.281 1.165 1.158 1.173 1.148 
1.219 1.228 1.358 2.221 3.273 3.877 3.158 2.722 1.697 1.294 
1.183 1.105 1.11 1.089 1.137 1.321 1.72 1.768 1.663 1.609 
2.432 3.28 3.099 2.585 1.912 1.658 1.618 1.636 1.793 2.107 
2.684 2.342 2.255 2.748 2.908 3.017 3.196 2.718 2.679 2.214 
2.087 2.05 1.887 2.096 2.561 3.016 3.887 3.985 4.388 5.082 
3.946 3.667 3.781 3.922 4.1 5.068 5.705 6.558 7.287 9.874 
15.0 15.0 15.0 15.0 15.0 15.0 15.0 15.0 15.0 15.0 
15.0 15.0 15.0 15.0 15.0 15.0 15.0 15.0 15.0 15.0 
15.0 15.0 15.0 15.0 15.0 15.0 15.0 15.0 15.0 15.0 
15.0 14.474 14.441 12.124 11.955 12.278 13.073 15.0 13.713 15.0 
12.482 11.331 8.86 7.979 6.808 6.354 6.744 7.486 7.73 7.413 
7.045 7.24 7.888 7.889 8.222 8.43 9.064 8.887 9.455 10.379 
12.591 11.548 13.602 15.0 15.0 15.0 15.0 15.0 15.0 13.868 
13.534 10.028 8.562 7.567 7.387 6.03 5.947 6.261 6.299 5.4 
4.795 3.919 3.522 4.209 4.654 4.434 5.301 4.358 3.284 3.097 
2.94 3.21 2.431 2.731 3.497 3.927 5.072 5.845 6.662 7.061 
9.305 9.584 10.354 9.564 9.225 7.485 8.692 8.182 6.709 6.833 
7.312 7.724 7.121 5.766 5.193 3.836 3.337 2.728 2.403 2.305 
1.905 1.559 1.608 1.769 1.752 2.071 2.573 2.672 3.037 4.664 
3.997 3.332 2.78 3.204 3.749 5.303 5.035 6.39 6.807 6.791 
4.616 1.99 1.808 1.46 1.236 1.224 1.224 1.354 1.674 1.887 
1.64 1.518 1.578 1.765 1.779 1.642 1.336 1.708 1.513 1.456 
1.786 1.857 1.809 2.219 2.477 2.378 2.568 2.509 1.531 1.263 
1.2 1.009 0.891 0.911 0.846 0.955 1.148 1.857 2.636 3.78 
4.955 5.428 6.157 6.095 4.943 4.183 2.782 2.635 2.379 2.197 
2.324 2.276 2.899 3.495 3.09 2.63 2.751 3.501 4.169 4.813 
4.363 3.587 2.863 2.32 1.859 1.8 1.466 1.276 1.242 1.291 
1.373 1.282 1.37 1.927 2.09 2.357 2.861 2.997 2.568 2.572 
2.662 2.746 2.586 3.25 3.758 4.253 3.327 2.19 1.806 1.804 
1.712 1.893 2.028 1.871 1.955 1.799 1.675 1.855 2.445 2.472 
2.383 1.814 1.498 1.392 1.404 1.453 1.246 1.485 1.69 2.114 
3.264 4.027 5.8 8.467 10.903 10.734 12.45 13.318 
END
