PFRMAT local QA
AUTHOR LAW-CASP14
af2-standard_T1157s1_5.pdb local_accuracy_only 1.608 1.433 1.034 1.089 1.298 1.01 0.901 1.079 1.007 0.784 0.876 
0.935 0.862 0.778 0.896 0.892 0.815 0.782 0.922 0.889 0.728 
0.845 0.902 0.897 0.73 0.746 0.78 0.736 0.719 0.617 0.683 
0.741 0.767 0.913 0.984 0.986 0.852 0.814 0.77 1.205 2.228 
3.562 5.988 6.469 4.891 3.447 2.394 1.931 1.643 1.415 1.421 
1.342 0.961 1.032 1.035 1.312 1.137 0.89 0.768 0.691 0.626 
0.731 0.657 0.637 0.647 0.629 0.611 0.593 0.704 0.664 0.723 
0.834 1.065 1.08 1.372 2.337 4.377 5.489 2.947 5.529 3.311 
1.466 1.729 1.491 1.392 0.985 0.931 1.07 0.924 0.781 0.953 
0.952 0.826 0.761 0.92 0.892 0.873 0.899 0.988 1.024 1.19 
1.27 1.042 1.177 1.306 1.644 1.749 1.812 1.532 1.512 1.516 
1.253 1.365 1.381 1.375 1.369 1.148 0.822 1.016 0.897 0.872 
0.86 0.807 0.687 0.619 0.55 0.517 0.592 0.579 0.513 0.552 
0.566 0.543 0.497 0.519 0.541 0.485 0.464 0.48 0.481 0.495 
0.548 0.613 0.621 0.77 0.904 0.82 0.801 0.93 1.006 1.263 
1.625 1.274 1.601 1.146 2.181 1.846 2.853 3.457 3.422 3.046 
2.137 1.524 2.109 1.564 1.746 1.166 1.306 1.529 1.637 2.304 
2.001 2.211 1.749 1.423 0.988 1.101 0.906 0.741 0.543 0.549 
0.66 0.585 0.465 0.507 0.577 0.535 0.482 0.566 0.601 0.584 
0.664 0.833 0.663 0.693 1.05 0.858 1.202 0.909 0.749 0.635 
0.642 0.706 0.647 0.653 0.642 0.707 0.704 0.812 0.825 0.762 
0.978 1.387 1.548 1.796 1.886 1.768 1.367 1.436 1.502 2.077 
3.744 6.974 8.248 12.527 13.758 14.001 15.0 15.0 14.012 12.029 
8.034 3.62 2.183 1.79 1.285 1.026 0.932 0.738 0.654 0.601 
0.532 0.573 0.529 0.511 0.507 0.526 0.531 0.558 0.537 0.48 
0.519 0.548 0.505 0.536 0.639 0.718 0.741 0.686 0.596 0.619 
0.673 0.495 0.509 0.583 0.581 0.463 0.505 0.531 0.486 0.468 
0.539 0.586 0.526 0.568 0.657 0.676 0.726 0.797 0.903 0.976 
0.704 0.742 0.701 0.972 0.888 0.943 0.856 1.047 0.891 1.096 
1.099 0.941 1.071 1.148 1.19 1.547 1.502 1.499 0.969 0.926 
0.857 0.829 0.803 0.715 0.636 0.642 0.543 0.505 0.507 0.54 
0.572 0.507 0.564 0.549 0.596 0.599 0.661 0.698 0.825 0.914 
1.392 1.489 3.395 5.782 8.616 10.528 10.126 10.986 11.048 8.63 
14.975 15.0 15.0 15.0 15.0 13.68 10.355 8.01 6.154 6.275 
4.241 3.463 4.682 5.655 4.056 6.253 5.967 7.589 4.242 4.129 
4.692 4.079 0.959 1.174 0.869 0.757 0.794 0.755 0.585 0.584 
0.708 0.507 0.505 0.63 0.562 0.516 0.513 0.587 0.586 0.608 
0.657 0.678 0.724 0.794 0.826 1.045 1.178 1.463 1.352 1.029 
0.918 0.868 0.954 1.131 1.235 1.129 1.408 1.155 1.407 1.554 
1.117 1.251 1.56 1.849 1.859 2.031 1.586 1.265 1.086 1.006 
0.945 0.9 0.778 0.727 0.798 0.723 0.718 0.76 0.805 0.762 
0.894 1.042 1.095 0.953 0.815 0.752 0.717 0.659 0.636 0.661 
0.654 0.603 0.666 0.687 0.661 0.727 0.814 0.78 0.788 0.887 
0.916 0.981 0.911 0.916 1.035 1.367 1.435 1.633 1.6 1.916 
1.789 2.064 2.184 1.658 1.992 2.247 2.339 3.004 3.075 2.322 
1.9 1.343 1.053 0.785 0.705 0.671 0.583 0.623 0.586 0.572 
0.566 0.579 0.628 0.577 0.586 0.601 0.633 0.615 0.673 0.727 
0.702 0.83 0.863 0.911 0.715 0.791 0.941 0.847 0.748 0.844 
0.851 0.762 0.767 0.868 0.82 0.833 0.904 0.914 0.959 0.85 
0.866 0.846 0.936 0.922 0.817 0.802 0.785 0.797 1.018 1.222 
1.669 1.397 2.032 2.094 1.517 1.287 1.021 0.828 0.723 0.66 
0.615 0.603 0.578 0.599 0.579 0.638 0.591 0.564 0.629 0.683 
0.635 0.608 0.633 0.706 0.678 0.684 0.787 0.856 0.941 1.179 
1.001 1.149 1.102 1.023 1.521 2.219 3.089 2.315 1.29 0.916 
0.684 0.656 0.598 0.609 0.563 0.602 0.555 0.668 0.581 0.876 
0.863 1.229 2.964 15.0 15.0 15.0 15.0 15.0 15.0 15.0 
15.0 15.0 15.0 15.0 15.0 15.0 15.0 15.0 15.0 14.583 
11.372 11.033 9.782 9.747 11.164 12.018 13.601 11.685 11.803 1.939 
1.941 1.586 1.332 1.378 1.821 1.471 2.738 6.195 7.572 10.109 
12.84 12.972 11.283 6.257 2.154 2.561 1.327 2.006 2.297 1.628 
1.882 1.385 1.281 1.293 1.153 0.956 1.068 1.212 1.186 1.068 
1.426 1.49 2.373 3.395 5.919 10.637 14.5 15.0 15.0 15.0 
15.0 15.0 15.0 15.0 15.0 15.0 15.0 15.0 15.0 15.0 
15.0 15.0 5.039 8.101 3.978 5.643 2.315 3.191 2.706 1.736 
1.671 2.367 1.507 1.98 3.191 5.031 8.631 5.42 5.612 8.535 
8.886 8.915 3.405 2.552 1.994 1.948 1.901 1.658 1.648 1.901 
1.268 1.161 0.966 0.99 1.094 1.155 1.528 1.811 2.765 3.392 
6.693 10.572 13.261 15.0 15.0 15.0 15.0 15.0 15.0 15.0 
15.0 15.0 15.0 14.943 13.077 10.1 3.845 3.018 2.219 2.209 
1.993 1.968 1.909 1.897 2.114 1.592 1.435 1.405 1.432 1.443 
1.673 2.015 1.707 2.567 2.233 1.645 1.403 1.11 0.981 0.867 
0.826 0.856 1.017 1.596 2.412 2.781 2.192 1.31 0.805 0.728 
0.787 0.805 0.938 1.135 1.135 1.397 1.408 1.278 1.232 1.051 
1.071 0.941 1.201 1.151 1.064 1.018 1.224 1.281 1.396 1.412 
1.63 1.41 1.296 1.56 1.658 1.528 1.812 1.64 1.637 1.364 
1.339 1.214 1.226 1.113 2.433 2.115 3.137 2.749 2.469 2.296 
2.505 2.632 3.373 2.67 3.139 3.062 6.221 7.78 9.655 12.523 
10.312 10.709 11.005 12.542 15.0 15.0 15.0 15.0 15.0 15.0 
15.0 15.0 15.0 15.0 15.0 15.0 15.0 15.0 15.0 15.0 
15.0 15.0 15.0 15.0 15.0 15.0 15.0 15.0 15.0 15.0 
15.0 15.0 15.0 15.0 15.0 15.0 15.0 15.0 15.0 15.0 
14.622 13.382 11.233 10.557 9.704 9.374 9.134 11.399 12.441 10.884 
9.279 12.472 12.526 11.773 11.694 13.268 10.907 9.565 10.598 13.098 
8.604 8.817 10.575 12.449 13.924 13.469 14.949 13.657 14.587 14.222 
15.0 11.887 10.07 9.234 8.491 7.278 6.522 6.517 5.751 7.004 
7.214 9.534 4.441 7.181 2.722 2.023 1.837 1.823 1.415 1.865 
1.602 1.796 1.729 1.481 2.315 2.531 2.689 3.979 4.548 4.297 
5.427 4.353 2.996 3.608 3.314 5.655 7.612 7.619 9.933 10.493 
10.396 9.365 8.2 6.979 6.39 5.18 3.031 3.031 1.825 2.08 
1.448 1.326 1.223 1.672 1.441 1.845 1.428 1.35 1.031 1.443 
1.22 1.154 1.118 1.101 1.263 1.185 1.07 0.999 1.149 1.077 
1.0 1.07 0.861 0.919 1.131 1.014 1.346 1.03 1.066 1.046 
0.837 0.838 0.9 0.987 0.851 0.877 0.876 1.058 0.933 0.957 
1.025 1.227 1.212 1.41 1.371 1.312 1.08 1.044 1.037 0.944 
0.896 0.899 0.768 0.773 0.801 0.964 1.064 1.309 1.806 2.278 
5.272 7.195 7.753 7.774 7.131 6.342 3.087 2.842 2.511 1.748 
1.818 1.561 1.631 1.46 1.372 1.103 1.256 1.205 1.257 1.765 
1.561 1.434 1.256 1.183 1.362 1.278 1.272 1.02 1.226 1.16 
0.954 1.173 1.044 1.62 1.247 1.432 1.431 1.587 1.449 1.469 
1.907 2.084 1.811 1.941 2.571 2.303 2.536 2.364 2.431 2.784 
3.087 2.81 3.016 1.884 1.233 0.95 0.841 0.95 0.912 1.394 
1.297 0.824 0.765 0.715 0.812 0.914 0.904 1.082 1.196 1.498 
2.019 2.154 3.49 5.849 4.671 10.997 12.25 14.117 
END
