PFRMAT local QA
AUTHOR MASS-CASP14
af2-standard_T1157s1_3.pdb local_accuracy_only 4.672 3.226 2.493 2.386 2.422 1.964 2.045 2.191 2.049 1.582 1.654 
1.78 1.457 1.217 1.461 1.497 1.459 1.361 1.623 1.388 1.343 
1.423 1.647 1.269 1.259 1.114 1.185 1.16 1.099 1.039 1.073 
1.271 1.919 1.815 1.538 1.382 1.468 1.924 2.067 2.776 3.139 
3.643 4.842 5.268 4.932 4.998 4.748 3.956 3.745 4.001 3.451 
3.349 3.016 2.516 2.579 2.785 2.879 1.998 1.79 1.537 1.447 
1.529 1.433 1.617 1.466 1.359 1.476 1.479 1.36 1.742 1.623 
1.671 2.344 2.97 3.834 4.556 5.975 7.601 7.98 10.234 8.7 
6.916 4.799 3.378 2.506 1.854 1.695 1.891 1.768 1.385 1.596 
1.65 1.475 1.312 1.607 1.664 1.424 1.63 2.06 2.119 1.983 
2.12 2.374 2.662 2.966 3.424 4.336 5.188 6.48 8.529 8.49 
8.757 7.816 6.72 4.988 3.721 2.685 1.884 1.876 1.796 2.078 
1.87 1.781 1.506 1.737 1.784 1.531 1.657 1.497 1.386 1.351 
1.443 1.394 1.248 1.226 1.19 1.222 1.104 1.138 1.233 1.239 
1.104 1.123 1.461 1.807 1.975 1.731 1.596 2.001 2.37 3.551 
4.785 4.969 6.013 7.185 9.972 12.493 13.206 13.73 12.437 11.636 
10.148 8.578 8.049 8.03 8.188 7.379 6.5 6.87 7.881 9.145 
8.084 6.01 5.143 2.908 2.465 2.171 1.86 1.555 1.319 1.221 
1.453 1.437 1.143 1.129 1.203 1.152 1.259 1.458 1.373 1.286 
1.405 1.366 1.297 1.322 1.592 1.777 1.903 1.741 1.728 1.276 
1.202 1.137 1.382 1.118 1.162 1.221 1.263 1.631 1.925 1.79 
1.79 2.304 2.45 2.91 3.478 3.636 3.418 4.3 3.99 4.174 
5.035 5.207 4.964 5.502 6.66 8.09 8.483 7.323 6.85 6.056 
5.243 4.464 3.922 3.245 2.494 2.205 1.877 1.573 1.233 1.284 
1.302 1.318 1.337 1.311 1.278 1.218 1.28 1.304 1.345 1.234 
1.362 1.466 1.284 1.426 1.54 1.571 1.377 1.699 1.629 1.465 
1.216 1.119 1.178 1.356 1.349 1.187 1.295 1.426 1.354 1.338 
1.415 1.607 1.493 1.536 1.765 1.748 2.061 2.347 2.719 2.46 
2.577 2.057 1.655 1.613 1.626 1.208 1.08 1.173 1.358 1.772 
1.648 1.472 1.444 1.301 1.46 1.948 1.649 1.671 1.505 1.542 
1.453 1.519 1.752 1.362 1.412 1.549 1.654 1.542 1.532 1.543 
1.6 1.581 1.391 1.408 1.554 1.685 1.568 1.486 1.85 2.247 
2.629 2.643 2.971 3.098 3.912 5.762 6.718 8.479 9.432 10.861 
11.347 12.313 12.648 12.7 10.614 9.558 7.588 5.812 4.556 4.289 
4.251 3.674 4.574 4.716 4.833 4.955 5.956 5.891 6.106 6.339 
5.965 5.435 4.172 3.133 2.299 2.237 2.199 1.713 1.493 1.564 
1.795 1.566 1.486 1.803 1.79 1.527 1.563 1.575 1.459 1.288 
1.615 1.941 2.25 2.391 3.0 4.006 4.879 5.365 4.897 3.633 
3.051 2.73 2.297 2.646 2.195 2.114 2.277 2.517 3.223 3.266 
2.579 2.777 2.094 2.238 2.414 2.58 2.396 2.485 2.875 3.039 
3.493 3.565 3.84 3.866 3.443 3.062 2.697 2.276 1.868 1.855 
1.86 1.965 1.93 1.998 1.587 1.738 1.563 1.319 1.371 1.61 
1.503 1.601 1.769 1.529 1.768 1.776 1.854 1.53 1.533 1.881 
1.861 1.831 1.358 1.275 1.252 1.132 1.116 1.219 1.347 1.617 
1.824 2.916 3.636 3.734 3.742 3.803 4.606 4.676 4.672 3.429 
2.59 2.149 1.962 1.826 1.638 1.568 1.588 1.547 1.575 1.486 
1.558 1.691 1.822 1.846 1.769 1.414 1.414 1.607 1.49 1.506 
1.556 1.537 1.33 1.233 1.305 1.464 1.405 1.332 1.287 1.427 
1.475 1.245 1.073 1.376 1.353 1.194 1.434 1.648 1.447 1.074 
1.1 1.356 1.604 1.251 1.184 1.109 0.986 1.057 1.026 1.269 
1.189 1.28 1.856 1.813 1.567 1.259 1.232 1.282 1.257 1.294 
1.384 1.686 1.656 1.46 1.451 1.267 1.248 1.211 1.147 1.183 
1.311 1.419 1.415 1.501 1.792 1.671 1.652 1.792 2.222 2.361 
2.128 2.356 2.114 2.109 2.369 2.293 2.58 2.685 2.24 1.79 
1.341 1.283 1.35 1.449 1.38 1.233 1.156 1.038 0.868 1.106 
1.38 1.718 2.707 3.616 5.439 7.218 13.048 15.0 15.0 15.0 
15.0 15.0 15.0 15.0 15.0 15.0 15.0 15.0 15.0 15.0 
15.0 15.0 14.013 13.181 12.282 12.766 11.879 10.268 7.012 6.202 
4.92 4.047 3.627 3.221 3.606 3.913 4.638 5.332 5.333 5.75 
6.392 6.743 7.023 6.872 6.669 6.048 4.932 6.231 5.765 4.429 
4.002 3.009 2.605 2.139 2.468 2.108 2.273 2.42 2.429 2.035 
2.208 2.331 2.535 2.925 3.847 4.282 6.114 7.321 10.42 14.471 
15.0 15.0 15.0 15.0 15.0 15.0 15.0 15.0 15.0 15.0 
15.0 15.0 15.0 15.0 15.0 12.207 7.506 5.959 4.0 2.993 
2.487 2.02 2.321 2.67 3.233 3.791 4.524 3.645 3.412 4.364 
5.46 5.853 5.155 4.724 4.376 3.867 4.106 3.349 3.021 2.635 
2.125 1.773 1.529 1.489 1.295 1.436 1.353 1.396 1.457 1.963 
2.624 3.411 4.492 5.763 7.916 9.439 11.171 10.828 9.61 10.312 
9.829 8.119 7.714 6.786 6.252 5.336 5.286 4.69 3.051 2.413 
2.273 2.24 2.49 2.746 2.998 2.759 2.172 1.518 1.522 1.562 
1.991 2.018 1.822 1.727 1.692 1.308 1.196 1.194 1.223 1.202 
1.275 1.252 1.419 2.304 3.443 3.968 3.206 2.786 1.724 1.317 
1.217 1.114 1.118 1.082 1.144 1.316 1.725 1.723 1.614 1.534 
2.316 3.107 2.913 2.402 1.829 1.601 1.577 1.622 1.795 2.192 
2.666 2.428 2.316 2.911 3.055 3.163 3.298 2.77 2.744 2.308 
2.115 2.111 1.95 2.18 2.709 3.089 4.125 4.18 4.505 5.016 
3.677 3.401 3.369 3.54 3.665 4.686 5.401 6.292 7.033 9.642 
15.0 15.0 15.0 15.0 15.0 15.0 15.0 15.0 15.0 15.0 
15.0 15.0 15.0 15.0 15.0 15.0 15.0 15.0 15.0 15.0 
15.0 15.0 15.0 15.0 15.0 15.0 15.0 15.0 15.0 15.0 
15.0 15.0 15.0 15.0 13.281 15.0 14.673 15.0 15.0 15.0 
14.808 13.39 10.869 9.566 7.605 6.975 7.275 7.943 8.003 7.255 
6.821 6.887 7.283 7.087 7.583 7.597 8.206 8.176 9.121 9.739 
11.955 11.329 12.789 13.772 15.0 15.0 15.0 14.047 13.023 12.459 
11.287 8.86 7.613 7.085 7.596 7.279 6.802 6.838 7.054 6.357 
5.611 4.46 4.109 4.83 5.261 5.075 6.038 4.924 3.737 3.645 
3.194 3.743 2.756 3.591 4.352 5.181 6.005 6.437 7.623 8.041 
9.789 9.503 10.576 10.186 9.0 7.688 7.763 7.606 6.177 6.398 
7.156 6.991 6.507 5.277 4.767 3.799 3.136 2.78 2.439 2.447 
1.998 1.649 1.673 1.839 1.759 2.11 2.543 2.678 3.095 4.769 
4.044 3.358 2.775 3.191 3.687 5.231 4.962 6.38 6.761 6.777 
4.645 2.027 1.831 1.462 1.23 1.226 1.224 1.347 1.662 1.877 
1.638 1.511 1.559 1.757 1.746 1.6 1.306 1.699 1.499 1.422 
1.766 1.832 1.799 2.11 2.39 2.218 2.418 2.384 1.467 1.238 
1.238 1.04 0.921 0.935 0.879 0.965 1.149 1.934 2.846 4.066 
5.4 5.868 6.449 6.45 5.383 4.774 3.292 3.1 2.894 2.725 
2.823 2.71 3.407 4.097 3.577 2.999 3.095 4.003 4.541 5.123 
4.56 3.727 2.841 2.193 1.771 1.635 1.342 1.152 1.129 1.121 
1.17 1.089 1.176 1.718 1.881 2.062 2.518 2.646 2.33 2.275 
2.381 2.447 2.38 3.023 3.627 4.218 3.268 2.114 1.733 1.71 
1.644 1.798 1.988 1.749 1.871 1.768 1.628 1.854 2.528 2.615 
2.447 1.818 1.529 1.41 1.421 1.452 1.246 1.492 1.684 2.161 
3.124 4.123 5.449 7.874 10.52 10.251 11.981 11.872 
END
