PFRMAT local QA
AUTHOR LAW-CASP14
af2-standard_T1157s1_3.pdb local_accuracy_only 1.451 1.284 1.02 1.081 1.209 0.931 0.896 1.051 0.979 0.779 0.861 
0.92 0.857 0.772 0.887 0.885 0.812 0.781 0.924 0.892 0.743 
0.863 0.93 0.934 0.753 0.769 0.797 0.764 0.737 0.636 0.706 
0.767 0.795 0.984 1.113 1.05 0.893 0.844 0.777 1.307 2.411 
3.711 6.156 6.573 4.881 3.389 2.392 1.872 1.582 1.373 1.406 
1.309 0.943 1.022 1.101 1.373 1.226 0.905 0.742 0.702 0.62 
0.714 0.661 0.624 0.631 0.627 0.616 0.584 0.702 0.678 0.722 
0.81 1.07 1.08 1.401 2.385 4.705 6.121 3.076 5.881 3.944 
1.479 1.726 1.464 1.376 0.978 0.921 1.05 0.915 0.779 0.96 
0.934 0.813 0.763 0.913 0.886 0.866 0.924 1.04 1.113 1.382 
1.651 1.162 1.429 1.924 2.823 3.168 3.298 2.783 2.512 2.722 
1.942 3.008 2.783 2.173 2.094 1.337 0.793 1.012 0.887 0.823 
0.825 0.772 0.669 0.601 0.539 0.518 0.609 0.545 0.516 0.541 
0.572 0.545 0.493 0.522 0.549 0.498 0.469 0.495 0.501 0.513 
0.565 0.639 0.633 0.821 0.993 0.843 0.826 0.965 1.042 1.298 
1.777 1.455 1.992 1.676 3.216 2.427 2.948 3.408 3.021 2.773 
2.036 1.386 2.047 1.592 1.975 1.458 1.776 1.82 1.814 2.481 
2.059 2.468 1.775 1.655 1.077 1.194 0.892 0.745 0.58 0.546 
0.676 0.587 0.46 0.501 0.578 0.526 0.478 0.654 0.591 0.576 
0.713 0.838 0.65 0.694 1.19 0.874 1.262 0.91 0.753 0.659 
0.641 0.678 0.636 0.626 0.63 0.675 0.665 0.763 0.784 0.734 
0.949 1.367 1.576 1.795 2.039 1.94 1.527 1.643 1.713 2.276 
4.267 6.878 8.366 11.065 12.401 13.346 13.564 15.0 14.622 12.511 
9.922 5.471 2.524 1.983 1.407 1.099 0.916 0.731 0.647 0.609 
0.545 0.578 0.53 0.517 0.52 0.538 0.543 0.565 0.542 0.487 
0.526 0.55 0.505 0.542 0.647 0.711 0.709 0.77 0.604 0.628 
0.672 0.503 0.524 0.632 0.585 0.471 0.51 0.531 0.486 0.471 
0.541 0.583 0.527 0.572 0.664 0.684 0.768 0.856 0.99 1.029 
0.756 0.785 0.718 0.952 0.865 0.866 0.833 1.019 0.882 1.089 
1.082 0.93 1.042 1.094 1.119 1.445 1.492 1.504 0.988 0.961 
0.889 0.853 0.817 0.723 0.67 0.662 0.59 0.543 0.585 0.62 
0.631 0.559 0.624 0.582 0.63 0.617 0.68 0.714 0.875 0.959 
1.653 1.761 5.183 6.441 7.634 8.601 6.683 8.76 8.326 8.883 
13.254 15.0 15.0 15.0 15.0 15.0 14.857 11.184 7.609 6.976 
5.116 4.845 4.207 5.913 4.329 4.989 4.502 3.052 2.236 2.609 
2.8 2.251 0.981 1.075 0.92 0.761 0.815 0.718 0.603 0.605 
0.693 0.515 0.54 0.609 0.587 0.541 0.556 0.618 0.625 0.642 
0.684 0.7 0.739 0.818 0.825 1.037 1.136 1.354 1.291 1.005 
0.902 0.862 0.967 1.132 1.258 1.151 1.427 1.182 1.469 1.491 
1.14 1.235 1.535 1.84 1.851 1.986 1.566 1.245 1.082 1.022 
0.954 0.916 0.786 0.75 0.818 0.764 0.733 0.834 0.862 0.779 
0.921 1.033 1.147 1.004 0.82 0.759 0.736 0.67 0.647 0.665 
0.658 0.607 0.658 0.681 0.648 0.748 0.799 0.761 0.74 0.908 
0.942 0.951 0.878 0.879 1.009 1.339 1.451 1.574 1.577 1.919 
1.702 2.147 2.269 1.76 2.022 2.202 2.229 2.637 2.8 2.218 
1.954 1.364 1.062 0.799 0.695 0.671 0.575 0.623 0.587 0.559 
0.575 0.59 0.617 0.579 0.59 0.599 0.616 0.644 0.66 0.686 
0.676 0.803 0.765 0.799 0.674 0.74 0.858 0.782 0.692 0.773 
0.797 0.686 0.719 0.846 0.765 0.792 0.863 0.867 0.919 0.821 
0.849 0.848 0.951 0.908 0.817 0.796 0.788 0.799 1.004 1.221 
1.645 1.363 1.979 2.075 1.464 1.267 1.007 0.833 0.739 0.667 
0.62 0.609 0.592 0.598 0.569 0.625 0.559 0.561 0.605 0.666 
0.622 0.612 0.629 0.712 0.699 0.686 0.808 0.899 0.956 1.317 
1.062 1.216 1.082 1.091 1.665 2.344 3.235 2.39 1.326 0.923 
0.676 0.616 0.563 0.588 0.534 0.572 0.544 0.666 0.588 0.907 
0.874 1.244 1.792 9.036 15.0 15.0 15.0 15.0 15.0 15.0 
15.0 15.0 15.0 15.0 15.0 15.0 15.0 15.0 15.0 15.0 
15.0 15.0 15.0 15.0 13.389 12.662 13.777 11.828 12.175 1.982 
2.288 1.783 1.807 1.303 1.701 1.206 1.653 2.582 2.681 6.466 
9.888 11.395 9.271 2.789 1.52 1.707 1.126 1.688 2.117 1.461 
1.628 1.314 1.189 1.202 1.111 0.924 1.059 1.208 1.224 1.081 
1.503 1.304 2.529 4.108 5.362 9.766 7.545 15.0 15.0 15.0 
15.0 15.0 15.0 15.0 15.0 15.0 15.0 15.0 15.0 15.0 
15.0 12.603 3.723 3.356 2.707 3.73 1.794 1.711 1.61 1.216 
1.032 1.414 1.321 1.308 2.866 3.506 7.63 3.127 5.305 7.753 
8.102 7.211 3.013 2.126 1.657 1.6 1.588 1.444 1.466 1.713 
1.186 1.113 0.946 0.977 1.087 1.15 1.508 1.794 2.492 4.11 
7.062 10.155 10.631 14.346 15.0 15.0 15.0 15.0 15.0 15.0 
15.0 13.421 12.115 12.628 9.792 6.868 4.092 3.59 2.41 2.178 
2.09 1.976 1.834 1.899 2.107 1.539 1.406 1.369 1.409 1.405 
1.664 1.907 1.749 2.64 2.188 1.644 1.352 1.143 0.999 0.883 
0.83 0.859 1.026 1.579 2.368 2.727 2.131 1.289 0.817 0.742 
0.809 0.835 0.96 1.116 1.115 1.369 1.299 1.212 1.194 1.047 
1.063 0.982 1.171 1.096 1.039 1.002 1.198 1.262 1.349 1.404 
1.478 1.386 1.279 1.53 1.646 1.516 1.826 1.652 1.653 1.364 
1.334 1.218 1.218 1.136 2.584 2.423 3.699 3.312 2.543 2.336 
2.45 2.438 2.89 2.507 3.002 3.231 7.93 9.607 13.789 15.0 
12.845 12.639 12.811 12.479 14.076 15.0 15.0 15.0 15.0 15.0 
15.0 15.0 15.0 15.0 15.0 15.0 15.0 15.0 15.0 15.0 
15.0 15.0 15.0 15.0 15.0 15.0 15.0 15.0 15.0 15.0 
15.0 15.0 15.0 15.0 15.0 15.0 15.0 15.0 15.0 15.0 
15.0 14.866 13.807 12.287 10.92 10.132 9.777 12.638 13.939 12.466 
11.237 13.247 13.651 13.272 13.037 14.499 12.211 10.45 11.345 13.919 
10.086 9.189 11.011 12.552 14.701 14.59 15.0 15.0 15.0 15.0 
15.0 14.441 12.599 11.985 10.423 7.679 6.076 6.422 6.264 8.659 
8.118 10.917 6.461 8.262 3.415 2.263 1.996 1.936 1.466 1.932 
1.68 1.937 1.909 1.685 2.787 3.011 2.82 2.93 4.061 3.762 
3.7 2.345 2.012 3.191 3.951 7.41 12.432 12.461 14.412 13.927 
13.175 9.701 7.037 5.287 4.399 5.032 2.991 2.476 1.549 1.847 
1.245 1.254 1.2 1.782 1.452 1.844 1.236 1.294 0.976 1.316 
1.179 1.13 1.12 1.092 1.297 1.196 1.066 0.999 1.161 1.061 
0.976 1.031 0.84 0.919 1.133 1.072 1.273 0.993 0.999 0.979 
0.843 0.822 0.915 0.988 0.834 0.847 0.864 1.039 0.913 0.958 
1.026 1.315 1.254 1.528 1.368 1.419 1.088 1.014 1.033 0.942 
0.894 0.916 0.771 0.774 0.796 0.921 1.003 1.181 1.641 1.76 
5.996 6.815 7.629 7.492 7.493 6.941 6.104 3.856 3.304 2.202 
2.257 1.774 1.754 1.565 1.4 1.095 1.238 1.19 1.234 1.712 
1.513 1.392 1.223 1.148 1.313 1.202 1.251 1.019 1.224 1.136 
0.936 1.146 0.985 1.37 1.119 1.238 1.273 1.414 1.3 1.327 
1.735 1.872 1.71 1.854 2.37 2.171 2.611 2.228 2.345 2.543 
2.941 2.725 2.71 1.898 1.255 0.974 0.86 0.964 0.929 1.404 
1.314 0.837 0.778 0.744 0.852 0.933 0.92 1.069 1.181 1.449 
1.652 1.856 2.933 4.107 6.731 15.0 15.0 15.0 
END
