PFRMAT local QA
AUTHOR MASS-CASP14
af2-standard_T1187_1.pdb local_accuracy_only 6.82 5.017 3.092 2.116 1.538 1.11 1.149 1.194 1.233 1.522 1.511 
1.352 1.347 1.238 1.347 1.532 1.582 1.913 1.736 2.131 1.988 
1.877 1.732 1.841 1.959 2.133 2.608 3.513 4.791 6.258 7.786 
7.187 7.879 7.666 8.276 8.966 8.581 7.736 6.731 5.547 4.646 
3.179 2.371 1.948 1.496 1.599 1.722 1.802 1.683 1.939 2.622 
3.068 3.553 2.978 3.292 2.744 2.031 1.503 1.284 1.049 1.081 
1.048 1.049 1.054 1.085 1.094 1.503 2.091 3.329 4.459 5.135 
5.582 6.09 6.806 6.954 7.427 7.325 6.7 5.552 5.388 4.969 
3.973 4.07 3.445 3.963 4.37 4.781 5.451 6.392 7.666 8.855 
9.05 9.512 7.884 6.092 4.599 3.289 2.668 2.356 2.204 2.419 
2.659 3.107 3.78 3.859 3.883 4.048 4.838 5.225 4.698 4.216 
3.457 2.751 2.279 2.057 1.843 1.732 1.86 2.431 2.144 1.802 
1.156 0.067 0.0 0.0 0.0 0.0 0.0 1.159 1.117 1.4 
1.566 1.963 2.231 2.623 2.73 2.052 1.809 1.262 0.008 0.0 
0.0 0.004 0.978 1.137 1.346 1.732 2.702 3.608 4.283 4.335 
4.198 4.593 3.825 2.9 2.4 2.451 1.85 1.844 1.538 1.288 
1.164 1.135 1.425 1.744 2.404 
END
