PFRMAT local QA
AUTHOR LAW-CASP14
af2-standard_T1187_1.pdb local_accuracy_only 12.723 13.268 12.989 1.496 1.134 1.046 1.052 1.243 1.222 1.516 1.238 
1.118 1.175 1.157 1.3 1.751 1.762 2.187 2.25 2.56 3.162 
2.698 2.741 3.216 3.281 3.644 4.825 4.977 6.393 6.657 6.644 
4.935 4.667 2.178 4.026 3.189 5.096 4.407 5.203 3.837 4.25 
3.477 1.932 1.265 1.066 1.065 1.077 1.125 1.197 1.379 1.345 
1.822 1.596 1.481 1.703 1.446 1.235 1.048 0.935 0.868 0.865 
0.837 0.832 0.877 0.947 1.069 1.204 1.857 2.137 2.682 2.904 
2.519 3.696 3.956 3.401 2.93 2.816 1.703 1.931 1.369 2.009 
1.527 1.856 2.212 2.212 2.693 3.632 5.202 7.849 8.962 9.871 
8.187 7.045 5.052 3.851 2.554 1.467 1.587 1.236 1.467 1.494 
2.17 2.021 2.463 4.207 3.664 7.665 7.674 6.984 4.789 2.977 
1.52 1.225 1.426 1.393 1.294 1.48 1.481 1.807 1.712 1.577 
1.292 1.157 1.02 0.964 0.884 0.932 0.954 0.91 0.912 0.946 
1.077 1.441 1.683 1.62 1.836 1.657 1.646 1.288 1.211 1.184 
1.024 1.02 1.004 1.124 1.482 2.195 3.476 3.64 3.901 3.866 
3.412 2.701 2.566 1.802 1.448 1.415 1.124 1.3 1.001 0.922 
0.904 0.932 1.028 1.225 0.92 
END
