PFRMAT local QA
AUTHOR MASS-CASP14
af2-standard_T1137s7_4.pdb local_accuracy_only 3.128 2.1 1.929 1.626 1.167 1.165 1.109 1.302 1.337 1.19 1.23 
1.336 1.737 2.036 2.407 2.532 2.617 2.104 1.723 1.77 1.988 
1.85 1.562 1.383 1.258 1.335 1.026 1.18 1.148 1.033 0.928 
0.85 0.8 0.903 0.92 0.838 1.062 1.355 1.759 1.791 1.514 
1.292 1.199 1.245 1.064 1.071 1.075 1.11 1.202 1.282 1.203 
1.404 1.419 1.335 1.578 1.518 1.648 1.548 1.594 1.026 0.994 
0.999 1.086 1.584 1.939 1.639 1.403 1.269 1.59 1.678 1.346 
1.8 2.039 1.857 1.676 1.397 1.694 1.875 1.411 1.755 1.87 
1.824 1.677 2.062 2.057 2.063 2.476 2.978 3.061 2.613 2.815 
2.165 2.177 1.964 1.795 1.467 1.338 1.145 1.117 1.342 1.289 
1.28 1.176 1.459 1.392 1.354 1.811 2.195 2.366 2.352 3.102 
2.685 1.805 2.062 1.896 1.867 1.244 1.628 1.753 1.485 1.448 
1.664 1.893 1.764 1.744 2.039 2.172 2.216 2.589 2.734 3.858 
4.666 4.464 3.723 2.742 2.219 1.718 1.736 1.773 1.612 1.173 
1.236 1.401 1.479 1.231 1.227 1.291 1.139 1.088 1.053 1.057 
1.213 1.218 1.295 1.206 1.276 1.653 1.686 1.613 1.346 1.186 
1.188 1.262 1.318 1.51 1.332 1.474 1.491 1.538 1.69 1.394 
1.622 1.803 1.835 1.989 1.952 2.1 2.215 2.058 2.032 1.958 
1.737 1.419 1.516 1.787 1.629 1.831 2.152 2.223 2.111 2.017 
1.713 1.36 1.214 1.144 1.041 1.181 1.201 1.495 1.498 1.597 
1.854 2.043 2.462 2.631 3.493 3.983 4.789 5.923 5.252 4.028 
4.137 3.772 3.647 4.01 4.03 3.985 2.701 2.179 2.04 1.995 
1.529 1.64 1.366 1.622 1.671 1.468 1.377 1.609 1.717 1.608 
1.766 1.622 1.527 1.423 1.35 1.408 1.408 1.244 1.455 1.482 
1.81 1.825 2.147 1.884 2.334 2.192 2.071 2.788 3.564 4.507 
5.293 5.981 5.93 5.622 5.506 5.293 5.285 5.587 6.698 6.322 
6.484 6.12 6.234 6.087 6.359 7.553 8.29 9.242 10.903 12.075 
12.369 10.965 9.663 8.811 7.932 6.385 5.561 4.855 4.528 4.188 
4.089 3.545 3.159 2.939 2.705 2.972 2.99 3.652 3.763 3.434 
3.909 3.836 3.872 3.566 3.124 2.998 3.19 2.805 2.712 2.683 
2.663 2.188 1.839 2.096 2.142 1.832 1.762 2.025 2.04 1.681 
1.982 2.395 2.377 1.981 1.785 1.756 1.474 1.45 1.543 1.769 
1.734 1.912 2.331 2.713 3.74 5.095 5.905 7.463 10.275 10.707 
11.997 11.29 11.717 11.206 10.387 11.194 9.906 8.496 7.499 6.078 
4.791 4.371 4.358 4.376 4.303 4.395 4.32 4.272 4.423 4.691 
4.783 4.808 4.604 5.224 4.524 4.74 6.003 7.051 7.153 6.186 
6.234 5.61 5.788 6.043 6.393 6.837 7.594 7.858 8.689 7.804 
8.777 7.613 6.834 7.302 7.867 7.858 6.616 6.146 5.99 6.485 
7.214 7.279 8.108 8.924 9.219 10.06 11.521 13.623 12.346 11.411 
9.929 8.955 8.389 7.887 6.442 4.775 3.4 2.832 2.402 2.203 
1.764 1.413 1.122 1.191 1.133 1.112 1.059 1.171 1.168 1.324 
1.292 1.229 1.462 1.842 1.938 1.494 1.221 0.948 0.919 0.923 
0.98 0.906 0.94 0.951 1.038 1.14 1.338 1.424 1.542 1.226 
1.025 0.861 0.41 0.373 0.465 0.789 0.975 1.094 1.465 1.757 
2.012 2.087 1.682 1.852 1.663 1.636 1.597 2.015 2.103 1.947 
1.907 2.038 2.101 1.885 2.052 2.091 2.11 1.884 1.806 1.565 
1.45 1.423 1.465 1.698 2.035 2.339 2.775 2.12 2.081 2.132 
2.054 1.766 1.581 1.491 1.64 1.586 1.612 1.488 1.494 1.488 
1.301 1.247 1.22 1.163 1.344 1.285 1.323 1.218 1.301 1.251 
1.511 1.879 1.757 1.686 1.422 1.407 1.299 1.202 1.208 1.166 
1.154 1.025 1.169 1.147 1.434 1.905 1.888 1.467 1.247 1.159 
1.35 1.291 1.228 1.173 1.178 1.247 1.416 1.473 1.921 1.934 
2.635 3.286 3.046 2.846 2.288 2.026 2.095 2.098 1.992 2.034 
1.57 1.729 1.743 2.022 1.798 2.014 2.054 1.921 1.517 1.294 
1.187 1.345 1.402 1.995 2.288 3.055 3.272 2.48 2.026 1.47 
1.35 1.246 1.369 1.42 1.467 1.363 1.335 1.407 1.552 1.642 
1.733 2.326 2.7 2.854 2.703 2.546 2.436 2.092 1.911 1.596 
1.515 1.792 1.993 2.226 2.787 2.653 3.03 3.441 4.532 6.194 
6.813 6.786 5.458 4.531 3.816 3.237 2.589 2.155 1.579 1.432 
1.278 1.314 1.463 1.547 1.413 1.282 1.224 1.409 1.878 2.305 
2.863 3.058 3.227 3.046 2.7 1.897 1.562 1.407 1.23 1.172 
1.261 1.245 1.268 1.371 1.478 1.779 2.206 2.715 2.546 2.709 
2.534 2.208 2.067 2.344 2.386 2.253 2.799 3.604 4.877 6.991 
9.365 11.475 15.0 15.0 15.0 13.161 13.107 10.115 9.302 9.033 
10.634 11.406 14.268 15.0 15.0 15.0 15.0 15.0 15.0 15.0 
15.0 15.0 
END
