PFRMAT local QA
AUTHOR LAW-CASP14
af2-standard_T1137s7_4.pdb local_accuracy_only 0.53 0.474 0.564 0.618 0.662 0.742 0.684 0.748 0.756 0.637 0.604 
0.673 0.822 1.105 1.533 1.426 1.177 0.863 0.666 0.606 0.596 
0.642 0.596 0.796 0.706 0.737 0.514 0.472 0.509 0.411 0.364 
0.321 0.396 0.349 0.385 0.408 0.48 0.642 0.73 0.707 0.632 
0.577 0.467 0.487 0.536 0.473 0.467 0.585 0.571 0.53 0.629 
0.706 0.752 0.692 0.775 0.642 0.68 0.7 0.691 0.719 0.643 
0.77 0.814 1.216 1.342 0.946 0.79 0.778 0.812 0.862 0.839 
0.896 0.973 0.864 0.85 0.821 0.934 0.835 0.879 0.844 0.827 
0.676 0.606 0.592 0.477 0.489 0.539 0.609 0.797 0.602 0.765 
0.707 0.866 0.961 0.901 0.935 0.919 0.838 0.831 0.893 0.79 
0.656 0.769 0.835 0.831 0.87 0.998 1.102 1.06 1.037 1.058 
0.987 0.968 0.952 0.931 0.912 0.847 0.833 0.824 0.727 0.662 
0.719 0.707 0.598 0.628 0.662 0.639 0.55 0.671 0.676 0.8 
1.005 0.858 0.909 1.046 0.959 1.029 0.881 1.08 1.044 0.976 
0.958 0.912 0.843 0.73 0.671 0.582 0.572 0.552 0.539 0.491 
0.546 0.591 0.522 0.556 0.617 0.679 0.618 0.554 0.492 0.423 
0.418 0.403 0.373 0.432 0.451 0.425 0.579 0.668 0.925 0.837 
0.866 0.771 0.732 0.74 0.648 0.613 0.589 0.499 0.478 0.584 
0.471 0.426 0.497 0.555 0.432 0.392 0.536 0.562 0.515 0.429 
0.428 0.404 0.334 0.347 0.337 0.355 0.39 0.499 0.525 0.502 
0.568 0.491 0.445 0.559 0.719 0.478 0.44 0.404 0.424 0.446 
0.534 0.521 0.569 0.602 0.839 0.654 0.638 0.683 0.658 0.678 
0.627 0.592 0.542 0.492 0.571 0.613 0.548 0.628 0.735 0.564 
0.624 0.581 0.632 0.573 0.474 0.526 0.601 0.521 0.46 0.8 
0.714 0.856 1.285 1.811 1.099 1.45 1.519 3.469 5.465 6.19 
4.024 5.299 7.377 11.591 13.873 15.0 14.856 12.258 15.0 15.0 
15.0 15.0 15.0 15.0 15.0 15.0 15.0 15.0 15.0 12.416 
7.739 10.001 10.889 12.257 11.123 10.214 7.803 2.501 1.185 0.926 
1.026 1.212 0.856 0.878 0.832 0.899 1.153 1.78 1.744 1.029 
0.86 0.799 0.59 0.528 0.434 0.488 0.595 0.556 0.547 0.713 
0.864 0.865 0.973 1.155 1.536 1.547 1.655 1.701 1.505 1.004 
0.906 0.907 0.838 0.684 0.818 0.803 0.747 0.655 0.733 0.783 
0.803 0.92 0.993 1.193 1.31 1.799 3.071 5.72 9.098 11.798 
15.0 15.0 15.0 15.0 15.0 15.0 15.0 15.0 15.0 15.0 
15.0 15.0 15.0 15.0 15.0 15.0 15.0 15.0 15.0 15.0 
15.0 15.0 15.0 15.0 15.0 15.0 15.0 15.0 15.0 15.0 
15.0 15.0 15.0 15.0 15.0 15.0 15.0 15.0 15.0 15.0 
15.0 15.0 15.0 15.0 15.0 15.0 15.0 15.0 15.0 15.0 
15.0 15.0 15.0 15.0 15.0 15.0 15.0 15.0 15.0 15.0 
11.906 9.124 8.441 7.483 5.815 5.816 4.723 1.054 1.589 1.174 
1.015 0.954 0.937 0.71 0.728 0.55 0.582 0.568 0.573 0.585 
0.587 0.621 0.707 0.709 0.651 0.637 0.547 0.552 0.473 0.51 
0.547 0.628 0.724 0.779 0.703 0.739 0.699 0.746 0.616 0.562 
0.561 0.621 0.622 0.597 0.51 0.443 0.442 0.49 0.529 0.568 
0.618 0.624 0.618 0.653 0.803 0.891 0.773 1.043 0.899 0.879 
0.854 0.883 0.803 0.678 0.822 0.79 0.683 0.721 0.679 0.634 
0.607 0.577 0.601 0.647 0.788 0.925 1.032 0.75 0.888 0.994 
0.73 0.672 0.672 0.644 0.733 0.883 0.825 0.827 0.953 0.828 
0.711 0.658 0.585 0.564 0.552 0.558 0.57 0.541 0.608 0.658 
0.716 0.824 0.818 0.716 0.609 0.544 0.522 0.563 0.555 0.59 
0.641 0.631 0.773 0.978 1.336 2.157 1.586 1.188 0.864 0.72 
0.625 0.61 0.595 0.584 0.563 0.557 0.599 0.639 0.76 0.812 
1.076 1.736 1.935 1.338 1.26 1.04 1.176 1.893 1.217 1.371 
1.184 1.408 1.303 1.432 1.229 1.02 0.949 0.784 0.708 0.614 
0.599 0.596 0.649 0.834 0.861 0.991 1.165 0.919 0.955 0.779 
0.696 0.658 0.619 0.669 0.633 0.706 0.643 0.866 0.924 1.476 
1.394 1.952 2.809 2.322 1.964 1.342 0.868 0.723 0.619 0.632 
0.577 0.611 0.625 0.598 0.598 0.676 0.772 0.816 1.074 1.558 
1.587 1.251 0.937 0.799 0.821 0.667 0.838 0.739 0.609 0.59 
0.513 0.606 0.608 0.699 0.827 0.868 0.916 0.818 0.922 1.505 
2.634 3.004 1.226 1.841 0.617 0.622 0.508 0.566 0.583 0.607 
0.61 0.563 0.558 0.508 0.523 0.553 0.605 0.768 0.846 0.949 
1.131 1.201 1.203 1.741 1.913 1.517 1.49 2.688 3.283 4.886 
9.121 11.816 15.0 15.0 15.0 15.0 15.0 15.0 15.0 15.0 
15.0 15.0 15.0 15.0 15.0 15.0 15.0 15.0 15.0 15.0 
15.0 15.0 
END
