PFRMAT local QA
AUTHOR MASS-CASP14
af2-standard_T1158v4_5.pdb local_accuracy_only 11.368 12.222 10.871 8.599 6.686 6.339 4.128 2.788 1.945 1.933 1.647 
1.993 1.983 3.012 3.412 4.264 4.288 4.301 4.428 4.144 3.882 
3.443 3.355 2.989 2.865 2.556 2.563 2.831 2.969 2.502 2.513 
2.78 3.376 3.79 5.151 4.945 5.25 4.866 4.172 4.724 5.065 
4.755 3.837 3.44 3.281 3.488 3.476 3.506 5.248 5.289 5.845 
4.409 3.57 3.296 2.455 1.82 1.725 1.909 2.057 1.848 2.196 
2.509 2.487 2.278 2.598 2.859 3.111 2.872 3.136 3.456 3.594 
4.206 4.375 5.283 5.19 4.908 4.747 4.076 3.24 2.816 2.897 
2.629 2.869 2.496 2.84 3.427 3.432 3.998 5.048 5.834 5.723 
4.685 5.592 4.764 5.24 5.24 5.596 5.06 4.909 4.925 4.882 
4.491 3.951 2.89 2.566 2.473 2.219 1.715 1.557 1.609 1.409 
1.246 1.365 1.446 1.675 1.449 1.455 1.845 1.938 2.099 2.378 
2.843 2.971 3.646 3.66 4.087 3.564 3.379 3.177 2.838 2.575 
2.954 2.824 2.572 2.823 2.775 2.589 2.61 2.933 2.969 2.506 
2.687 2.77 2.518 2.587 2.51 2.564 2.556 2.545 2.444 2.233 
2.383 2.493 2.101 2.323 2.299 2.258 1.939 1.686 1.616 1.49 
1.545 1.334 1.423 1.412 1.323 1.301 1.259 1.291 1.112 1.106 
1.188 1.304 1.125 1.253 1.556 1.421 1.3 1.327 1.251 1.214 
1.297 1.722 2.003 2.329 2.476 3.926 4.605 4.96 5.704 5.764 
5.084 3.553 2.691 2.993 2.759 2.192 2.12 2.211 2.79 2.341 
2.072 2.512 2.588 2.281 3.076 3.061 3.021 3.475 3.387 4.214 
4.294 3.86 3.707 3.666 3.676 3.652 3.244 3.063 2.728 2.329 
2.448 2.512 2.257 2.399 2.324 2.759 2.599 2.327 2.438 3.071 
3.067 3.024 3.416 4.047 3.7 4.036 4.093 5.143 4.549 5.104 
5.01 5.158 5.223 5.703 5.827 6.36 6.141 6.518 6.022 5.887 
5.037 4.572 3.86 3.924 3.232 3.292 3.24 3.56 3.618 3.083 
3.132 4.811 4.388 3.994 4.043 4.525 3.771 3.846 3.346 2.771 
2.581 2.153 2.249 2.705 2.331 2.585 2.434 2.2 2.034 2.492 
2.578 1.977 2.224 2.039 2.042 2.197 2.318 2.795 2.973 2.844 
2.752 2.684 2.088 1.81 2.018 2.14 2.322 1.899 2.611 3.067 
2.562 2.352 2.305 2.518 2.264 1.79 1.839 2.389 2.07 1.742 
2.024 2.549 2.503 2.516 2.168 2.583 3.273 3.172 2.913 2.926 
3.24 3.047 3.552 3.655 3.429 3.574 3.762 3.64 3.55 3.472 
4.061 4.33 4.345 4.083 3.959 4.012 3.672 3.961 4.273 4.164 
3.924 3.071 3.243 3.027 2.536 2.648 2.626 2.229 2.02 1.729 
1.843 1.873 1.89 2.109 1.878 1.891 2.217 2.666 3.082 2.548 
2.506 2.52 2.77 2.602 3.234 3.37 3.278 3.236 3.781 3.21 
2.602 2.648 2.622 2.501 2.129 2.251 2.535 2.224 2.669 2.329 
2.335 2.41 2.33 2.249 1.841 2.007 2.063 1.891 1.845 1.893 
2.134 2.384 2.54 2.779 3.76 4.931 5.241 5.032 5.807 7.29 
8.204 8.397 8.257 8.96 7.026 4.897 3.275 2.193 1.621 1.274 
1.416 1.534 1.582 1.521 1.789 1.846 2.543 3.014 3.829 4.839 
5.095 4.258 4.607 3.794 3.044 2.515 2.176 2.21 1.989 2.01 
1.723 1.612 1.515 1.395 1.508 1.913 1.826 1.703 1.475 1.327 
1.306 1.253 1.172 1.41 1.814 2.118 2.353 2.191 2.01 1.733 
2.059 1.929 1.604 1.509 1.671 1.835 1.913 1.719 1.979 2.183 
2.088 2.51 2.83 2.829 2.738 2.312 1.973 1.621 1.518 1.56 
1.509 1.499 1.371 1.376 1.374 1.547 1.841 2.451 3.165 3.424 
2.861 2.44 2.159 2.042 1.892 1.448 1.297 1.152 1.267 1.433 
1.537 1.573 1.73 1.933 2.461 3.321 3.595 3.401 3.317 3.343 
3.262 2.395 2.304 2.367 2.178 1.962 1.739 1.969 2.338 2.049 
2.445 2.512 3.24 3.667 3.415 2.829 2.904 2.969 2.917 3.242 
3.004 2.578 2.3 1.875 1.858 1.789 1.808 2.003 2.305 2.48 
2.4 2.333 2.576 2.194 2.355 2.622 2.586 2.412 2.019 2.031 
1.959 1.737 1.751 1.838 2.038 2.051 2.164 2.119 2.039 2.512 
2.171 1.911 1.484 1.147 1.041 1.066 1.151 1.39 1.455 1.815 
1.89 2.385 2.976 2.619 2.537 2.811 2.691 2.148 2.117 2.41 
2.043 1.949 1.911 2.255 2.242 2.246 2.371 2.441 2.678 2.602 
2.239 2.467 2.566 1.993 1.581 1.518 1.456 1.478 1.708 2.131 
2.551 2.592 2.788 2.724 2.612 2.439 2.45 2.543 2.124 1.923 
1.576 1.431 1.336 1.292 1.433 1.894 2.078 1.863 1.942 1.779 
1.788 1.665 1.796 1.572 1.574 1.701 2.274 2.317 2.059 2.074 
2.244 2.134 2.223 2.091 1.705 1.736 2.02 2.002 2.055 2.13 
3.021 4.777 6.723 7.636 9.258 10.466 9.104 11.913 11.06 9.998 
12.048 14.534 15.0 13.995 15.0 14.665 15.0 15.0 15.0 15.0 
15.0 15.0 15.0 15.0 15.0 11.688 11.604 8.139 8.2 6.994 
8.328 8.192 9.488 9.379 10.454 9.354 9.188 14.022 14.535 15.0 
14.593 15.0 11.81 15.0 12.389 15.0 11.074 11.777 9.114 9.361 
7.708 9.526 7.35 7.314 9.236 9.248 10.778 12.601 12.72 13.383 
11.746 9.379 7.188 5.717 3.551 3.018 2.926 2.332 1.918 1.795 
2.213 2.368 2.459 3.078 3.558 4.514 6.46 7.187 7.54 8.638 
9.162 8.673 6.998 7.716 7.71 8.001 6.709 6.78 6.391 5.411 
4.892 4.642 4.426 3.673 2.928 2.441 2.677 2.303 2.352 2.503 
2.71 2.881 2.648 3.05 2.874 3.37 2.599 2.982 3.35 4.327 
4.267 4.874 5.555 5.752 6.562 9.137 11.433 13.388 15.0 15.0 
15.0 13.275 15.0 9.118 6.144 4.877 3.866 3.375 2.452 2.826 
2.369 2.377 1.974 2.453 2.466 2.573 2.544 2.853 3.262 2.967 
3.186 3.296 3.441 3.567 3.173 3.113 3.822 4.476 4.321 4.042 
4.216 4.209 4.496 4.728 4.179 4.285 4.412 3.643 3.232 3.492 
3.221 2.642 2.162 2.181 1.805 1.471 1.393 1.712 1.725 1.462 
1.438 1.714 1.645 1.551 1.649 2.021 2.526 2.485 2.366 2.344 
2.439 2.309 2.203 2.506 2.755 2.296 1.882 2.081 1.919 1.56 
1.584 1.79 1.766 1.814 1.591 1.896 1.866 1.499 1.947 1.889 
1.644 2.008 2.11 1.793 1.666 1.816 1.837 1.569 1.472 1.783 
1.771 1.585 1.73 1.666 1.65 1.61 1.77 1.89 1.965 1.862 
2.465 2.376 2.593 2.818 3.13 3.131 3.186 3.27 3.535 3.439 
4.387 4.571 4.547 5.218 5.412 5.804 5.477 5.639 5.349 4.608 
5.509 5.001 4.513 5.035 5.731 4.993 3.967 4.297 4.387 4.316 
3.651 3.633 3.753 3.122 2.704 2.853 2.642 2.05 2.185 2.56 
2.649 3.243 4.447 5.043 5.071 5.303 6.362 4.964 3.129 2.668 
2.636 2.381 2.101 2.171 2.629 2.769 2.391 2.498 2.804 2.607 
3.038 2.681 2.381 2.478 2.76 2.784 2.81 2.351 2.503 2.652 
2.269 1.92 2.207 2.405 2.132 2.084 2.731 2.474 2.572 2.539 
2.456 2.083 2.087 2.254 2.548 2.617 2.761 3.025 3.047 3.147 
3.055 3.061 2.817 2.927 2.674 2.481 2.327 2.592 2.529 2.187 
2.055 2.105 1.959 2.102 2.109 2.372 2.461 2.463 2.468 2.397 
2.605 2.53 2.274 2.289 2.383 2.426 2.403 2.708 3.026 3.325 
3.289 2.919 2.7 2.6 2.733 3.121 2.744 2.287 2.559 2.5 
2.82 2.325 2.217 2.422 2.323 2.242 2.675 2.474 2.617 3.073 
2.53 2.439 2.515 2.509 2.393 2.225 2.614 2.597 2.631 2.736 
2.69 2.167 2.53 2.963 2.808 2.804 2.827 3.492 3.346 3.73 
3.569 3.325 3.23 3.332 3.43 3.93 4.254 3.73 4.027 3.213 
3.258 3.173 3.11 2.893 2.906 3.259 3.597 3.636 3.294 2.945 
2.791 3.081 2.759 2.502 2.401 2.49 2.125 1.82 1.512 1.214 
1.193 1.164 1.429 1.479 1.647 1.501 1.697 2.09 2.856 2.987 
3.882 4.047 4.419 4.387 3.52 3.409 2.907 2.768 2.453 2.314 
2.295 2.281 2.461 2.188 2.404 3.169 3.063 2.649 2.095 2.176 
2.007 2.155 1.952 2.082 2.211 2.748 2.664 2.446 2.297 2.104 
2.039 1.844 1.609 1.349 1.514 1.812 1.73 1.616 1.533 1.611 
1.847 1.914 1.732 1.691 1.675 1.499 1.186 1.267 1.252 1.449 
1.99 1.963 1.967 2.331 3.075 4.103 3.137 2.853 2.35 2.602 
2.379 2.266 2.155 2.02 1.78 1.512 1.384 1.342 1.259 1.717 
2.258 2.968 2.934 2.468 2.19 2.286 2.26 2.125 1.886 1.609 
1.445 1.627 1.283 1.04 1.216 1.502 1.831 2.215 2.743 2.616 
2.589 2.406 2.564 2.241 1.745 1.873 1.966 2.106 1.896 2.094 
2.225 2.176 2.213 2.304 2.678 3.097 3.339 2.912 3.252 4.094 
4.446 4.746 4.48 4.736 4.334 4.442 4.396 4.59 3.551 4.079 
4.333 4.503 3.901 3.748 3.449 2.705 2.356 2.347 2.453 2.218 
2.09 2.276 2.139 2.026 2.105 2.198 2.235 2.337 2.563 2.308 
2.371 2.954 3.204 2.617 2.294 1.805 1.428 1.495 1.594 1.879 
2.016 2.278 2.592 2.782 3.048 2.522 2.394 2.827 3.13 3.01 
2.571 2.865 2.281 2.035 2.025 2.309 2.4 1.865 2.443 3.164 
3.037 2.867 3.254 3.322 2.553 2.055 1.918 1.721 1.679 1.63 
2.076 2.174 2.234 2.136 2.056 2.145 1.862 1.944 2.111 2.032 
1.794 1.355 1.227 1.228 1.243 1.376 1.838 1.862 1.511 1.494 
1.369 1.425 1.279 1.333 1.564 1.587 1.633 1.815 2.232 1.998 
2.42 3.26 3.42 4.089 3.901 3.033 2.889 2.729 2.862 3.176 
3.281 3.233 4.055 5.044 4.779 5.367 5.757 6.271 4.651 4.333 
4.794 4.372 3.542 3.736 3.929 3.884 3.421 3.513 3.818 4.091 
3.626 4.298 4.508 5.372 5.106 5.684 6.39 6.442 7.749 8.583 
10.892 12.655 14.602 14.132 15.0 12.667 15.0 11.725 13.973 11.732 
14.163 13.711 15.0 14.387 15.0 15.0 15.0 15.0 15.0 15.0 
15.0 15.0 15.0 15.0 15.0 15.0 15.0 15.0 15.0 14.641 
15.0 15.0 15.0 15.0 15.0 15.0 15.0 15.0 15.0 
END
