PFRMAT local QA
AUTHOR LAW-CASP14
af2-standard_T1158v4_5.pdb local_accuracy_only 6.843 8.333 8.225 9.218 7.822 5.919 6.061 2.651 1.389 1.62 1.346 
3.302 6.246 6.305 9.108 8.403 8.699 7.882 3.059 6.868 2.617 
1.465 1.061 0.952 1.081 1.663 0.838 1.079 1.181 1.135 0.987 
1.404 1.364 1.241 1.401 1.983 1.568 1.417 1.032 1.083 0.993 
1.522 1.092 0.821 0.99 1.002 0.791 1.219 1.157 1.178 0.94 
0.892 0.704 0.785 1.014 0.744 0.692 0.846 0.91 0.855 0.889 
1.145 1.274 1.294 1.554 1.89 2.237 2.647 2.992 3.33 3.777 
4.334 5.865 5.875 6.304 5.061 5.129 3.122 2.311 1.521 1.99 
2.17 1.616 1.55 2.005 1.975 1.574 2.195 2.342 3.042 3.178 
2.29 4.173 4.916 2.59 4.451 6.09 3.664 2.947 4.326 3.351 
2.45 2.162 2.241 2.004 1.436 1.218 1.443 1.516 1.197 1.456 
1.572 1.257 1.106 1.458 1.408 1.033 1.105 1.281 1.017 0.99 
1.298 1.495 3.099 4.227 6.322 4.358 4.293 3.614 2.84 2.726 
2.767 2.805 2.309 2.361 2.316 2.011 1.793 2.477 2.283 2.04 
1.761 2.192 1.868 1.642 1.526 1.715 1.491 0.977 1.051 1.204 
1.039 0.715 0.874 1.001 0.76 0.604 0.733 0.734 0.655 0.568 
0.659 0.656 0.564 0.589 0.558 0.571 0.528 0.579 0.514 0.494 
0.517 0.525 0.518 0.47 0.55 0.562 0.516 0.532 0.599 0.657 
0.776 0.944 1.261 1.035 1.214 1.593 1.858 1.554 1.567 1.061 
1.283 1.251 1.018 0.902 1.062 0.996 0.793 0.92 0.977 0.928 
0.739 0.832 0.861 0.703 0.733 0.826 0.85 0.792 0.825 1.093 
0.982 1.401 1.358 1.464 1.5 1.802 1.482 1.394 1.226 1.207 
1.014 0.914 0.874 0.814 0.771 0.795 0.837 0.78 0.839 0.967 
0.982 0.822 0.876 0.815 0.842 0.764 0.832 0.859 0.944 0.891 
1.081 1.095 1.268 1.415 1.568 1.799 1.968 1.754 2.069 1.73 
1.641 1.351 1.358 1.191 1.138 1.022 0.995 1.042 1.024 0.906 
0.964 0.989 0.957 0.816 0.889 0.883 0.815 0.791 0.846 0.809 
0.75 0.733 0.796 0.769 0.716 0.813 0.851 0.754 0.747 0.928 
0.885 0.753 0.842 0.784 0.728 0.736 0.663 0.649 0.742 0.8 
0.87 1.016 0.987 0.896 0.896 0.906 0.815 0.759 0.806 0.806 
0.773 0.717 0.767 0.747 0.699 0.662 0.729 0.742 0.741 0.754 
0.845 0.878 0.948 0.995 1.071 1.091 1.184 1.335 1.392 1.464 
1.467 1.511 1.506 1.419 1.458 1.22 1.245 1.527 1.291 1.022 
1.068 1.276 1.043 0.989 1.034 1.369 1.016 0.993 1.151 1.246 
1.17 1.269 1.282 1.409 1.209 1.375 1.048 1.1 0.993 1.112 
1.039 1.059 0.896 1.077 1.025 0.926 0.97 1.109 1.142 1.097 
1.427 1.48 1.576 1.711 2.185 2.229 1.764 1.936 2.431 2.177 
1.459 2.133 1.893 1.231 1.266 1.564 1.225 0.995 1.38 1.427 
1.082 1.202 1.378 1.184 0.925 1.163 1.062 0.892 0.805 0.976 
0.892 0.882 0.835 1.054 2.288 6.042 6.084 7.619 5.477 4.336 
7.753 7.007 6.686 8.192 6.121 4.504 1.567 1.259 1.195 1.252 
1.289 1.46 1.524 1.408 1.509 1.359 1.527 1.366 1.798 2.302 
4.313 3.149 4.002 2.793 1.679 1.626 1.505 1.526 1.777 1.415 
1.407 1.206 1.213 0.931 1.094 0.98 0.981 0.927 0.832 0.827 
0.794 0.717 0.869 1.322 2.323 7.047 2.455 1.643 1.41 1.013 
0.959 1.266 1.086 0.843 1.022 1.079 1.053 0.839 1.415 0.925 
1.135 1.25 1.333 1.442 1.471 1.686 1.486 1.326 1.694 1.539 
1.832 1.251 0.831 0.664 0.701 0.738 0.784 1.162 1.227 1.747 
1.222 0.885 0.846 0.744 0.887 0.833 0.841 0.846 0.859 1.091 
0.868 0.932 1.143 1.417 2.384 1.51 2.25 2.018 2.309 1.995 
1.729 1.349 1.291 1.204 1.132 0.984 1.019 1.022 1.007 0.934 
1.057 1.005 1.108 1.186 1.128 1.094 1.316 1.375 1.138 1.31 
1.008 1.168 0.88 0.863 0.941 0.87 0.887 0.972 0.867 0.902 
0.952 1.427 1.699 1.425 2.687 1.941 1.79 1.269 1.1 1.319 
1.09 0.94 0.952 0.948 0.961 1.002 0.817 0.903 0.943 0.913 
0.824 0.717 0.7 0.585 0.586 0.595 0.718 0.764 0.882 1.076 
1.125 1.668 1.669 1.504 1.583 1.422 1.395 1.236 1.177 1.184 
1.12 0.97 0.972 1.111 0.999 1.005 0.951 1.087 1.225 1.061 
0.932 1.13 0.995 0.743 0.73 0.667 0.575 0.651 0.699 0.941 
1.368 2.188 2.061 2.326 1.821 1.513 1.813 1.534 1.322 1.155 
1.064 1.008 0.999 1.071 1.205 1.505 1.659 1.457 1.571 1.573 
1.459 1.299 1.353 1.462 1.669 1.798 5.111 4.816 6.413 9.8 
9.842 10.838 13.108 13.263 12.646 11.871 13.972 14.375 13.358 13.398 
15.0 15.0 15.0 15.0 15.0 15.0 15.0 15.0 15.0 15.0 
15.0 15.0 15.0 15.0 15.0 15.0 15.0 15.0 15.0 15.0 
15.0 15.0 15.0 15.0 14.112 10.154 8.55 5.959 5.973 4.172 
6.279 9.105 11.811 14.494 15.0 15.0 15.0 15.0 15.0 15.0 
15.0 15.0 15.0 15.0 15.0 15.0 15.0 15.0 15.0 15.0 
15.0 15.0 15.0 15.0 15.0 15.0 15.0 15.0 15.0 14.927 
11.52 9.642 6.946 5.545 2.877 2.362 1.887 1.525 1.343 1.227 
1.215 1.105 0.86 0.974 1.128 0.842 0.896 1.295 2.207 2.891 
4.202 3.501 3.259 4.864 4.744 3.401 4.353 4.552 3.175 2.987 
2.723 3.247 2.297 1.687 2.625 2.668 2.453 2.352 3.156 2.843 
2.6 2.765 2.724 2.276 1.826 2.517 2.88 1.849 9.117 6.685 
9.847 11.875 12.602 13.21 14.234 15.0 15.0 15.0 15.0 15.0 
15.0 15.0 15.0 15.0 15.0 15.0 15.0 11.652 12.915 12.1 
11.615 10.203 8.784 7.265 8.43 7.206 5.396 5.6 4.047 4.048 
2.372 4.446 4.343 2.957 2.411 2.563 2.354 1.946 1.7 2.312 
2.127 1.442 1.259 1.362 1.086 0.933 0.899 0.899 0.803 0.726 
0.775 0.743 0.694 0.648 0.658 0.659 0.602 0.626 0.638 0.647 
0.636 0.661 0.745 0.664 0.64 0.792 0.831 0.862 0.808 1.052 
0.955 0.965 1.096 1.174 1.036 1.025 0.882 0.857 0.826 0.784 
0.716 0.724 0.769 0.691 0.716 0.726 0.768 0.739 0.779 0.815 
0.792 0.778 0.84 0.83 0.807 0.787 0.781 0.726 0.649 0.699 
0.626 0.627 0.599 0.731 0.637 0.638 0.776 0.798 0.723 0.832 
1.073 0.928 0.976 1.169 1.269 1.275 1.612 1.514 1.207 1.904 
2.052 4.271 3.868 6.204 7.578 6.885 6.231 6.541 4.817 2.812 
2.739 2.481 1.831 1.354 1.54 1.312 1.016 1.071 1.057 0.947 
0.811 0.879 0.953 0.875 0.745 0.804 0.789 0.612 0.715 0.761 
0.723 0.698 0.894 0.884 0.715 0.795 0.851 0.752 0.617 0.667 
0.668 0.594 0.56 0.672 0.65 0.582 0.55 0.663 0.582 0.554 
0.647 0.672 0.617 0.662 0.668 0.656 0.794 0.789 0.804 1.01 
0.976 0.827 0.786 0.856 0.793 0.561 0.649 0.627 0.589 0.587 
0.587 0.576 0.551 0.525 0.58 0.538 0.518 0.479 0.521 0.551 
0.519 0.549 0.574 0.571 0.556 0.598 0.586 0.606 0.631 0.612 
0.667 0.758 0.752 0.879 0.849 0.985 1.074 1.227 1.225 1.477 
1.835 1.524 1.788 2.085 2.096 1.721 1.889 1.93 1.686 1.417 
1.609 1.393 1.145 0.999 0.952 1.122 1.123 0.994 1.036 1.249 
1.031 1.146 1.125 1.055 1.025 1.046 1.042 0.9 0.942 0.929 
0.822 0.765 0.822 0.789 0.661 0.821 0.92 0.755 0.923 1.214 
1.14 0.955 1.689 1.782 1.195 1.466 2.102 1.372 1.103 1.65 
1.248 0.938 1.028 1.307 0.989 0.915 1.451 1.357 1.557 1.299 
1.192 1.297 1.26 1.139 1.607 3.001 4.829 3.792 2.966 2.052 
2.27 1.927 1.474 1.09 0.792 0.825 0.744 0.657 0.649 0.644 
0.679 0.744 0.806 0.952 0.872 1.134 1.108 1.505 1.515 2.59 
4.311 4.871 3.577 3.294 1.752 1.398 1.119 1.143 1.125 0.981 
0.895 0.756 0.744 0.622 0.691 0.68 0.684 0.576 0.546 0.546 
0.63 0.606 0.717 0.971 1.666 2.65 1.882 1.237 1.009 0.843 
0.892 1.058 0.867 0.764 0.796 0.829 0.743 0.683 0.791 0.787 
0.93 0.924 0.947 0.959 0.894 0.818 0.745 0.734 0.752 0.773 
0.881 0.946 1.016 0.986 1.644 1.711 1.932 1.974 0.917 0.835 
1.045 0.777 0.653 0.66 0.687 0.624 0.648 0.61 0.694 0.839 
1.07 1.718 1.349 1.4 1.304 1.057 1.123 1.419 1.525 1.624 
1.443 1.472 1.37 1.222 1.508 1.153 1.638 1.951 2.458 1.777 
1.941 1.437 1.384 1.315 1.219 1.17 1.144 1.075 1.055 1.132 
1.118 1.078 1.205 1.232 1.227 1.499 1.733 1.601 1.808 2.132 
2.25 2.418 2.134 1.925 1.809 2.007 1.864 1.717 1.447 1.553 
1.202 1.286 1.484 2.031 2.814 2.423 2.712 2.41 2.109 1.507 
1.449 1.165 1.108 1.052 0.892 0.949 0.996 1.017 0.832 1.028 
1.061 0.962 0.986 0.796 0.716 0.558 0.571 0.527 0.586 0.676 
0.849 1.103 1.483 1.504 2.345 2.47 2.676 2.933 2.404 2.162 
1.881 1.784 1.498 1.204 1.285 1.272 1.147 1.135 1.166 1.196 
1.18 0.825 1.045 0.876 0.646 0.589 0.491 0.511 0.57 0.632 
0.865 1.229 1.549 1.432 1.608 1.445 0.891 1.429 1.651 0.834 
0.739 0.682 0.716 0.709 0.786 0.838 0.952 1.068 1.033 1.033 
0.933 0.927 0.971 0.879 0.923 1.064 1.215 2.243 1.633 1.53 
2.257 2.685 3.35 4.64 4.647 2.937 2.607 1.934 3.563 4.346 
4.017 3.543 5.0 5.525 6.381 8.433 9.483 8.415 7.174 6.61 
8.656 9.022 4.207 5.279 8.01 5.516 4.072 7.846 10.148 7.362 
5.422 10.335 10.85 10.551 11.253 13.05 13.729 15.0 15.0 15.0 
15.0 15.0 15.0 15.0 15.0 15.0 15.0 15.0 15.0 15.0 
15.0 15.0 15.0 15.0 15.0 15.0 15.0 15.0 15.0 15.0 
15.0 15.0 15.0 15.0 15.0 15.0 15.0 15.0 15.0 15.0 
15.0 15.0 15.0 15.0 15.0 15.0 15.0 15.0 15.0 
END
