PFRMAT local QA
AUTHOR LAW-CASP14
af2-standard_T1137s2_1.pdb local_accuracy_only 8.562 15.0 15.0 15.0 15.0 15.0 15.0 15.0 15.0 15.0 15.0 
15.0 15.0 15.0 15.0 15.0 15.0 15.0 15.0 15.0 15.0 
15.0 15.0 15.0 15.0 15.0 15.0 15.0 15.0 15.0 13.225 
7.072 4.844 2.166 1.606 1.024 1.025 0.84 0.735 0.781 0.749 
0.842 0.905 1.135 1.107 0.971 1.154 1.265 0.92 0.956 0.925 
1.03 0.816 1.017 0.7 1.026 1.065 1.583 1.857 1.531 1.332 
0.87 0.821 0.834 0.743 0.832 0.847 0.89 1.033 1.831 1.707 
2.466 2.446 2.075 2.045 1.375 1.109 0.914 0.689 0.716 0.718 
0.748 0.734 1.08 1.341 1.459 1.078 1.505 1.326 1.776 1.777 
1.442 1.092 1.048 0.821 0.915 0.925 1.032 1.371 1.347 1.636 
1.795 2.123 1.705 1.45 1.086 0.897 0.793 0.943 0.916 1.104 
1.317 1.819 3.095 3.586 3.829 2.989 2.068 1.653 1.65 1.257 
1.154 1.11 0.917 0.889 1.045 1.059 1.422 1.101 1.112 1.05 
1.196 1.422 1.813 2.437 2.553 2.638 2.677 2.592 2.728 2.829 
3.0 3.266 3.451 3.63 3.802 3.909 4.101 4.308 3.841 3.459 
3.502 5.305 4.248 3.949 3.602 4.39 4.808 7.197 8.897 6.563 
5.885 6.506 9.261 10.121 12.0 11.402 10.471 10.063 12.23 8.523 
7.255 9.539 11.718 12.521 11.352 13.676 15.0 14.539 12.054 15.0 
15.0 15.0 15.0 15.0 15.0 15.0 15.0 15.0 15.0 15.0 
14.932 11.436 10.032 11.181 15.0 15.0 15.0 15.0 15.0 15.0 
15.0 15.0 15.0 15.0 15.0 15.0 15.0 15.0 15.0 15.0 
15.0 15.0 15.0 15.0 15.0 15.0 15.0 15.0 15.0 15.0 
15.0 15.0 13.025 7.872 10.967 15.0 12.879 6.657 6.478 7.084 
10.838 12.256 7.531 6.052 6.141 7.624 9.846 8.195 6.947 6.705 
5.944 6.372 8.03 7.783 5.58 4.614 4.508 4.407 4.235 4.107 
3.804 3.573 3.425 3.652 3.677 3.565 3.422 3.433 3.273 3.217 
3.17 3.13 3.177 3.077 3.183 3.183 3.179 3.265 3.424 3.353 
3.164 3.276 3.023 3.037 3.076 3.083 2.851 2.875 2.684 2.641 
2.625 2.803 2.873 2.78 2.752 3.042 2.822 2.988 3.45 3.39 
3.155 3.303 3.388 3.851 3.993 4.244 4.085 4.194 4.471 4.501 
4.667 4.888 4.822 5.221 5.012 5.329 6.259 7.544 7.852 12.284 
15.0 15.0 13.828 15.0 15.0 15.0 15.0 15.0 15.0 15.0 
15.0 15.0 15.0 15.0 15.0 15.0 15.0 15.0 15.0 15.0 
15.0 15.0 15.0 15.0 15.0 15.0 15.0 15.0 15.0 15.0 
15.0 15.0 
END
