PFRMAT local QA
AUTHOR MASS-CASP14
af2-standard_T1137s2_1.pdb local_accuracy_only 15.0 15.0 13.368 13.239 13.061 13.84 14.06 15.0 15.0 15.0 15.0 
15.0 15.0 15.0 15.0 15.0 15.0 15.0 15.0 15.0 15.0 
15.0 15.0 14.76 12.628 11.121 11.828 12.003 10.791 10.087 10.086 
9.68 10.296 8.203 4.725 2.926 2.311 1.7 1.289 1.075 1.001 
1.017 0.948 1.305 1.432 1.173 1.286 1.381 1.083 1.554 1.658 
1.664 1.45 1.543 1.453 1.796 1.988 2.188 2.554 2.32 1.844 
1.871 1.761 1.631 1.616 1.955 1.931 1.709 1.841 2.552 3.142 
4.052 6.547 6.059 5.126 3.648 2.642 2.089 1.85 1.412 1.463 
1.303 1.396 1.444 1.878 2.257 2.362 2.358 1.826 2.018 2.118 
1.882 1.427 1.438 1.544 1.477 1.117 1.264 1.42 1.823 1.798 
2.411 2.276 2.2 1.853 1.782 1.467 1.524 1.372 1.34 1.485 
2.008 2.934 4.015 4.348 4.898 4.246 4.269 4.182 5.177 6.572 
7.796 5.284 4.621 4.445 4.736 5.874 6.96 6.328 6.137 6.512 
6.155 6.377 6.587 4.909 5.357 6.108 6.883 6.638 7.012 8.354 
8.74 8.14 8.687 9.845 9.925 9.207 8.005 7.122 7.413 6.354 
6.312 6.658 5.904 5.687 5.558 5.455 5.046 5.115 5.388 5.465 
5.303 6.191 6.731 6.845 7.608 9.761 11.76 15.0 14.874 13.017 
11.137 10.18 8.655 9.028 9.096 9.487 11.174 10.122 10.5 10.562 
10.571 9.017 9.186 7.921 7.881 7.747 8.305 8.1 8.961 7.955 
8.731 7.486 7.902 7.942 7.868 7.637 7.385 8.776 8.122 8.092 
8.519 7.538 6.179 5.189 5.463 5.334 6.349 5.68 6.251 6.401 
6.579 7.557 7.197 6.316 6.372 6.927 6.488 6.881 7.722 7.811 
6.929 6.354 6.633 5.785 6.337 5.279 5.695 5.322 5.878 5.823 
6.791 6.899 7.059 6.588 6.111 6.182 5.852 5.742 5.638 7.148 
5.963 6.688 6.092 6.836 6.813 8.231 8.341 8.322 8.997 8.36 
8.851 8.353 7.973 8.602 9.482 8.607 8.669 8.705 9.436 7.877 
7.604 8.384 8.42 9.242 9.41 8.708 7.379 7.278 7.448 6.778 
5.712 5.556 5.378 4.805 4.747 4.313 3.71 4.049 3.924 3.657 
3.431 3.386 3.397 3.508 3.198 3.128 3.379 3.211 3.205 3.349 
3.175 3.189 3.457 3.852 4.069 4.539 5.162 4.982 5.407 5.498 
7.377 7.76 8.967 9.113 8.729 9.001 9.321 9.986 10.171 10.181 
10.743 11.897 11.568 13.292 12.98 14.299 14.824 15.0 15.0 15.0 
15.0 15.0 15.0 15.0 15.0 15.0 15.0 14.363 13.708 12.593 
11.019 11.804 11.748 12.314 12.727 13.904 12.728 14.743 15.0 15.0 
15.0 15.0 
END
