PFRMAT local QA
AUTHOR LAW-CASP14
af2-standard_T1151s2_2.pdb local_accuracy_only 15.0 15.0 15.0 15.0 15.0 15.0 15.0 15.0 15.0 15.0 15.0 
15.0 15.0 15.0 15.0 15.0 15.0 15.0 15.0 15.0 15.0 
15.0 15.0 15.0 15.0 15.0 14.802 10.702 7.923 5.087 3.685 
2.782 2.928 2.039 2.892 3.251 2.945 2.521 2.62 2.098 1.527 
1.891 2.059 2.193 1.347 1.387 1.179 1.134 1.051 0.969 1.081 
1.046 0.995 1.027 1.112 1.142 1.283 1.051 0.964 0.976 0.919 
0.868 0.89 0.955 0.953 0.907 0.996 1.232 1.096 1.152 1.393 
1.025 1.151 1.057 0.928 0.869 0.895 0.932 0.915 0.984 0.996 
1.232 1.417 1.696 1.594 1.664 1.366 1.282 1.392 1.266 1.072 
1.013 1.131 1.075 0.944 1.048 1.152 1.088 1.104 1.268 1.331 
1.248 1.529 1.215 1.363 1.257 2.392 3.36 4.989 7.751 7.02 
8.569 9.874 11.079 11.467 12.556 
END
