PFRMAT local QA
AUTHOR MASS-CASP14
af2-standard_T1151s2_2.pdb local_accuracy_only 15.0 15.0 15.0 15.0 15.0 15.0 14.036 13.678 13.731 12.717 14.138 
11.226 11.6 10.997 10.176 9.377 9.98 10.377 10.486 9.15 8.462 
7.586 7.185 7.829 7.028 7.633 5.579 5.141 4.009 4.182 3.764 
3.422 3.081 2.649 2.867 3.324 3.284 3.907 4.11 3.163 2.579 
3.23 3.613 3.273 2.904 2.354 1.978 1.785 1.496 1.484 1.467 
1.38 1.184 1.223 1.364 1.353 1.43 1.34 1.213 1.194 1.276 
1.193 1.179 1.415 1.49 1.44 1.217 1.711 2.187 2.797 2.859 
2.146 1.746 1.347 1.194 1.154 1.217 1.396 1.412 1.3 1.351 
1.835 2.548 2.831 2.861 2.799 2.462 2.567 2.545 2.808 2.695 
2.795 3.278 2.616 2.958 2.756 2.758 2.659 3.377 3.347 3.503 
3.417 3.168 2.557 2.539 2.229 2.808 3.468 3.735 4.828 5.714 
7.499 8.528 10.67 13.751 15.0 
END
