PFRMAT local QA
AUTHOR LAW-CASP14
af2-standard_T1133_4.pdb local_accuracy_only 12.653 10.344 4.958 3.94 1.697 1.183 1.086 1.066 1.168 1.178 1.421 
1.703 1.769 1.829 1.433 1.29 1.225 1.041 1.095 1.196 1.411 
1.711 2.011 1.862 1.459 1.332 1.271 1.204 1.619 1.228 1.203 
1.491 1.307 1.443 1.701 1.715 1.949 2.002 1.421 1.259 0.938 
0.882 0.764 0.806 0.805 0.98 0.988 0.843 0.818 0.745 0.677 
0.752 0.842 1.081 1.34 1.605 1.58 1.356 1.037 0.812 0.717 
0.723 0.833 0.87 1.008 1.083 0.993 0.932 0.895 0.835 0.751 
1.042 1.106 1.631 1.578 1.797 1.301 1.069 0.894 0.838 0.775 
0.77 0.771 0.829 0.903 0.96 0.801 0.806 0.849 0.777 0.763 
0.754 0.801 0.878 1.071 1.233 2.037 3.293 3.961 4.96 5.038 
4.367 4.476 3.643 2.227 1.801 1.014 0.846 0.802 0.767 0.9 
0.763 0.817 0.801 0.842 0.842 0.789 0.829 0.89 0.88 0.935 
0.99 0.931 1.203 1.174 1.493 2.193 1.977 2.626 1.89 1.363 
1.048 0.967 0.855 0.857 0.842 0.984 0.97 0.894 0.878 0.77 
0.791 0.821 0.822 1.12 1.029 1.325 1.437 1.262 1.005 0.862 
0.81 0.858 0.88 0.865 0.898 1.096 1.055 1.341 1.369 1.088 
1.04 1.059 1.112 1.181 1.65 1.362 1.586 1.296 1.081 1.051 
0.985 0.841 0.759 0.804 0.766 0.823 0.971 0.983 1.139 0.951 
0.876 0.785 0.745 0.726 0.767 0.822 0.972 1.138 1.457 1.75 
2.322 1.901 1.774 1.273 1.116 0.908 0.869 0.895 0.92 0.985 
1.132 1.02 1.441 1.504 1.527 2.753 2.774 2.832 2.607 1.968 
1.556 1.501 1.248 1.169 0.99 1.112 1.082 1.431 1.33 1.27 
1.192 1.164 0.944 0.863 0.754 0.709 0.709 0.702 0.844 0.813 
0.752 0.833 0.746 0.681 0.722 0.73 0.819 0.924 1.104 1.382 
1.59 2.534 2.959 4.936 5.421 5.412 5.26 3.798 4.043 2.523 
2.06 1.682 1.151 1.012 0.967 0.864 0.892 0.933 1.134 1.173 
1.543 1.512 1.514 1.282 1.223 1.255 1.272 2.108 2.184 2.833 
1.83 1.809 1.336 1.212 0.921 0.904 0.853 0.742 0.709 0.715 
0.749 0.907 0.882 0.811 0.858 0.8 0.707 0.742 0.788 0.923 
1.105 1.268 1.493 1.815 1.81 1.502 1.441 1.225 1.121 0.901 
0.968 1.024 1.155 1.295 1.413 1.297 1.28 1.2 1.311 1.576 
2.195 2.726 3.113 2.656 1.984 1.454 1.232 1.078 0.855 0.871 
0.852 0.953 1.133 1.185 0.91 0.997 0.936 0.889 0.888 1.002 
1.137 1.37 1.594 1.843 2.128 1.813 1.904 1.482 1.518 1.171 
1.189 1.146 1.115 1.279 1.227 1.472 1.562 1.577 1.456 1.352 
1.606 1.496 1.407 1.411 1.569 1.616 1.753 2.081 1.738 1.933 
1.654 1.385 1.198 1.086 1.122 1.2 1.497 1.467 1.317 1.221 
1.209 1.217 1.403 1.617 2.063 2.233 2.453 2.76 2.965 2.739 
3.006 3.605 2.507 2.308 2.012 1.551 1.468 1.308 1.416 1.611 
1.517 2.511 1.915 2.688 2.047 1.979 1.625 1.794 1.805 2.272 
2.333 2.712 3.179 3.547 2.733 2.588 1.795 1.85 1.518 1.444 
1.251 1.163 1.049 1.042 1.233 1.547 1.824 2.354 2.464 2.329 
3.771 3.14 6.589 9.355 12.429 6.38 3.81 9.604 7.583 8.207 
8.85 8.37 8.178 5.676 12.992 12.528 15.0 15.0 15.0 15.0 
15.0 15.0 15.0 15.0 15.0 15.0 15.0 15.0 15.0 15.0 
15.0 15.0 15.0 15.0 15.0 15.0 15.0 15.0 15.0 15.0 
15.0 15.0 15.0 15.0 14.775 10.751 12.148 14.645 15.0 15.0 
15.0 15.0 15.0 15.0 15.0 15.0 15.0 15.0 15.0 15.0 
15.0 15.0 15.0 15.0 15.0 15.0 15.0 15.0 15.0 15.0 
15.0 15.0 15.0 15.0 15.0 15.0 15.0 15.0 15.0 15.0 
15.0 15.0 15.0 15.0 15.0 15.0 15.0 15.0 15.0 15.0 
15.0 15.0 15.0 15.0 15.0 15.0 15.0 15.0 15.0 15.0 
15.0 15.0 15.0 15.0 15.0 15.0 15.0 15.0 15.0 15.0 
15.0 15.0 15.0 15.0 15.0 15.0 15.0 15.0 15.0 15.0 
15.0 15.0 15.0 15.0 15.0 15.0 15.0 15.0 15.0 15.0 
15.0 15.0 15.0 15.0 15.0 15.0 15.0 15.0 15.0 15.0 
15.0 15.0 15.0 15.0 15.0 15.0 15.0 15.0 15.0 15.0 
15.0 15.0 15.0 15.0 15.0 15.0 15.0 15.0 15.0 15.0 
15.0 15.0 15.0 15.0 
END
