PFRMAT local QA
AUTHOR MASS-CASP14
af2-standard_T1133_4.pdb local_accuracy_only 10.639 7.489 5.401 3.877 2.712 1.763 1.391 1.146 1.146 1.07 1.04 
1.192 1.45 1.642 1.445 1.136 1.182 1.207 1.303 1.495 1.745 
2.169 2.607 2.561 2.405 2.526 3.075 3.219 2.985 2.714 2.67 
2.828 3.447 3.55 4.37 4.595 4.08 3.225 2.001 1.708 1.346 
1.247 1.126 1.034 1.289 1.748 1.878 1.622 1.414 1.114 1.116 
1.154 1.138 1.512 1.808 2.108 2.146 1.51 1.211 1.199 1.145 
1.021 1.128 1.139 1.547 1.916 1.964 1.752 1.681 1.511 1.515 
1.463 1.474 1.694 2.001 2.327 2.167 1.843 1.548 1.398 1.268 
1.198 1.029 1.398 1.439 1.702 1.704 1.385 1.124 1.052 1.112 
0.956 0.908 1.072 1.3 1.78 2.782 4.251 6.43 8.8 9.876 
11.082 9.456 6.458 4.881 2.831 1.85 1.321 0.995 0.961 0.939 
0.913 0.985 1.016 1.406 1.552 1.596 1.538 1.433 1.346 1.452 
1.426 1.291 1.599 1.986 2.252 2.77 2.47 2.493 2.286 1.622 
1.472 1.471 1.239 1.024 1.348 1.862 1.954 1.779 1.591 1.243 
1.241 1.264 1.542 1.908 2.278 2.843 2.397 1.806 1.245 1.206 
1.13 1.166 1.409 1.623 1.828 1.691 1.609 1.732 1.84 1.599 
1.622 1.614 1.539 1.422 1.768 1.921 2.163 2.216 1.813 2.015 
1.702 1.525 1.355 1.323 1.528 1.623 2.171 2.523 2.453 2.15 
1.62 1.267 0.977 1.01 0.911 0.853 0.974 1.187 1.799 2.43 
3.056 2.953 2.486 2.098 1.693 1.435 1.217 1.159 1.138 1.028 
1.277 1.382 1.788 2.137 2.517 3.273 3.885 4.426 4.935 4.131 
4.369 3.993 4.184 3.656 3.465 3.345 2.948 3.701 4.208 3.863 
3.091 2.108 1.602 1.451 1.411 1.282 1.085 1.29 1.417 1.591 
1.482 1.418 1.212 1.085 1.215 1.229 1.257 1.294 1.588 2.079 
3.065 4.166 5.583 7.386 9.017 10.058 9.068 8.172 6.777 5.381 
3.675 2.713 2.207 1.696 1.4 1.398 1.167 1.317 1.535 2.104 
2.888 3.112 2.902 3.021 3.067 2.69 2.495 2.626 2.444 2.879 
2.926 2.734 2.587 2.14 1.798 1.62 1.484 1.269 1.072 1.016 
1.221 1.527 1.837 1.905 1.808 1.59 1.28 1.383 1.367 1.34 
1.428 1.91 2.412 2.963 3.617 3.528 3.313 3.202 3.283 2.869 
2.969 2.898 3.411 3.7 3.172 3.438 3.453 3.218 3.508 3.762 
3.263 4.152 4.748 5.368 4.698 3.688 2.997 2.155 1.769 1.351 
1.173 1.303 1.448 1.547 1.352 1.019 0.289 0.067 0.008 0.139 
0.677 1.241 1.407 2.12 2.064 2.264 1.914 1.701 1.319 1.107 
0.828 0.4 0.753 0.959 1.153 1.538 1.618 1.697 1.763 1.596 
1.621 1.758 1.908 2.019 2.119 2.167 2.37 2.152 1.79 1.483 
1.253 1.211 1.035 0.87 1.027 1.408 1.555 1.738 1.58 1.337 
1.165 1.116 1.163 1.159 1.298 1.205 1.52 1.791 2.255 2.254 
2.758 2.786 2.399 1.743 1.046 0.115 0.036 0.048 0.185 1.093 
1.318 1.686 1.963 1.756 1.652 1.402 1.5 1.374 1.483 1.413 
1.44 1.802 2.323 2.222 1.877 1.626 1.339 1.399 1.332 1.109 
1.117 1.056 1.228 1.431 1.627 2.148 2.665 3.173 3.312 3.366 
3.974 4.699 4.912 5.052 4.246 4.057 3.893 4.286 3.958 3.476 
3.369 3.776 3.983 4.519 4.518 4.909 6.204 6.771 6.7 6.904 
5.951 6.477 6.0 6.182 5.374 5.531 5.307 6.547 7.443 6.563 
6.452 6.348 6.736 5.794 7.119 6.839 7.564 8.379 8.365 7.141 
6.553 5.687 5.458 4.287 3.968 4.012 3.91 4.968 5.481 6.891 
7.403 10.194 12.38 11.508 15.0 15.0 15.0 15.0 15.0 15.0 
15.0 15.0 15.0 15.0 15.0 15.0 15.0 15.0 15.0 15.0 
15.0 15.0 15.0 15.0 15.0 15.0 15.0 15.0 15.0 15.0 
15.0 15.0 15.0 13.085 14.495 9.989 11.849 9.838 10.661 7.67 
9.114 7.738 9.625 8.95 11.268 9.893 9.842 8.289 10.219 9.458 
9.826 8.366 8.288 6.75 6.409 6.178 4.493 3.654 2.788 2.803 
2.774 2.371 2.103 2.041 2.026 1.854 1.985 2.267 2.141 2.474 
2.444 2.372 2.177 2.227 1.941 1.973 1.993 2.083 1.701 1.918 
1.888 2.002 2.09 2.426 2.29 2.288 2.24 2.022 1.702 2.081 
2.193 2.134 1.969 1.945 2.04 2.121 2.265 2.773 2.872 3.513 
3.394 3.102 2.763 2.465 2.735 2.639 2.661 2.893 3.002 3.463 
3.994 4.147 4.692 5.742 
END
