PFRMAT local QA
AUTHOR LAW-CASP14
af2-standard_T1192_3.pdb local_accuracy_only 15.0 15.0 15.0 15.0 15.0 15.0 15.0 15.0 15.0 15.0 15.0 
15.0 15.0 15.0 15.0 15.0 15.0 15.0 11.4 10.011 2.484 
1.359 1.013 0.777 0.729 0.665 0.608 0.678 0.706 0.75 0.873 
1.123 1.261 1.439 1.163 1.11 1.285 1.159 0.895 1.109 1.155 
0.947 0.745 1.163 1.172 1.198 0.873 1.015 1.045 1.134 0.892 
0.826 0.778 0.884 0.942 1.343 1.362 2.166 2.169 1.777 1.51 
1.065 0.871 0.741 0.672 0.765 0.835 0.795 0.909 0.895 0.703 
0.81 0.809 0.676 0.634 0.75 0.846 0.698 0.715 0.75 0.859 
0.757 0.649 0.561 0.508 0.514 0.539 0.551 0.539 0.555 0.554 
0.56 0.542 0.549 0.534 0.572 0.616 0.844 0.895 1.224 1.285 
0.935 0.714 0.593 0.498 0.511 0.483 0.53 0.488 0.525 0.461 
0.518 0.449 0.505 0.536 0.606 0.648 0.609 0.562 0.589 0.532 
0.589 0.548 0.501 0.498 0.517 0.581 0.537 0.583 0.704 0.802 
0.781 1.175 0.917 0.872 0.774 0.721 0.641 0.59 0.652 0.617 
0.511 0.556 0.586 0.524 0.484 0.502 0.543 0.519 0.482 0.47 
0.55 0.49 0.48 0.49 0.564 0.53 0.543 0.63 0.746 0.707 
0.545 0.628 0.598 0.647 0.652 0.659 0.7 0.78 0.839 0.715 
0.763 0.928 0.954 0.944 1.079 1.248 1.197 1.642 2.09 2.044 
3.434 3.05 4.949 6.952 5.216 4.34 4.023 4.272 3.729 2.912 
2.574 2.312 2.074 2.163 1.857 1.854 1.557 1.572 1.499 1.612 
1.524 1.44 1.439 1.552 1.467 1.398 1.466 1.822 1.635 3.332 
3.388 5.387 7.043 8.68 9.116 15.0 15.0 15.0 15.0 15.0 
15.0 15.0 15.0 15.0 15.0 15.0 15.0 15.0 15.0 15.0 
15.0 15.0 15.0 15.0 15.0 15.0 15.0 15.0 15.0 15.0 
15.0 15.0 15.0 15.0 15.0 15.0 15.0 15.0 15.0 15.0 
15.0 15.0 15.0 15.0 15.0 15.0 15.0 15.0 15.0 15.0 
15.0 15.0 15.0 15.0 15.0 15.0 15.0 15.0 15.0 15.0 
15.0 15.0 15.0 15.0 15.0 15.0 15.0 15.0 15.0 15.0 
15.0 15.0 15.0 15.0 15.0 15.0 15.0 15.0 15.0 15.0 
15.0 15.0 11.159 14.969 15.0 9.066 13.678 15.0 9.905 13.815 
15.0 14.74 15.0 15.0 15.0 15.0 15.0 15.0 15.0 15.0 
15.0 15.0 15.0 15.0 15.0 15.0 15.0 15.0 15.0 15.0 
15.0 15.0 15.0 15.0 15.0 15.0 15.0 15.0 15.0 15.0 
15.0 15.0 15.0 15.0 15.0 15.0 14.517 15.0 15.0 15.0 
15.0 15.0 15.0 13.976 15.0 15.0 11.212 14.717 15.0 8.295 
7.953 8.252 5.722 5.848 6.05 4.385 5.064 7.405 7.969 8.007 
15.0 15.0 15.0 15.0 15.0 15.0 15.0 15.0 15.0 15.0 
15.0 15.0 15.0 15.0 15.0 15.0 15.0 15.0 15.0 15.0 
15.0 15.0 15.0 15.0 15.0 15.0 15.0 15.0 14.752 15.0 
15.0 14.084 15.0 15.0 15.0 14.223 15.0 15.0 15.0 15.0 
15.0 15.0 15.0 15.0 15.0 15.0 15.0 15.0 15.0 15.0 
15.0 15.0 15.0 15.0 15.0 15.0 15.0 
END
