PFRMAT local QA
AUTHOR MASS-CASP14
af2-standard_T1192_3.pdb local_accuracy_only 11.803 10.182 9.148 8.695 9.62 9.945 9.838 8.874 9.711 9.247 10.603 
10.388 11.239 10.138 11.436 10.922 12.034 14.297 15.0 15.0 15.0 
13.783 11.391 9.257 8.042 7.362 8.119 7.039 8.425 7.312 6.592 
6.507 6.245 4.865 3.781 3.354 3.487 2.455 2.459 2.119 2.397 
2.004 1.446 1.697 2.033 1.825 1.438 1.532 1.733 1.837 1.604 
1.435 1.724 2.059 2.061 2.453 2.607 3.245 3.232 2.927 1.895 
1.609 1.352 1.193 1.339 1.417 1.621 1.735 1.669 1.573 1.269 
1.387 1.321 1.318 1.25 1.478 1.621 1.416 1.348 1.907 2.283 
2.293 1.479 1.271 1.228 1.274 1.397 1.218 1.529 1.718 1.743 
1.88 1.833 1.789 1.532 1.554 1.669 2.24 2.642 3.264 2.426 
1.597 1.204 0.86 0.871 0.825 0.898 0.876 0.937 0.932 0.967 
0.975 0.963 0.95 0.901 1.007 1.092 1.124 1.085 1.047 1.089 
1.326 1.232 1.032 1.034 1.207 1.273 1.661 1.938 2.433 2.375 
2.786 2.748 2.473 2.316 1.926 1.772 1.471 1.424 1.438 1.323 
1.272 1.249 1.279 1.288 1.145 1.219 1.198 1.195 1.185 1.265 
1.317 1.364 1.363 1.353 1.539 1.574 1.294 1.226 1.271 1.241 
1.238 1.15 1.327 1.34 1.363 1.667 1.864 2.087 2.116 2.001 
1.91 2.329 2.348 2.202 2.583 2.955 3.744 4.265 5.814 6.712 
6.518 7.49 8.161 8.568 7.914 7.779 8.447 7.98 8.977 8.171 
6.47 6.538 7.062 5.506 5.08 4.116 4.127 3.76 3.669 4.052 
3.783 3.328 3.132 3.256 3.255 3.475 3.731 4.051 4.302 4.479 
6.125 6.392 6.881 6.829 7.285 8.119 7.825 8.534 7.02 4.971 
3.895 3.581 3.177 3.699 3.832 4.081 4.939 5.595 7.392 6.899 
6.416 6.523 6.741 6.751 7.675 8.13 9.069 11.204 12.007 12.415 
12.731 12.103 12.797 9.611 9.21 9.0 9.628 9.218 9.602 9.782 
10.57 12.675 12.987 14.222 15.0 15.0 15.0 15.0 15.0 15.0 
15.0 15.0 15.0 15.0 15.0 15.0 15.0 15.0 15.0 15.0 
15.0 15.0 15.0 15.0 15.0 15.0 15.0 15.0 15.0 15.0 
15.0 15.0 15.0 15.0 15.0 12.065 13.339 10.532 9.698 8.796 
8.044 7.491 7.345 6.437 5.491 5.185 5.086 4.639 4.811 5.694 
6.132 5.045 5.374 4.785 5.505 5.28 6.125 7.562 7.373 8.127 
8.917 10.331 10.087 11.645 11.595 9.888 9.171 8.434 8.741 9.049 
8.725 9.247 10.073 11.766 12.587 15.0 15.0 13.015 11.171 10.698 
9.074 8.831 7.69 7.521 7.374 8.047 7.639 7.413 8.095 7.083 
5.512 4.497 4.011 3.938 4.481 4.846 4.894 4.127 4.548 5.459 
5.61 5.643 5.728 5.738 5.133 4.642 4.918 5.417 5.283 5.331 
5.549 5.57 6.14 5.384 5.141 4.903 4.989 5.197 4.822 4.227 
4.032 4.204 4.006 4.008 5.114 5.975 6.581 6.05 5.857 5.791 
5.203 5.233 5.868 5.578 5.295 5.437 5.801 5.86 4.915 6.115 
5.545 5.685 5.96 7.216 6.543 5.616 6.482 6.934 6.704 6.829 
6.892 7.193 7.303 8.434 8.524 8.971 9.769 11.059 11.324 10.296 
10.144 10.167 9.8 10.182 9.01 9.829 9.868 
END
