PFRMAT local QA
AUTHOR LAW-CASP14
af2-standard_T1158v4_4.pdb local_accuracy_only 15.0 15.0 15.0 15.0 8.089 5.329 4.901 2.235 1.315 1.539 1.372 
2.815 4.82 5.139 8.0 7.039 8.019 7.112 4.421 4.856 2.604 
1.5 1.149 0.919 1.171 1.556 0.831 1.064 1.167 1.091 0.915 
1.346 1.266 1.128 1.213 1.739 1.383 1.238 0.967 1.026 0.96 
1.278 1.045 0.804 0.982 1.068 0.816 1.319 1.213 1.238 0.978 
0.977 0.7 0.799 1.026 0.757 0.693 0.877 1.014 0.951 0.931 
1.231 1.332 1.325 1.632 1.99 2.309 2.66 3.104 3.351 3.847 
4.524 6.041 6.125 7.03 5.505 5.26 3.035 2.198 1.462 1.894 
2.09 1.6 1.545 2.025 2.142 1.669 2.299 2.713 3.315 3.543 
2.643 4.523 5.021 2.921 5.142 6.489 4.121 3.278 4.522 3.612 
2.571 2.302 2.318 1.969 1.533 1.239 1.402 1.509 1.179 1.453 
1.584 1.247 1.089 1.472 1.434 1.025 1.113 1.289 1.044 0.991 
1.327 1.631 3.726 5.307 7.543 5.629 5.291 4.356 3.182 3.007 
3.026 3.082 2.49 2.719 2.537 2.153 1.891 2.789 2.549 2.255 
1.847 2.536 2.067 1.925 1.702 1.99 1.663 1.025 1.126 1.335 
1.095 0.738 0.916 1.068 0.769 0.613 0.741 0.729 0.635 0.558 
0.644 0.627 0.547 0.573 0.521 0.552 0.507 0.558 0.481 0.473 
0.513 0.522 0.514 0.478 0.565 0.582 0.535 0.562 0.621 0.651 
0.737 0.862 1.13 0.941 1.058 1.342 1.429 1.287 1.319 0.976 
1.143 1.133 1.041 0.853 1.033 0.937 0.778 0.9 0.953 0.907 
0.69 0.811 0.815 0.657 0.715 0.775 0.777 0.739 0.781 0.977 
0.888 1.225 1.196 1.32 1.33 1.707 1.414 1.375 1.238 1.282 
1.06 0.973 0.947 0.883 0.798 0.825 0.869 0.837 0.928 1.053 
1.054 0.96 1.008 1.094 1.111 0.924 1.089 1.032 1.093 1.156 
1.473 1.155 1.357 1.457 1.697 1.803 1.876 1.706 1.932 1.609 
1.574 1.309 1.341 1.133 1.084 0.973 0.923 0.95 0.936 0.807 
0.85 0.902 0.883 0.758 0.837 0.857 0.772 0.768 0.869 0.805 
0.771 0.76 0.838 0.81 0.728 0.821 0.868 0.778 0.758 0.933 
0.899 0.807 0.889 0.804 0.739 0.742 0.676 0.658 0.748 0.8 
0.883 1.048 1.019 0.937 0.98 0.953 0.838 0.78 0.817 0.799 
0.748 0.737 0.734 0.707 0.663 0.649 0.705 0.717 0.712 0.728 
0.797 0.804 0.903 0.946 1.012 1.039 1.201 1.25 1.303 1.387 
1.437 1.465 1.562 1.589 1.431 1.258 1.235 1.635 1.33 1.124 
1.101 1.294 1.115 1.12 1.111 1.473 1.16 1.136 1.289 1.377 
1.288 1.503 1.542 1.479 1.262 1.363 1.035 1.071 1.016 1.052 
1.028 1.044 0.917 1.052 1.013 0.946 0.982 1.105 1.123 1.144 
1.388 1.392 1.481 1.619 1.847 1.998 1.602 1.752 2.195 1.933 
1.271 1.887 1.669 1.102 1.132 1.395 1.124 0.92 1.235 1.265 
1.004 1.085 1.259 1.077 0.879 1.081 1.01 0.853 0.79 0.947 
0.862 0.855 0.842 1.024 4.05 9.454 9.694 9.79 7.033 7.517 
7.637 3.884 7.441 4.944 3.768 2.215 1.23 1.052 1.009 1.094 
1.189 1.42 1.527 1.355 1.438 1.28 1.44 1.297 1.83 2.334 
4.321 3.363 4.255 3.427 1.581 1.443 1.371 1.423 1.752 1.354 
1.363 1.116 1.052 0.832 0.916 0.86 0.877 0.843 0.777 0.768 
0.76 0.659 0.779 1.139 1.663 4.498 1.683 1.339 1.203 0.911 
0.906 1.093 0.999 0.804 0.948 0.999 0.978 0.805 1.168 0.85 
1.038 1.172 1.279 1.399 1.462 1.731 1.427 1.213 1.232 1.305 
1.363 1.142 0.69 0.649 0.667 0.734 0.778 1.224 1.289 1.767 
1.204 0.843 0.771 0.707 0.842 0.783 0.783 0.796 0.822 0.93 
0.823 0.883 1.075 1.093 1.457 1.374 2.158 1.872 2.242 1.92 
1.688 1.32 1.286 1.184 1.127 0.966 1.007 1.008 0.991 0.923 
1.018 1.002 1.14 1.232 1.215 1.214 1.446 1.662 1.218 1.387 
1.039 1.29 0.906 0.86 0.922 0.832 0.858 0.978 1.028 1.021 
1.013 1.05 1.773 1.603 2.935 1.938 1.834 1.352 1.093 1.281 
1.073 0.913 0.922 0.93 0.936 0.974 0.788 0.857 0.912 0.878 
0.763 0.662 0.634 0.539 0.557 0.583 0.715 0.777 0.916 1.092 
1.096 1.588 1.574 1.414 1.406 1.305 1.273 1.135 1.135 1.135 
1.058 0.931 0.96 1.108 1.001 1.006 0.995 1.069 1.249 1.084 
0.918 1.083 0.912 0.688 0.659 0.622 0.54 0.636 0.694 0.944 
1.437 2.312 2.274 2.738 2.179 1.959 2.284 2.03 1.386 1.112 
0.996 0.944 0.878 0.909 1.019 1.218 1.364 1.331 1.37 1.372 
1.223 1.097 1.151 1.328 1.564 1.962 4.715 4.192 5.534 8.991 
9.144 10.047 12.225 13.392 13.645 14.889 15.0 15.0 14.2 14.629 
15.0 15.0 15.0 15.0 15.0 15.0 15.0 15.0 15.0 15.0 
15.0 15.0 15.0 15.0 15.0 15.0 15.0 15.0 15.0 15.0 
15.0 15.0 15.0 15.0 15.0 15.0 15.0 12.176 9.167 5.783 
5.34 7.921 7.556 9.446 10.086 11.282 12.535 15.0 15.0 15.0 
15.0 15.0 15.0 15.0 15.0 15.0 15.0 15.0 15.0 15.0 
15.0 13.961 12.503 10.356 8.837 10.402 10.941 12.561 11.478 10.859 
7.719 8.046 6.061 5.26 2.681 2.293 1.914 1.601 1.314 1.276 
1.27 1.138 0.948 0.969 1.126 0.822 0.884 1.241 2.105 2.691 
3.942 3.355 3.139 4.769 4.819 3.487 5.038 5.628 3.473 4.29 
3.46 4.134 2.586 1.857 3.747 3.564 2.785 2.858 4.06 3.374 
3.043 3.01 2.671 1.97 1.844 1.922 2.583 1.685 8.644 6.04 
8.036 11.538 12.452 12.385 13.211 14.843 15.0 15.0 15.0 15.0 
15.0 15.0 15.0 15.0 15.0 15.0 15.0 11.071 12.415 11.918 
10.535 9.281 7.746 6.657 7.583 6.34 6.064 5.01 3.692 4.311 
2.497 4.321 4.385 2.884 2.539 2.705 2.547 1.941 1.651 2.293 
2.039 1.391 1.224 1.306 1.075 0.92 0.882 0.863 0.779 0.725 
0.73 0.713 0.666 0.642 0.649 0.628 0.593 0.648 0.65 0.656 
0.646 0.721 0.726 0.676 0.668 0.74 0.77 0.777 0.808 1.022 
0.899 0.859 1.147 1.075 0.959 0.956 0.832 0.838 0.828 0.766 
0.716 0.738 0.751 0.7 0.72 0.734 0.754 0.726 0.805 0.832 
0.802 0.791 0.864 0.834 0.829 0.812 0.769 0.746 0.67 0.725 
0.639 0.619 0.61 0.691 0.614 0.636 0.783 0.796 0.687 0.831 
0.986 0.899 0.955 1.157 1.144 1.262 1.606 1.531 1.242 1.955 
1.963 4.251 3.226 5.5 6.71 5.655 5.204 5.656 3.879 2.198 
2.1 1.799 1.393 1.097 1.202 1.089 0.851 0.921 0.914 0.842 
0.705 0.837 0.862 0.812 0.725 0.811 0.791 0.634 0.773 0.843 
0.766 0.744 0.992 0.95 0.744 0.79 0.906 0.773 0.628 0.678 
0.713 0.603 0.578 0.664 0.643 0.603 0.554 0.618 0.574 0.545 
0.581 0.641 0.599 0.631 0.641 0.641 0.777 0.778 0.793 0.991 
0.954 0.841 0.743 0.831 0.745 0.555 0.611 0.608 0.596 0.543 
0.579 0.555 0.556 0.521 0.571 0.559 0.531 0.486 0.528 0.569 
0.533 0.563 0.579 0.584 0.562 0.612 0.567 0.606 0.638 0.608 
0.632 0.718 0.734 0.832 0.774 0.95 1.018 1.265 1.167 1.535 
1.81 1.518 1.866 2.235 2.144 1.913 2.088 2.13 1.898 1.648 
1.823 1.592 1.321 1.037 0.976 1.153 1.176 0.999 1.017 1.241 
0.99 1.096 1.067 1.015 0.948 0.937 0.905 0.788 0.804 0.785 
0.711 0.682 0.723 0.701 0.619 0.723 0.834 0.715 0.848 1.025 
1.076 0.935 1.547 1.622 1.249 1.422 1.933 1.269 1.017 1.369 
1.067 0.808 0.883 1.06 0.858 0.819 1.006 1.017 0.987 0.899 
0.838 0.834 0.932 0.891 1.221 1.527 2.611 2.192 1.717 1.48 
1.701 1.588 1.263 0.988 0.751 0.765 0.717 0.641 0.651 0.636 
0.678 0.733 0.804 0.953 0.861 1.108 1.084 1.547 1.644 2.791 
6.248 6.155 4.257 2.578 1.6 1.325 1.091 1.107 1.091 0.968 
0.894 0.763 0.734 0.645 0.673 0.671 0.68 0.569 0.545 0.552 
0.644 0.63 0.775 0.956 1.552 2.274 2.023 1.21 0.973 0.842 
0.925 1.016 0.854 0.808 0.795 0.83 0.751 0.686 0.785 0.784 
0.958 0.93 0.957 0.953 0.943 0.814 0.728 0.736 0.736 0.751 
0.868 0.914 0.941 0.897 1.109 1.209 1.22 1.087 0.816 0.773 
0.89 0.72 0.666 0.679 0.676 0.624 0.659 0.623 0.715 0.893 
1.108 1.551 1.389 1.396 1.404 1.229 1.251 1.675 1.752 2.093 
1.549 1.563 1.486 1.235 1.5 1.159 1.691 2.082 2.637 1.758 
1.958 1.381 1.341 1.248 1.168 1.161 1.129 1.053 1.051 1.118 
1.104 1.081 1.209 1.278 1.282 1.766 2.216 1.775 1.978 2.539 
2.761 2.694 2.469 2.342 2.209 2.404 2.25 2.286 1.679 1.935 
1.367 1.383 1.66 2.469 3.558 2.636 2.935 2.426 2.09 1.517 
1.485 1.241 1.108 1.051 0.943 0.942 0.975 0.991 0.81 0.978 
0.988 0.912 0.905 0.747 0.687 0.554 0.572 0.532 0.618 0.723 
0.908 1.136 1.539 1.583 2.214 2.338 2.643 2.86 2.45 2.218 
1.957 1.839 1.548 1.223 1.273 1.27 1.175 1.125 1.153 1.177 
1.162 0.817 1.049 0.878 0.643 0.59 0.493 0.517 0.589 0.63 
0.82 1.158 1.336 1.333 1.481 1.27 0.865 1.334 1.457 0.829 
0.748 0.712 0.752 0.766 0.825 0.875 0.979 1.094 1.055 1.061 
0.973 1.034 1.024 0.935 0.974 1.104 1.231 2.243 1.698 1.562 
2.257 2.754 3.404 4.703 4.773 2.97 2.317 1.624 3.512 4.332 
3.723 3.461 4.566 4.964 5.394 6.899 7.744 6.988 5.818 5.352 
7.222 7.266 3.545 4.496 6.41 4.017 3.25 6.1 7.809 5.393 
4.463 8.31 8.824 8.429 9.552 10.713 12.027 14.105 13.241 13.518 
15.0 15.0 15.0 15.0 15.0 15.0 15.0 15.0 15.0 15.0 
15.0 15.0 15.0 15.0 15.0 15.0 15.0 15.0 15.0 15.0 
15.0 15.0 15.0 15.0 15.0 15.0 15.0 15.0 15.0 15.0 
15.0 15.0 15.0 15.0 15.0 15.0 15.0 15.0 15.0 
END
