PFRMAT local QA
AUTHOR MASS-CASP14
af2-standard_T1158v4_4.pdb local_accuracy_only 13.451 12.612 9.838 7.581 6.407 6.013 3.844 2.713 1.879 1.895 1.6 
1.947 1.891 2.912 3.144 3.865 4.017 4.018 4.235 3.94 3.554 
3.368 3.147 2.758 2.653 2.294 2.254 2.559 2.687 2.224 2.181 
2.469 2.747 3.132 3.965 3.802 3.894 3.67 3.274 3.864 4.153 
3.875 3.145 2.839 2.726 2.929 2.987 3.178 4.745 4.966 5.507 
4.292 3.471 3.38 2.45 1.809 1.721 1.923 2.033 1.824 2.233 
2.5 2.512 2.357 2.781 3.137 3.286 3.158 3.288 3.549 3.687 
4.25 4.46 4.892 4.801 4.455 4.348 3.785 3.053 2.79 2.819 
2.582 2.815 2.469 2.808 3.284 3.308 3.784 4.848 5.58 5.541 
4.62 5.333 4.584 5.122 5.066 5.521 4.931 4.892 4.886 4.808 
4.351 3.85 2.827 2.427 2.405 2.123 1.655 1.521 1.563 1.417 
1.265 1.35 1.459 1.672 1.436 1.396 1.758 1.88 2.011 2.34 
2.801 2.879 3.57 3.619 3.95 3.57 3.412 3.173 2.863 2.706 
3.049 2.866 2.612 2.832 2.725 2.5 2.492 2.744 2.76 2.384 
2.496 2.542 2.268 2.361 2.272 2.358 2.279 2.229 2.187 2.087 
2.225 2.31 2.005 2.231 2.268 2.219 1.929 1.607 1.616 1.494 
1.557 1.343 1.45 1.429 1.333 1.343 1.295 1.31 1.146 1.141 
1.204 1.35 1.152 1.25 1.575 1.438 1.326 1.28 1.247 1.21 
1.318 1.674 1.878 2.201 2.346 3.334 3.548 3.763 4.003 4.268 
4.108 2.877 2.307 2.584 2.548 2.057 1.948 2.111 2.582 2.12 
1.85 2.236 2.312 1.902 2.64 2.592 2.641 3.1 3.12 3.88 
4.092 3.796 3.86 3.855 4.056 4.091 3.755 3.584 3.188 2.794 
2.899 3.062 2.736 2.972 2.898 3.533 3.203 2.791 2.851 3.676 
3.6 3.419 4.071 4.692 4.232 4.725 4.721 5.687 5.129 5.547 
5.199 5.171 5.217 5.543 5.674 6.068 6.075 6.348 5.986 5.827 
4.995 4.632 3.962 3.972 3.263 3.239 3.257 3.544 3.719 3.135 
3.375 5.164 4.975 4.774 4.691 4.968 3.887 4.097 3.4 2.808 
2.626 2.25 2.343 2.726 2.41 2.616 2.45 2.259 2.058 2.561 
2.69 2.074 2.353 2.196 2.182 2.424 2.586 3.132 3.537 3.364 
3.202 2.979 2.324 2.012 2.254 2.365 2.528 2.16 2.832 3.244 
2.607 2.429 2.381 2.657 2.412 1.891 1.966 2.542 2.261 1.84 
2.158 2.663 2.618 2.516 2.15 2.599 3.246 3.115 2.926 3.017 
3.285 3.02 3.583 3.727 3.454 3.648 3.765 3.625 3.61 3.555 
4.121 4.412 4.434 4.277 4.136 4.288 3.903 4.162 4.553 4.372 
3.887 3.05 3.075 2.857 2.356 2.39 2.359 2.091 2.008 1.746 
1.862 1.927 1.946 2.196 1.958 1.929 2.233 2.72 3.082 2.612 
2.508 2.536 2.78 2.721 3.231 3.477 3.259 3.29 3.794 3.29 
2.702 2.736 2.657 2.566 2.167 2.327 2.587 2.27 2.664 2.319 
2.329 2.397 2.307 2.162 1.772 2.006 1.984 1.796 1.798 1.83 
2.041 2.254 2.462 2.746 3.906 5.176 5.597 5.499 6.27 7.563 
8.325 7.379 7.221 7.095 5.732 3.932 2.838 2.019 1.518 1.201 
1.368 1.5 1.58 1.513 1.737 1.809 2.414 2.864 3.751 4.725 
4.699 4.084 4.422 3.765 3.022 2.537 2.249 2.25 2.0 2.034 
1.75 1.578 1.427 1.306 1.429 1.779 1.691 1.586 1.399 1.237 
1.245 1.181 1.133 1.325 1.812 2.293 2.782 2.624 2.533 2.099 
2.249 2.054 1.689 1.554 1.698 1.864 1.928 1.633 1.828 1.914 
1.874 2.295 2.768 2.751 2.641 2.175 1.741 1.536 1.384 1.454 
1.346 1.392 1.25 1.292 1.339 1.587 1.886 2.451 3.123 3.375 
2.783 2.369 2.033 1.89 1.697 1.383 1.234 1.119 1.257 1.445 
1.562 1.563 1.688 1.933 2.413 3.272 3.559 3.312 3.138 3.167 
3.15 2.345 2.268 2.367 2.204 2.047 1.756 1.99 2.353 2.078 
2.476 2.597 3.291 3.709 3.5 2.988 3.131 3.15 2.764 3.073 
2.824 2.49 2.176 1.941 1.831 1.681 1.709 1.958 2.438 2.586 
2.303 2.0 2.222 2.081 2.08 2.318 2.309 2.346 2.018 2.125 
2.135 1.904 1.808 1.839 2.038 1.979 2.032 1.969 1.859 2.251 
1.9 1.718 1.395 1.112 1.011 1.063 1.181 1.424 1.485 1.76 
1.785 2.188 2.668 2.375 2.279 2.469 2.292 1.88 1.932 2.253 
1.899 1.784 1.757 2.155 2.111 2.151 2.226 2.311 2.565 2.589 
2.205 2.345 2.382 1.937 1.585 1.504 1.469 1.46 1.684 2.045 
2.579 2.722 3.011 2.897 2.681 2.499 2.52 2.617 2.086 1.854 
1.515 1.414 1.322 1.322 1.467 1.883 2.066 1.993 1.996 1.761 
1.811 1.686 1.798 1.572 1.606 1.764 2.381 2.333 2.036 2.123 
2.416 2.304 2.486 2.156 1.77 1.727 1.848 1.789 1.914 2.003 
2.832 4.154 6.024 6.638 7.895 8.502 8.862 11.046 9.91 8.552 
10.195 10.559 10.421 10.037 11.469 13.644 13.363 15.0 15.0 15.0 
14.993 15.0 13.855 15.0 13.476 14.907 10.861 9.325 7.358 6.779 
7.016 6.857 7.71 6.942 7.352 6.345 7.383 8.06 9.777 10.935 
11.499 13.032 12.715 15.0 15.0 15.0 15.0 15.0 15.0 15.0 
15.0 15.0 13.02 10.276 12.687 10.912 12.817 13.512 14.258 15.0 
13.117 10.706 8.396 6.878 4.038 3.361 3.072 2.398 1.969 1.809 
2.192 2.392 2.483 3.101 3.61 4.49 6.375 6.93 7.445 8.503 
9.107 8.327 6.677 7.19 7.054 7.414 6.333 6.259 5.787 4.844 
4.483 4.067 4.023 3.302 2.599 2.224 2.363 2.13 2.14 2.329 
2.425 2.599 2.384 2.762 2.534 3.051 2.344 2.8 3.122 4.247 
4.418 5.063 5.849 6.23 7.178 9.353 12.196 13.827 15.0 15.0 
15.0 15.0 15.0 8.829 5.631 4.42 3.504 2.757 2.135 2.438 
2.062 2.093 1.651 2.086 2.18 2.245 2.285 2.483 2.822 2.547 
2.757 2.831 3.016 3.164 2.837 2.774 3.342 3.911 3.801 3.455 
3.566 3.406 3.592 3.777 3.516 3.711 3.916 3.256 2.867 3.196 
2.803 2.351 1.988 2.064 1.758 1.516 1.515 1.909 1.927 1.7 
1.657 1.98 1.958 1.851 2.163 2.481 2.909 2.817 2.375 2.564 
2.347 2.204 2.108 2.235 2.588 2.076 1.678 1.934 1.947 1.546 
1.597 1.821 1.872 2.001 1.756 2.033 1.937 1.541 1.941 1.973 
1.648 2.076 2.088 1.817 1.702 1.918 1.978 1.664 1.541 1.909 
1.853 1.64 1.84 1.749 1.718 1.679 1.823 1.939 2.045 1.913 
2.574 2.503 2.746 2.895 3.187 3.176 3.322 3.337 3.69 3.508 
4.482 4.527 4.409 5.001 5.246 5.332 4.845 5.033 4.674 3.887 
4.538 4.248 3.658 4.131 4.637 4.322 3.491 3.864 3.614 3.466 
3.049 2.936 2.952 2.376 2.183 2.261 2.203 1.788 2.006 2.43 
2.592 3.167 4.281 4.709 4.706 4.771 5.911 4.559 2.919 2.616 
2.545 2.406 2.131 2.208 2.748 2.967 2.592 2.731 3.092 2.821 
3.293 2.942 2.586 2.619 2.936 2.968 2.923 2.411 2.521 2.681 
2.282 1.968 2.211 2.37 2.15 2.061 2.659 2.432 2.591 2.529 
2.458 2.027 2.032 2.134 2.438 2.408 2.571 2.8 2.862 2.96 
2.94 2.965 2.75 2.917 2.624 2.499 2.215 2.529 2.444 2.077 
1.944 1.968 1.851 1.977 1.977 2.185 2.36 2.309 2.362 2.351 
2.572 2.555 2.262 2.256 2.392 2.404 2.371 2.656 2.968 3.233 
3.263 2.851 2.634 2.482 2.568 3.072 2.669 2.217 2.541 2.436 
2.744 2.314 2.175 2.38 2.284 2.162 2.445 2.277 2.354 2.676 
2.197 2.186 2.173 2.245 2.141 1.955 2.342 2.432 2.482 2.57 
2.482 2.014 2.371 2.744 2.59 2.663 2.717 3.253 3.036 3.474 
3.225 3.028 2.872 2.92 3.048 3.4 3.572 3.293 3.255 2.696 
2.806 2.779 2.817 2.64 2.613 3.009 3.3 3.33 2.989 2.748 
2.652 2.928 2.649 2.464 2.295 2.491 2.11 1.85 1.517 1.265 
1.194 1.177 1.433 1.503 1.738 1.646 1.874 2.299 3.151 3.285 
4.535 4.513 4.938 4.559 3.71 3.48 2.979 2.764 2.441 2.275 
2.231 2.216 2.334 2.12 2.292 3.032 2.985 2.724 2.169 2.354 
2.195 2.357 2.173 2.287 2.333 2.901 2.752 2.486 2.322 2.03 
1.99 1.797 1.595 1.411 1.604 1.962 1.838 1.689 1.534 1.661 
1.923 1.986 1.815 1.734 1.71 1.496 1.203 1.284 1.286 1.48 
1.998 1.942 1.888 2.231 2.883 3.589 2.502 2.227 1.916 2.027 
1.998 1.905 1.86 1.84 1.712 1.518 1.372 1.337 1.252 1.668 
2.295 3.026 2.893 2.576 2.299 2.48 2.41 2.255 1.977 1.641 
1.463 1.596 1.261 1.023 1.205 1.505 1.811 2.184 2.684 2.582 
2.611 2.589 2.649 2.239 1.805 1.946 2.086 2.166 2.012 2.225 
2.384 2.45 2.421 2.511 2.936 3.504 3.713 3.06 3.241 4.071 
4.688 5.246 4.754 4.895 4.445 4.678 4.764 4.919 3.652 4.33 
4.563 4.697 3.847 3.681 3.417 2.583 2.185 2.249 2.386 2.176 
2.034 2.253 2.124 2.006 2.157 2.232 2.327 2.386 2.688 2.475 
2.562 3.055 3.126 2.544 2.328 1.789 1.439 1.513 1.631 1.893 
2.027 2.209 2.475 2.615 2.89 2.452 2.354 2.907 3.128 3.031 
2.668 2.987 2.43 2.06 2.045 2.352 2.427 1.875 2.484 3.17 
3.027 2.85 3.239 3.342 2.584 2.017 1.889 1.661 1.585 1.54 
1.992 1.965 1.897 1.796 1.795 1.917 1.725 1.824 2.073 2.09 
1.959 1.482 1.286 1.281 1.275 1.378 1.864 1.951 1.635 1.552 
1.39 1.47 1.33 1.381 1.616 1.613 1.651 1.794 2.195 1.914 
2.305 3.138 3.342 3.973 3.82 2.942 2.887 2.752 2.886 3.194 
3.28 3.259 4.049 4.859 4.554 5.112 5.452 6.055 4.555 4.224 
4.787 4.451 3.611 3.886 4.108 4.072 3.673 3.856 4.229 4.5 
4.135 4.963 5.333 6.379 6.109 6.854 8.055 7.981 10.505 10.776 
13.137 14.934 15.0 15.0 15.0 15.0 15.0 15.0 15.0 15.0 
15.0 15.0 15.0 15.0 15.0 15.0 15.0 15.0 15.0 15.0 
15.0 15.0 15.0 15.0 15.0 15.0 15.0 13.639 13.723 12.756 
13.89 15.0 15.0 15.0 15.0 15.0 15.0 15.0 15.0 
END
