PFRMAT local QA
AUTHOR LAW-CASP14
af2-standard_T1174_1.pdb local_accuracy_only 15.0 15.0 14.284 15.0 15.0 11.737 11.902 15.0 12.997 11.414 10.207 
8.706 9.238 8.212 11.657 8.77 11.351 14.838 14.371 14.482 15.0 
15.0 15.0 15.0 15.0 15.0 15.0 15.0 14.608 14.896 15.0 
13.575 14.556 15.0 15.0 15.0 15.0 15.0 15.0 14.302 15.0 
15.0 15.0 15.0 15.0 15.0 14.692 15.0 15.0 15.0 15.0 
15.0 15.0 15.0 15.0 15.0 15.0 11.621 12.611 15.0 14.663 
15.0 15.0 15.0 15.0 15.0 15.0 15.0 15.0 15.0 15.0 
15.0 14.076 13.021 15.0 10.894 9.551 3.68 5.784 4.726 3.507 
2.757 1.889 1.68 1.479 1.434 1.712 1.976 2.829 3.267 3.27 
3.277 2.549 2.46 1.519 1.386 1.298 1.202 1.258 1.374 1.47 
1.938 1.723 1.499 1.391 1.192 1.167 1.166 1.236 1.225 1.237 
1.426 1.19 1.664 1.37 1.442 1.28 1.295 1.444 1.392 2.057 
2.631 3.133 3.223 4.09 3.429 3.397 3.431 3.803 4.023 3.6 
4.551 4.78 6.053 6.158 6.772 8.964 11.486 7.885 7.049 8.095 
8.727 5.913 5.763 5.336 4.734 4.692 4.109 3.78 3.548 3.897 
3.314 2.773 2.925 2.562 2.592 2.945 3.471 4.403 4.862 6.514 
5.227 5.14 5.339 4.578 3.749 2.99 2.217 2.111 1.818 1.726 
1.8 1.859 2.272 1.916 1.702 1.642 1.5 1.878 1.783 2.072 
1.919 1.871 2.05 1.616 1.952 1.827 1.702 1.755 1.851 2.727 
2.838 4.515 5.917 7.523 10.615 15.0 15.0 15.0 15.0 15.0 
15.0 15.0 15.0 15.0 15.0 15.0 15.0 15.0 15.0 15.0 
15.0 15.0 15.0 15.0 15.0 12.367 12.769 12.028 8.046 6.801 
5.14 4.536 4.314 5.259 6.003 7.725 7.502 8.334 7.808 6.957 
7.778 4.902 5.279 3.235 2.638 1.973 1.843 1.726 2.105 1.945 
2.222 2.485 2.86 3.211 3.3 2.907 2.849 3.309 3.075 3.146 
2.925 3.01 3.342 3.613 4.658 5.735 5.939 6.527 6.22 5.997 
5.94 5.133 5.592 5.724 6.62 6.488 5.92 5.89 3.325 3.41 
2.381 2.667 2.198 2.591 2.668 3.013 3.479 3.703 3.781 3.708 
3.518 3.763 4.061 7.432 9.059 10.569 10.454 9.339 7.819 6.306 
6.471 6.598 5.154 5.72 5.595 6.095 6.544 7.264 7.124 7.233 
7.798 6.663 5.601 4.232 3.249 3.022 2.784 2.804 2.882 3.26 
2.7 2.325 2.253 2.017 1.747 1.88 1.815 2.197 2.321 3.768 
4.553 5.367 6.572 5.906 5.967 6.435 6.523 6.377 7.168 6.384 
5.177 4.258 3.802 3.598 3.701 3.235 3.264 
END
