PFRMAT local QA
AUTHOR MASS-CASP14
af2-standard_T1174_1.pdb local_accuracy_only 15.0 15.0 15.0 14.323 15.0 15.0 15.0 15.0 15.0 15.0 15.0 
15.0 15.0 15.0 15.0 15.0 15.0 15.0 15.0 15.0 15.0 
15.0 15.0 15.0 15.0 15.0 15.0 15.0 15.0 15.0 15.0 
15.0 15.0 15.0 15.0 15.0 15.0 15.0 15.0 15.0 15.0 
15.0 15.0 15.0 15.0 15.0 15.0 15.0 15.0 15.0 15.0 
15.0 15.0 15.0 15.0 15.0 15.0 15.0 15.0 15.0 15.0 
15.0 15.0 15.0 15.0 15.0 15.0 15.0 15.0 15.0 15.0 
15.0 15.0 15.0 15.0 13.532 15.0 15.0 15.0 15.0 10.724 
6.468 4.709 3.106 2.776 2.561 3.167 4.41 4.791 5.215 4.404 
4.382 4.617 4.859 3.779 2.668 2.095 1.784 1.579 1.462 2.104 
2.588 2.474 2.022 1.474 1.268 1.191 1.181 1.323 1.328 1.544 
1.698 1.674 1.973 2.068 1.797 1.446 1.201 1.356 1.506 2.036 
2.763 3.755 5.335 7.584 9.765 10.746 13.307 14.119 14.231 12.941 
14.639 15.0 13.116 13.733 15.0 13.761 15.0 15.0 15.0 15.0 
15.0 15.0 15.0 15.0 15.0 15.0 15.0 12.779 14.02 14.412 
13.086 10.883 9.637 9.883 8.746 9.017 8.86 8.636 9.689 9.805 
11.031 11.907 13.995 11.797 10.799 8.714 5.756 4.037 3.154 3.254 
3.212 4.293 5.506 4.704 3.243 2.301 1.657 1.559 1.408 1.661 
1.826 2.176 2.314 2.177 2.403 2.464 1.958 1.874 1.761 1.809 
2.151 3.066 3.62 5.129 5.627 6.594 8.317 9.689 9.063 9.757 
9.291 9.934 9.947 10.439 9.505 8.796 8.728 9.387 9.291 9.715 
10.527 12.547 11.518 11.083 10.261 8.864 7.071 5.086 4.767 4.448 
4.333 4.539 5.196 5.021 6.09 6.255 6.457 7.917 6.64 6.195 
6.917 6.191 5.735 7.391 7.613 7.045 5.436 4.765 4.509 4.071 
4.036 3.929 5.262 7.124 8.044 8.137 7.154 8.678 6.739 3.946 
2.495 1.773 1.548 1.468 1.575 1.625 1.931 2.229 3.041 3.539 
4.932 5.176 7.719 9.061 9.615 9.063 8.096 5.612 4.166 3.081 
3.272 3.099 2.76 2.871 3.282 4.126 5.254 6.306 7.813 9.161 
8.955 9.764 10.914 8.885 7.116 7.733 6.918 7.398 8.198 9.343 
10.747 11.396 10.323 9.054 8.198 6.901 6.807 5.943 6.096 4.993 
5.8 6.122 5.817 4.745 4.34 4.95 5.489 5.165 4.051 3.063 
2.488 2.094 1.419 1.216 1.21 1.371 1.235 1.38 1.388 1.584 
1.795 2.398 2.749 3.203 3.522 3.43 3.217 2.466 2.141 1.75 
1.309 1.276 1.348 1.486 1.718 1.843 2.386 
END
