PFRMAT local QA
AUTHOR MASS-CASP14
af2-standard_T1120_5.pdb local_accuracy_only 15.0 15.0 15.0 15.0 14.565 14.332 10.474 7.604 4.846 3.908 2.949 
3.025 2.932 3.075 3.317 3.535 2.635 2.357 1.796 1.799 1.714 
2.005 2.759 2.23 1.828 1.248 1.062 1.052 1.151 1.257 1.097 
0.984 1.125 1.379 1.485 1.514 1.948 2.464 3.692 3.982 3.13 
2.754 2.889 3.328 2.8 2.965 3.32 3.468 3.399 3.554 3.434 
3.282 3.998 3.678 3.45 3.814 4.526 4.566 6.322 6.974 5.751 
3.611 2.7 2.109 1.923 1.694 2.127 2.292 2.385 2.056 1.911 
2.238 2.356 2.367 2.737 3.347 3.07 2.632 2.791 3.048 3.577 
3.092 2.825 3.232 2.988 2.633 2.586 2.875 3.005 3.038 3.263 
3.246 3.66 3.834 4.137 3.912 4.265 4.832 4.947 4.62 4.285 
3.97 4.381 3.714 3.719 3.72 3.273 3.49 3.684 4.081 3.643 
3.436 3.547 3.042 2.883 3.234 3.168 3.125 2.882 2.286 2.346 
2.376 2.075 1.717 1.689 1.68 1.438 1.632 1.618 1.654 1.665 
1.805 1.969 1.595 1.76 1.809 1.537 1.532 1.628 1.843 1.645 
1.823 2.015 2.476 2.949 3.443 2.586 2.704 3.401 3.017 2.739 
3.239 3.154 3.0 3.356 2.681 3.118 3.303 2.641 2.686 3.341 
3.534 2.871 2.812 2.704 2.328 1.797 2.041 2.09 2.286 2.353 
2.461 2.465 2.756 2.891 2.528 3.091 3.096 2.479 2.122 2.054 
2.111 1.892 1.61 1.272 1.371 1.327 1.27 1.31 1.258 1.173 
1.251 1.382 1.243 1.153 1.222 1.279 1.215 0.969 1.257 1.514 
1.724 1.789 1.819 1.805 1.712 1.559 1.717 1.7 1.342 1.44 
1.306 1.279 1.233 1.46 1.426 1.329 1.173 1.363 1.416 1.503 
1.439 1.922 2.108 2.174 3.032 3.964 6.193 8.062 9.89 13.721 
15.0 15.0 15.0 15.0 
END
