PFRMAT local QA
AUTHOR LAW-CASP14
af2-standard_T1120_5.pdb local_accuracy_only 15.0 15.0 15.0 15.0 15.0 14.071 12.123 11.493 10.41 7.461 8.659 
7.634 9.082 10.284 10.817 10.579 9.249 8.525 2.376 2.313 1.978 
2.016 2.099 1.87 1.815 1.726 1.613 1.713 1.61 1.631 1.633 
1.552 1.609 1.712 1.653 1.723 2.017 2.04 2.916 2.518 2.503 
1.873 2.493 2.583 2.499 2.814 3.487 3.492 3.191 3.965 3.54 
3.786 3.105 3.514 3.544 4.295 5.908 8.706 10.836 9.348 8.012 
5.976 2.968 2.981 2.1 1.848 1.876 1.855 1.958 2.002 1.759 
1.895 1.995 1.841 1.871 2.075 2.197 1.905 2.191 1.945 2.235 
1.908 1.905 1.967 2.043 2.044 2.33 2.312 2.363 2.625 2.575 
2.342 2.353 2.51 2.28 2.242 2.277 2.334 2.428 2.321 2.248 
2.242 2.338 2.197 2.36 2.405 2.449 2.527 2.516 2.465 2.764 
2.586 2.833 2.632 2.281 2.276 2.373 2.221 2.014 2.054 1.921 
1.841 1.841 1.811 1.911 1.769 1.708 1.719 1.857 1.784 1.666 
1.682 1.93 1.692 1.628 1.874 1.931 1.634 1.804 1.825 1.611 
1.9 2.07 2.58 3.111 3.538 2.963 2.923 3.487 3.356 3.242 
3.335 3.27 3.363 2.934 2.521 2.485 2.607 2.005 2.165 2.395 
2.387 2.432 2.636 2.66 2.733 2.758 2.792 2.727 2.607 2.854 
3.619 3.196 3.521 3.26 3.11 2.585 2.927 3.248 2.258 2.44 
2.003 2.087 1.906 1.812 1.761 1.87 1.835 1.797 1.91 2.338 
2.005 2.177 2.539 2.413 2.068 2.158 2.446 1.691 1.773 1.679 
1.662 1.758 1.689 1.781 1.889 2.159 2.696 2.361 2.035 3.163 
3.721 3.397 3.46 3.992 4.836 4.006 3.584 3.399 3.742 2.997 
3.315 3.336 3.366 3.176 3.473 3.883 4.779 5.49 6.229 8.2 
8.729 9.155 10.261 10.716 
END
