PFRMAT local QA
AUTHOR MASS-CASP14
af2-standard_T1104_2.pdb local_accuracy_only 6.986 4.407 3.739 3.389 3.703 2.732 2.513 2.549 2.41 1.898 1.877 
1.927 1.865 1.711 2.016 2.081 2.132 2.371 2.88 3.538 3.411 
2.408 2.378 2.649 3.078 2.909 2.351 2.417 2.139 1.873 1.649 
1.868 2.384 2.319 1.92 2.209 2.285 2.867 2.187 1.66 1.987 
1.931 1.72 1.864 2.217 2.547 2.503 2.564 2.788 3.013 3.1 
3.644 5.119 5.771 6.142 6.349 6.295 5.903 5.126 3.709 3.447 
4.293 4.322 3.535 3.955 4.411 4.632 3.942 3.173 2.898 3.161 
2.786 1.925 2.158 2.325 2.394 2.368 2.897 2.931 2.548 2.049 
1.649 1.776 1.628 1.252 1.271 1.381 1.289 1.178 1.072 1.131 
1.151 1.17 1.308 1.755 1.653 1.53 1.461 1.898 1.748 1.559 
1.355 1.127 1.185 1.075 1.106 1.02 1.171 1.082 1.102 1.159 
1.211 1.357 1.649 1.819 1.986 2.889 
END
