PFRMAT local QA
AUTHOR LAW-CASP14
af2-standard_T1104_2.pdb local_accuracy_only 4.766 2.244 2.561 1.916 1.771 1.727 1.675 1.603 1.546 1.596 1.489 
1.51 1.647 1.574 1.547 1.621 1.631 1.749 1.833 2.237 2.167 
1.884 1.969 2.004 2.017 1.957 1.849 1.991 1.929 1.858 2.044 
2.085 1.994 2.143 2.316 2.523 2.605 2.747 2.465 2.345 2.503 
2.436 2.314 2.296 2.3 2.303 2.181 2.481 2.683 3.815 3.651 
4.897 5.096 5.185 4.226 3.77 3.241 3.37 3.153 2.856 2.98 
2.996 2.906 2.809 2.902 3.479 3.591 3.269 3.284 2.495 2.429 
2.192 1.76 1.831 1.861 1.676 1.657 1.841 1.759 1.706 1.705 
1.598 1.717 1.76 1.59 1.627 1.81 1.927 1.905 1.882 2.041 
2.244 2.343 2.678 2.65 2.668 2.738 2.561 2.616 2.479 2.433 
2.278 1.898 2.1 2.113 1.971 2.106 2.042 1.956 1.632 1.755 
1.691 1.73 1.715 1.644 1.616 2.096 
END
