PFRMAT local QA
AUTHOR MASS-CASP14
af2-standard_T1181_4.pdb local_accuracy_only 8.0 6.78 6.097 5.496 5.716 5.986 5.358 4.232 3.772 3.913 3.487 
2.916 3.034 2.751 2.593 2.165 2.427 3.038 3.188 2.814 2.636 
2.225 2.581 2.471 2.566 2.278 2.034 1.933 2.544 3.166 3.63 
3.787 3.648 3.64 3.95 3.621 3.732 3.331 2.599 2.313 2.19 
2.006 2.225 2.439 2.616 2.065 1.756 1.253 1.058 1.226 1.205 
1.304 1.519 1.903 2.587 2.591 2.512 2.017 1.846 1.737 1.872 
2.199 2.269 1.952 1.976 1.75 2.028 1.979 1.597 1.77 1.608 
1.696 1.673 2.197 2.212 1.81 1.474 1.986 2.331 2.543 3.588 
4.044 5.059 5.396 6.808 7.753 8.513 8.314 8.301 8.247 7.126 
4.823 3.416 2.467 1.766 1.396 1.473 1.608 1.869 2.818 2.733 
2.779 2.329 1.98 1.502 1.687 1.801 1.578 1.493 1.315 1.244 
1.465 1.504 1.414 1.091 0.976 0.983 0.962 0.987 1.23 1.721 
2.082 1.565 1.275 1.106 1.17 1.319 2.028 1.646 1.523 1.329 
1.655 1.745 1.652 1.385 1.292 1.367 1.663 1.695 1.676 1.769 
1.553 1.418 1.269 1.226 1.493 2.112 2.127 1.896 1.719 1.303 
1.367 1.471 1.471 1.714 1.779 1.986 2.259 2.197 2.056 2.097 
2.366 2.15 1.878 1.847 1.826 2.264 2.84 2.843 3.313 3.072 
2.397 2.07 2.009 1.925 1.655 1.662 1.929 2.104 1.844 1.786 
1.458 1.163 1.085 1.219 1.464 1.277 1.482 1.293 1.182 1.322 
1.569 1.595 1.447 1.249 1.43 1.591 1.856 2.192 2.081 2.006 
1.754 1.881 1.862 2.15 2.122 2.299 2.959 3.193 2.568 2.275 
2.151 2.164 2.749 2.267 1.933 1.5 1.243 1.167 1.124 1.39 
1.313 1.435 1.549 1.975 2.357 3.286 5.238 5.422 5.679 4.322 
3.347 2.605 2.33 1.768 2.01 1.948 1.948 1.541 1.276 1.554 
1.798 1.91 2.849 2.53 2.533 2.318 2.893 3.996 4.456 5.869 
7.363 8.215 9.468 8.907 10.371 9.013 10.156 8.698 7.736 6.73 
5.561 5.245 5.21 5.153 4.902 3.673 3.592 3.01 2.383 2.049 
1.777 1.563 1.722 1.688 1.505 1.768 1.739 1.898 2.074 1.852 
2.317 2.63 3.44 3.268 2.654 2.818 2.329 2.763 2.768 2.72 
2.891 2.536 2.421 2.053 2.066 2.164 1.884 1.423 1.558 1.503 
1.747 1.886 1.239 1.643 1.52 1.695 1.768 1.791 1.809 2.128 
2.435 2.195 2.184 2.2 2.284 2.065 1.99 1.718 1.395 1.33 
1.08 1.045 1.037 1.076 1.241 1.066 1.018 0.878 0.903 0.819 
0.838 0.995 1.035 0.929 1.128 1.197 1.498 1.748 1.459 1.422 
1.341 1.344 1.147 1.013 0.923 0.888 1.095 1.209 1.486 1.521 
1.783 1.739 1.6 1.639 1.764 1.618 1.41 1.293 1.23 1.528 
1.52 1.598 1.938 1.773 2.118 2.688 2.359 2.574 2.426 1.924 
1.107 1.109 0.921 0.961 1.051 1.3 1.711 2.214 2.838 4.24 
4.989 5.915 6.231 6.35 5.691 4.992 3.469 2.856 2.047 1.536 
1.184 1.268 1.099 0.988 0.995 0.918 1.142 1.183 1.07 1.061 
0.988 1.454 1.698 1.522 2.213 2.089 2.347 1.805 1.609 1.495 
1.689 1.631 1.391 1.538 1.598 1.322 1.248 1.088 1.351 1.333 
1.115 0.934 0.95 1.04 1.223 1.209 1.341 1.132 1.121 1.078 
1.142 1.21 1.557 1.943 1.881 1.94 1.708 1.44 1.336 1.306 
1.544 1.343 1.012 1.02 0.999 1.258 1.322 1.09 1.229 1.197 
1.277 1.162 1.151 1.176 1.661 2.365 2.628 3.416 3.382 3.247 
2.315 1.833 1.513 1.257 1.049 1.108 1.226 1.189 0.921 0.997 
0.926 1.187 1.607 1.56 1.787 1.457 1.291 1.348 1.189 1.254 
1.31 1.532 2.351 3.503 4.905 5.145 5.308 5.384 4.792 4.088 
3.025 2.22 1.587 1.488 1.246 1.114 1.024 0.968 1.251 1.24 
1.113 1.053 0.958 1.138 1.179 1.658 2.326 2.468 2.43 1.88 
1.745 1.404 1.365 1.214 1.314 1.429 1.505 1.995 2.985 3.099 
3.955 3.227 2.333 1.799 1.536 1.384 1.124 1.138 1.109 1.301 
1.282 1.035 1.123 1.06 1.248 1.368 1.852 2.72 3.673 4.685 
5.308 4.785 3.561 2.613 1.783 1.129 1.023 0.927 0.879 0.974 
1.075 0.997 1.133 1.054 0.923 1.036 0.993 1.199 1.446 1.123 
1.225 1.1 1.28 1.414 1.733 2.147 2.429 2.701 2.416 2.166 
2.152 1.73 1.516 1.507 1.853 2.038 2.171 1.91 1.772 1.293 
1.2 1.342 1.337 1.263 1.273 1.317 1.409 1.486 1.808 2.304 
2.907 3.2 3.626 3.647 3.929 3.674 3.395 2.95 2.321 2.315 
2.369 2.395 2.941 3.377 3.3 2.561 1.851 1.493 1.46 1.338 
1.517 1.791 1.761 2.382 2.539 3.366 4.471 4.271 4.133 3.357 
2.829 2.2 1.99 1.784 2.33 2.617 3.11 2.989 2.694 2.402 
2.443 2.409 2.632 2.826 2.97 3.01 3.056 3.023 4.006 4.875 
6.1 7.611 8.075 8.818 9.766 10.965 10.021 9.514 9.036 9.532 
9.334 10.024 11.392 9.323 9.212 7.673 6.717 6.058 5.523 5.285 
5.418 5.602 5.019 6.4 6.85 7.521 7.269 6.978 7.819 7.734 
7.173 7.379 7.097 7.561 7.017 7.663 7.308 7.575 7.75 7.898 
9.343 10.647 12.475 14.631 15.0 15.0 15.0 
END
