PFRMAT local QA
AUTHOR LAW-CASP14
af2-standard_T1181_4.pdb local_accuracy_only 12.518 11.919 11.639 10.539 8.174 8.577 7.68 4.774 3.369 3.713 3.701 
2.327 2.508 2.918 2.94 2.202 2.426 2.804 2.712 2.527 1.945 
1.629 1.411 1.149 1.33 1.158 1.19 1.038 1.105 1.349 1.35 
1.314 1.523 1.38 1.953 2.467 2.158 2.548 1.705 1.077 0.982 
1.014 0.94 1.166 1.197 1.152 1.146 1.108 0.992 0.904 1.083 
1.274 1.575 1.569 1.595 1.739 1.721 1.369 1.399 1.218 1.339 
1.319 1.268 1.207 1.017 1.026 1.302 1.301 1.168 1.348 1.274 
1.371 1.509 1.561 1.572 1.477 1.238 1.222 1.209 1.247 3.077 
3.196 3.744 3.289 4.387 5.735 5.81 7.927 7.794 7.691 5.848 
5.026 3.557 1.466 1.516 0.946 0.94 1.05 1.359 2.474 3.132 
4.244 2.66 1.943 1.132 1.089 1.124 0.998 0.945 0.939 0.851 
0.931 1.105 1.173 0.865 0.96 0.848 0.824 1.005 1.129 1.681 
2.204 1.21 0.995 0.895 0.944 0.941 1.195 1.13 1.121 1.023 
1.447 1.26 1.209 0.941 0.969 0.957 1.087 1.336 1.303 1.294 
1.394 1.252 1.359 1.188 1.255 1.492 1.498 1.21 1.296 1.059 
1.101 1.208 1.29 1.916 1.509 1.834 2.347 2.133 1.816 2.425 
2.405 1.785 1.48 1.342 1.208 1.098 1.112 1.089 1.021 1.14 
1.058 1.047 1.118 1.209 1.139 1.16 1.268 1.413 1.377 1.397 
1.422 1.207 1.214 1.187 1.333 1.2 1.183 1.065 0.997 1.034 
1.038 1.153 1.07 1.106 1.118 1.249 1.256 1.426 1.383 1.306 
1.22 1.203 1.207 1.231 1.338 1.466 1.567 1.688 1.496 1.185 
1.12 1.051 1.101 1.162 1.244 1.181 1.038 1.184 1.159 1.296 
1.402 1.492 1.93 2.431 3.752 5.412 7.74 8.405 8.387 7.719 
6.707 3.463 2.655 1.694 1.589 1.345 1.281 1.185 1.112 1.081 
1.082 1.133 1.228 1.412 1.201 1.305 1.186 1.518 1.404 2.132 
2.328 2.425 3.025 4.971 5.903 4.531 5.755 3.93 2.898 1.729 
1.399 1.347 1.494 1.429 1.603 1.508 1.578 1.241 1.17 1.11 
1.071 1.057 1.121 1.243 1.139 1.165 1.095 1.218 1.378 1.492 
1.754 2.209 1.83 1.212 1.15 1.704 1.109 1.315 1.396 1.199 
1.225 1.039 1.015 1.043 1.089 1.166 1.271 1.196 1.174 1.163 
1.209 1.388 1.291 1.643 1.783 2.238 2.144 2.327 4.049 6.145 
7.529 8.891 5.674 6.85 4.958 1.909 2.006 1.464 1.125 1.018 
0.977 0.914 0.857 0.97 0.958 0.924 0.966 0.899 0.858 0.913 
0.999 1.075 1.218 1.195 1.355 1.433 1.581 1.541 1.468 1.54 
1.449 1.387 1.217 0.985 0.899 0.865 0.912 0.868 1.027 1.139 
0.959 1.004 0.899 0.877 0.974 0.907 0.868 0.929 0.967 1.108 
1.175 1.195 1.244 1.301 1.277 1.382 1.447 1.342 1.195 1.162 
1.106 1.028 1.074 0.944 0.961 1.039 1.318 1.213 6.032 8.692 
9.2 10.376 10.539 10.721 9.076 7.025 7.872 1.582 1.167 0.974 
0.896 1.0 1.013 0.974 1.063 1.052 1.153 1.242 1.136 1.232 
1.033 0.975 0.991 0.979 1.05 0.923 0.847 0.851 0.892 1.018 
1.001 1.155 1.053 1.112 1.146 1.138 1.139 1.156 1.212 1.24 
1.185 1.063 0.957 0.852 0.854 0.792 0.775 0.704 0.743 0.782 
0.829 1.004 1.3 1.458 1.229 1.251 1.199 1.116 1.241 1.156 
1.259 1.281 1.124 1.046 0.884 0.847 0.839 0.737 0.717 0.71 
0.741 0.746 0.822 1.008 1.247 1.516 1.618 1.802 8.585 2.702 
2.094 1.235 1.177 1.093 1.13 1.25 1.375 1.341 1.203 1.075 
0.887 0.921 0.98 0.866 0.934 0.872 0.777 0.754 0.805 0.827 
1.01 1.148 1.368 1.881 4.541 7.794 7.332 10.494 10.345 9.596 
7.952 1.591 1.171 1.104 1.039 0.896 1.056 1.125 1.272 1.392 
1.297 1.198 0.902 1.014 1.014 1.173 1.263 1.587 1.666 1.04 
0.889 0.815 0.773 0.86 0.875 0.913 0.962 1.304 2.397 5.065 
4.934 4.347 1.449 0.988 0.819 0.784 0.763 0.905 0.989 1.154 
1.283 1.228 1.277 1.084 1.227 1.394 1.3 2.445 2.06 2.275 
4.13 3.458 2.635 2.049 1.369 1.102 0.981 0.894 0.807 0.865 
0.894 0.787 0.852 0.824 0.74 0.877 0.989 1.105 1.295 1.208 
1.356 1.417 1.652 2.838 5.487 5.129 4.182 3.974 2.372 2.651 
2.043 1.638 1.354 1.12 0.965 0.985 1.006 1.368 1.204 1.04 
0.935 0.962 1.024 1.151 1.277 1.256 1.514 1.865 2.915 6.751 
7.655 8.499 6.587 5.548 3.139 3.648 2.559 2.511 1.649 1.655 
1.202 1.378 1.644 3.188 1.321 1.989 1.431 1.305 1.428 1.387 
1.906 1.98 1.52 2.723 3.34 5.682 6.884 6.618 6.175 5.575 
4.436 2.365 1.806 1.893 1.844 3.49 5.643 5.28 7.628 6.597 
4.344 3.896 3.529 3.811 3.64 3.583 3.862 6.009 7.122 8.148 
7.653 9.585 12.179 13.194 15.0 15.0 15.0 15.0 15.0 15.0 
15.0 15.0 15.0 15.0 15.0 15.0 15.0 15.0 15.0 15.0 
15.0 14.871 14.734 14.321 15.0 15.0 15.0 14.657 13.707 12.148 
10.922 10.268 10.306 8.435 6.67 6.373 5.598 5.065 4.718 5.131 
3.72 3.649 4.075 5.539 6.94 9.87 13.012 
END
