PFRMAT local QA
AUTHOR LAW-CASP14
af2-standard_T1115_4.pdb local_accuracy_only 15.0 15.0 15.0 15.0 15.0 15.0 15.0 15.0 15.0 15.0 15.0 
15.0 15.0 15.0 15.0 15.0 15.0 15.0 15.0 15.0 15.0 
15.0 15.0 15.0 15.0 15.0 15.0 15.0 15.0 15.0 15.0 
15.0 15.0 15.0 15.0 15.0 15.0 15.0 15.0 15.0 15.0 
15.0 15.0 15.0 15.0 15.0 15.0 15.0 15.0 15.0 15.0 
15.0 12.906 7.906 5.193 2.616 1.995 1.727 1.867 1.538 1.529 
1.58 1.854 1.909 2.827 5.403 4.734 9.571 6.72 4.787 3.461 
3.641 7.795 6.799 3.384 2.211 2.237 2.075 1.879 2.136 3.289 
3.599 7.815 8.243 15.0 13.785 14.089 13.696 9.034 8.26 4.023 
2.509 1.984 1.36 1.343 1.142 1.115 1.082 0.964 0.994 0.915 
1.155 0.947 1.098 1.037 0.96 1.021 0.955 1.019 0.971 1.065 
1.025 1.049 1.016 1.014 0.947 1.002 0.977 1.035 0.987 0.891 
0.821 0.777 0.757 0.794 0.862 0.865 0.966 1.135 1.329 1.099 
1.046 1.391 1.408 1.386 1.349 1.756 1.354 1.174 1.102 1.092 
1.0 0.89 0.896 0.89 0.825 0.813 0.898 0.879 0.866 0.89 
0.927 0.959 0.963 0.924 1.008 1.067 1.004 0.995 1.037 1.093 
1.09 1.004 1.098 1.139 1.254 1.093 1.27 1.248 1.032 1.03 
1.091 1.071 0.906 0.895 1.046 1.002 0.87 0.929 1.071 1.078 
0.866 0.954 1.029 0.971 0.899 0.777 0.811 0.736 0.806 0.843 
0.864 0.939 0.967 1.039 1.104 1.055 1.043 1.196 1.279 1.826 
1.821 1.674 1.733 1.919 1.926 2.005 2.279 2.763 3.754 6.111 
9.296 12.387 15.0 15.0 15.0 15.0 15.0 15.0 15.0 15.0 
15.0 15.0 15.0 15.0 14.325 15.0 15.0 11.859 11.884 7.525 
6.606 8.181 7.962 11.035 10.036 7.241 6.299 6.731 7.174 10.304 
14.18 6.99 9.024 7.965 10.322 7.069 7.919 12.458 15.0 15.0 
13.914 13.37 15.0 15.0 15.0 15.0 15.0 15.0 15.0 15.0 
15.0 15.0 15.0 15.0 15.0 15.0 15.0 15.0 11.326 14.451 
13.143 8.255 8.365 6.312 6.419 8.921 13.132 11.165 10.061 9.473 
9.384 10.158 11.568 13.192 13.863 12.573 12.661 
END
