PFRMAT local QA
AUTHOR MASS-CASP14
af2-standard_T1115_4.pdb local_accuracy_only 15.0 15.0 15.0 15.0 15.0 15.0 15.0 15.0 15.0 15.0 15.0 
15.0 14.024 13.723 12.182 11.555 10.772 13.257 11.462 11.483 10.423 
10.349 10.152 9.514 8.969 7.028 6.179 6.871 7.073 7.126 7.403 
7.749 6.63 7.2 6.277 5.896 6.038 6.269 6.153 6.379 7.708 
8.049 8.578 9.639 9.009 9.356 8.775 7.471 6.417 5.381 4.836 
3.735 2.515 2.354 2.411 2.283 2.072 2.349 3.065 3.293 2.978 
2.826 2.71 2.554 2.235 2.386 2.367 2.702 3.035 2.716 2.438 
3.055 3.866 4.936 6.225 6.66 8.033 8.677 7.858 7.027 6.442 
6.485 5.919 6.079 5.3 6.682 7.708 7.094 6.525 5.161 3.805 
3.491 3.157 3.023 3.147 3.052 2.533 2.137 1.794 1.277 1.214 
1.069 1.092 1.212 1.205 1.145 1.275 1.275 1.243 1.136 1.331 
1.415 1.371 1.31 1.166 1.023 0.262 0.163 0.004 0.005 0.002 
0.028 0.487 1.086 1.315 1.289 1.55 1.841 2.07 1.884 1.711 
1.482 1.553 1.653 1.664 1.299 1.677 1.559 1.611 1.537 1.324 
1.236 1.185 1.336 1.376 1.256 1.256 1.152 1.093 1.097 1.132 
1.244 1.23 1.211 1.012 1.344 1.47 1.382 1.42 1.324 1.411 
1.337 1.395 1.391 1.495 1.36 1.48 1.612 1.393 1.172 1.279 
1.272 0.593 0.023 0.0 0.0 0.0 0.0 0.01 1.17 1.313 
1.248 1.164 0.785 0.0 0.0 0.0 0.0 0.0 0.0 0.0 
0.0 0.087 1.147 1.426 1.356 1.434 1.502 1.669 2.383 2.907 
2.342 2.087 2.043 2.074 1.961 2.507 2.701 3.327 3.073 2.882 
2.87 2.696 2.462 2.514 2.716 2.914 2.809 3.204 3.45 4.096 
4.303 4.888 4.375 4.757 5.403 4.82 5.276 4.698 4.716 4.657 
4.265 4.255 4.735 4.156 4.094 3.823 4.199 4.275 4.309 4.218 
4.343 5.33 5.489 5.684 5.884 6.688 6.144 5.629 5.824 5.75 
6.415 6.624 8.841 8.445 9.355 10.184 10.78 10.656 12.117 12.272 
14.211 15.0 13.019 11.783 9.088 8.614 8.389 7.575 7.661 7.714 
8.573 7.892 8.37 9.195 9.209 9.24 9.399 9.631 9.905 10.071 
11.894 13.042 15.0 15.0 15.0 15.0 15.0 
END
