PFRMAT local QA
AUTHOR LAW-CASP14
af2-standard_T1106s1_5.pdb local_accuracy_only 15.0 15.0 15.0 15.0 15.0 15.0 15.0 15.0 15.0 15.0 15.0 
15.0 15.0 15.0 15.0 15.0 15.0 12.965 13.202 14.316 12.751 
13.452 13.853 11.64 12.228 11.902 8.81 7.89 14.661 9.793 10.871 
15.0 10.833 8.351 13.124 13.301 11.705 15.0 15.0 15.0 15.0 
15.0 15.0 15.0 15.0 15.0 15.0 14.968 12.633 10.023 8.667 
8.971 8.653 8.639 8.212 8.996 7.203 7.636 7.47 7.742 6.545 
7.956 8.694 11.156 6.528 5.157 5.709 5.374 3.4 2.576 2.813 
3.38 2.572 3.038 2.498 2.376 2.045 2.047 1.631 1.79 1.502 
1.587 1.479 1.461 1.612 1.577 1.479 1.71 1.796 2.073 2.433 
2.228 2.266 1.952 1.774 1.721 1.673 1.697 1.559 1.675 1.674 
1.633 1.647 1.845 1.767 2.239 1.894 1.958 1.976 2.092 1.994 
2.016 1.931 2.277 2.216 1.97 2.226 2.308 2.12 2.37 2.967 
2.137 
END
