PFRMAT local QA
AUTHOR MASS-CASP14
af2-standard_T1106s1_5.pdb local_accuracy_only 15.0 15.0 15.0 15.0 15.0 15.0 15.0 15.0 15.0 15.0 15.0 
15.0 15.0 14.901 15.0 14.299 13.866 14.043 12.224 13.017 14.104 
12.957 12.547 13.199 15.0 15.0 15.0 15.0 15.0 15.0 15.0 
15.0 15.0 15.0 15.0 15.0 15.0 15.0 15.0 15.0 15.0 
15.0 14.452 15.0 15.0 15.0 15.0 15.0 15.0 15.0 14.089 
12.56 11.028 11.102 10.667 10.324 10.007 10.464 10.543 13.08 12.853 
12.35 12.938 10.743 9.855 8.261 6.44 4.287 3.61 2.947 3.561 
2.887 2.732 2.803 2.287 2.156 2.039 2.016 2.063 1.882 1.863 
1.778 1.551 1.612 1.493 1.665 1.531 1.797 2.092 2.537 2.994 
3.046 3.23 3.46 2.901 3.405 3.203 2.683 2.753 2.685 2.743 
2.494 2.848 3.099 3.641 4.17 5.423 6.368 7.108 7.884 7.538 
8.173 8.447 9.806 9.872 11.058 10.517 12.703 14.838 15.0 15.0 
15.0 
END
