PFRMAT local QA
AUTHOR MASS-CASP14
af2-standard_T1137s9_4.pdb local_accuracy_only 15.0 15.0 15.0 15.0 15.0 14.315 13.56 13.188 11.671 10.597 9.907 
8.456 8.317 8.139 7.74 7.184 6.923 6.721 6.623 6.355 6.439 
6.619 5.412 5.549 5.665 5.065 4.719 4.709 4.379 4.465 3.722 
3.628 3.452 3.272 2.85 2.796 2.631 2.243 2.105 2.397 2.462 
2.324 2.397 2.668 2.799 3.085 3.636 3.46 3.467 3.317 3.621 
3.602 2.9 2.584 2.657 2.197 1.989 1.995 2.066 1.779 1.761 
2.059 2.053 1.818 2.156 2.608 3.337 4.098 4.881 5.098 5.214 
5.219 4.645 3.997 3.063 2.781 2.333 2.086 1.89 1.724 1.537 
1.714 1.673 1.526 1.41 1.408 1.322 1.313 1.291 1.39 1.254 
1.304 1.356 1.463 1.562 1.526 1.384 1.692 1.648 1.561 1.869 
2.335 2.653 2.474 2.031 2.287 2.355 1.826 2.014 1.838 1.869 
1.772 1.565 1.617 1.541 1.543 1.501 1.682 1.884 1.748 1.409 
1.506 1.394 1.571 1.329 1.318 1.247 1.256 1.154 1.072 1.096 
1.299 1.132 1.052 0.98 1.028 1.113 1.144 1.028 1.124 1.198 
1.014 1.207 1.279 1.246 1.288 1.585 1.74 1.941 1.969 1.708 
1.904 2.013 1.866 1.974 1.991 1.682 1.797 1.727 1.784 1.572 
1.771 1.943 1.76 1.458 1.264 1.237 1.264 1.213 1.096 1.249 
1.158 1.256 1.304 1.172 1.073 1.163 1.33 1.328 1.273 1.295 
1.398 1.429 1.398 1.292 1.463 1.405 1.615 1.508 1.77 1.749 
1.841 1.93 2.409 2.287 2.888 3.591 4.091 4.069 3.285 3.196 
2.726 2.217 1.823 1.695 1.474 1.232 1.35 1.315 1.235 1.173 
1.383 1.472 1.377 1.381 1.511 1.656 1.672 1.44 1.353 1.433 
1.418 1.511 1.461 1.554 1.586 1.451 1.638 1.561 1.498 1.514 
1.666 1.492 1.458 1.42 1.463 1.39 1.193 1.142 1.273 1.354 
1.39 1.41 1.678 1.983 3.391 4.265 3.936 3.952 4.198 3.154 
2.127 2.317 2.162 1.795 1.528 1.521 1.577 1.342 1.447 1.463 
1.695 1.574 1.664 1.901 1.83 1.886 2.093 2.023 2.003 2.128 
2.29 2.512 2.225 2.287 2.458 2.655 2.511 2.85 3.27 3.86 
4.171 5.202 6.534 8.256 8.694 9.552 10.185 11.409 
END
