PFRMAT local QA
AUTHOR LAW-CASP14
af2-standard_T1137s9_4.pdb local_accuracy_only 15.0 15.0 15.0 15.0 15.0 15.0 15.0 15.0 15.0 15.0 15.0 
15.0 15.0 15.0 15.0 15.0 15.0 15.0 15.0 15.0 15.0 
15.0 15.0 15.0 12.431 12.408 12.288 10.665 8.057 5.278 4.17 
3.425 3.333 3.048 2.404 2.344 2.292 1.907 1.977 2.111 2.073 
1.683 1.827 2.447 1.877 1.861 3.105 2.907 1.982 2.563 3.293 
3.031 1.865 1.939 1.424 1.271 1.095 1.081 1.083 0.937 0.904 
1.176 1.248 1.162 1.414 2.311 3.666 5.012 6.324 6.823 6.136 
5.464 6.159 5.557 3.573 3.376 1.779 1.837 1.721 1.447 0.999 
1.175 1.206 1.06 1.021 1.15 1.203 1.001 1.106 1.225 1.224 
1.21 1.348 1.429 1.395 1.313 1.502 1.621 1.742 1.668 1.973 
2.127 2.228 2.214 1.949 1.797 1.722 1.486 1.417 1.524 1.57 
1.339 1.287 1.395 1.384 1.123 1.095 1.082 1.088 1.03 0.88 
0.873 0.897 0.81 0.778 0.766 0.732 0.705 0.803 0.787 0.778 
0.823 0.957 0.9 0.851 0.91 0.971 0.962 1.07 1.226 1.291 
1.289 1.509 1.681 1.833 1.786 2.171 2.117 2.173 2.114 2.101 
2.128 2.253 2.057 2.11 2.252 2.43 2.118 1.905 1.888 1.548 
1.396 1.613 1.37 1.13 1.062 1.168 1.134 0.882 0.895 0.926 
0.838 0.819 0.84 0.838 0.908 0.883 0.985 1.017 0.992 0.944 
1.151 1.068 0.959 1.047 1.151 1.167 1.132 1.322 1.489 1.444 
1.539 1.878 2.138 2.006 2.061 2.538 2.802 2.738 2.865 2.989 
2.635 2.436 2.236 2.009 2.029 1.692 1.754 1.775 1.667 1.591 
1.783 2.026 1.756 1.654 1.463 1.282 1.152 1.141 1.093 1.074 
1.085 1.036 1.037 1.065 1.195 0.922 1.002 0.982 0.905 0.824 
0.919 0.915 0.834 0.831 0.986 0.891 0.889 0.973 1.16 1.201 
1.281 1.304 1.594 1.659 2.136 2.361 2.389 2.185 2.166 2.042 
1.616 1.688 1.567 1.357 1.15 1.191 1.112 0.948 0.862 0.941 
0.891 0.798 0.831 0.874 0.885 0.827 0.974 0.994 1.061 1.265 
1.235 1.241 1.378 1.434 1.73 1.666 1.94 2.131 2.224 2.441 
3.249 3.422 4.872 5.573 8.634 10.316 11.319 10.221 
END
