PFRMAT local QA
AUTHOR LAW-CASP14
af2-standard_T1169_2.pdb local_accuracy_only 6.907 9.025 8.973 9.55 12.92 15.0 15.0 15.0 15.0 15.0 15.0 
15.0 14.115 15.0 15.0 15.0 15.0 15.0 15.0 15.0 15.0 
15.0 14.667 12.193 11.245 11.907 12.118 14.07 15.0 14.858 13.665 
13.305 11.393 10.563 9.246 7.855 7.692 11.04 12.68 14.87 15.0 
15.0 15.0 15.0 15.0 15.0 15.0 15.0 15.0 15.0 15.0 
15.0 15.0 15.0 15.0 15.0 15.0 15.0 15.0 15.0 15.0 
15.0 15.0 15.0 15.0 15.0 15.0 15.0 15.0 15.0 15.0 
15.0 15.0 15.0 15.0 15.0 15.0 15.0 15.0 15.0 15.0 
15.0 15.0 15.0 15.0 15.0 15.0 15.0 15.0 14.221 15.0 
15.0 15.0 15.0 15.0 15.0 15.0 15.0 15.0 15.0 15.0 
15.0 15.0 15.0 15.0 15.0 15.0 15.0 15.0 15.0 15.0 
15.0 15.0 15.0 15.0 15.0 15.0 15.0 14.22 13.217 12.103 
9.051 7.274 11.321 10.034 7.512 15.0 14.65 9.711 10.668 15.0 
15.0 15.0 15.0 15.0 15.0 15.0 15.0 15.0 15.0 15.0 
13.171 12.951 12.994 15.0 15.0 15.0 15.0 15.0 13.954 12.215 
10.413 10.083 7.013 10.46 10.413 11.344 10.783 10.766 10.978 15.0 
15.0 15.0 15.0 15.0 15.0 15.0 15.0 15.0 15.0 15.0 
15.0 15.0 15.0 15.0 15.0 15.0 15.0 15.0 15.0 15.0 
15.0 15.0 15.0 15.0 15.0 15.0 15.0 15.0 15.0 15.0 
15.0 15.0 15.0 15.0 15.0 15.0 15.0 15.0 15.0 15.0 
15.0 15.0 15.0 15.0 15.0 15.0 15.0 15.0 15.0 15.0 
15.0 15.0 14.082 15.0 14.869 12.399 11.693 12.699 12.459 15.0 
15.0 15.0 15.0 15.0 14.418 13.323 12.323 11.7 11.554 10.567 
8.761 11.064 10.736 11.733 12.879 12.006 15.0 15.0 15.0 15.0 
15.0 15.0 15.0 15.0 15.0 15.0 13.711 9.141 8.973 10.472 
10.529 11.599 11.732 10.9 10.763 10.663 12.622 12.884 12.785 15.0 
15.0 15.0 15.0 15.0 13.748 11.847 10.122 12.241 9.411 7.913 
8.344 8.791 10.9 12.021 13.018 11.851 10.491 8.859 9.711 9.567 
9.966 9.797 9.745 8.722 10.227 10.368 8.963 8.994 9.413 10.258 
11.81 13.712 13.726 13.244 11.62 8.998 5.304 2.898 1.518 1.396 
1.326 2.349 5.024 6.596 4.662 3.974 15.0 15.0 15.0 15.0 
15.0 5.273 4.22 8.369 8.975 9.748 11.977 9.433 7.701 7.699 
9.74 5.838 4.974 3.809 3.182 15.0 13.755 15.0 15.0 15.0 
15.0 15.0 15.0 14.222 15.0 14.669 15.0 15.0 15.0 10.365 
8.57 2.202 2.649 10.448 15.0 13.91 15.0 15.0 2.493 7.494 
7.1 10.393 11.97 13.331 15.0 13.803 15.0 12.719 12.49 8.569 
5.796 15.0 5.463 15.0 15.0 15.0 15.0 15.0 3.164 3.526 
10.476 15.0 15.0 5.889 5.544 10.964 11.393 12.337 1.825 1.358 
1.296 1.029 0.967 1.04 1.022 0.994 1.089 1.514 1.626 2.167 
1.924 2.364 3.105 2.772 1.687 1.907 1.618 1.811 1.867 1.572 
1.534 1.276 1.223 1.095 1.029 0.902 0.746 0.71 0.81 0.859 
0.965 1.617 1.664 7.833 1.791 1.205 1.005 1.004 1.486 1.159 
1.034 0.981 0.774 0.74 0.852 0.933 1.13 1.518 3.299 3.701 
4.538 2.676 3.131 1.552 1.409 1.306 1.147 1.169 1.346 1.621 
1.02 1.089 1.11 1.418 1.498 1.175 0.947 0.791 0.846 0.942 
0.943 0.994 1.058 1.518 1.238 1.331 1.02 1.032 1.037 1.027 
0.985 1.031 0.939 0.915 1.056 1.094 1.61 1.624 2.006 1.472 
1.297 1.214 1.264 1.241 1.507 1.327 1.436 1.629 2.651 1.907 
2.123 2.235 2.768 4.064 2.153 1.768 1.33 1.266 1.258 1.688 
1.735 2.074 2.897 2.405 2.091 1.777 1.546 1.244 1.159 1.084 
1.125 1.27 1.362 2.086 1.555 1.259 1.079 0.908 0.938 0.924 
1.059 1.124 1.232 1.004 0.941 0.897 0.794 0.733 0.774 0.886 
1.044 1.31 1.312 1.211 1.015 1.114 1.153 2.305 1.934 4.532 
6.589 10.304 15.0 15.0 12.128 9.546 6.307 4.445 8.025 10.801 
11.047 12.802 12.93 12.156 11.159 9.83 2.997 3.065 1.366 1.061 
0.903 0.837 0.833 0.761 0.83 0.812 0.772 0.797 0.981 1.057 
1.122 1.134 1.068 1.054 0.996 0.936 0.898 0.946 1.08 1.174 
1.423 1.598 2.383 2.602 3.346 2.732 3.653 3.979 2.452 2.942 
1.484 2.183 1.378 2.704 1.434 1.262 1.375 1.264 1.176 1.869 
7.09 11.475 14.084 15.0 4.988 15.0 6.491 5.372 1.5 1.558 
1.981 2.523 3.837 5.561 5.996 10.752 15.0 15.0 15.0 15.0 
15.0 15.0 15.0 15.0 12.028 15.0 14.39 9.019 7.488 4.195 
2.298 2.411 1.754 1.339 1.169 1.107 1.068 1.081 1.228 1.442 
2.16 2.707 7.018 8.737 2.124 1.652 0.99 1.034 0.956 1.021 
1.076 1.125 1.331 1.288 1.699 1.7 2.419 2.042 1.372 1.304 
1.206 1.075 1.164 1.085 1.038 1.113 1.153 1.441 1.789 1.486 
1.502 1.288 1.12 1.012 1.009 1.083 1.132 1.251 1.454 1.675 
2.171 2.396 2.503 3.023 2.779 2.6 2.112 1.678 1.465 1.507 
1.391 1.312 1.238 1.275 1.294 1.883 1.843 1.762 1.678 1.518 
1.844 2.001 3.666 5.839 8.309 9.136 13.101 15.0 15.0 15.0 
15.0 15.0 15.0 15.0 15.0 15.0 14.227 13.539 12.823 10.613 
8.126 1.62 1.493 1.452 1.505 1.977 2.087 2.493 2.162 1.757 
1.661 1.315 1.212 1.172 1.138 1.231 1.201 1.388 1.502 1.337 
1.588 1.283 1.192 1.19 1.208 1.336 1.435 1.674 2.034 2.181 
2.056 2.238 2.602 3.55 4.825 4.735 3.685 4.166 2.581 2.019 
1.653 1.641 1.39 1.387 1.86 2.188 3.898 5.043 4.036 4.094 
2.52 1.515 1.581 1.383 1.415 1.489 1.544 1.65 1.996 2.128 
2.184 1.766 1.539 1.538 1.467 1.307 1.391 1.233 1.378 1.485 
1.956 2.428 2.855 2.718 2.677 3.075 2.72 1.963 1.511 1.388 
1.361 1.312 1.3 1.303 1.358 1.661 2.104 3.086 3.573 2.655 
2.579 1.629 1.605 1.502 2.129 6.307 7.116 8.229 8.411 9.32 
9.156 7.159 7.3 5.205 6.367 4.807 5.66 3.644 2.737 1.789 
1.49 1.422 1.723 1.777 2.263 1.891 1.578 1.338 1.144 1.167 
1.328 1.529 1.735 1.46 1.287 1.113 1.087 1.14 1.38 1.756 
3.481 7.133 9.678 11.244 10.226 9.089 7.559 3.544 2.402 1.493 
1.333 1.247 1.328 1.396 1.737 2.19 5.122 6.151 6.718 6.238 
3.724 2.262 1.955 1.917 2.27 2.089 1.785 1.882 1.846 2.82 
5.109 7.29 7.272 4.056 2.581 1.957 1.821 1.774 1.996 2.448 
2.885 4.088 4.072 3.521 3.385 2.393 2.421 2.089 2.155 2.568 
2.745 5.915 9.621 11.528 13.573 13.189 13.049 9.836 9.757 7.773 
4.905 2.799 2.9 2.835 2.537 2.284 2.721 2.55 2.695 2.757 
3.331 7.417 12.559 10.617 13.652 15.0 15.0 15.0 15.0 15.0 
15.0 15.0 14.044 14.087 12.501 10.938 8.611 9.084 8.952 8.68 
6.374 8.865 8.387 9.841 9.311 8.844 10.266 10.34 12.101 11.303 
11.582 10.679 4.546 7.199 3.606 3.389 3.243 2.131 2.183 1.884 
2.023 2.255 2.429 2.242 2.772 3.113 4.578 4.979 6.416 6.126 
5.727 5.211 3.772 3.147 2.228 1.862 1.571 1.585 1.45 1.73 
1.684 1.789 1.707 1.957 1.682 1.928 1.795 1.898 1.873 2.429 
1.861 1.924 1.656 1.706 2.003 2.696 3.719 5.154 7.635 10.81 
12.827 11.14 13.508 8.91 5.437 4.731 4.328 4.029 3.622 5.369 
7.265 7.585 12.711 12.527 11.904 11.474 13.676 12.161 11.153 11.117 
8.298 6.798 4.787 4.328 3.576 3.958 3.204 3.816 6.068 6.13 
12.271 12.114 14.853 15.0 13.323 11.107 7.023 4.419 3.817 2.77 
3.49 4.086 4.376 4.316 4.994 5.493 4.98 4.979 5.146 5.116 
4.77 5.032 4.076 6.028 3.583 3.17 2.885 2.945 2.777 2.408 
2.432 2.212 2.087 2.319 2.72 2.667 2.234 2.481 3.076 5.326 
5.792 7.453 9.087 7.701 7.656 10.103 9.851 8.965 5.403 3.238 
2.18 1.909 2.12 2.137 2.101 2.005 2.361 2.648 2.482 2.983 
2.733 2.671 2.612 2.766 4.348 4.186 5.987 5.582 4.94 4.618 
3.593 3.926 3.487 4.916 7.835 7.754 6.378 2.853 3.106 8.025 
2.263 1.779 2.74 4.319 3.115 6.416 5.324 5.482 6.354 9.826 
12.382 10.864 8.899 8.997 5.934 4.992 4.703 4.984 4.073 4.539 
6.852 4.803 8.036 7.866 12.386 11.2 11.018 12.591 14.04 13.878 
15.0 15.0 15.0 15.0 15.0 15.0 15.0 12.866 12.022 14.393 
15.0 15.0 14.109 10.846 7.982 3.945 4.596 4.436 10.289 15.0 
15.0 15.0 15.0 15.0 15.0 15.0 14.263 10.451 10.183 10.185 
13.974 15.0 6.216 7.393 7.385 13.909 12.133 15.0 15.0 15.0 
15.0 15.0 15.0 15.0 15.0 15.0 15.0 15.0 15.0 15.0 
14.438 12.034 8.011 6.345 3.19 2.508 2.222 1.707 1.67 1.756 
1.263 1.553 1.566 1.783 1.532 1.328 1.317 1.33 1.476 1.736 
2.228 2.44 2.602 2.499 2.622 2.562 1.852 1.694 1.645 1.481 
1.545 1.696 2.505 3.974 2.493 7.365 9.389 10.774 11.772 13.45 
15.0 15.0 15.0 15.0 15.0 15.0 15.0 15.0 15.0 15.0 
15.0 15.0 15.0 15.0 15.0 15.0 15.0 10.411 8.42 5.799 
3.994 3.255 3.433 6.333 7.671 10.213 10.905 15.0 15.0 15.0 
15.0 15.0 15.0 12.483 6.547 4.427 3.012 2.347 2.416 2.522 
2.748 3.441 5.114 6.434 6.329 4.852 4.166 4.095 4.684 3.944 
3.001 2.501 2.064 1.954 2.077 2.276 2.778 3.781 4.801 5.765 
4.97 4.22 3.287 2.611 2.049 1.942 1.885 1.855 2.243 2.39 
3.187 2.662 2.561 2.368 2.465 2.835 7.454 10.93 13.516 13.73 
15.0 15.0 15.0 15.0 15.0 15.0 15.0 15.0 15.0 15.0 
14.862 12.933 13.366 14.426 12.156 3.134 9.959 9.821 6.663 3.725 
3.077 15.0 15.0 1.358 1.058 0.773 0.984 0.704 0.733 0.964 
1.118 1.296 1.143 2.195 1.169 1.191 1.617 1.084 1.301 1.131 
1.085 1.153 0.896 0.789 0.873 0.805 0.834 0.787 0.892 0.83 
0.669 0.69 0.703 0.721 0.777 0.691 0.627 0.721 0.805 0.944 
0.967 0.946 0.911 0.926 0.929 1.005 1.143 1.076 1.155 1.333 
1.451 1.339 1.087 1.036 1.01 1.005 1.298 1.229 1.196 1.002 
0.892 0.909 0.952 0.984 0.869 0.819 0.755 0.931 0.83 1.098 
1.251 1.06 0.941 0.877 0.769 0.809 0.803 0.745 0.875 0.953 
0.964 0.962 1.021 0.892 1.044 0.792 0.664 0.564 0.592 0.662 
0.69 0.666 0.648 0.64 0.743 1.242 1.75 2.512 2.282 1.524 
1.311 1.103 1.292 1.365 1.438 0.986 1.027 0.916 0.881 0.868 
0.742 0.814 0.842 1.188 1.087 1.014 0.975 0.788 0.959 0.927 
1.22 1.096 1.057 0.901 1.094 1.114 1.446 1.169 0.869 0.843 
0.77 0.83 0.795 0.739 0.802 0.753 0.883 1.117 1.095 1.418 
1.661 1.598 1.751 2.116 3.796 4.933 3.446 3.55 1.594 2.912 
1.143 0.944 0.76 0.794 0.838 0.829 0.909 1.209 1.308 2.079 
1.789 1.506 1.191 0.898 0.751 0.619 0.717 0.628 0.678 0.712 
0.688 0.665 0.642 0.749 0.924 0.9 1.287 1.182 1.32 1.187 
1.072 0.968 0.976 1.148 1.423 2.213 1.936 1.538 1.125 0.893 
0.945 0.998 1.079 1.188 1.253 1.297 1.192 0.93 1.155 1.109 
0.958 0.884 0.777 0.753 0.866 0.968 1.278 1.197 1.076 0.986 
0.809 0.72 0.73 0.795 0.823 0.978 1.124 1.431 1.033 1.047 
0.88 1.118 1.121 0.939 0.81 0.727 0.829 0.857 1.075 1.513 
2.179 3.564 7.46 7.609 12.98 14.807 15.0 15.0 12.245 9.752 
9.837 3.698 3.877 1.897 1.544 0.892 0.874 0.766 0.924 0.934 
1.064 1.069 0.979 1.04 0.971 0.976 0.979 1.18 1.514 2.267 
1.835 1.824 1.695 1.704 1.71 1.953 1.813 2.498 2.172 2.97 
3.775 4.791 4.932 5.058 4.954 5.083 4.374 4.945 3.742 4.179 
3.406 4.302 3.575 2.888 3.01 3.254 2.952 2.595 2.218 2.923 
3.237 3.753 2.765 2.079 1.771 1.253 1.237 0.862 0.732 0.635 
0.602 0.659 0.775 0.967 1.182 1.595 1.812 2.203 2.117 1.765 
1.561 1.265 1.157 1.077 1.137 1.241 1.4 1.442 1.42 1.349 
1.23 1.16 1.128 1.181 1.399 1.886 2.105 1.818 1.495 1.756 
1.46 2.212 2.358 1.973 1.918 1.755 2.361 2.044 2.499 2.434 
1.73 1.272 0.818 0.734 0.585 0.575 0.651 0.76 1.262 1.621 
3.184 1.539 1.056 0.734 0.664 0.677 0.798 0.738 0.722 0.825 
0.851 0.9 0.956 1.115 1.339 3.285 4.579 6.489 3.756 3.29 
1.805 1.631 1.893 2.13 1.788 2.165 1.632 1.629 1.37 1.48 
1.498 1.558 1.641 1.805 1.502 1.799 1.296 1.322 1.226 0.808 
0.775 0.738 0.776 0.94 0.88 0.792 1.039 0.944 1.219 0.938 
1.08 1.212 1.882 2.707 3.765 3.042 3.172 2.887 2.291 2.066 
1.491 2.755 1.398 6.733 4.069 2.743 1.927 2.585 3.691 2.828 
2.344 1.886 1.56 1.576 1.562 1.835 1.528 1.282 1.176 1.289 
1.126 1.184 1.154 1.349 1.102 1.447 1.595 1.511 2.267 1.573 
1.559 2.519 2.759 5.232 5.045 8.837 12.742 15.0 15.0 15.0 
14.397 13.355 7.383 1.83 2.026 1.089 1.371 1.627 2.263 2.181 
1.877 1.507 1.401 1.626 1.454 1.708 2.052 2.503 3.1 2.82 
3.708 3.012 2.483 1.745 1.926 3.01 2.793 1.855 1.418 1.143 
1.187 1.255 1.383 1.142 1.225 1.452 2.104 1.864 1.757 2.689 
1.779 1.392 1.589 1.209 1.157 1.134 1.196 1.063 0.977 1.064 
1.109 1.611 2.653 3.238 3.595 1.474 1.953 3.177 2.353 1.564 
1.201 1.09 1.016 0.942 0.883 0.995 1.084 1.367 1.568 1.185 
1.141 1.093 1.629 1.739 1.872 1.203 1.124 0.877 0.912 1.035 
1.37 2.204 2.647 2.645 4.135 3.293 3.505 3.353 2.573 3.215 
3.421 3.258 2.793 2.932 2.422 2.843 2.749 1.994 1.632 1.227 
1.103 0.878 0.938 0.758 0.809 0.739 0.688 0.786 0.926 0.722 
0.773 0.642 0.653 0.628 0.651 0.839 0.877 1.177 1.033 1.367 
1.166 0.927 0.593 0.593 0.615 0.624 0.618 0.758 0.785 1.372 
1.276 1.136 0.905 0.774 0.827 0.73 0.689 0.622 0.699 0.766 
0.914 1.087 1.534 1.542 1.504 1.268 0.89 0.84 0.727 0.792 
0.761 0.892 1.012 1.201 1.304 1.307 1.845 2.428 3.077 3.653 
3.803 4.479 4.919 5.605 4.807 5.059 3.297 3.296 2.359 2.14 
1.263 1.102 1.174 0.957 0.856 0.825 0.745 0.542 0.592 0.817 
0.828 1.08 1.132 1.576 1.41 1.344 1.178 1.204 0.957 0.849 
0.724 0.628 0.656 0.609 0.654 0.592 0.68 0.58 0.614 0.527 
0.596 0.632 0.686 0.643 0.737 0.888 0.767 0.769 0.773 0.688 
0.669 0.612 0.557 0.61 0.615 0.758 0.827 0.854 1.061 1.026 
1.003 0.936 0.847 0.857 0.749 0.692 0.686 0.806 0.995 1.071 
1.272 1.757 3.021 1.387 1.946 1.128 1.149 0.84 0.803 0.788 
1.001 0.996 1.304 1.317 1.355 1.537 1.788 1.458 1.375 2.005 
1.831 1.68 1.779 2.513 2.336 1.5 2.237 1.434 2.798 2.573 
2.281 1.48 1.235 1.546 1.139 1.244 0.971 0.877 0.841 0.886 
0.906 1.031 0.888 0.967 0.942 1.043 1.036 1.007 1.01 0.999 
1.098 1.022 0.952 1.111 0.961 0.987 0.87 0.878 0.85 0.881 
0.996 1.031 1.105 1.688 1.747 1.486 1.266 1.066 0.933 0.871 
0.862 0.922 1.02 1.155 1.224 1.367 1.558 1.377 1.318 1.191 
1.146 1.08 1.014 0.949 0.983 1.072 1.328 1.372 1.855 1.615 
1.42 1.343 1.193 1.075 1.128 1.029 1.151 1.145 1.346 1.567 
1.684 1.438 2.285 2.499 1.534 1.623 1.163 1.117 1.117 1.136 
1.291 1.368 1.608 1.407 1.56 1.666 1.486 1.415 1.189 1.11 
0.974 1.159 0.934 0.947 0.749 0.814 1.036 1.008 0.797 0.801 
0.808 0.838 0.868 0.877 1.028 1.173 1.451 2.14 8.117 9.721 
15.0 15.0 12.692 11.201 7.005 4.047 1.88 1.28 1.027 0.917 
0.788 0.911 0.695 0.762 0.666 0.742 0.931 0.792 0.654 0.725 
0.609 0.641 0.759 0.664 1.071 0.946 1.166 1.375 1.811 1.774 
1.483 1.839 1.193 0.969 0.86 0.854 0.757 0.914 0.941 1.113 
1.055 0.89 1.015 1.028 1.062 0.993 0.989 0.943 1.095 1.131 
1.226 1.148 1.11 1.05 0.857 0.884 0.854 0.886 0.888 1.066 
1.13 0.966 0.776 0.779 0.969 0.783 0.892 0.894 0.787 0.76 
0.76 0.827 0.871 0.779 0.863 0.689 0.707 0.797 0.831 0.958 
1.071 1.109 0.911 1.032 0.995 0.842 0.843 1.259 1.423 1.917 
1.88 2.024 2.411 3.156 3.568 5.592 7.959 4.53 5.401 7.488 
7.877 8.95 8.391 7.892 7.955 8.48 13.06 10.551 6.045 5.901 
4.759 4.077 3.84 3.013 2.95 1.917 1.73 1.862 1.695 1.465 
1.357 1.416 1.416 1.698 1.756 1.827 1.722 1.342 1.289 1.371 
1.157 1.808 2.155 3.329 4.708 8.506 5.798 9.508 5.644 5.293 
5.78 7.197 6.556 5.593 5.746 6.543 5.464 4.964 4.665 3.831 
3.266 3.644 3.337 2.471 2.361 3.803 2.817 2.026 2.756 2.913 
2.946 1.963 1.28 1.147 1.025 0.781 0.66 0.598 0.631 0.631 
0.759 0.832 0.927 1.281 0.765 1.19 0.784 0.875 0.835 0.798 
0.645 0.618 0.646 0.88 1.074 1.441 2.293 2.403 2.711 4.958 
7.965 9.5 15.0 15.0 12.922 13.786 15.0 8.116 15.0 15.0 
10.835 11.046 14.293 13.969 11.331 7.058 5.217 4.081 5.102 5.011 
4.056 4.806 3.356 4.374 4.821 6.141 8.591 9.686 9.548 11.114 
14.672 13.893 15.0 15.0 15.0 15.0 15.0 14.346 15.0 15.0 
15.0 15.0 15.0 15.0 15.0 15.0 15.0 15.0 15.0 15.0 
15.0 15.0 15.0 15.0 15.0 15.0 15.0 15.0 15.0 15.0 
15.0 15.0 15.0 15.0 15.0 15.0 15.0 15.0 15.0 15.0 
15.0 15.0 15.0 15.0 15.0 15.0 15.0 15.0 15.0 15.0 
15.0 15.0 15.0 15.0 15.0 15.0 15.0 15.0 15.0 15.0 
15.0 15.0 15.0 15.0 15.0 15.0 15.0 15.0 15.0 15.0 
15.0 15.0 15.0 15.0 15.0 15.0 15.0 15.0 15.0 15.0 
15.0 15.0 15.0 15.0 15.0 15.0 15.0 15.0 15.0 15.0 
15.0 15.0 15.0 15.0 15.0 15.0 14.983 12.223 5.941 0.893 
0.766 1.137 0.891 0.852 0.675 0.655 0.662 0.867 1.13 1.361 
1.415 0.951 0.952 0.99 0.93 0.776 0.768 0.886 0.964 0.991 
0.866 0.776 0.733 0.688 0.898 1.162 1.031 1.05 0.899 0.917 
0.947 0.896 0.965 1.277 1.047 0.819 0.726 0.671 0.886 0.901 
0.959 0.95 1.131 1.635 1.878 2.676 3.563 2.969 3.427 1.456 
1.279 1.189 0.875 0.865 0.724 0.765 0.773 0.725 0.664 0.704 
0.771 0.807 0.828 0.833 1.055 1.0 1.111 1.078 0.855 0.887 
0.817 0.782 0.765 0.822 0.886 0.93 0.94 0.979 1.126 0.916 
0.804 0.768 0.801 0.777 0.933 0.99 1.193 1.331 1.281 1.402 
1.147 0.929 0.77 0.742 0.755 0.79 0.894 0.92 0.98 1.013 
1.125 1.357 0.898 0.988 0.997 0.867 0.948 0.877 1.016 1.131 
1.357 1.319 1.228 1.282 1.13 1.207 1.346 1.403 1.727 1.518 
1.629 1.442 1.678 1.878 2.357 2.595 1.751 1.857 1.701 1.74 
1.792 2.128 3.294 2.491 2.014 1.751 1.648 1.856 1.989 1.59 
2.064 2.059 2.03 2.223 2.019 1.99 2.26 2.518 2.594 2.51 
1.587 1.361 1.44 1.324 1.34 1.263 1.37 1.696 1.478 1.249 
1.09 0.925 0.997 1.215 1.323 2.091 1.471 1.281 0.966 0.855 
0.784 0.772 0.745 0.781 0.721 0.945 0.881 1.065 0.882 0.897 
0.78 0.729 0.752 0.75 0.82 1.192 0.925 0.798 0.713 0.863 
1.009 0.884 0.961 1.046 1.114 0.959 0.929 1.012 1.128 1.14 
1.298 1.239 1.434 1.441 1.427 1.899 1.979 2.703 2.262 2.024 
1.386 1.795 3.279 6.198 4.907 2.724 1.816 1.417 2.44 2.532 
6.735 6.461 6.065 5.813 5.215 3.822 2.997 1.589 1.353 1.469 
1.252 1.335 1.377 1.042 1.107 0.875 0.908 0.927 1.051 0.961 
0.816 0.734 0.727 0.793 0.742 0.742 0.74 1.085 1.425 0.806 
0.895 0.833 0.881 0.754 0.788 0.699 0.72 0.759 0.79 0.859 
0.713 0.855 0.85 0.89 0.995 0.966 0.993 0.997 1.172 1.404 
1.116 1.103 1.003 0.893 0.97 0.924 0.918 1.116 0.988 1.263 
1.213 1.343 1.78 2.05 1.925 2.391 2.686 2.624 2.707 2.324 
2.069 1.569 1.274 1.351 1.36 1.17 1.278 1.164 1.15 1.048 
1.096 1.203 1.164 1.073 1.342 1.471 1.702 1.456 1.526 1.322 
1.314 1.462 1.801 1.676 1.952 2.915 4.321 3.689 4.203 4.785 
5.41 4.292 4.155 6.642 6.698 7.497 8.59 9.245 10.635 10.078 
10.445 9.34 9.324 9.761 8.945 10.474 10.006 9.391 8.776 9.93 
11.624 12.859 14.993 14.893 12.471 11.294 13.588 13.294 12.393 11.981 
11.845 11.428 10.07 9.114 8.072 9.247 6.134 5.551 3.983 2.262 
2.143 1.24 1.05 0.979 1.051 0.87 0.823 1.121 0.913 0.987 
1.007 0.962 0.83 0.765 0.808 0.662 0.798 0.772 1.003 0.884 
0.896 0.952 0.997 1.142 1.233 2.289 1.673 9.405 3.622 2.674 
2.403 4.512 2.826 2.075 1.559 1.157 0.905 0.896 1.28 1.669 
8.145 5.164 8.669 9.757 11.362 8.121 7.351 14.147 15.0 15.0 
12.12 12.167 6.34 8.841 5.811 9.506 6.931 6.287 6.96 5.258 
5.305 5.021 3.757 3.511 3.2 3.751 4.104 4.078 3.849 4.035 
4.027 3.604 3.676 4.294 3.197 2.842 3.561 4.776 2.047 9.399 
2.252 11.455 1.697 7.67 2.903 3.695 2.469 1.711 1.161 1.283 
1.772 1.823 2.855 2.902 2.781 3.034 5.262 5.84 4.424 8.414 
10.431 8.498 9.308 11.968 12.615 12.912 14.024 13.664 15.0 15.0 
15.0 15.0 15.0 15.0 15.0 15.0 13.708 15.0 14.521 15.0 
15.0 14.457 15.0 15.0 15.0 15.0 15.0 15.0 15.0 15.0 
15.0 13.101 2.553 7.442 9.716 10.397 12.369 15.0 15.0 15.0 
15.0 15.0 15.0 15.0 15.0 15.0 15.0 15.0 15.0 15.0 
15.0 15.0 15.0 15.0 15.0 15.0 15.0 15.0 15.0 15.0 
15.0 15.0 15.0 14.083 15.0 15.0 15.0 15.0 15.0 15.0 
14.979 11.461 10.696 9.579 11.698 11.138 14.679 13.923 11.672 6.366 
4.473 4.797 4.39 3.23 5.895 5.363 4.08 3.048 2.427 0.993 
0.854 1.151 1.27 7.094 11.925 14.988 15.0 15.0 15.0 15.0 
15.0 15.0 15.0 15.0 15.0 15.0 15.0 15.0 15.0 15.0 
15.0 15.0 15.0 15.0 15.0 15.0 15.0 15.0 15.0 15.0 
15.0 15.0 15.0 15.0 15.0 15.0 15.0 15.0 15.0 15.0 
15.0 15.0 15.0 15.0 15.0 15.0 15.0 15.0 15.0 15.0 
15.0 15.0 15.0 15.0 15.0 15.0 15.0 15.0 15.0 15.0 
15.0 15.0 15.0 15.0 15.0 15.0 15.0 15.0 15.0 15.0 
15.0 15.0 15.0 15.0 15.0 15.0 15.0 15.0 15.0 15.0 
15.0 15.0 15.0 15.0 15.0 15.0 15.0 15.0 15.0 15.0 
15.0 15.0 15.0 15.0 15.0 15.0 15.0 15.0 15.0 15.0 
15.0 15.0 15.0 15.0 15.0 15.0 15.0 15.0 15.0 15.0 
15.0 11.56 9.477 5.169 10.076 14.87 15.0 15.0 15.0 15.0 
15.0 15.0 15.0 14.612 15.0 15.0 15.0 15.0 15.0 15.0 
15.0 15.0 15.0 15.0 11.522 5.139 11.203 11.189 12.394 12.139 
14.484 4.411 1.373 1.834 9.854 12.499 12.077 10.658 10.273 9.336 
11.282 11.434 13.009 9.361 1.408 2.093 3.467 5.777 7.042 7.576 
8.295 7.918 7.365 6.333 6.26 3.326 3.199 1.431 8.937 15.0 
15.0 15.0 13.472 5.837 3.858 2.861 3.144 6.085 3.8 6.763 
11.223 13.051 13.767 13.573 13.282 12.991 12.808 12.77 10.736 11.264 
10.212 10.314 11.264 13.992 15.0 15.0 15.0 15.0 15.0 15.0 
15.0 15.0 15.0 15.0 15.0 15.0 15.0 15.0 15.0 15.0 
15.0 15.0 15.0 15.0 15.0 15.0 15.0 15.0 15.0 13.562 
9.96 7.996 6.089 4.088 2.973 2.446 2.451 2.135 2.333 1.966 
1.8 1.763 1.644 1.43 1.407 1.456 1.338 1.234 1.354 1.388 
1.279 1.147 1.513 1.527 1.292 1.494 1.811 1.725 1.784 2.08 
2.526 4.532 6.61 6.948 7.714 6.881 6.151 4.621 2.047 1.569 
1.643 1.467 1.303 1.148 1.204 1.138 1.07 1.075 1.166 1.154 
1.222 1.285 1.438 1.543 1.584 1.765 1.994 2.213 2.242 1.897 
2.176 2.101 1.898 1.712 1.606 1.572 1.572 1.235 1.304 1.347 
1.256 1.171 1.362 1.344 1.243 1.518 1.821 1.917 1.947 2.734 
3.49 5.24 7.557 9.451 11.806 14.546 15.0 15.0 15.0 15.0 
15.0 15.0 15.0 15.0 15.0 15.0 15.0 15.0 15.0 15.0 
15.0 15.0 15.0 15.0 15.0 15.0 15.0 15.0 15.0 15.0 
15.0 15.0 15.0 15.0 15.0 15.0 15.0 15.0 15.0 15.0 
15.0 15.0 15.0 15.0 15.0 15.0 15.0 15.0 15.0 15.0 
15.0 15.0 15.0 
END
