PFRMAT local QA
AUTHOR MASS-CASP14
af2-standard_T1169_2.pdb local_accuracy_only 3.837 3.501 3.027 2.987 3.623 4.366 5.244 7.024 8.056 10.603 12.398 
14.509 14.78 13.389 13.196 11.18 10.574 10.693 9.81 7.967 7.448 
6.884 7.463 6.56 6.87 7.309 6.737 7.38 8.319 10.276 11.443 
12.851 13.357 15.0 15.0 15.0 15.0 15.0 15.0 15.0 15.0 
15.0 15.0 15.0 15.0 15.0 15.0 15.0 15.0 15.0 15.0 
15.0 15.0 15.0 15.0 15.0 15.0 15.0 15.0 15.0 15.0 
15.0 15.0 15.0 15.0 15.0 15.0 15.0 15.0 15.0 12.871 
9.556 7.717 6.478 7.193 7.31 8.618 10.645 11.42 12.183 13.647 
13.562 12.011 10.797 11.277 12.373 13.102 15.0 15.0 15.0 15.0 
15.0 15.0 15.0 15.0 15.0 15.0 15.0 15.0 15.0 15.0 
15.0 15.0 15.0 15.0 15.0 15.0 15.0 15.0 15.0 15.0 
15.0 15.0 15.0 15.0 15.0 15.0 15.0 14.881 13.069 9.833 
8.292 7.193 7.176 8.919 11.434 11.761 13.149 15.0 15.0 15.0 
15.0 15.0 15.0 15.0 15.0 15.0 15.0 15.0 15.0 15.0 
15.0 12.23 13.402 13.376 11.817 9.161 7.838 6.607 6.223 7.244 
7.245 7.917 7.714 9.371 9.529 9.503 9.99 11.41 14.884 14.31 
15.0 15.0 15.0 15.0 15.0 15.0 15.0 15.0 15.0 15.0 
15.0 15.0 15.0 15.0 15.0 15.0 15.0 15.0 15.0 15.0 
15.0 15.0 15.0 15.0 15.0 15.0 15.0 13.776 13.855 11.207 
11.589 11.156 12.076 12.833 13.795 15.0 15.0 15.0 15.0 15.0 
15.0 15.0 15.0 15.0 15.0 15.0 15.0 15.0 15.0 15.0 
15.0 15.0 15.0 15.0 14.881 11.839 10.336 10.084 12.414 13.572 
12.6 14.466 12.516 11.88 8.629 7.841 7.492 5.946 5.315 4.678 
5.194 4.956 3.833 3.225 4.199 4.451 4.9 6.41 7.0 8.709 
8.851 10.554 11.934 10.842 10.635 8.664 6.448 5.384 5.13 4.962 
4.754 6.449 5.94 6.385 7.5 9.187 9.376 9.854 10.467 10.518 
9.592 8.727 5.974 5.489 3.846 3.304 3.522 4.07 4.07 4.235 
5.14 5.526 6.273 5.449 5.095 3.486 3.062 2.436 2.264 2.541 
2.367 2.573 2.773 3.306 3.088 3.273 2.617 2.791 3.01 3.301 
4.237 4.597 5.249 5.416 5.662 6.33 6.968 5.866 5.217 4.595 
4.387 5.33 5.334 4.832 4.632 5.235 5.46 5.348 5.318 5.382 
5.164 4.477 5.427 6.88 8.57 8.865 8.761 8.347 9.003 7.87 
7.51 5.578 3.939 3.804 3.474 3.748 4.194 3.402 4.605 5.668 
7.952 8.402 7.774 9.022 8.562 7.222 6.686 6.308 6.98 5.442 
5.506 5.212 4.665 4.04 4.15 3.406 3.745 3.909 4.759 6.0 
6.034 8.205 6.892 12.494 8.461 13.584 13.07 14.984 15.0 15.0 
10.774 14.615 15.0 15.0 15.0 14.33 10.009 9.601 5.586 6.217 
5.832 8.194 7.524 7.672 8.68 7.128 6.419 3.79 2.87 2.465 
2.332 2.43 2.242 2.432 2.459 2.343 2.317 2.478 2.862 2.844 
2.502 2.147 2.338 2.577 2.136 2.057 2.049 2.352 3.051 2.362 
2.113 1.705 1.46 1.36 1.359 1.497 1.37 1.645 1.958 2.167 
3.118 3.553 5.35 6.804 6.813 6.553 6.694 6.455 5.606 3.855 
2.814 2.179 1.827 1.606 1.464 1.721 2.15 2.978 3.767 5.064 
4.773 4.895 3.802 3.214 2.65 2.192 1.763 1.848 1.801 1.822 
1.552 1.663 1.729 1.686 1.759 1.556 1.207 1.044 1.011 1.107 
1.355 1.841 2.086 2.339 2.118 2.136 2.078 2.612 2.895 2.485 
2.062 1.624 1.384 1.454 1.509 1.629 1.775 2.104 2.165 1.816 
1.369 1.14 0.949 1.067 1.247 1.574 1.652 2.347 2.835 4.467 
5.603 8.096 7.621 6.903 4.743 3.114 2.453 1.945 1.765 1.928 
2.109 2.613 2.953 3.329 3.705 3.445 2.699 1.92 1.442 1.452 
1.567 2.093 2.756 2.569 2.715 2.517 1.805 1.445 1.352 1.351 
1.638 2.032 2.298 1.944 1.803 1.499 1.335 1.123 1.156 1.424 
2.149 2.763 2.775 2.452 1.909 1.559 1.509 1.571 1.679 1.691 
1.839 1.908 2.001 2.275 2.357 3.178 3.424 4.129 5.25 7.15 
8.003 6.961 7.395 7.868 8.118 7.38 5.982 5.327 3.738 2.451 
1.864 1.362 1.472 1.25 1.388 1.413 1.873 2.163 3.054 3.139 
3.639 3.779 5.003 4.107 2.794 2.184 1.803 1.404 1.424 1.352 
1.381 1.69 2.177 2.342 4.079 6.12 6.841 6.843 6.81 5.794 
3.383 2.783 2.559 2.412 2.051 1.899 2.273 2.509 4.62 5.913 
6.161 6.458 6.376 4.72 3.308 2.782 2.12 2.003 1.673 2.23 
3.029 3.913 7.746 9.191 9.922 9.477 15.0 15.0 15.0 15.0 
15.0 14.782 14.378 8.636 5.173 4.911 4.841 4.476 4.386 4.305 
4.116 3.622 2.862 2.606 2.274 2.479 2.384 2.224 2.554 2.557 
3.174 3.723 4.688 3.613 2.733 2.136 1.675 1.413 1.355 1.324 
1.293 1.493 1.709 2.085 3.346 3.743 4.878 4.904 3.433 2.211 
1.843 1.653 1.716 1.616 1.305 1.347 1.456 1.652 1.944 1.839 
2.401 2.198 1.836 1.596 1.56 1.596 1.401 1.396 1.319 1.822 
3.13 4.051 5.163 5.126 5.58 3.769 3.651 2.947 2.592 2.118 
1.572 1.428 1.517 1.644 1.656 2.226 2.082 2.078 2.037 2.091 
2.381 2.491 3.201 4.043 5.815 7.402 10.386 12.235 13.266 13.983 
13.579 14.043 11.986 10.988 8.97 8.032 6.862 6.505 6.248 5.889 
4.444 3.192 2.244 2.148 1.985 2.115 2.264 2.522 1.881 1.703 
1.293 1.301 1.165 1.196 1.225 1.479 1.876 2.25 2.185 1.476 
1.542 1.327 1.311 1.252 1.279 1.235 1.385 1.496 1.995 2.555 
3.406 4.362 6.251 7.9 10.081 9.451 11.241 10.081 8.359 5.695 
3.686 2.862 2.311 2.361 2.539 3.054 3.702 3.988 4.02 3.226 
1.731 1.736 1.878 1.555 1.368 1.486 1.411 1.377 1.856 2.034 
2.103 1.861 1.432 1.356 1.258 1.255 1.32 1.371 1.411 1.551 
1.804 2.453 3.349 3.932 3.477 3.278 2.622 2.077 1.854 1.635 
1.382 1.389 1.2 1.443 1.564 1.906 2.876 3.727 3.771 3.818 
2.765 2.271 2.872 3.32 3.71 5.122 5.79 5.073 5.395 5.579 
4.626 4.223 3.24 4.005 4.422 5.686 6.295 6.042 3.92 3.354 
2.947 3.182 2.828 3.045 2.871 2.156 1.521 1.24 1.272 1.16 
1.234 1.42 1.654 1.519 1.272 1.24 1.087 1.15 1.242 1.326 
1.519 2.009 2.991 4.675 5.379 4.937 4.231 3.533 4.272 4.047 
3.735 3.395 2.867 3.397 3.599 3.984 3.529 3.307 3.051 2.362 
1.871 1.78 2.01 2.139 2.507 2.76 2.353 1.959 1.762 2.041 
2.222 2.522 2.897 2.181 1.601 1.467 1.418 1.48 1.577 2.023 
2.512 3.55 4.467 3.932 3.256 2.656 2.946 2.947 3.612 4.356 
5.272 7.483 9.127 11.73 10.479 10.77 9.67 7.843 7.865 6.54 
5.728 4.468 3.792 4.149 3.521 2.907 2.576 2.945 3.473 3.379 
5.051 5.685 6.611 8.273 9.286 9.395 10.341 9.047 7.283 5.496 
5.166 4.143 3.643 3.372 3.26 2.779 2.285 2.854 3.034 2.93 
3.429 3.48 4.757 4.263 4.714 5.351 4.944 4.412 4.971 5.64 
4.694 3.725 3.085 2.93 2.794 3.142 2.924 2.568 2.308 2.106 
2.122 2.196 1.955 2.113 2.224 2.653 3.031 3.787 4.372 3.858 
2.774 1.691 1.575 1.277 1.219 1.149 1.149 1.051 1.222 1.21 
1.387 1.414 1.893 2.504 2.408 1.928 1.671 1.676 1.486 1.513 
1.411 1.547 1.618 1.565 1.802 1.831 2.369 2.927 3.037 2.951 
3.173 3.292 3.593 3.398 2.543 2.182 2.76 2.718 3.486 4.623 
5.139 5.966 7.443 8.956 9.398 10.772 11.104 10.404 8.292 8.319 
6.708 5.06 3.793 2.486 2.034 1.938 1.908 1.997 2.122 2.338 
2.877 3.328 4.025 3.745 2.855 2.438 1.743 1.399 1.279 1.329 
1.223 1.309 1.188 1.589 1.837 3.066 3.666 4.121 4.996 3.941 
4.174 4.86 5.112 5.186 5.474 5.729 4.794 4.618 3.84 3.076 
2.635 2.735 2.398 2.621 2.659 2.773 3.371 4.454 4.637 5.63 
5.722 6.559 6.343 5.996 6.27 5.934 4.739 3.895 2.755 2.35 
2.212 2.076 2.483 1.963 1.514 1.389 1.518 1.6 2.136 2.227 
1.934 1.561 1.313 1.332 1.661 1.979 2.503 2.534 2.137 2.069 
2.002 2.28 2.311 2.803 2.626 3.216 3.772 3.671 3.314 2.909 
2.584 2.47 2.543 2.695 1.888 1.825 1.613 1.899 1.813 2.178 
2.598 2.328 1.909 1.696 1.538 1.655 2.099 2.455 3.391 3.504 
3.833 2.7 2.333 1.989 1.842 1.583 1.519 1.825 2.192 3.071 
4.449 4.777 4.776 4.566 3.987 3.021 2.67 2.212 2.099 2.46 
2.084 2.771 3.541 3.505 4.331 4.319 6.399 6.413 5.373 5.639 
5.593 7.333 6.938 7.421 5.113 3.952 3.671 3.322 2.848 2.969 
3.468 4.004 3.608 2.788 2.729 2.52 2.297 2.184 2.272 2.083 
2.627 3.682 4.093 4.322 4.261 3.418 2.781 3.204 3.458 3.176 
2.675 2.354 2.24 2.371 2.585 2.338 1.975 1.868 2.328 3.059 
4.129 4.165 3.722 4.144 3.265 2.24 1.648 1.597 1.587 1.582 
2.086 2.621 3.371 2.534 2.157 1.73 1.872 1.605 1.325 1.392 
1.484 1.706 2.035 1.892 2.231 2.566 4.03 5.817 7.066 9.582 
10.135 12.068 11.197 12.046 12.13 11.648 11.48 9.197 8.497 7.903 
7.393 6.696 6.224 7.358 8.471 7.441 7.578 7.158 6.169 6.639 
6.8 7.014 6.867 6.762 7.467 7.284 6.878 7.069 8.056 7.829 
9.147 8.286 8.714 8.406 7.654 5.111 3.289 2.411 1.977 1.629 
1.558 1.606 2.033 2.365 2.99 3.59 4.782 5.684 6.389 5.062 
4.26 3.541 3.073 3.007 2.88 2.866 3.282 3.327 4.728 5.516 
6.141 5.791 4.484 3.451 3.05 2.664 2.287 1.941 1.821 1.984 
2.728 3.01 3.289 3.486 3.774 4.153 5.219 6.8 7.629 9.063 
9.031 9.345 9.359 10.319 10.594 10.136 9.886 10.364 10.351 11.144 
10.759 11.901 13.083 15.0 13.589 13.884 14.438 13.762 10.691 7.05 
7.684 7.348 7.489 5.915 5.91 5.988 7.28 6.71 6.978 7.432 
5.969 5.624 5.169 4.196 3.415 3.903 3.976 3.18 2.936 2.752 
2.69 3.508 3.334 4.127 3.787 3.299 2.547 2.634 1.998 1.422 
1.51 1.587 1.399 1.502 1.464 1.374 1.661 1.704 1.73 1.847 
1.892 1.253 1.239 1.221 1.486 1.613 1.64 1.806 1.347 1.887 
2.124 2.09 1.7 1.276 1.575 1.814 2.337 1.89 1.415 1.519 
1.519 1.835 1.945 1.85 1.604 1.24 1.276 1.311 1.227 1.342 
1.763 2.027 1.761 1.476 1.388 1.666 1.836 2.18 2.581 3.586 
4.594 5.446 4.658 3.264 2.717 2.097 1.622 1.442 1.252 1.241 
1.178 1.235 1.283 1.154 1.197 1.618 2.587 3.17 3.94 3.843 
4.545 4.711 5.685 5.436 4.25 3.201 2.648 2.568 1.917 1.842 
1.956 2.004 2.356 3.11 4.089 5.365 6.738 6.592 6.371 7.297 
6.585 5.093 5.05 4.24 3.626 3.107 2.736 2.057 1.58 1.458 
1.457 1.495 1.286 1.181 1.192 1.175 1.412 1.918 2.253 3.688 
4.674 6.558 8.148 9.811 9.914 9.238 9.389 8.683 5.89 4.695 
3.154 2.613 2.158 1.782 1.607 1.465 1.492 1.903 2.028 2.836 
2.668 2.197 1.587 1.335 1.122 1.073 1.23 1.434 1.573 1.457 
1.377 1.63 1.859 1.734 1.837 1.747 1.877 2.113 2.135 2.234 
2.317 2.742 2.305 2.551 2.83 3.613 4.907 5.993 5.585 4.978 
4.918 4.723 4.506 4.371 4.026 3.564 2.884 2.495 2.049 1.704 
1.359 1.298 1.262 1.153 1.353 1.853 2.657 2.954 2.315 1.814 
1.576 1.267 1.276 1.365 1.353 1.549 1.917 1.94 1.887 1.783 
1.492 1.736 2.026 1.665 1.647 1.631 1.645 1.762 2.119 3.224 
3.727 6.0 7.767 9.605 13.09 14.521 15.0 15.0 15.0 12.571 
13.358 9.315 7.976 4.927 3.211 2.528 2.084 2.089 1.96 2.008 
2.512 3.275 3.107 3.104 2.645 2.31 2.25 2.65 3.057 2.783 
3.02 4.128 4.876 6.106 5.654 6.763 6.618 7.404 5.971 8.242 
8.347 11.823 14.231 13.748 12.485 11.056 10.31 11.558 10.388 9.756 
9.589 9.132 10.085 11.651 12.844 11.893 11.094 9.053 10.688 10.123 
8.803 7.669 6.391 4.661 3.701 2.644 2.449 1.618 1.442 1.179 
1.15 1.216 1.253 1.204 1.408 1.878 2.595 3.772 4.281 3.838 
3.11 1.876 1.306 1.111 1.138 1.219 1.458 1.717 1.944 2.156 
2.193 1.89 1.738 1.623 2.16 2.695 2.517 2.928 2.645 3.191 
3.527 5.034 6.848 7.707 7.358 7.205 6.481 6.132 4.598 3.893 
2.946 1.916 1.41 1.237 1.124 1.172 1.182 1.342 1.817 2.511 
2.138 1.834 1.751 1.445 1.113 1.002 0.957 0.964 1.219 1.122 
1.083 1.24 1.358 1.675 2.215 2.626 3.417 4.135 5.697 5.234 
4.571 3.226 3.232 3.021 2.256 1.748 1.504 1.318 1.183 1.209 
1.665 2.225 2.472 2.058 1.599 1.448 1.523 1.592 1.415 1.201 
1.203 1.241 1.273 1.786 1.893 1.982 1.899 1.614 1.749 1.657 
1.685 1.982 1.791 2.203 2.982 3.793 3.922 3.329 2.987 2.657 
2.475 2.124 1.938 2.059 2.33 2.707 3.415 3.935 3.588 2.834 
2.277 2.046 1.829 1.858 1.88 1.719 1.718 1.761 2.094 2.788 
2.902 2.348 2.018 1.624 1.51 1.375 1.486 1.319 1.278 1.18 
1.342 1.449 1.775 2.257 2.433 3.399 4.569 5.733 7.314 8.861 
7.725 6.088 4.033 2.744 2.111 1.848 1.909 1.996 2.332 2.331 
1.79 1.358 1.27 1.503 1.795 1.911 2.239 3.839 4.95 5.4 
5.718 4.89 4.244 3.7 3.972 5.223 4.338 3.601 3.053 2.525 
2.47 2.292 2.083 2.047 1.966 2.557 2.618 2.581 2.739 2.662 
2.321 1.87 1.858 1.53 1.271 1.329 1.253 1.346 1.216 1.168 
1.199 1.351 1.625 2.509 2.487 3.305 3.186 3.376 2.725 1.927 
1.474 1.282 1.171 1.14 1.199 1.134 1.168 1.521 1.54 1.516 
1.528 1.779 2.201 2.571 3.141 2.964 2.951 3.161 3.01 2.943 
3.18 4.061 5.404 5.343 4.258 3.19 3.163 2.626 2.312 2.536 
2.677 2.568 1.983 2.288 2.769 3.012 2.9 2.283 1.746 1.741 
1.491 1.521 1.378 1.433 1.431 1.658 1.97 1.797 1.662 1.645 
1.67 1.49 1.359 1.136 1.082 1.158 1.523 1.86 2.25 2.112 
1.538 1.485 1.25 1.185 1.056 1.053 1.196 1.289 1.241 1.734 
2.253 2.263 2.391 1.822 1.51 1.26 1.069 1.097 1.182 1.213 
1.181 1.544 2.028 2.517 2.273 1.909 1.442 1.213 1.072 0.983 
1.041 1.365 1.573 1.538 1.432 1.609 2.218 3.139 3.842 4.131 
5.184 6.095 8.786 9.963 11.867 13.265 11.887 11.859 11.372 8.993 
6.309 4.828 3.611 2.897 2.222 1.773 1.542 1.445 1.448 1.566 
1.313 1.318 1.777 2.834 3.278 3.928 3.138 1.972 1.552 1.451 
1.498 1.399 1.47 1.206 1.587 1.565 1.984 1.771 1.319 1.258 
1.253 1.135 1.213 1.218 1.547 2.087 2.115 2.162 1.598 1.502 
1.19 1.239 1.124 1.025 1.116 1.326 1.884 2.776 3.515 4.484 
4.84 4.692 4.122 2.593 1.998 1.912 1.641 1.827 2.072 2.158 
2.924 3.477 3.594 3.552 3.403 2.683 2.382 2.062 1.689 1.606 
1.823 1.558 2.029 2.355 3.246 4.322 4.195 3.926 3.34 3.573 
3.442 3.081 4.006 4.569 5.779 6.486 8.448 8.54 7.561 6.158 
5.458 4.134 4.58 4.8 3.792 3.258 2.248 1.748 1.517 1.345 
1.422 1.483 1.307 1.702 1.934 2.054 2.072 2.003 1.944 1.62 
1.885 1.74 1.972 2.258 2.302 2.661 3.02 2.893 2.813 2.79 
3.399 4.683 5.313 6.234 6.959 4.953 3.442 2.507 2.335 1.877 
1.711 1.604 1.532 1.629 2.039 2.624 2.961 2.505 2.314 1.695 
1.537 1.406 1.395 1.287 1.162 1.319 1.606 2.064 3.246 3.593 
3.582 2.781 2.343 2.185 1.973 1.954 1.836 1.846 2.398 2.845 
3.35 3.938 4.34 3.657 2.719 3.089 2.493 2.217 2.16 2.218 
2.271 2.492 2.696 2.81 3.266 3.468 2.482 1.794 1.648 1.52 
1.509 1.321 1.493 1.535 1.925 2.136 3.026 3.406 2.967 2.538 
1.76 1.736 1.584 1.374 1.52 1.702 2.085 2.592 3.595 5.321 
8.216 7.978 7.96 4.586 2.791 2.137 1.683 1.751 1.369 1.193 
1.318 1.267 1.433 1.452 1.81 1.595 1.732 1.591 1.825 1.527 
1.415 1.651 1.604 1.445 1.594 2.042 2.919 3.961 4.63 4.862 
4.446 3.58 2.766 2.773 3.182 2.806 2.748 2.604 2.57 2.847 
3.077 3.273 3.185 2.809 2.556 2.473 2.613 2.378 2.625 2.752 
2.425 2.042 1.814 2.186 2.238 2.255 1.866 1.823 2.361 3.723 
4.051 3.704 3.04 2.958 3.357 3.849 4.12 4.549 4.075 3.647 
3.27 3.436 3.589 2.769 2.607 2.124 1.853 1.584 1.467 1.618 
1.6 1.66 1.524 1.635 1.942 1.707 1.747 1.786 2.23 2.544 
2.756 2.431 2.688 2.089 2.372 2.475 2.575 2.473 1.972 2.187 
2.965 4.51 6.075 5.293 6.247 7.092 7.607 5.48 4.265 5.133 
4.091 3.014 2.864 2.847 2.493 1.992 2.424 2.413 2.459 2.168 
1.859 1.746 2.094 2.803 2.458 2.059 1.851 1.925 2.198 2.579 
2.649 2.604 3.301 4.057 5.347 5.31 6.184 5.676 5.972 4.948 
4.182 5.274 5.263 4.675 5.579 7.377 8.594 9.11 8.462 7.287 
6.912 6.011 4.965 4.771 5.603 5.808 4.986 5.069 6.33 5.576 
5.159 4.185 3.536 2.444 1.952 1.407 1.306 1.146 1.032 1.001 
1.002 1.075 1.565 1.832 2.037 2.172 1.867 1.485 1.532 1.403 
1.149 1.296 1.389 1.432 1.719 2.59 4.31 5.24 5.845 7.247 
6.459 5.214 4.907 4.901 4.246 3.825 3.065 3.004 2.961 2.113 
1.757 2.208 2.552 2.94 2.956 2.433 2.916 3.898 5.111 4.708 
3.918 4.13 3.837 2.949 3.409 3.511 3.887 3.384 3.664 4.733 
5.657 6.23 6.585 8.178 7.223 6.888 5.627 5.193 5.106 4.221 
4.286 4.351 5.502 6.427 7.813 9.483 8.367 9.11 9.431 9.455 
10.159 8.738 7.928 8.382 8.379 7.391 7.203 7.729 6.778 6.301 
5.468 6.353 6.076 6.595 6.008 5.791 5.96 8.26 10.421 13.666 
14.074 13.998 14.625 12.21 11.929 11.858 13.616 12.884 11.025 11.708 
12.674 12.998 12.261 9.814 8.357 7.077 6.707 6.173 6.731 5.534 
5.702 5.863 6.091 7.118 7.516 8.365 7.633 7.802 8.777 10.281 
9.808 8.469 6.969 6.966 6.611 5.806 5.342 6.597 7.375 6.628 
7.45 8.483 9.416 7.826 7.453 7.43 5.823 4.276 4.058 4.1 
4.539 3.897 4.61 5.239 5.177 4.405 4.653 3.885 3.346 2.779 
2.648 2.865 2.1 1.981 1.671 1.524 1.326 1.501 1.585 1.588 
1.442 1.184 1.443 1.636 1.702 1.525 1.593 1.616 1.887 1.608 
1.477 1.595 1.727 1.925 1.951 2.034 1.73 1.503 1.3 1.053 
1.087 1.201 1.374 1.725 1.663 1.452 1.44 1.277 1.315 1.368 
1.245 1.285 1.644 1.966 3.038 4.752 6.834 6.863 4.952 3.864 
2.801 2.327 1.721 1.637 1.52 1.703 1.654 1.831 1.407 1.372 
1.287 1.419 1.534 1.823 1.985 2.204 1.946 1.559 1.291 1.401 
1.332 1.28 1.266 1.205 1.312 1.556 1.544 1.76 1.743 1.455 
1.334 1.356 1.304 1.153 1.194 1.26 1.531 1.951 2.741 2.484 
1.84 1.535 1.217 1.147 1.189 1.155 1.177 1.363 1.317 1.401 
1.597 1.974 1.905 1.701 1.382 1.458 1.24 1.091 1.177 1.51 
1.812 1.874 1.745 1.667 1.366 1.253 1.17 1.383 1.416 1.359 
1.459 1.36 1.392 1.632 1.748 1.695 1.68 1.59 1.363 1.326 
1.538 1.579 1.591 1.489 1.273 1.425 1.472 1.982 2.737 3.539 
3.688 3.243 3.426 2.747 1.825 1.598 1.323 1.599 1.54 1.469 
1.482 1.571 1.617 1.867 2.15 2.572 3.171 3.131 2.201 1.775 
1.519 1.552 1.458 1.552 1.851 2.38 2.326 1.802 1.407 1.441 
1.29 1.157 1.123 1.331 1.309 1.483 1.491 1.438 1.196 1.134 
1.114 1.029 0.926 0.915 1.408 1.649 1.936 1.479 1.165 1.163 
1.308 1.218 1.286 1.377 1.229 1.39 1.632 1.641 1.715 1.86 
1.65 1.419 1.541 1.648 1.393 1.487 1.771 1.913 1.818 1.947 
1.79 1.735 1.568 1.843 1.695 1.952 2.076 2.53 2.97 2.956 
2.947 2.605 3.29 3.071 2.805 2.371 2.232 1.662 1.865 2.019 
1.908 2.059 1.601 1.604 1.23 1.343 1.275 1.42 1.546 1.315 
1.497 1.369 1.263 1.326 1.455 1.353 1.543 1.864 2.201 2.323 
2.269 2.082 2.37 2.12 1.924 1.828 1.884 1.643 1.66 1.821 
1.831 1.626 1.748 1.52 1.858 1.63 1.495 1.474 1.884 1.867 
2.107 2.259 1.911 2.233 2.459 2.692 2.572 2.216 2.541 3.131 
2.916 2.63 3.276 3.392 3.204 3.652 4.376 4.611 4.365 3.459 
3.607 2.995 2.955 2.891 2.946 2.695 2.427 2.108 1.99 2.007 
2.07 2.163 2.15 1.964 2.317 2.428 3.3 3.426 3.29 3.947 
3.394 3.632 4.24 4.961 5.229 5.24 5.976 6.7 6.897 6.036 
6.259 6.265 6.025 5.817 6.127 6.501 6.937 8.406 9.101 11.253 
10.859 11.501 11.107 10.852 9.938 10.122 11.059 11.055 11.302 10.536 
12.193 11.764 11.487 10.673 10.054 10.88 10.128 9.56 9.028 9.523 
8.372 7.851 6.717 5.836 5.663 5.095 4.469 4.173 3.607 3.039 
2.551 2.673 2.165 2.057 1.919 1.679 1.913 1.93 2.261 1.648 
1.879 2.259 2.453 2.601 2.159 2.483 2.347 3.036 3.461 3.775 
3.244 2.687 2.646 2.812 3.147 3.542 3.731 4.612 4.838 5.285 
5.83 6.657 7.453 7.562 7.031 6.563 6.879 7.734 7.835 8.285 
6.569 6.866 6.71 7.338 6.214 7.103 6.543 6.503 7.69 6.413 
7.11 6.328 7.467 7.404 7.799 7.608 7.409 6.738 6.303 6.758 
7.332 6.892 6.542 5.886 7.067 6.968 6.912 6.152 5.347 4.68 
4.27 3.613 4.01 4.36 4.462 5.215 5.499 5.801 5.235 4.939 
4.157 3.717 3.072 3.312 3.018 3.238 3.76 2.501 2.176 1.805 
1.91 2.118 2.341 2.511 2.58 2.418 2.774 3.279 3.405 3.214 
3.533 3.699 4.457 4.953 4.808 5.619 5.765 5.725 6.623 7.26 
5.787 5.354 5.332 5.644 6.826 8.59 8.387 8.86 9.207 9.088 
8.892 7.741 7.983 9.323 8.406 7.932 8.051 7.412 6.438 4.534 
4.847 4.374 4.648 5.596 7.53 9.781 9.891 11.072 12.309 12.903 
12.52 13.947 13.541 13.384 13.775 13.715 12.649 13.119 13.526 13.763 
13.243 12.048 9.369 8.816 7.956 7.148 6.72 7.142 6.698 6.666 
7.468 7.036 7.265 7.257 8.164 8.513 8.586 9.628 7.997 8.687 
8.418 8.857 7.152 7.15 7.495 7.338 6.698 6.208 5.985 6.136 
5.619 4.878 4.36 3.819 3.392 3.794 3.318 3.337 3.282 3.3 
3.647 3.461 4.572 5.947 7.718 7.454 8.673 8.323 10.038 10.423 
12.381 13.694 11.644 13.026 12.873 13.012 14.715 14.179 13.767 12.276 
12.388 11.745 10.264 10.284 10.907 8.117 9.696 8.163 8.146 7.745 
7.771 7.299 8.618 8.114 9.042 9.994 9.24 10.197 10.774 12.474 
14.177 14.307 15.0 15.0 15.0 15.0 15.0 15.0 15.0 15.0 
15.0 15.0 15.0 15.0 15.0 15.0 15.0 15.0 15.0 15.0 
15.0 15.0 15.0 15.0 15.0 15.0 15.0 15.0 15.0 15.0 
15.0 15.0 15.0 15.0 15.0 15.0 15.0 15.0 14.772 15.0 
15.0 13.76 12.712 9.394 9.302 8.887 8.668 8.618 8.484 7.356 
7.34 7.073 6.935 7.008 7.064 8.148 9.008 10.748 10.44 12.136 
11.228 10.409 10.503 12.588 10.815 12.236 12.228 12.364 10.481 11.612 
9.88 7.89 6.639 6.524 6.537 8.061 8.574 12.984 14.302 15.0 
12.865 11.299 12.214 11.572 10.608 10.533 10.899 11.772 14.548 15.0 
14.674 14.531 11.628 10.019 10.094 9.18 9.631 9.799 10.418 10.03 
8.971 8.094 9.806 10.95 13.79 15.0 15.0 15.0 15.0 13.557 
9.803 8.652 7.407 5.644 5.461 5.787 5.961 5.175 5.697 5.38 
6.304 6.318 6.061 6.011 4.56 4.379 4.877 5.337 6.431 9.57 
11.024 11.582 9.58 10.162 7.953 7.559 6.856 8.239 9.469 9.947 
13.37 11.934 12.472 13.45 15.0 15.0 15.0 15.0 15.0 15.0 
15.0 15.0 15.0 15.0 15.0 15.0 15.0 15.0 15.0 15.0 
15.0 15.0 15.0 15.0 15.0 15.0 15.0 15.0 15.0 15.0 
15.0 15.0 15.0 15.0 15.0 15.0 15.0 15.0 15.0 15.0 
15.0 15.0 15.0 15.0 13.346 9.705 7.589 7.12 4.769 3.986 
3.104 2.861 2.531 2.087 2.15 2.303 2.047 1.838 1.862 2.067 
1.803 1.781 2.016 1.863 1.751 1.912 2.085 2.184 2.335 3.333 
4.123 4.467 4.069 5.236 4.823 3.418 3.313 2.498 1.894 1.782 
1.973 2.044 1.838 1.674 1.969 1.858 1.638 1.721 2.097 1.998 
1.8 2.063 2.182 1.904 2.342 3.153 3.639 4.239 3.109 2.779 
2.376 2.543 2.306 1.77 1.53 1.835 1.836 1.57 1.801 1.806 
1.728 1.585 1.802 1.894 1.57 1.751 1.951 1.927 1.712 2.229 
2.934 3.585 4.701 5.054 6.735 7.319 6.724 6.832 6.866 6.115 
6.323 6.008 6.71 7.476 8.419 8.84 10.182 11.846 13.487 13.8 
13.839 15.0 15.0 15.0 15.0 15.0 15.0 15.0 15.0 15.0 
15.0 15.0 15.0 15.0 15.0 15.0 15.0 15.0 15.0 15.0 
15.0 15.0 15.0 15.0 14.337 15.0 15.0 15.0 15.0 15.0 
15.0 15.0 15.0 
END
