PFRMAT local QA
AUTHOR MASS-CASP14
af2-standard_T1169_3.pdb local_accuracy_only 6.302 6.233 5.376 4.93 5.28 6.535 8.433 8.512 9.835 8.723 10.227 
9.252 10.518 8.846 10.166 9.037 11.141 12.412 13.669 14.654 15.0 
15.0 15.0 15.0 15.0 15.0 15.0 13.45 12.912 15.0 15.0 
15.0 14.926 15.0 13.096 13.856 13.093 14.555 15.0 15.0 15.0 
15.0 15.0 15.0 15.0 15.0 15.0 15.0 15.0 15.0 15.0 
15.0 15.0 15.0 15.0 15.0 15.0 15.0 15.0 15.0 15.0 
15.0 15.0 15.0 15.0 15.0 15.0 15.0 15.0 15.0 15.0 
15.0 15.0 14.754 15.0 15.0 15.0 15.0 13.581 12.435 12.269 
8.653 5.184 3.792 2.976 2.601 2.424 2.604 2.989 4.494 5.229 
4.446 3.983 4.918 4.55 4.906 5.668 5.826 7.305 8.091 10.521 
10.711 11.729 10.378 11.895 11.227 12.938 13.833 13.089 14.214 14.856 
15.0 15.0 15.0 15.0 15.0 15.0 15.0 15.0 15.0 15.0 
15.0 15.0 15.0 15.0 15.0 15.0 15.0 13.185 11.874 10.906 
8.089 6.18 5.433 4.361 3.782 3.632 3.734 3.45 3.985 3.879 
4.443 5.08 6.402 6.815 6.885 6.567 6.613 6.052 7.314 10.329 
10.248 10.178 8.52 7.736 7.842 6.664 6.49 7.346 8.496 8.826 
10.326 9.636 10.266 8.553 8.446 7.783 5.78 4.609 4.085 2.985 
2.719 2.656 2.732 3.074 3.985 3.922 4.369 4.229 3.586 3.137 
2.513 2.238 2.044 2.375 2.355 2.66 3.675 3.868 4.348 3.789 
3.715 4.282 4.356 4.625 5.428 6.366 8.345 9.259 10.466 9.647 
7.698 6.417 4.484 4.082 3.825 3.863 3.393 4.441 4.999 5.141 
5.822 6.677 7.352 7.713 8.052 8.719 7.247 6.591 6.529 6.559 
5.959 6.449 5.519 3.977 2.895 2.345 1.906 1.951 1.906 1.989 
2.398 2.625 2.162 1.886 2.048 1.948 2.202 3.249 4.094 5.078 
5.726 6.557 7.466 6.966 6.624 5.531 3.969 3.506 3.124 2.648 
2.622 3.092 3.309 3.313 4.381 5.138 5.469 4.812 4.956 5.624 
5.912 6.163 4.136 3.964 3.101 2.833 2.535 2.662 2.789 2.813 
2.921 3.306 3.731 3.696 4.109 3.746 3.025 2.575 2.08 2.293 
2.014 2.337 2.817 3.653 3.318 3.489 3.055 3.554 4.603 5.465 
7.118 7.014 9.228 11.8 14.32 15.0 15.0 15.0 15.0 15.0 
15.0 15.0 15.0 15.0 15.0 14.985 15.0 13.166 13.357 12.311 
12.44 11.489 12.076 11.65 12.547 12.7 10.551 9.563 9.535 7.842 
7.152 5.372 4.07 4.031 4.073 4.404 4.452 4.723 5.841 6.127 
7.035 5.536 5.098 4.967 4.664 4.517 5.227 6.025 7.693 6.679 
6.911 6.723 6.133 6.622 6.507 5.359 5.671 5.537 7.507 9.494 
11.876 15.0 15.0 15.0 15.0 15.0 15.0 15.0 15.0 15.0 
12.511 10.091 12.848 7.991 8.238 6.531 6.736 6.853 7.804 6.859 
7.575 7.649 7.0 5.892 6.89 5.49 5.124 3.694 3.137 2.566 
2.309 2.448 2.504 3.018 3.34 3.91 3.836 3.302 3.268 2.973 
2.552 2.128 2.298 2.39 1.877 1.78 1.988 2.154 2.663 2.236 
2.104 1.68 1.44 1.279 1.244 1.323 1.198 1.3 1.502 1.47 
2.277 2.654 4.393 5.136 5.25 6.238 6.344 7.446 7.576 5.251 
3.621 2.375 1.886 1.707 1.585 1.821 2.461 3.373 4.196 5.49 
5.73 6.401 5.228 4.454 3.53 2.841 2.134 2.067 2.025 2.113 
1.747 1.792 2.059 2.015 2.204 1.962 1.553 1.223 1.133 1.215 
1.389 1.874 2.026 2.23 2.306 2.724 3.219 3.845 4.088 3.088 
2.369 1.976 1.491 1.53 1.703 2.227 2.43 2.908 2.969 2.372 
1.928 1.472 1.29 1.356 1.706 2.347 2.608 3.255 3.967 5.314 
6.082 8.258 7.687 7.108 5.485 3.79 2.926 2.317 2.199 2.273 
2.744 3.218 3.325 3.021 2.403 2.058 1.817 1.573 1.366 1.349 
1.389 1.737 2.224 2.379 2.441 2.27 1.433 1.124 0.965 0.262 
1.254 1.647 1.885 1.697 1.539 1.317 1.219 1.117 1.13 1.397 
2.14 2.929 3.182 2.64 1.909 1.488 1.469 1.533 1.567 1.761 
2.106 2.787 3.263 4.406 4.457 5.818 6.013 6.849 8.205 8.434 
9.177 7.923 6.877 4.821 3.67 2.718 2.278 2.073 1.88 1.703 
1.457 1.121 1.527 1.608 1.818 2.024 2.984 3.338 4.415 4.498 
4.926 5.11 6.324 4.834 3.134 2.888 2.346 1.858 1.652 1.476 
1.367 1.551 2.037 2.301 3.414 4.789 5.668 5.156 4.53 3.205 
2.259 1.949 1.756 1.731 1.445 1.499 2.155 2.806 4.604 5.674 
5.164 3.698 2.456 1.652 1.271 1.127 1.141 1.213 1.158 1.481 
2.066 2.967 5.898 7.65 8.37 9.115 15.0 15.0 15.0 15.0 
15.0 15.0 15.0 15.0 15.0 8.416 7.87 6.615 5.454 4.787 
3.775 2.727 1.98 1.564 1.385 1.33 1.199 0.942 0.974 0.951 
1.178 1.401 2.067 2.157 1.963 1.877 1.476 1.19 1.163 1.226 
1.263 1.434 1.767 2.23 3.598 4.333 5.556 5.449 3.872 2.356 
1.985 1.807 1.834 1.725 1.555 1.85 1.902 2.289 2.924 2.824 
3.335 3.003 2.553 1.976 1.7 1.572 1.457 1.449 1.344 1.801 
3.068 3.747 4.852 4.562 4.539 3.14 3.12 2.524 2.238 1.905 
1.484 1.345 1.479 1.651 1.7 2.171 1.988 1.761 1.718 1.784 
1.998 2.235 2.673 3.69 4.972 6.746 8.348 9.668 10.867 11.112 
11.196 11.478 10.466 9.666 8.376 9.388 8.34 7.371 7.533 6.353 
4.115 3.033 2.097 1.662 1.677 1.951 2.06 2.207 1.602 1.467 
1.125 1.201 1.099 1.225 1.258 1.555 2.014 2.401 2.385 1.568 
1.603 1.288 1.263 1.152 1.072 1.007 1.028 1.182 1.25 1.774 
1.778 1.648 1.925 2.18 2.361 2.175 2.373 3.065 3.524 2.725 
2.126 1.747 1.617 1.807 2.085 2.642 3.555 3.884 3.885 2.803 
1.644 1.521 1.748 1.407 1.224 1.367 1.201 1.201 1.549 1.701 
1.701 1.798 1.335 1.215 1.226 1.263 1.374 1.459 1.499 1.71 
2.011 2.982 4.178 4.842 4.254 3.906 2.932 2.44 2.313 1.853 
1.475 1.419 1.271 1.351 1.425 1.731 2.522 3.326 3.105 3.012 
1.955 1.7 2.06 2.773 3.202 5.053 5.463 7.562 8.009 12.919 
10.056 12.899 11.152 11.422 11.868 13.5 13.456 15.0 14.104 13.33 
12.166 11.141 11.117 8.268 5.65 3.496 2.247 1.945 1.888 1.645 
1.726 1.827 2.182 1.981 1.592 1.499 1.377 1.553 1.515 1.592 
1.835 2.419 3.353 5.216 5.634 5.701 5.406 5.251 5.913 6.257 
6.356 6.803 6.23 7.232 7.515 9.116 9.086 9.319 8.771 7.596 
6.336 5.883 5.506 4.737 4.3 3.718 3.161 2.573 2.255 2.665 
3.051 3.183 3.339 2.262 1.748 1.522 1.544 1.621 1.588 1.935 
2.309 3.163 4.0 3.509 2.946 2.502 2.615 2.671 3.12 3.357 
4.309 6.119 7.52 8.761 8.793 9.014 8.781 7.477 7.62 7.127 
6.285 5.019 4.537 4.662 4.243 3.772 4.168 4.316 5.048 5.051 
6.963 7.528 9.008 10.95 12.711 14.606 15.0 15.0 12.041 10.001 
9.793 7.807 6.689 5.546 5.25 4.023 3.541 3.74 3.813 3.664 
3.758 3.641 4.605 4.484 4.394 5.018 4.647 4.358 4.65 4.69 
3.722 2.924 2.354 2.235 2.507 2.497 2.575 2.262 2.112 1.83 
1.808 1.755 1.538 1.553 1.629 1.868 2.064 2.759 3.746 3.148 
2.018 1.218 1.252 0.995 0.927 0.993 0.996 0.888 1.008 1.071 
1.204 1.296 1.771 2.38 2.388 2.069 1.866 1.827 1.69 1.71 
1.421 1.791 1.763 1.651 2.021 2.448 2.641 3.263 3.437 3.459 
3.099 3.894 4.374 3.986 2.887 2.658 3.228 3.134 3.891 5.277 
6.459 7.298 9.462 11.208 13.191 13.382 11.269 12.412 10.973 9.638 
7.887 5.925 4.342 2.688 2.165 1.902 1.898 1.95 2.073 2.4 
2.672 2.901 3.042 2.478 1.676 1.356 1.277 1.163 1.157 1.225 
1.304 1.465 1.452 1.876 2.14 3.312 4.365 4.625 5.756 4.772 
5.077 6.097 5.89 6.014 6.141 6.804 5.344 5.083 4.345 3.524 
2.956 3.068 2.811 3.013 2.747 2.699 3.024 3.301 3.018 3.218 
3.317 3.631 3.556 3.707 3.268 2.564 2.475 2.245 1.867 1.662 
1.568 1.779 2.345 2.031 1.443 1.208 1.261 1.336 1.691 1.763 
1.585 1.313 1.18 1.228 1.502 1.793 2.186 2.164 1.767 1.541 
1.643 2.019 2.103 2.497 2.177 3.026 3.775 4.144 4.578 4.352 
4.257 4.285 3.955 3.103 2.328 2.135 1.702 1.943 1.672 2.047 
2.455 2.177 1.596 1.358 1.154 1.223 1.356 1.556 1.951 2.024 
2.443 1.878 1.58 1.264 1.208 1.132 1.052 1.353 1.825 2.782 
4.252 4.837 5.329 5.483 4.742 3.763 2.824 2.314 2.07 2.065 
1.786 2.069 1.916 2.093 2.363 2.469 2.51 1.985 1.609 1.458 
1.607 1.97 2.354 2.201 1.909 1.587 1.437 1.282 1.254 1.515 
2.14 2.809 2.856 1.806 1.69 1.332 1.184 1.28 1.239 1.257 
1.758 2.513 3.438 4.639 4.635 3.887 3.337 3.633 3.63 3.282 
2.852 2.412 2.261 2.497 2.508 2.275 2.141 1.983 2.487 3.139 
4.15 3.941 3.826 3.884 2.974 1.937 1.512 1.367 1.381 1.389 
1.791 2.302 3.023 2.483 2.254 1.734 1.882 1.751 1.393 1.53 
1.704 1.952 2.179 1.983 2.418 2.694 4.427 5.909 6.996 8.606 
8.364 9.301 8.028 7.581 6.707 5.232 4.626 3.838 3.736 3.731 
3.707 4.25 4.635 6.355 6.729 5.462 4.408 3.235 2.436 2.55 
2.278 2.517 2.542 2.751 3.348 4.005 3.949 4.704 5.7 6.211 
7.393 7.333 7.905 6.135 6.299 4.298 3.079 2.213 1.828 1.438 
1.332 1.167 1.42 1.374 1.827 2.308 3.345 4.116 4.747 3.969 
3.746 2.932 2.314 1.907 1.727 1.613 1.733 1.924 2.36 2.795 
3.003 2.891 2.326 1.946 1.716 1.707 1.683 1.854 1.932 1.899 
2.117 2.823 3.46 4.615 6.583 7.341 9.205 10.844 11.938 13.322 
12.733 12.04 10.557 11.801 10.102 10.073 7.917 8.786 8.188 9.369 
8.794 10.365 11.279 10.152 10.014 10.054 10.088 8.503 6.933 5.583 
4.396 3.437 2.495 2.04 1.834 1.621 1.518 1.534 1.664 2.101 
2.118 2.216 1.772 1.358 1.038 1.123 1.347 1.344 1.558 1.752 
1.673 1.812 1.834 2.371 2.467 2.411 1.789 1.67 1.507 1.363 
1.302 1.413 1.284 1.379 1.382 1.311 1.575 1.676 2.011 2.003 
1.999 1.389 1.41 1.355 1.787 2.339 2.042 2.172 1.659 2.016 
2.42 2.657 2.226 1.56 1.966 2.312 2.686 2.168 1.589 1.597 
1.444 1.838 1.875 2.06 1.8 1.665 1.737 2.071 2.098 2.301 
3.395 4.228 4.758 3.619 2.947 3.297 3.331 3.841 3.654 5.316 
5.724 6.339 5.737 4.648 3.766 2.915 2.033 1.615 1.337 1.337 
1.15 1.123 1.159 1.149 1.137 1.472 2.344 2.713 3.398 3.178 
3.614 4.162 4.451 4.069 3.688 3.338 3.249 3.466 2.673 2.561 
2.81 2.926 3.416 4.184 5.867 6.71 7.945 8.226 8.762 9.764 
9.542 7.384 7.808 6.246 5.57 4.988 4.031 2.655 1.828 1.638 
1.389 1.365 1.255 1.119 1.171 1.118 1.351 1.766 2.291 3.403 
4.783 6.538 8.869 10.459 9.546 8.805 5.779 3.909 2.642 2.283 
1.804 1.53 1.381 1.336 1.593 1.583 1.929 3.009 3.515 4.336 
4.187 2.975 2.116 1.51 1.233 1.076 1.186 1.179 1.211 1.093 
1.032 1.157 1.417 1.543 1.864 1.744 1.623 1.457 1.305 1.114 
1.116 1.115 1.152 1.316 1.631 2.222 2.716 3.117 2.397 1.923 
1.644 1.479 1.398 1.335 1.55 1.902 1.637 1.727 1.527 1.442 
1.333 1.269 1.411 1.372 1.612 2.106 3.149 3.475 2.692 2.026 
1.566 1.391 1.532 1.613 1.536 1.635 2.307 2.481 2.38 1.731 
1.478 1.412 1.21 1.096 1.076 1.104 1.143 1.326 1.466 2.141 
2.327 3.342 3.961 5.301 6.087 8.084 10.469 11.59 9.503 9.011 
8.365 7.817 5.642 3.768 2.411 2.293 1.93 1.914 1.865 2.068 
2.664 3.535 3.184 3.332 2.797 2.761 2.904 3.468 4.449 4.346 
4.472 6.494 7.331 8.374 7.349 8.146 7.79 8.4 6.716 9.152 
9.252 12.816 15.0 14.969 13.66 11.874 11.555 12.262 11.361 10.745 
10.673 10.197 11.27 12.4 14.221 13.886 12.958 10.618 12.842 11.827 
10.979 10.155 8.924 6.472 5.398 3.459 2.975 1.789 1.52 1.232 
1.168 1.186 1.152 1.066 1.171 1.595 2.137 2.963 3.31 2.966 
2.394 1.512 1.147 0.79 1.069 1.215 1.449 1.733 1.889 2.185 
2.256 1.953 1.817 1.72 2.254 2.855 2.735 3.134 2.786 3.308 
3.711 5.295 7.083 7.704 7.489 7.534 7.157 7.018 5.519 4.442 
3.381 2.116 1.504 1.312 1.187 1.208 1.192 1.322 1.777 2.519 
2.118 1.763 1.729 1.44 1.151 1.008 0.934 0.936 1.181 1.058 
1.022 1.182 1.292 1.577 2.073 2.517 3.245 4.126 5.802 5.402 
4.674 3.472 3.408 3.162 2.208 1.721 1.481 1.263 1.104 1.171 
1.573 1.927 2.158 1.768 1.352 1.217 1.249 1.332 1.287 1.135 
1.14 1.114 1.133 1.511 1.565 1.624 1.461 1.253 1.247 1.239 
1.269 1.42 1.423 1.934 3.018 4.125 4.751 4.046 3.933 2.75 
2.688 2.172 1.847 1.774 2.128 2.488 3.111 3.434 3.011 2.421 
1.913 1.737 1.551 1.746 1.849 1.702 1.753 1.896 2.312 3.303 
3.875 3.084 2.496 1.953 1.731 1.463 1.587 1.449 1.414 1.379 
1.564 1.715 1.958 2.421 2.691 3.629 5.06 5.803 6.77 8.243 
6.923 5.554 3.894 2.782 2.159 2.028 2.061 2.191 2.662 2.856 
2.334 1.729 1.747 2.036 2.287 2.376 2.704 4.491 5.306 5.528 
5.511 4.428 3.964 3.605 3.962 5.644 5.513 4.63 4.521 3.91 
4.658 4.441 4.843 4.686 4.896 5.558 5.064 4.246 3.291 2.814 
2.161 1.836 1.851 1.502 1.289 1.268 1.232 1.3 1.232 1.219 
1.272 1.448 1.853 2.992 3.134 4.463 4.284 4.101 3.046 2.149 
1.575 1.28 1.105 1.025 1.16 1.042 1.038 1.435 1.425 1.364 
1.486 1.731 2.108 2.571 3.444 2.666 2.557 2.764 2.579 2.376 
2.665 3.452 4.617 4.231 3.411 2.462 2.57 2.249 2.106 2.229 
2.3 2.318 1.806 2.139 2.561 3.029 2.57 2.177 1.772 1.975 
1.65 1.651 1.572 1.609 1.606 1.825 2.19 2.167 1.991 1.672 
1.53 1.385 1.433 1.32 1.321 1.595 2.158 2.63 3.402 2.961 
2.355 1.911 1.55 1.312 1.147 1.138 1.297 1.357 1.332 1.738 
2.341 2.177 2.853 2.54 2.225 1.841 1.711 1.594 1.761 1.67 
1.944 2.749 4.396 5.536 6.034 4.336 2.57 1.528 1.368 1.185 
1.205 1.405 1.594 1.549 1.399 1.51 2.121 2.954 3.361 4.03 
4.528 5.166 7.123 7.899 8.129 9.55 9.964 9.561 7.975 6.913 
6.522 6.103 4.414 3.601 2.739 1.978 1.693 1.5 1.451 1.528 
1.33 1.387 1.786 2.848 3.106 3.958 3.351 2.183 1.612 1.704 
1.765 1.882 1.809 1.479 1.956 2.043 2.368 2.167 1.581 1.455 
1.407 1.218 1.262 1.363 1.96 2.769 2.418 2.532 1.984 1.7 
1.475 1.434 1.308 1.168 1.382 1.828 2.979 6.125 7.418 9.742 
8.309 6.005 4.41 3.018 2.11 2.071 1.956 1.915 1.774 1.554 
1.798 1.826 1.994 1.829 1.645 1.399 1.499 1.783 1.874 1.959 
1.877 1.463 1.92 2.242 2.784 3.397 3.326 2.926 2.329 2.818 
2.708 2.588 3.375 3.95 5.32 6.383 9.161 10.156 10.287 8.485 
7.28 5.636 6.984 6.699 5.359 4.485 3.107 2.104 1.879 1.449 
1.516 1.473 1.294 1.666 1.867 2.025 1.983 2.028 2.004 1.834 
2.046 2.031 2.718 3.632 5.46 6.562 7.899 8.627 9.277 8.953 
9.478 10.382 9.544 8.932 8.618 5.298 4.024 3.351 3.198 2.697 
2.303 2.105 1.836 1.787 2.093 2.858 3.143 2.672 2.42 1.816 
1.645 1.565 1.487 1.395 1.2 1.293 1.679 2.231 3.61 4.042 
4.355 3.254 2.685 2.616 2.398 2.259 2.092 2.064 2.647 3.167 
3.774 4.274 4.616 3.709 2.986 3.115 2.577 2.291 2.252 2.287 
2.206 2.37 2.558 2.563 3.21 3.535 2.426 1.679 1.459 1.364 
1.37 1.253 1.406 1.409 1.731 1.982 2.812 2.927 2.693 2.181 
1.616 1.627 1.507 1.301 1.412 1.559 1.813 2.242 3.134 4.759 
7.282 7.768 8.197 5.625 3.356 2.868 2.127 2.124 1.669 1.521 
1.638 1.472 1.668 1.688 1.911 1.611 1.825 1.692 1.84 1.546 
1.44 1.666 1.687 1.465 1.517 1.689 2.184 2.929 3.919 4.163 
3.575 2.706 2.103 2.168 2.373 2.239 2.231 2.102 2.137 2.396 
2.613 2.85 2.648 2.512 2.233 2.534 3.196 2.944 3.457 3.609 
3.538 3.212 3.102 4.018 4.697 4.718 3.869 3.99 4.43 6.613 
7.696 7.809 5.827 5.028 5.011 4.604 3.72 3.47 2.782 2.428 
2.27 2.331 2.528 2.225 2.413 2.033 1.924 1.677 1.515 1.759 
1.727 1.781 1.685 1.736 1.981 1.68 1.751 1.776 2.384 2.6 
2.453 2.297 2.244 1.703 2.094 2.276 2.549 2.684 2.115 2.323 
3.06 4.543 5.641 4.508 5.334 6.163 6.726 5.043 3.969 4.967 
4.136 2.942 2.971 2.722 2.548 1.921 2.192 2.043 2.09 2.014 
1.892 1.712 2.086 2.732 2.364 1.903 1.705 1.835 2.152 2.724 
2.847 2.674 3.407 4.184 5.108 4.903 5.413 5.404 5.357 4.334 
3.782 4.343 3.955 3.881 4.59 5.351 6.344 7.059 6.578 5.957 
6.151 5.757 5.087 5.34 6.406 7.395 7.176 7.325 9.109 7.774 
6.636 5.584 5.006 3.876 3.28 2.467 2.437 2.13 1.911 1.724 
1.708 1.807 2.549 2.994 3.483 3.709 3.328 2.584 2.601 2.642 
2.637 3.061 3.754 4.158 5.181 6.471 8.293 8.175 8.282 7.047 
5.373 4.155 3.576 3.566 3.9 3.786 3.481 4.51 4.764 3.29 
2.242 2.655 2.482 2.677 2.809 2.413 2.539 3.215 3.898 3.412 
3.082 3.365 3.378 2.715 3.127 3.412 3.835 3.676 4.087 5.15 
5.972 7.046 7.622 9.384 9.202 9.411 9.244 8.618 7.735 6.403 
5.689 5.661 5.911 6.132 7.05 7.902 7.231 6.938 7.555 7.98 
7.054 5.843 4.393 3.641 3.133 2.694 2.387 2.46 2.897 3.237 
3.652 5.81 6.48 8.114 8.907 8.794 9.106 11.351 13.093 14.553 
13.207 13.583 13.187 11.421 11.334 10.537 11.925 12.286 10.069 10.975 
12.665 13.015 12.871 10.662 9.155 7.557 7.885 7.528 8.227 7.4 
7.607 8.161 8.319 10.242 9.489 9.312 8.576 9.172 8.85 10.042 
10.817 9.825 8.286 7.741 7.462 6.557 6.012 7.228 8.043 7.196 
8.236 8.828 9.374 7.685 7.031 6.991 5.462 4.156 4.181 4.197 
4.435 3.635 4.513 5.334 5.14 4.82 5.516 5.524 5.96 5.216 
4.022 3.416 2.313 2.008 1.728 1.845 1.987 2.08 1.998 1.893 
1.894 1.736 2.176 2.987 3.259 3.154 2.953 2.962 2.932 2.117 
1.678 1.684 1.666 1.85 1.857 1.651 1.381 1.357 1.21 0.86 
1.071 1.243 1.425 1.809 1.7 1.478 1.447 1.293 1.324 1.428 
1.357 1.387 1.753 2.368 3.79 5.311 7.155 6.997 5.026 3.301 
2.343 1.855 1.449 1.389 1.341 1.414 1.755 1.801 1.527 1.451 
1.49 1.615 1.862 1.99 2.025 2.048 1.961 1.555 1.332 1.39 
1.274 1.262 1.173 1.122 1.261 1.527 1.491 1.722 1.691 1.459 
1.306 1.247 1.243 1.07 1.134 1.161 1.462 1.765 2.422 2.162 
1.679 1.4 1.135 1.077 1.095 1.04 1.109 1.29 1.341 1.387 
1.598 1.801 1.613 1.382 1.142 1.246 1.109 1.029 1.127 1.458 
1.773 1.827 1.748 1.61 1.368 1.318 1.228 1.328 1.333 1.232 
1.182 1.11 1.143 1.309 1.561 1.489 1.657 1.392 1.273 1.025 
1.229 1.167 1.214 1.309 1.22 1.445 1.524 2.399 3.546 4.977 
4.446 4.063 4.005 3.177 2.183 1.871 1.658 1.861 1.75 1.748 
1.634 1.424 1.329 1.532 1.516 1.693 2.157 2.409 1.817 1.6 
1.453 1.43 1.227 1.282 1.726 2.463 2.636 1.814 1.538 1.484 
1.291 1.107 1.087 1.212 1.221 1.321 1.393 1.339 1.123 1.084 
1.071 0.996 0.903 0.886 1.362 1.71 1.831 1.44 1.077 1.085 
1.209 1.15 1.172 1.271 1.151 1.344 1.484 1.521 1.567 1.767 
1.551 1.352 1.552 1.591 1.437 1.529 1.523 1.781 1.661 1.844 
1.651 1.618 1.439 1.725 1.605 1.658 1.673 1.955 2.088 1.975 
2.014 1.824 2.418 2.532 2.528 2.166 1.858 1.517 1.685 1.738 
1.695 1.927 1.499 1.513 1.227 1.442 1.544 1.877 1.802 1.515 
1.588 1.388 1.237 1.221 1.36 1.317 1.413 1.699 1.885 1.84 
2.0 1.918 1.986 1.834 1.781 1.692 1.767 1.517 1.576 1.776 
2.023 1.737 1.868 1.627 1.828 1.612 1.35 1.512 1.967 2.007 
2.127 2.448 2.028 2.112 2.258 2.64 2.388 2.047 2.25 2.706 
2.546 2.567 2.746 2.813 2.361 2.629 2.924 2.953 2.717 2.158 
2.338 2.087 1.962 1.657 1.681 1.779 1.825 1.218 1.363 1.464 
1.448 1.796 1.824 1.748 2.092 2.15 3.189 3.643 3.611 3.549 
2.927 2.875 2.808 3.574 3.784 3.664 4.226 4.919 5.344 4.763 
5.109 5.362 4.985 4.802 4.455 4.203 4.379 4.344 3.928 4.359 
4.143 3.392 2.966 2.826 2.612 2.405 2.547 2.735 3.169 3.137 
2.965 3.331 3.921 4.086 4.387 6.067 6.38 6.808 8.175 9.958 
7.997 8.177 6.031 5.542 4.839 3.789 4.118 3.731 3.216 2.909 
2.058 2.246 1.947 1.783 1.509 1.548 1.797 1.994 1.917 1.612 
1.877 1.862 2.137 2.185 1.754 2.05 2.298 2.496 2.839 3.377 
4.014 4.529 4.996 5.485 6.868 7.467 7.1 8.216 9.632 9.518 
9.116 9.512 10.364 9.705 8.388 8.295 7.69 8.455 8.142 7.362 
5.829 5.689 5.396 6.041 5.614 4.54 4.081 3.975 4.135 3.837 
4.301 4.44 5.131 5.115 5.271 5.654 6.118 6.273 6.754 7.387 
7.698 8.345 8.696 9.585 9.094 9.586 8.848 9.738 8.257 7.657 
6.516 6.686 6.549 6.261 6.611 7.224 6.403 6.572 5.725 4.58 
4.051 3.786 2.993 3.258 3.12 3.443 3.983 3.004 3.089 2.807 
3.145 3.677 3.37 3.097 2.804 2.618 2.515 2.536 2.315 1.898 
1.953 1.901 2.029 1.958 1.71 1.603 1.711 1.585 1.548 1.674 
1.61 1.669 1.82 2.237 2.539 3.19 3.625 4.568 5.587 5.187 
6.044 6.047 5.639 6.672 8.396 10.751 11.945 11.407 11.637 10.988 
11.283 9.845 9.151 7.724 8.216 8.412 7.869 7.463 5.605 5.541 
5.283 5.556 5.573 4.748 5.665 5.462 5.504 5.392 4.091 4.146 
4.04 4.449 3.786 3.743 4.118 3.968 4.561 4.426 4.978 5.464 
6.209 6.235 6.357 5.178 4.229 3.447 3.35 3.061 2.843 3.448 
3.966 5.09 5.654 5.863 6.467 6.813 6.664 5.382 5.489 5.738 
6.54 7.692 10.662 10.641 10.833 11.045 11.455 11.491 11.079 10.325 
10.089 9.549 10.283 13.703 15.0 15.0 15.0 15.0 15.0 15.0 
15.0 15.0 15.0 15.0 13.753 11.657 11.153 10.951 9.734 8.374 
7.478 7.646 6.16 6.083 6.24 4.732 5.152 3.882 3.507 3.972 
4.308 4.697 5.622 5.38 5.979 5.97 5.385 5.068 5.473 5.396 
5.858 5.193 4.995 4.947 5.272 5.23 5.803 6.749 7.375 6.56 
7.001 5.738 6.172 5.854 6.073 6.675 5.895 6.442 7.428 8.43 
8.496 8.504 10.119 9.656 10.614 9.106 9.108 9.56 10.853 11.286 
11.507 10.154 10.302 10.05 8.438 8.481 10.24 9.749 8.439 8.45 
9.533 8.61 8.259 6.437 7.157 7.448 8.551 9.333 10.832 9.614 
10.314 11.072 10.594 11.982 10.438 14.39 13.359 15.0 15.0 15.0 
15.0 15.0 15.0 15.0 12.637 11.874 10.365 8.125 6.555 5.778 
4.619 3.918 3.561 3.47 4.013 5.061 6.121 7.806 8.816 9.548 
8.087 7.229 7.183 6.696 6.552 6.967 8.218 10.81 12.156 14.383 
12.041 13.446 11.937 12.053 11.262 13.73 12.894 14.853 14.9 15.0 
14.475 15.0 14.601 14.169 14.14 13.566 13.296 12.65 14.748 11.638 
11.572 11.526 10.881 9.962 9.82 9.383 8.941 8.097 9.076 8.285 
10.298 9.091 9.104 7.755 7.372 7.282 8.538 10.683 11.986 12.849 
13.284 14.674 14.245 15.0 15.0 15.0 15.0 15.0 15.0 15.0 
15.0 15.0 12.508 11.477 10.465 9.323 12.389 14.772 15.0 15.0 
15.0 15.0 15.0 15.0 15.0 15.0 15.0 15.0 15.0 15.0 
15.0 15.0 15.0 15.0 15.0 15.0 15.0 15.0 15.0 15.0 
15.0 15.0 15.0 15.0 15.0 15.0 15.0 15.0 15.0 15.0 
15.0 15.0 13.187 13.273 10.704 9.983 8.389 8.457 6.366 6.103 
5.202 4.333 3.747 3.1 2.823 2.597 2.274 2.192 1.857 1.92 
1.827 1.858 1.98 1.933 1.959 1.99 2.221 2.305 2.358 3.074 
4.015 4.54 4.018 5.622 5.455 4.45 4.186 3.471 2.75 2.413 
2.506 2.426 2.348 2.131 2.393 2.253 2.147 2.215 2.547 2.349 
2.149 2.297 2.433 2.233 2.646 3.223 3.765 4.546 4.053 3.425 
3.096 3.077 2.492 1.923 1.677 2.033 1.974 1.78 2.005 1.884 
1.795 1.679 1.949 2.103 2.062 2.314 2.826 3.115 3.313 4.593 
5.98 7.691 8.47 10.804 12.844 12.888 12.572 13.181 13.915 12.748 
14.274 13.023 13.754 14.197 15.0 14.521 15.0 15.0 15.0 15.0 
15.0 15.0 15.0 15.0 15.0 15.0 15.0 15.0 15.0 12.586 
9.933 8.404 8.148 7.305 6.064 5.617 6.245 6.235 6.039 6.273 
7.579 8.317 9.701 10.903 10.982 14.712 12.963 12.568 11.58 11.763 
10.178 10.401 8.738 
END
