PFRMAT local QA
AUTHOR LAW-CASP14
af2-standard_T1169_3.pdb local_accuracy_only 14.349 15.0 14.94 11.493 15.0 15.0 15.0 15.0 15.0 15.0 15.0 
15.0 15.0 12.377 15.0 15.0 15.0 15.0 15.0 15.0 11.876 
10.062 12.225 12.903 13.633 14.946 15.0 14.768 13.715 7.11 8.608 
6.564 5.416 3.56 3.837 15.0 13.74 3.61 3.057 3.156 4.112 
4.324 8.081 8.75 8.569 11.713 14.761 14.964 15.0 15.0 15.0 
14.758 13.059 11.724 12.579 13.898 13.449 15.0 15.0 15.0 15.0 
15.0 15.0 15.0 15.0 15.0 15.0 15.0 15.0 15.0 15.0 
15.0 15.0 15.0 15.0 15.0 14.641 15.0 15.0 11.079 10.959 
10.008 2.684 1.025 0.835 0.81 0.866 0.962 1.137 15.0 8.961 
1.292 1.114 1.013 1.116 1.577 3.201 3.956 3.805 4.25 4.378 
6.243 5.586 4.169 2.827 2.036 3.799 6.722 8.158 9.486 10.516 
11.498 9.138 7.764 8.153 9.06 8.787 8.827 8.433 8.161 5.8 
8.811 6.271 5.926 7.519 8.823 11.352 11.909 9.935 8.536 9.321 
8.445 7.77 5.582 2.632 1.858 1.612 2.04 2.547 1.961 2.185 
2.865 3.525 4.469 4.587 4.039 2.726 4.178 4.487 8.762 8.457 
8.134 4.774 3.642 4.759 5.863 5.8 7.289 7.727 8.458 8.106 
5.085 1.924 1.273 1.35 1.296 1.351 1.326 1.452 1.753 2.101 
4.45 5.33 1.412 1.842 2.53 6.117 7.169 8.567 9.347 7.631 
4.07 2.095 1.918 1.493 1.332 1.03 1.263 1.134 1.188 1.653 
2.328 4.834 6.047 8.402 9.589 13.546 13.1 13.548 11.939 11.418 
13.86 13.526 13.533 10.303 8.959 8.23 6.674 8.838 8.704 7.421 
8.615 9.596 9.985 12.052 12.824 13.022 12.17 8.12 8.16 8.791 
8.473 9.059 7.051 6.596 4.799 1.842 1.253 1.133 1.163 1.178 
1.197 1.342 1.13 1.109 1.17 1.341 1.966 2.708 6.055 9.454 
11.342 12.945 11.62 9.637 7.213 4.379 2.684 1.968 1.387 1.32 
1.4 1.946 3.028 2.755 5.459 5.427 5.568 5.487 4.9 7.951 
8.038 9.736 7.957 7.448 9.16 5.143 6.816 8.843 12.631 13.481 
15.0 15.0 15.0 15.0 15.0 15.0 15.0 12.358 10.349 7.311 
4.807 3.787 3.411 3.697 3.107 3.19 4.901 4.875 7.496 10.783 
13.413 15.0 15.0 15.0 15.0 15.0 15.0 15.0 15.0 15.0 
15.0 15.0 15.0 15.0 15.0 15.0 15.0 13.497 13.821 14.238 
13.435 15.0 15.0 14.871 15.0 14.07 15.0 15.0 15.0 15.0 
15.0 15.0 15.0 15.0 15.0 14.779 14.356 12.564 12.279 13.247 
15.0 15.0 14.468 14.716 15.0 15.0 15.0 15.0 15.0 15.0 
15.0 15.0 15.0 13.896 14.458 11.351 8.613 8.389 7.988 9.338 
12.501 14.087 15.0 15.0 15.0 15.0 15.0 15.0 15.0 15.0 
15.0 15.0 15.0 15.0 15.0 15.0 15.0 15.0 15.0 12.569 
9.986 8.456 7.159 3.98 3.563 4.055 4.883 7.482 6.539 5.58 
3.522 3.196 2.042 2.312 2.688 3.014 2.961 3.647 3.107 4.413 
3.332 3.038 3.361 2.832 1.784 1.824 1.508 1.528 1.421 1.44 
1.476 1.325 1.293 1.262 1.374 1.277 1.291 1.359 1.447 1.579 
2.119 3.722 4.979 5.411 5.499 4.937 4.654 8.941 4.191 2.613 
1.901 1.518 1.337 1.243 1.177 1.196 1.3 1.562 2.955 3.263 
4.611 2.807 2.833 2.018 1.873 1.725 1.528 1.49 1.638 1.995 
1.28 1.43 1.716 1.945 4.16 1.498 1.264 0.946 0.971 1.19 
1.279 1.807 2.177 2.651 3.083 3.506 4.924 3.625 3.926 3.536 
1.845 1.455 1.158 1.133 1.53 1.948 3.026 3.838 5.468 3.955 
2.492 1.686 1.963 1.424 2.67 1.5 1.662 2.786 3.238 3.846 
5.077 7.029 6.377 7.929 2.658 1.602 1.193 1.047 1.001 1.148 
1.636 2.437 2.862 1.735 1.455 1.229 1.033 0.887 0.874 0.89 
0.957 1.186 1.42 1.932 1.627 1.239 1.027 0.803 0.79 0.72 
0.853 0.961 1.119 1.098 1.04 0.91 0.804 0.717 0.766 0.931 
1.242 1.607 1.852 1.622 1.045 1.313 1.19 2.34 1.773 2.758 
2.725 3.32 5.647 5.862 5.974 3.138 4.289 3.145 9.854 12.181 
11.25 10.643 6.83 5.733 4.493 2.795 1.994 1.707 1.32 1.206 
1.008 0.901 0.849 0.925 1.021 1.03 1.003 1.218 1.705 1.491 
2.37 2.787 2.485 4.186 3.345 2.416 2.422 1.653 1.417 1.442 
1.426 1.651 2.347 2.708 3.761 3.846 4.882 3.161 2.492 2.171 
1.36 1.577 1.353 1.367 1.427 1.534 2.414 3.835 4.025 6.316 
6.913 3.646 2.924 2.166 1.531 1.427 1.305 1.308 1.297 1.327 
1.69 2.087 3.253 4.975 6.646 12.872 15.0 15.0 15.0 15.0 
15.0 15.0 15.0 15.0 15.0 15.0 15.0 15.0 11.861 9.443 
4.626 3.657 1.722 1.439 1.289 1.228 1.177 1.231 1.32 1.561 
1.819 2.184 2.414 2.563 2.399 1.755 1.402 1.19 1.164 1.14 
1.236 1.265 1.767 1.57 2.242 2.031 2.778 2.601 1.753 1.73 
1.483 1.242 1.286 1.171 1.076 1.134 1.238 1.448 2.585 1.514 
1.836 1.331 1.167 1.132 1.035 1.128 1.164 1.279 1.437 1.643 
2.079 2.206 2.019 2.535 2.119 1.971 1.894 1.593 1.417 1.509 
1.315 1.267 1.212 1.267 1.422 1.553 1.546 1.496 1.448 1.449 
1.655 1.916 3.273 4.875 6.166 6.846 7.594 6.407 6.041 5.806 
3.55 2.877 2.453 2.353 1.907 3.166 2.795 2.407 4.914 2.556 
6.177 3.398 1.172 1.097 1.197 1.513 2.063 2.39 1.592 1.134 
1.013 0.935 0.925 0.955 1.034 1.119 1.053 1.239 1.435 1.165 
1.449 1.165 1.041 0.993 0.956 1.045 0.941 0.989 1.016 1.311 
1.004 1.054 1.104 1.11 1.143 1.189 1.533 2.244 3.032 2.238 
1.606 1.323 1.157 1.208 1.492 2.062 3.13 4.148 3.764 3.362 
2.438 1.445 1.586 1.326 1.312 1.356 1.346 1.477 1.879 1.896 
2.376 1.65 1.39 1.326 1.318 1.216 1.361 1.247 1.48 1.635 
2.26 3.386 3.819 4.582 4.181 4.247 3.677 3.218 2.152 1.605 
1.328 1.2 1.238 1.215 1.281 1.502 1.971 2.976 3.476 2.463 
1.956 1.337 1.412 1.362 1.738 7.064 10.817 11.579 12.497 14.089 
13.078 11.007 9.916 7.74 10.452 10.629 11.754 11.635 11.294 10.71 
9.86 11.074 8.734 7.821 7.133 6.636 5.304 4.172 2.972 2.722 
2.622 2.23 2.914 2.797 2.289 2.079 2.17 2.672 3.832 5.519 
7.636 9.435 8.665 12.55 12.34 12.374 11.725 8.48 7.196 4.072 
2.859 2.196 2.147 2.426 4.363 6.323 8.914 10.718 12.509 12.493 
12.09 9.671 9.195 8.109 6.386 8.455 5.256 5.842 6.982 11.839 
14.501 11.986 14.947 9.789 8.748 6.41 4.968 3.197 2.854 2.727 
2.469 2.969 3.951 4.204 3.015 2.672 2.733 3.216 3.467 5.84 
6.589 9.987 12.069 11.825 12.983 11.374 10.241 3.428 3.76 2.974 
3.012 2.252 2.21 2.804 2.773 2.281 3.037 3.424 3.22 4.057 
4.217 6.769 7.995 7.385 12.756 15.0 15.0 15.0 15.0 15.0 
15.0 15.0 15.0 15.0 15.0 15.0 15.0 15.0 15.0 15.0 
15.0 14.589 13.514 12.637 9.373 8.628 8.306 7.591 7.413 6.446 
6.098 2.119 1.765 1.865 1.911 1.995 2.203 1.691 1.348 1.237 
1.106 1.114 1.112 1.176 1.241 1.328 1.39 1.534 2.036 1.971 
1.711 1.785 1.494 1.474 1.241 1.181 1.035 1.107 1.018 1.168 
1.213 1.422 1.557 1.842 1.67 1.842 1.757 1.578 1.575 1.779 
1.431 1.694 1.419 1.635 1.53 1.718 2.343 2.233 2.483 2.613 
3.528 3.288 4.229 4.454 4.225 4.351 4.491 4.654 5.894 7.944 
9.555 13.367 15.0 15.0 15.0 15.0 15.0 15.0 15.0 13.169 
11.487 9.216 7.941 6.98 4.422 4.122 3.37 3.286 4.069 4.387 
4.942 4.996 5.198 4.377 4.395 4.19 4.558 4.266 3.63 3.053 
4.149 5.306 7.139 7.399 8.141 8.64 8.531 8.163 8.418 8.984 
8.229 9.143 8.588 8.187 6.707 5.775 4.722 5.032 5.251 4.272 
4.039 3.591 3.426 3.799 4.957 5.31 3.744 3.9 11.762 11.187 
10.219 11.356 8.08 5.098 4.895 3.754 2.372 3.271 1.738 1.541 
1.615 1.533 1.818 1.627 1.523 1.339 1.376 1.55 1.765 1.716 
1.633 1.579 1.455 1.585 2.227 2.113 3.044 2.473 2.113 1.829 
1.673 1.794 1.832 2.746 7.642 9.129 10.777 8.026 7.71 12.639 
9.491 7.743 3.815 2.391 2.287 1.698 1.882 2.294 2.503 2.611 
2.585 3.325 2.69 2.095 1.772 1.521 1.477 1.487 1.843 1.891 
2.108 1.638 1.896 1.607 1.699 1.95 2.684 4.123 6.672 9.793 
15.0 15.0 15.0 15.0 13.458 9.919 8.492 5.528 2.694 2.209 
1.907 1.945 2.057 2.079 2.503 2.64 3.376 2.455 2.683 3.486 
3.949 5.221 7.25 7.039 6.453 4.725 4.012 2.75 2.192 1.711 
1.935 1.755 1.915 1.857 1.718 2.445 2.959 4.519 6.472 6.525 
9.338 11.005 9.244 6.135 9.782 7.575 7.397 7.507 6.257 5.3 
3.603 2.568 2.131 2.157 2.026 1.594 1.45 1.227 1.253 1.449 
1.426 1.309 1.574 1.929 1.839 1.499 1.306 1.171 1.18 1.343 
1.742 2.092 2.98 2.764 2.331 1.856 1.678 1.506 1.412 1.641 
1.967 2.52 3.177 3.902 3.707 6.446 9.83 14.736 15.0 15.0 
15.0 15.0 15.0 14.617 12.112 6.952 5.578 3.767 3.727 3.983 
4.15 4.99 4.962 5.107 5.206 4.782 4.176 3.897 3.611 3.073 
2.944 2.81 2.85 4.012 4.397 6.343 6.063 10.349 8.684 8.222 
12.331 9.106 9.043 6.502 5.397 3.544 3.632 2.721 2.611 2.325 
2.434 2.37 2.653 3.003 3.247 2.876 2.588 2.588 3.004 2.669 
2.204 2.115 2.067 2.009 2.122 2.171 2.413 2.918 3.704 4.185 
3.262 3.123 2.941 2.43 2.174 2.064 1.915 1.879 1.836 1.984 
2.264 1.821 1.748 1.866 2.129 3.221 5.714 10.734 15.0 15.0 
15.0 15.0 12.802 13.437 11.851 12.083 12.945 11.704 10.188 12.983 
13.842 1.99 12.499 5.835 7.121 3.957 9.116 7.43 7.067 5.981 
2.852 2.306 1.611 1.691 1.346 1.231 1.213 1.103 1.124 1.246 
1.439 1.325 1.325 1.212 1.062 1.079 1.429 1.414 1.949 2.152 
1.803 1.534 1.217 1.3 1.298 1.105 0.926 0.873 0.782 0.78 
0.758 0.772 0.759 0.785 0.976 0.932 0.813 0.995 1.078 1.36 
1.298 1.349 1.401 1.621 1.875 3.183 2.523 1.982 1.61 1.598 
1.677 1.568 1.213 1.001 1.009 0.921 1.401 1.207 1.447 1.182 
0.961 1.098 1.117 1.047 0.887 0.85 0.783 1.102 1.159 3.048 
3.659 3.055 2.775 1.561 1.308 1.157 1.159 1.221 1.296 1.4 
1.699 1.428 1.899 1.891 1.977 1.181 1.041 0.794 0.664 0.604 
0.582 0.575 0.62 0.666 0.733 1.171 1.497 1.952 1.747 1.543 
1.265 1.19 1.086 1.138 1.134 1.022 1.289 1.021 0.708 0.857 
0.775 0.989 1.104 1.298 1.336 1.211 1.037 0.889 0.949 0.798 
0.912 0.9 0.895 0.87 0.963 1.079 1.118 1.059 0.822 0.785 
0.649 0.631 0.643 0.674 0.835 0.878 1.046 1.215 1.309 1.678 
2.362 3.3 4.248 3.878 4.417 3.717 2.898 2.661 1.809 1.527 
1.323 1.162 1.05 0.831 0.97 0.954 1.613 2.2 3.889 4.482 
4.217 3.062 1.636 1.032 0.793 0.666 0.771 0.648 0.636 0.686 
0.685 0.756 0.874 0.957 1.265 1.246 1.733 1.3 1.365 1.112 
1.123 1.065 1.149 1.238 1.377 1.662 1.564 1.46 1.235 1.152 
1.121 1.201 1.237 1.227 1.248 1.315 1.086 0.94 1.315 1.471 
1.223 1.204 1.113 0.966 1.077 1.159 1.617 1.571 1.408 1.125 
0.954 0.762 0.848 0.957 1.106 1.279 1.567 1.436 1.302 1.327 
1.097 1.076 0.915 0.766 0.701 0.623 0.722 0.771 1.039 1.331 
2.371 4.592 11.458 13.938 15.0 15.0 15.0 15.0 15.0 12.587 
11.969 6.321 7.259 2.07 1.623 0.812 0.723 0.646 0.689 0.778 
0.949 1.186 1.124 1.257 1.154 1.158 1.174 1.342 2.067 2.809 
2.829 2.199 1.923 1.842 1.996 2.153 2.088 2.751 2.457 3.292 
3.87 4.628 4.521 4.948 4.952 5.467 4.792 5.489 3.969 4.602 
3.334 4.616 3.504 3.251 3.05 3.232 3.219 2.878 2.538 3.514 
3.467 4.282 3.208 2.216 2.102 1.32 1.307 0.976 0.794 0.676 
0.646 0.715 0.802 0.993 1.216 1.598 1.702 2.087 1.99 1.77 
1.499 1.231 1.103 1.049 1.113 1.227 1.393 1.439 1.395 1.339 
1.221 1.158 1.103 1.172 1.434 2.008 2.58 1.964 1.558 1.756 
1.451 2.196 2.343 1.999 1.962 1.84 2.652 2.413 2.993 2.896 
1.9 1.331 0.858 0.769 0.623 0.623 0.727 0.825 1.335 1.675 
3.236 1.62 1.17 0.792 0.716 0.719 0.829 0.729 0.718 0.858 
0.907 0.949 1.009 1.293 1.542 6.326 5.979 8.091 4.77 4.141 
1.887 1.666 1.96 2.237 1.833 2.348 1.673 1.671 1.356 1.386 
1.484 1.517 1.679 1.767 1.467 1.783 1.318 1.361 1.148 0.845 
0.813 0.778 0.845 1.018 1.028 0.918 0.995 0.826 0.817 0.769 
0.808 0.977 1.207 1.707 1.993 1.497 1.514 1.386 1.355 1.522 
1.14 1.092 0.996 1.406 1.446 1.636 1.585 1.798 2.296 1.812 
1.671 1.305 1.207 1.41 1.534 2.316 1.758 1.7 1.576 2.032 
1.915 1.599 1.573 1.844 1.232 1.956 2.161 1.876 1.461 1.167 
1.166 1.409 1.77 2.768 3.497 7.069 9.234 12.826 13.89 15.0 
12.931 9.965 6.848 2.007 2.231 1.148 1.62 1.445 1.769 2.109 
1.955 1.61 1.52 1.954 1.554 1.672 2.307 2.184 2.765 2.424 
3.516 2.934 2.26 1.819 1.96 2.848 2.67 1.889 1.743 1.468 
1.814 4.431 6.948 1.771 3.686 3.97 5.791 1.914 1.616 1.953 
1.136 1.049 1.203 1.147 0.99 0.994 1.101 1.081 0.963 1.06 
1.066 1.608 2.346 3.857 5.856 7.213 5.927 3.915 2.87 1.568 
1.245 1.183 0.972 0.897 0.943 0.871 0.865 1.259 1.36 0.925 
0.977 0.984 1.48 1.239 1.512 1.083 1.074 1.053 1.136 1.446 
1.714 2.786 3.098 2.574 3.116 2.097 2.799 2.109 1.964 1.89 
2.122 2.09 1.688 2.118 2.102 2.345 2.124 1.788 1.64 1.67 
1.76 1.616 1.798 1.251 1.233 1.176 1.076 1.135 1.295 1.054 
1.087 1.044 1.006 0.912 0.948 0.892 0.911 0.978 0.95 0.969 
0.921 0.837 0.843 0.828 0.932 0.919 1.043 1.022 1.046 1.46 
0.881 1.095 1.134 1.346 1.207 1.02 0.937 0.858 0.921 1.13 
1.481 2.523 3.03 3.124 2.332 2.142 1.579 1.282 0.937 0.889 
0.948 1.043 1.142 2.453 1.154 1.566 1.524 2.084 2.378 3.295 
2.469 3.37 4.146 3.469 2.956 2.415 1.868 1.67 2.051 1.619 
1.686 1.699 1.47 1.169 0.99 0.867 0.936 0.863 0.983 1.169 
1.166 1.346 1.281 2.111 1.486 1.673 1.332 1.346 1.29 1.245 
1.248 1.148 1.252 0.968 0.954 0.865 1.336 1.198 3.164 1.072 
1.086 1.012 1.08 1.038 1.341 1.846 1.389 1.311 1.108 1.041 
0.927 0.831 0.78 0.937 0.981 1.38 1.225 1.517 1.383 1.582 
1.324 1.151 1.091 1.14 0.898 0.942 1.181 1.304 2.062 1.983 
2.102 2.706 2.898 2.61 2.514 1.714 1.481 1.172 1.488 1.218 
4.188 1.229 1.488 1.338 1.366 1.521 1.804 1.751 1.513 2.182 
2.247 2.206 2.749 3.22 3.302 4.255 4.437 2.976 3.863 3.663 
2.935 2.131 1.827 1.776 1.657 2.114 1.626 1.227 1.103 1.138 
1.064 1.089 0.983 1.061 1.07 1.265 1.181 1.363 1.201 1.075 
1.177 1.051 1.065 1.058 1.119 1.226 0.99 0.987 0.99 1.073 
1.226 1.38 1.666 2.386 1.789 1.588 1.556 1.219 1.079 0.934 
0.914 0.926 0.988 1.098 1.14 1.31 1.399 1.426 1.294 1.083 
1.126 1.048 1.013 0.973 1.065 1.198 1.699 1.907 2.569 2.902 
2.311 1.941 1.383 1.138 1.163 1.032 1.216 1.126 1.27 1.348 
1.394 1.366 1.526 1.531 1.28 1.236 1.109 1.113 1.112 1.105 
1.275 1.201 1.474 1.162 1.391 1.508 1.406 1.298 1.15 1.118 
1.05 1.246 1.07 1.138 1.096 1.108 1.195 1.198 1.15 1.156 
1.124 1.125 1.15 1.087 1.269 1.325 1.693 2.516 10.893 12.229 
15.0 15.0 15.0 14.444 10.327 7.644 2.875 1.735 1.363 1.161 
1.031 1.099 0.928 0.87 0.779 0.755 0.849 0.849 0.845 0.851 
0.753 0.794 0.823 0.823 0.987 0.939 1.201 1.332 1.762 1.754 
1.54 1.328 1.101 0.977 0.873 0.91 0.796 0.89 0.881 0.977 
0.939 0.937 1.001 0.957 0.872 0.814 0.852 0.804 0.955 0.99 
1.084 0.957 0.938 0.881 0.721 0.709 0.74 0.818 0.861 1.4 
2.003 4.835 1.025 1.032 1.022 0.964 1.079 1.018 1.196 0.979 
0.957 0.889 0.843 0.707 1.052 0.772 0.745 0.836 0.832 1.043 
1.124 1.055 0.914 1.106 1.244 0.951 0.971 1.341 1.495 1.675 
1.779 1.815 1.92 1.922 2.633 3.597 5.773 4.913 5.058 6.548 
6.933 7.679 9.002 6.815 6.286 5.821 9.246 7.097 4.947 4.66 
4.268 3.903 4.294 4.153 3.729 2.736 2.571 2.566 2.537 2.831 
2.424 1.99 1.951 2.257 1.829 1.775 1.926 2.196 2.71 5.341 
7.824 9.641 9.997 9.912 14.252 13.638 12.738 15.0 7.969 5.967 
6.06 7.023 5.862 4.868 6.663 8.096 6.765 6.903 7.5 6.264 
7.349 6.676 6.334 10.799 10.28 12.075 9.968 10.361 11.369 11.326 
12.209 6.304 3.259 1.854 1.815 1.356 1.547 0.987 3.169 0.971 
0.983 1.127 15.0 14.965 2.369 14.305 15.0 15.0 7.577 14.729 
2.918 14.658 2.51 12.216 7.132 8.956 9.168 10.105 10.264 9.081 
13.726 7.909 12.216 13.664 9.23 11.27 10.383 14.583 15.0 13.744 
11.442 4.148 10.877 13.852 11.176 3.75 3.525 2.888 2.857 2.825 
2.604 2.424 2.769 3.948 3.224 3.457 6.494 7.145 6.6 7.905 
9.654 9.883 9.337 11.051 13.267 15.0 13.575 15.0 15.0 15.0 
15.0 15.0 15.0 15.0 15.0 15.0 15.0 15.0 15.0 15.0 
15.0 15.0 15.0 15.0 15.0 15.0 15.0 15.0 15.0 15.0 
15.0 15.0 15.0 15.0 15.0 15.0 15.0 15.0 15.0 15.0 
15.0 15.0 15.0 15.0 15.0 15.0 15.0 15.0 15.0 15.0 
15.0 15.0 15.0 15.0 15.0 15.0 15.0 15.0 15.0 15.0 
15.0 15.0 15.0 15.0 15.0 15.0 15.0 15.0 15.0 15.0 
15.0 15.0 15.0 15.0 15.0 15.0 15.0 15.0 15.0 15.0 
15.0 15.0 15.0 15.0 15.0 15.0 15.0 15.0 15.0 15.0 
15.0 15.0 15.0 15.0 15.0 15.0 15.0 15.0 15.0 15.0 
10.31 7.484 4.463 2.236 1.623 1.634 1.871 1.563 15.0 1.376 
10.356 1.261 1.476 1.544 1.742 0.966 0.872 1.089 1.131 1.224 
0.972 0.967 1.049 1.501 1.223 1.229 1.098 1.055 1.041 0.964 
0.968 0.84 0.869 1.02 0.872 0.781 0.753 0.668 0.864 0.947 
1.125 1.162 1.773 1.963 2.066 2.921 4.133 4.503 3.981 2.138 
1.689 1.285 1.061 0.919 0.757 0.823 0.966 0.909 0.821 0.749 
0.917 1.015 1.084 1.192 1.417 1.341 1.422 1.365 1.119 1.194 
1.028 0.926 0.835 0.815 0.883 1.038 1.21 1.031 0.922 0.845 
0.81 0.806 0.88 0.922 1.105 1.282 1.499 1.732 1.781 1.727 
1.364 1.065 0.881 0.853 0.81 0.845 0.907 0.932 1.125 1.309 
1.128 1.296 0.85 0.845 0.847 0.821 0.929 0.964 1.167 1.302 
1.656 1.456 1.391 1.504 1.357 1.247 1.111 0.993 0.922 0.917 
0.878 0.925 0.942 1.029 1.102 1.127 0.976 1.041 0.898 1.015 
0.955 1.012 1.085 1.188 1.253 1.393 1.57 1.639 1.826 1.688 
2.128 2.34 2.221 2.815 2.175 2.037 1.579 1.701 1.242 1.266 
1.017 1.034 0.919 0.927 0.96 1.013 1.146 1.168 1.084 0.92 
0.855 0.823 0.879 0.943 1.032 1.16 1.066 0.98 0.929 0.822 
0.791 0.722 0.738 0.74 0.674 0.722 0.801 0.923 0.804 0.859 
0.73 0.72 0.746 0.783 0.834 1.265 1.021 0.869 0.75 0.868 
1.009 0.909 1.0 1.138 1.208 1.31 0.95 0.987 1.211 1.266 
1.745 1.609 1.789 2.387 1.696 2.037 1.802 1.756 2.141 1.738 
1.459 1.811 3.031 2.607 2.912 1.89 1.401 1.09 1.712 1.634 
2.075 1.74 1.408 1.571 1.666 1.28 1.088 0.908 0.882 1.086 
1.056 1.214 1.105 0.884 0.925 0.679 0.736 0.814 1.043 0.808 
0.812 0.709 0.683 0.757 0.754 0.82 0.878 1.132 1.08 0.961 
1.025 1.067 1.072 0.972 0.803 0.738 0.786 0.803 0.856 1.027 
0.969 1.164 0.876 0.888 0.863 0.944 0.91 0.982 0.99 1.311 
1.151 1.064 1.054 0.929 0.946 1.041 1.104 0.991 1.104 1.285 
1.333 1.14 1.448 1.533 1.441 1.264 1.381 1.322 1.238 1.028 
1.066 0.99 0.961 0.891 0.988 0.949 0.937 0.999 1.02 1.212 
1.218 1.144 1.147 1.041 1.473 1.72 2.303 1.767 1.772 1.154 
1.146 1.245 1.16 1.095 1.149 1.398 1.54 1.545 1.783 2.304 
2.496 2.103 2.079 3.179 3.002 2.334 2.659 2.033 1.476 1.613 
1.74 1.659 1.187 1.289 1.287 1.259 1.202 1.255 1.307 1.197 
1.224 1.302 1.18 1.315 1.357 1.453 1.578 1.788 1.929 1.58 
1.571 1.374 1.491 1.481 1.276 1.227 1.275 1.174 1.061 1.11 
1.108 1.006 0.988 0.98 0.92 0.927 1.002 1.053 1.192 1.216 
1.421 1.322 1.636 1.851 1.665 2.001 2.357 1.787 1.968 2.283 
3.574 4.293 5.622 7.818 6.732 7.259 9.498 10.235 9.217 10.334 
10.764 11.751 10.675 11.086 11.021 9.705 9.82 11.233 10.707 9.619 
9.924 7.558 9.431 7.981 9.694 3.632 4.545 2.982 1.617 1.732 
2.651 3.011 3.323 3.456 3.561 3.323 3.523 3.113 4.156 4.137 
3.575 3.518 5.01 4.33 2.982 2.385 3.371 3.231 4.004 3.148 
3.37 3.446 3.096 2.872 1.738 1.849 1.671 1.686 1.277 6.342 
1.886 9.896 1.178 1.298 1.102 1.365 1.364 0.908 0.993 0.87 
1.093 1.21 1.251 1.271 1.293 1.427 1.368 1.456 1.704 1.594 
2.047 2.013 1.866 1.447 1.286 1.113 1.217 1.203 2.35 5.267 
6.802 4.294 2.808 3.18 2.454 2.477 7.94 8.332 8.795 8.592 
8.583 6.563 7.423 7.015 7.846 8.197 9.59 12.291 13.305 15.0 
14.116 14.918 13.078 12.214 9.718 9.57 10.365 15.0 15.0 15.0 
15.0 15.0 15.0 15.0 15.0 15.0 15.0 15.0 15.0 15.0 
15.0 15.0 15.0 15.0 15.0 15.0 15.0 15.0 15.0 15.0 
15.0 15.0 15.0 15.0 15.0 15.0 15.0 15.0 15.0 15.0 
15.0 15.0 15.0 15.0 15.0 15.0 15.0 15.0 15.0 15.0 
15.0 15.0 14.636 15.0 15.0 15.0 15.0 15.0 15.0 15.0 
15.0 15.0 15.0 15.0 15.0 15.0 15.0 15.0 15.0 15.0 
15.0 15.0 15.0 15.0 15.0 15.0 15.0 15.0 15.0 15.0 
15.0 15.0 15.0 15.0 15.0 15.0 15.0 15.0 15.0 15.0 
15.0 15.0 15.0 15.0 15.0 15.0 15.0 15.0 15.0 15.0 
15.0 15.0 15.0 15.0 15.0 15.0 15.0 15.0 15.0 15.0 
15.0 15.0 15.0 15.0 15.0 15.0 15.0 15.0 15.0 15.0 
15.0 15.0 15.0 15.0 15.0 15.0 15.0 15.0 15.0 15.0 
15.0 15.0 15.0 15.0 15.0 15.0 15.0 15.0 15.0 15.0 
15.0 15.0 15.0 15.0 15.0 15.0 15.0 15.0 15.0 15.0 
15.0 15.0 15.0 15.0 15.0 15.0 15.0 15.0 15.0 15.0 
15.0 15.0 15.0 15.0 15.0 15.0 15.0 15.0 15.0 15.0 
10.016 3.771 4.472 8.784 11.611 15.0 15.0 15.0 15.0 15.0 
15.0 15.0 15.0 15.0 15.0 15.0 15.0 15.0 15.0 15.0 
15.0 15.0 15.0 15.0 15.0 15.0 15.0 13.618 15.0 15.0 
15.0 15.0 15.0 15.0 15.0 15.0 15.0 15.0 15.0 15.0 
15.0 15.0 15.0 15.0 15.0 15.0 15.0 15.0 15.0 15.0 
15.0 15.0 15.0 15.0 15.0 15.0 15.0 15.0 15.0 13.933 
11.026 8.084 5.483 5.12 6.169 8.047 8.661 7.564 7.97 8.823 
14.966 15.0 15.0 15.0 15.0 15.0 15.0 15.0 12.216 11.158 
13.334 12.726 15.0 15.0 15.0 15.0 15.0 15.0 15.0 15.0 
15.0 15.0 15.0 15.0 15.0 15.0 15.0 15.0 15.0 15.0 
15.0 15.0 15.0 15.0 15.0 15.0 15.0 15.0 15.0 15.0 
15.0 15.0 15.0 15.0 15.0 15.0 15.0 11.378 8.999 6.908 
5.85 4.338 3.059 2.382 2.045 1.766 1.581 1.367 1.408 1.364 
1.311 1.237 1.299 1.345 1.345 1.389 1.504 1.655 1.988 2.133 
2.583 3.926 5.548 5.196 7.497 6.475 5.388 5.193 3.151 2.541 
2.533 2.225 1.944 1.774 1.726 1.65 1.58 1.608 1.65 1.651 
1.607 1.909 1.84 1.872 2.005 2.212 2.343 2.545 2.445 2.004 
1.785 1.64 1.757 1.602 1.519 1.809 1.601 1.386 1.43 1.588 
1.525 1.4 1.746 1.878 2.075 2.474 4.0 5.093 5.607 8.265 
9.179 12.53 13.417 15.0 15.0 15.0 15.0 15.0 15.0 15.0 
15.0 15.0 15.0 15.0 15.0 15.0 15.0 15.0 15.0 15.0 
15.0 15.0 15.0 15.0 15.0 15.0 15.0 15.0 15.0 15.0 
15.0 15.0 15.0 15.0 15.0 15.0 15.0 15.0 15.0 15.0 
15.0 15.0 15.0 15.0 15.0 15.0 15.0 15.0 15.0 15.0 
15.0 15.0 15.0 
END
