PFRMAT local QA
AUTHOR LAW-CASP14
af2-standard_T1112_1.pdb local_accuracy_only 9.913 6.961 6.291 3.001 1.09 0.973 0.818 0.797 0.791 0.797 0.855 
0.991 1.322 1.616 1.59 2.195 2.398 2.276 2.1 1.693 1.898 
1.851 1.753 1.433 1.737 1.938 1.443 1.487 2.168 2.717 3.51 
3.429 1.369 1.085 0.909 0.929 0.95 0.873 0.873 1.029 1.159 
1.443 2.275 2.939 3.519 3.34 3.646 4.508 3.713 4.052 3.39 
2.448 2.653 2.709 2.228 1.994 2.264 2.39 1.85 2.022 1.324 
1.221 1.338 1.249 2.174 3.149 4.587 4.251 3.265 2.971 2.436 
1.808 1.701 1.361 1.46 1.366 1.183 1.33 1.328 1.117 1.083 
1.293 1.278 1.138 1.236 0.956 0.972 0.864 0.771 0.801 0.932 
0.983 0.96 1.207 1.387 1.563 1.216 1.275 1.472 1.539 1.716 
1.468 1.367 1.548 1.626 1.235 1.058 1.351 1.297 1.041 1.115 
1.466 1.365 1.362 1.092 1.021 0.949 1.144 1.621 2.113 2.578 
2.076 1.536 1.097 1.222 1.479 1.882 1.876 1.781 1.556 1.359 
1.346 1.079 1.108 0.96 0.926 0.847 0.781 0.788 0.732 0.872 
1.043 1.311 1.419 1.469 1.276 1.223 0.952 0.86 0.859 0.873 
0.818 0.75 0.89 0.879 0.873 0.845 1.02 1.076 1.047 1.216 
1.352 1.407 1.52 1.301 1.114 0.913 0.844 0.79 0.848 0.95 
1.21 1.648 2.15 2.499 2.45 2.93 3.905 4.102 2.509 1.955 
1.603 1.396 2.028 2.341 2.926 3.882 3.695 3.576 2.445 2.555 
2.095 2.586 2.399 2.03 2.122 2.286 2.162 2.096 2.248 2.313 
2.249 2.212 2.295 1.834 1.547 1.676 1.34 1.048 1.218 1.17 
1.066 1.215 1.243 1.199 1.128 1.332 1.088 1.157 0.988 1.006 
1.361 1.649 2.48 2.155 2.589 2.836 2.602 2.82 3.426 2.812 
2.045 2.425 2.361 2.936 2.42 2.169 1.856 1.63 1.524 1.629 
1.29 1.162 1.293 1.297 1.014 1.157 1.51 1.467 1.785 1.079 
1.091 0.916 0.802 0.743 0.787 0.832 1.002 1.326 1.304 1.476 
1.616 1.307 1.607 1.655 1.396 1.316 0.95 1.033 0.929 0.866 
0.796 0.916 0.872 1.089 1.399 1.718 1.773 1.743 2.237 2.345 
2.938 2.406 2.146 2.996 2.718 3.318 3.136 3.153 3.088 2.514 
1.88 2.159 2.465 1.726 1.327 1.079 1.006 0.988 0.99 1.289 
1.363 1.861 2.059 2.959 3.228 3.576 2.591 2.6 3.006 3.244 
3.412 2.806 2.504 3.107 3.079 2.627 2.591 2.991 2.821 2.294 
2.484 2.757 2.731 2.194 2.438 1.836 1.347 1.164 1.247 1.272 
1.569 1.64 1.87 1.573 1.593 1.56 1.519 1.637 1.725 2.111 
2.593 2.159 2.907 2.315 1.902 1.817 1.62 1.616 1.39 1.389 
1.448 1.565 1.997 2.317 2.83 3.601 2.903 2.824 3.51 3.11 
2.5 2.86 3.261 2.623 2.403 2.809 3.086 3.099 2.979 2.822 
2.34 2.003 1.933 1.942 1.73 1.743 1.629 1.854 1.594 1.623 
1.817 1.757 1.901 2.089 1.912 1.851 2.208 2.378 2.17 2.252 
2.741 2.71 2.43 2.763 3.158 2.31 1.998 1.831 1.797 1.701 
1.462 1.504 1.414 1.615 1.704 2.311 1.842 1.694 1.889 2.096 
1.995 1.854 2.115 2.258 2.588 2.312 2.609 2.984 3.074 2.814 
2.154 1.948 1.865 1.737 1.566 1.524 1.357 1.367 1.232 1.405 
1.781 2.539 2.872 4.364 4.157 4.901 3.352 2.984 2.282 1.733 
1.369 1.631 1.382 1.11 1.261 1.332 0.986 0.995 1.255 1.191 
1.01 1.165 1.427 1.359 1.296 2.497 3.441 3.9 4.337 
END
