PFRMAT local QA
AUTHOR MASS-CASP14
af2-standard_T1112_1.pdb local_accuracy_only 7.795 6.097 4.068 2.497 1.634 1.12 0.936 0.783 0.81 0.821 0.916 
0.941 1.165 1.266 1.423 1.53 1.719 1.782 1.698 1.244 1.344 
1.467 1.399 1.219 1.502 1.734 1.554 1.908 2.377 2.61 2.485 
1.834 1.584 1.406 1.183 1.149 1.15 0.947 0.932 1.004 1.169 
1.441 2.103 2.051 2.65 2.553 2.491 2.655 2.637 3.496 2.694 
2.505 2.399 2.194 1.85 2.168 2.321 2.092 1.805 1.98 1.665 
1.698 1.419 1.431 1.723 1.764 2.119 1.785 2.205 2.038 1.941 
1.731 1.849 1.556 1.734 1.617 1.297 1.463 1.484 1.362 1.31 
1.527 1.966 1.815 1.789 1.386 1.213 0.913 0.766 0.751 0.815 
0.864 1.064 1.207 1.511 1.618 1.386 1.194 1.421 1.564 1.428 
1.304 1.255 1.191 1.313 1.225 1.166 1.245 1.216 1.14 1.226 
1.768 1.949 2.099 1.731 1.382 1.595 1.702 2.145 2.589 2.511 
1.916 1.839 1.811 2.029 2.285 2.163 2.562 2.438 2.113 2.142 
1.961 1.536 1.475 1.039 0.994 0.688 0.326 0.146 0.339 0.708 
1.082 1.339 1.76 1.846 2.114 1.511 1.528 1.374 1.464 1.276 
1.079 1.115 1.201 1.165 1.211 1.108 1.305 1.27 1.195 1.33 
1.722 1.704 1.412 1.052 1.087 0.891 0.928 0.859 0.928 1.057 
1.308 1.523 2.193 2.825 3.091 3.372 3.426 3.051 2.74 2.421 
2.38 2.62 2.895 3.482 3.748 3.301 3.283 2.999 2.341 2.161 
2.182 2.126 1.907 1.639 1.777 1.957 1.884 2.042 2.252 2.264 
2.256 2.119 2.169 2.121 1.953 1.927 2.018 1.778 1.636 1.924 
1.944 1.906 1.707 1.928 1.978 1.885 1.6 1.373 1.135 1.116 
1.131 0.948 0.929 1.044 1.176 1.45 1.867 2.166 2.279 1.885 
2.373 2.787 2.243 2.4 2.011 2.032 1.716 1.716 2.005 1.927 
1.81 1.756 1.622 1.623 1.572 1.744 1.866 1.976 2.207 1.872 
1.568 1.281 1.097 0.896 0.981 1.018 1.008 1.089 1.378 1.406 
1.273 1.413 1.554 1.674 1.327 1.326 1.432 1.368 1.172 0.91 
0.995 1.039 1.076 1.076 1.209 1.226 1.542 1.531 1.712 1.766 
2.132 2.06 1.844 2.073 2.563 2.524 2.337 2.501 2.683 2.333 
2.238 1.841 1.972 2.01 2.129 1.584 1.254 1.32 1.237 1.322 
1.828 1.92 1.904 2.049 2.095 2.151 2.232 1.915 2.11 2.149 
1.989 1.669 1.512 1.781 1.713 1.529 1.867 1.775 1.606 1.476 
1.81 1.906 1.897 2.031 2.346 2.548 2.136 2.107 1.777 1.814 
1.994 2.063 2.067 2.013 2.308 2.538 2.935 3.425 3.808 3.602 
3.107 2.516 2.142 1.894 1.496 1.109 0.901 0.886 0.837 0.773 
0.871 1.056 1.348 1.772 2.376 2.86 2.455 2.383 2.638 2.366 
1.931 1.706 1.887 1.928 1.853 2.123 2.447 2.335 2.025 1.973 
1.824 1.98 1.734 1.759 1.529 1.334 1.31 1.387 1.295 1.489 
1.884 1.768 1.724 2.064 1.962 1.77 1.982 1.965 1.766 1.614 
1.865 2.072 2.19 2.552 2.773 3.443 3.075 2.694 1.847 1.599 
1.379 1.603 1.692 1.864 2.067 1.913 1.798 1.72 1.961 1.632 
1.416 1.248 1.247 1.281 1.406 1.344 1.567 1.856 1.891 1.77 
1.528 1.455 1.419 1.306 1.299 1.359 1.69 2.038 2.219 2.35 
2.812 3.373 4.564 5.07 5.469 5.599 4.763 4.682 3.528 2.558 
2.296 2.164 1.909 1.519 1.581 1.694 1.592 1.48 1.722 1.737 
1.668 1.63 1.79 1.842 1.766 2.257 2.996 4.045 4.97 
END
