PFRMAT local QA
AUTHOR LAW-CASP14
af2-standard_T1118v1_4.pdb local_accuracy_only 15.0 15.0 15.0 15.0 15.0 15.0 15.0 11.699 6.347 5.398 3.449 
2.651 3.129 1.79 2.21 1.517 1.748 1.804 1.767 2.015 1.518 
1.714 1.483 1.395 1.253 1.334 1.281 1.255 1.33 1.39 1.359 
1.443 1.549 1.524 1.677 1.541 1.929 2.396 3.351 3.298 3.923 
3.363 2.909 3.044 3.096 2.484 2.329 1.984 1.974 1.887 1.832 
2.484 2.672 3.217 2.396 2.576 1.961 1.94 1.953 1.639 1.518 
1.728 1.672 1.534 1.626 1.875 2.023 1.989 1.982 1.779 1.715 
1.696 1.59 1.718 1.651 1.862 1.879 1.694 1.74 1.578 1.703 
1.738 1.731 2.058 2.357 4.031 6.494 8.0 10.682 12.3 12.741 
15.0 15.0 15.0 15.0 15.0 15.0 13.603 11.487 11.501 9.485 
8.578 7.665 7.846 7.304 6.771 4.15 3.898 3.044 2.5 2.15 
1.813 1.376 1.532 1.807 2.021 2.038 2.043 2.073 1.357 1.365 
1.494 1.927 2.793 5.204 1.354 1.1 1.013 0.897 0.952 0.874 
0.877 0.698 0.721 0.723 0.666 0.703 0.746 0.948 0.788 0.916 
0.807 0.781 0.821 0.769 0.767 0.852 0.941 1.112 1.152 1.054 
1.769 1.137 0.937 1.214 1.427 1.097 0.963 0.867 0.848 1.157 
1.322 2.179 2.477 1.913 1.842 2.043 2.269 2.144 1.94 1.877 
2.408 1.735 2.297 1.721 1.329 0.966 0.825 1.028 1.044 1.996 
2.623 3.142 2.544 2.572 2.196 1.252 1.1 1.035 1.007 0.948 
1.211 1.29 1.43 1.859 3.481 3.982 3.32 4.338 3.335 2.522 
2.405 2.449 3.634 3.142 2.539 1.548 1.133 0.945 1.305 0.963 
0.805 0.824 0.703 0.683 0.704 0.676 0.707 0.725 0.727 0.734 
0.716 0.72 0.77 0.83 0.823 0.756 1.035 0.817 0.995 0.741 
0.833 0.746 0.781 0.714 0.8 0.798 0.775 0.813 0.85 1.031 
1.11 1.439 1.81 1.89 1.765 1.565 1.591 1.517 1.802 2.026 
2.292 1.913 2.063 1.519 1.726 4.099 2.96 2.377 2.771 2.936 
2.717 2.283 1.654 1.312 1.351 1.41 1.537 1.979 2.264 2.642 
3.529 3.672 2.55 2.175 1.69 1.439 1.21 1.147 1.248 1.391 
1.643 2.289 2.677 2.917 3.428 3.95 5.223 5.691 5.053 4.846 
5.251 6.292 5.211 4.756 3.683 3.371 2.336 2.236 1.952 1.682 
1.465 1.348 1.227 1.267 1.478 1.779 2.386 2.597 3.003 2.988 
1.971 2.032 1.988 1.596 1.403 1.309 1.385 1.634 1.833 1.954 
2.088 2.352 2.795 2.97 2.93 3.371 4.012 3.329 3.041 2.949 
2.538 2.184 2.036 1.705 2.099 2.195 2.145 1.904 2.474 2.992 
2.795 3.4 3.651 2.867 2.839 2.954 3.289 2.889 4.054 3.64 
4.097 3.387 3.768 4.491 4.948 5.246 3.799 3.556 3.111 2.619 
2.631 2.44 2.478 2.293 2.104 1.748 1.655 1.435 1.389 1.334 
1.487 1.393 1.466 1.554 1.618 1.62 1.752 1.66 1.646 1.483 
1.563 1.461 1.485 1.579 1.579 1.706 1.93 2.334 2.21 2.411 
2.324 2.297 2.574 2.758 3.048 3.383 3.456 3.202 3.117 2.644 
2.267 2.594 3.365 4.493 5.165 4.048 3.765 3.471 3.632 3.403 
3.439 3.53 3.593 3.418 2.926 2.761 2.312 2.288 2.133 2.157 
2.406 2.585 2.939 2.557 1.851 1.902 1.546 1.635 1.402 1.468 
1.438 1.499 1.724 1.93 2.761 2.536 3.404 2.704 1.788 1.584 
1.246 1.249 1.151 1.155 1.061 1.173 1.256 1.562 1.637 2.188 
2.3 3.072 2.515 2.376 2.06 2.102 2.174 2.276 3.019 3.441 
4.145 4.707 4.472 5.131 4.321 3.933 3.71 3.516 3.294 4.638 
4.791 5.568 5.629 5.839 6.105 5.87 5.459 5.049 5.327 4.183 
3.9 3.343 3.037 2.305 2.077 1.84 2.005 1.675 1.935 1.831 
1.697 1.264 1.316 1.004 1.02 0.873 0.96 0.958 1.023 1.032 
1.108 1.176 1.504 1.712 1.397 1.239 1.106 0.995 0.97 0.93 
0.851 0.899 0.835 0.915 0.963 0.995 1.117 1.186 1.299 1.572 
1.641 1.724 1.956 1.868 2.383 2.757 2.481 2.564 1.995 1.868 
1.529 1.374 1.167 1.059 1.059 0.94 1.021 0.825 0.883 0.816 
0.878 0.809 0.972 0.979 1.101 1.194 1.411 1.67 2.47 1.293 
1.195 0.972 0.979 0.834 0.881 0.83 0.798 0.755 0.725 0.77 
0.832 1.011 1.18 1.474 2.052 2.214 2.325 2.272 2.891 2.564 
2.227 2.021 1.755 1.673 1.277 1.012 0.999 0.813 0.817 0.782 
0.739 0.873 0.798 0.986 0.892 1.006 0.841 1.005 1.112 2.116 
3.525 4.13 2.749 1.596 1.216 0.95 0.889 0.866 0.855 0.846 
0.84 0.74 0.78 0.787 0.811 0.85 0.995 1.306 1.367 2.366 
2.995 3.915 6.049 6.616 7.488 5.446 4.502 3.307 2.762 2.443 
1.807 2.029 1.651 1.132 0.937 0.877 0.775 0.763 0.724 0.753 
0.753 0.825 0.867 0.936 0.987 1.155 1.923 2.335 3.328 3.824 
2.768 2.106 1.516 1.084 0.953 0.849 0.822 0.78 0.744 0.8 
0.874 0.882 1.006 1.066 1.278 1.342 1.53 2.409 3.272 4.035 
3.773 1.792 1.889 1.394 1.328 1.258 1.17 1.252 1.199 1.084 
0.859 0.866 0.798 0.76 0.798 0.788 0.861 0.85 0.948 1.057 
1.18 1.45 1.883 2.453 2.796 3.09 3.7 2.447 2.254 1.508 
1.06 1.02 0.92 0.82 0.819 0.774 0.775 0.809 0.809 0.826 
0.878 0.926 0.942 1.115 1.204 1.324 1.375 1.49 1.303 1.308 
1.165 1.058 1.052 1.012 0.942 0.922 0.848 0.803 0.783 0.732 
0.754 0.754 0.784 0.864 0.887 1.114 1.322 1.691 1.96 1.954 
2.165 1.926 2.042 1.533 1.377 1.023 0.959 0.858 0.813 0.776 
0.736 0.77 0.794 0.783 0.838 0.929 0.939 1.359 1.24 1.366 
1.609 1.343 1.345 1.416 1.495 1.448 1.758 1.686 1.569 1.663 
1.627 2.306 1.659 1.477 0.926 0.937 0.949 1.165 1.11 1.282 
1.266 1.44 1.475 1.627 1.833 
END
