PFRMAT local QA
AUTHOR MASS-CASP14
af2-standard_T1118v1_4.pdb local_accuracy_only 15.0 15.0 15.0 15.0 15.0 15.0 15.0 13.75 12.89 8.114 5.294 
4.596 3.726 3.444 3.04 2.625 2.879 3.018 2.45 2.055 1.792 
2.243 2.33 1.746 1.743 1.707 1.713 1.427 1.536 1.728 2.253 
2.235 2.238 1.778 1.823 1.552 1.744 1.878 2.004 2.602 2.95 
2.892 3.094 4.558 5.684 5.659 6.39 6.7 7.326 5.875 5.706 
5.825 5.502 4.458 3.361 2.87 2.535 2.396 2.312 1.904 1.761 
2.111 2.44 1.881 1.747 2.3 2.32 2.017 1.84 1.508 1.717 
1.617 1.655 1.817 1.971 2.24 1.934 1.876 1.394 1.222 1.269 
1.247 1.415 1.761 1.891 2.291 2.98 4.435 6.308 8.423 11.887 
11.799 15.0 15.0 15.0 15.0 15.0 15.0 15.0 15.0 15.0 
15.0 15.0 15.0 15.0 15.0 15.0 15.0 15.0 15.0 15.0 
15.0 15.0 15.0 15.0 15.0 11.929 11.442 10.312 10.206 9.718 
8.267 7.53 5.926 5.201 4.196 3.244 2.676 2.496 2.229 2.068 
1.983 1.743 1.392 1.499 1.337 1.271 1.2 1.226 1.466 1.617 
1.436 1.346 1.668 1.776 1.686 1.918 1.881 2.101 2.205 1.931 
2.246 2.306 2.081 1.946 2.431 2.596 2.169 2.551 2.853 2.391 
3.326 4.265 5.96 6.885 6.83 8.225 9.139 11.89 12.022 8.79 
4.978 4.414 3.666 2.875 2.421 2.398 2.601 2.897 2.644 3.342 
4.332 5.216 4.805 4.522 4.495 3.925 3.447 3.49 4.072 4.956 
5.728 5.223 5.454 6.693 7.705 10.68 12.479 15.0 15.0 15.0 
15.0 15.0 10.173 7.312 4.213 3.167 2.933 2.118 2.313 2.058 
1.896 2.231 1.567 1.867 1.652 1.557 1.377 1.378 1.381 1.457 
1.511 1.656 1.863 2.212 2.952 2.829 2.666 2.489 2.509 1.933 
1.794 1.577 1.569 1.645 1.909 2.313 2.449 2.29 2.513 2.728 
2.677 3.669 4.749 6.191 5.955 5.943 6.174 6.42 5.635 5.432 
4.639 4.521 4.481 4.77 5.357 7.03 8.256 9.628 8.278 8.23 
8.449 9.553 7.98 9.076 8.354 9.503 8.841 8.517 8.631 9.112 
10.143 8.791 6.215 6.28 6.048 6.806 6.554 7.74 8.163 7.195 
6.996 7.406 8.781 10.05 11.103 11.666 14.781 15.0 15.0 14.721 
12.469 13.559 11.66 10.438 10.041 8.788 7.894 7.676 8.644 8.155 
10.654 11.91 12.057 11.209 10.919 8.991 10.696 8.237 10.465 9.59 
9.249 7.275 9.374 8.023 10.066 9.358 10.385 9.896 9.971 10.129 
10.953 11.175 11.745 13.635 15.0 15.0 13.351 10.254 9.281 5.571 
4.58 3.149 2.902 3.186 3.581 3.534 3.677 3.392 4.144 4.631 
4.786 4.901 5.001 4.205 4.04 3.329 3.832 3.881 4.339 4.215 
4.997 6.086 6.812 6.698 7.002 8.324 9.242 9.757 8.784 7.36 
6.937 6.506 5.72 5.086 3.988 3.033 3.181 2.432 2.229 2.21 
2.064 2.558 2.282 2.562 3.057 3.389 3.607 3.176 2.671 3.298 
3.393 3.931 4.182 4.372 4.708 5.012 6.247 7.786 9.72 10.879 
13.4 11.26 11.061 10.766 11.311 8.773 6.62 5.784 5.44 4.521 
4.262 3.224 3.403 3.868 3.694 2.936 2.883 2.419 2.011 2.072 
2.433 2.894 3.106 3.606 4.331 6.006 7.35 8.819 9.828 10.364 
9.493 10.332 10.029 8.516 8.64 8.987 9.444 10.509 10.704 10.491 
9.875 9.212 8.909 7.063 8.278 7.188 7.448 6.462 4.273 4.015 
4.216 4.283 4.954 4.88 5.438 4.924 5.806 5.286 6.558 7.677 
8.814 10.716 12.492 15.0 15.0 15.0 15.0 15.0 14.29 12.293 
10.352 10.561 9.228 7.65 6.172 5.794 5.829 5.643 5.935 5.714 
5.907 7.197 6.86 7.511 9.761 8.998 9.398 7.208 7.755 7.053 
8.367 9.362 9.994 10.3 9.979 9.554 9.645 9.008 9.35 8.376 
8.167 7.06 5.193 4.855 3.756 3.771 3.194 3.322 2.774 2.671 
2.354 2.419 2.821 2.853 2.213 1.701 1.355 1.28 1.275 1.293 
1.199 1.485 1.613 1.867 1.821 2.108 2.449 2.578 2.654 3.012 
3.346 3.51 3.874 4.877 6.98 9.239 10.819 10.466 8.35 6.016 
4.78 3.404 2.582 2.077 2.067 2.036 1.689 1.619 1.401 1.255 
1.135 1.146 1.156 1.204 1.451 1.626 2.093 2.423 2.208 1.773 
1.249 0.179 0.032 0.012 0.043 0.088 0.74 1.032 1.157 1.02 
1.156 1.262 1.582 2.047 2.373 2.534 3.265 4.154 4.837 5.371 
4.191 2.746 2.073 1.535 1.713 1.443 1.311 1.314 1.194 1.242 
1.181 1.361 1.561 1.623 1.644 1.876 2.025 2.26 2.849 3.813 
5.573 6.477 5.65 4.421 2.724 1.834 1.487 1.55 1.289 1.393 
1.294 1.355 1.474 1.428 1.845 2.295 2.837 3.408 3.675 4.793 
4.873 5.386 5.944 6.564 7.241 7.187 6.24 3.841 2.626 2.413 
2.636 2.501 1.858 1.376 1.226 1.335 1.434 1.561 1.676 2.017 
2.852 3.012 4.217 4.026 5.048 4.252 4.6 4.947 6.155 6.775 
5.63 3.483 2.937 2.371 2.247 2.16 2.081 2.194 2.538 2.869 
4.173 4.917 5.831 6.771 6.457 6.847 6.777 7.284 7.479 9.199 
11.221 9.789 7.019 5.229 4.288 3.749 3.319 3.339 3.083 2.843 
2.686 2.449 2.435 2.081 1.989 2.224 2.457 2.83 3.332 2.981 
3.278 3.392 3.353 4.302 5.786 5.725 6.07 4.662 3.113 2.451 
2.031 1.761 1.474 1.479 1.319 1.31 1.342 1.426 1.744 2.053 
2.445 2.535 2.218 2.102 2.539 3.199 3.285 3.412 2.825 2.293 
1.783 1.71 1.449 1.748 1.677 1.35 1.34 1.035 1.135 1.19 
1.2 1.392 1.438 1.355 1.338 1.477 1.775 2.308 3.007 3.388 
4.038 3.63 4.044 3.75 3.158 2.078 1.758 1.448 1.295 1.094 
1.209 1.238 1.292 1.385 1.803 1.901 2.325 2.478 2.016 1.916 
2.27 2.656 2.66 3.013 3.554 4.236 4.05 4.253 4.074 4.0 
3.807 5.941 6.711 7.185 6.414 8.75 8.957 9.707 9.487 10.595 
10.199 9.953 8.583 9.994 11.109 
END
