PFRMAT local QA
AUTHOR LAW-CASP14
af2-standard_T1114s2_3.pdb local_accuracy_only 15.0 15.0 15.0 15.0 15.0 15.0 15.0 15.0 15.0 15.0 15.0 
15.0 15.0 15.0 15.0 15.0 15.0 15.0 15.0 15.0 15.0 
15.0 15.0 15.0 15.0 15.0 15.0 15.0 15.0 15.0 15.0 
15.0 15.0 15.0 15.0 15.0 15.0 15.0 11.975 9.953 7.954 
7.558 9.237 8.176 8.056 5.254 2.518 1.258 1.042 0.865 0.852 
0.971 0.919 1.1 0.963 1.063 1.099 1.207 1.112 1.132 0.939 
1.117 1.105 1.16 1.085 1.279 1.585 1.914 3.023 3.16 2.058 
1.955 1.511 1.672 1.674 1.332 1.518 1.643 1.648 1.573 1.701 
1.23 1.439 1.312 1.314 1.675 1.466 1.822 2.428 2.925 2.978 
4.157 3.993 4.776 4.804 4.315 3.446 2.362 2.343 1.891 1.445 
1.379 1.389 1.348 1.187 1.277 1.321 1.293 1.364 1.25 1.078 
0.9 0.873 0.758 0.754 0.682 0.756 0.82 0.843 0.879 0.915 
1.261 1.586 2.898 3.708 6.866 6.407 5.991 4.55 3.612 2.664 
1.859 4.57 2.795 5.252 5.224 1.989 1.698 1.192 1.152 1.165 
1.122 0.95 1.142 1.141 0.961 0.925 1.188 1.12 0.837 0.842 
0.84 0.742 0.723 0.749 0.754 0.789 0.836 0.82 0.791 0.84 
1.022 0.944 1.022 1.208 1.184 1.303 1.625 2.73 2.903 2.299 
3.143 2.482 1.884 1.854 1.124 1.25 0.963 1.901 1.802 1.827 
1.648 2.485 2.594 2.971 2.249 1.713 1.435 1.743 2.256 2.729 
2.523 2.05 1.709 1.24 1.287 1.321 1.537 1.333 1.255 1.062 
1.071 1.069 0.879 0.901 0.846 0.869 0.927 0.856 1.072 1.124 
1.296 1.121 0.885 1.058 1.009 0.919 0.926 1.075 1.3 1.114 
1.238 1.498 2.068 2.032 2.6 3.543 3.345 3.633 4.259 4.236 
3.835 4.989 4.458 3.541 2.583 3.105 3.418 3.636 2.558 2.324 
2.254 1.91 1.586 1.45 1.659 1.782 2.02 1.734 2.711 2.258 
2.646 3.922 5.687 4.24 5.609 6.386 6.546 7.772 6.967 8.777 
9.818 11.724 10.357 10.003 9.356 5.838 3.646 7.196 8.395 5.263 
2.909 1.888 2.16 3.217 4.04 2.646 1.951 1.329 1.293 1.313 
1.625 1.584 1.166 1.451 1.487 1.609 1.387 1.547 1.577 1.478 
1.685 1.629 2.271 1.936 2.012 1.851 1.565 1.512 1.584 2.036 
1.945 2.265 1.42 1.478 1.122 1.289 1.264 0.959 0.997 1.043 
1.075 1.648 1.338 1.955 2.671 6.344 2.97 8.737 11.028 12.63 
12.498 11.154 11.564 9.112 11.229 11.19 14.283 15.0 15.0 15.0 
15.0 15.0 15.0 14.157 14.969 12.312 9.621 7.471 7.656 8.11 
8.357 8.435 9.471 9.088 8.214 8.163 8.617 7.379 6.336 6.082 
6.097 6.401 5.868 6.03 6.289 6.431 6.628 9.821 10.749 11.98 
9.721 10.603 12.964 11.589 13.061 13.013 14.365 13.965 
END
