PFRMAT local QA
AUTHOR MASS-CASP14
af2-standard_T1114s2_3.pdb local_accuracy_only 15.0 15.0 15.0 15.0 15.0 15.0 15.0 15.0 15.0 15.0 15.0 
15.0 15.0 15.0 15.0 15.0 15.0 15.0 15.0 15.0 15.0 
15.0 15.0 15.0 15.0 15.0 15.0 15.0 15.0 15.0 15.0 
15.0 15.0 15.0 15.0 15.0 15.0 15.0 15.0 15.0 15.0 
15.0 15.0 15.0 15.0 8.86 4.581 1.976 1.524 1.259 1.075 
0.914 1.003 1.175 1.04 1.155 1.257 1.283 1.403 1.516 1.391 
1.715 1.829 1.685 1.482 1.584 1.958 2.444 2.899 2.806 2.658 
1.948 1.837 1.972 1.785 1.499 1.793 2.441 2.527 2.46 2.292 
2.338 2.151 1.949 1.739 1.576 1.803 2.431 2.731 2.449 3.067 
3.077 3.089 3.143 3.069 2.997 2.462 2.009 2.062 2.067 1.638 
1.423 1.684 1.571 1.64 1.712 2.095 2.363 2.351 2.151 2.142 
1.826 1.348 1.003 0.911 0.81 0.891 1.044 1.171 1.238 1.324 
1.773 2.382 3.811 5.433 6.836 7.423 6.477 6.005 3.66 2.963 
2.872 2.465 2.198 2.598 2.865 1.918 1.747 1.546 1.618 1.682 
1.373 1.316 1.326 1.284 1.225 1.255 1.382 1.483 1.239 1.168 
1.175 1.094 0.971 0.876 0.196 0.639 0.648 1.306 1.402 1.317 
1.594 1.513 1.698 1.911 2.099 2.197 2.412 2.996 3.606 3.542 
4.363 4.651 5.155 5.529 5.281 4.822 4.011 4.324 4.046 3.94 
4.189 4.961 5.916 6.177 5.638 4.749 4.216 3.482 3.464 3.66 
3.358 2.325 2.345 2.2 2.238 2.308 2.407 1.875 1.869 1.439 
1.28 1.409 1.176 1.294 1.194 1.26 1.458 1.656 2.153 2.168 
2.021 1.72 1.394 1.645 1.77 1.744 1.601 1.705 1.688 1.61 
1.96 2.103 2.485 2.656 3.191 3.643 3.62 3.046 2.997 3.038 
3.519 3.613 2.792 2.639 2.379 3.089 3.306 3.581 2.661 2.74 
2.77 2.316 1.971 1.921 2.063 2.34 2.505 1.889 2.166 2.417 
3.001 3.083 2.826 3.986 4.573 6.007 6.419 8.171 9.187 10.791 
9.304 9.83 8.057 9.339 8.118 7.041 5.321 5.32 5.12 4.549 
3.322 2.95 2.573 2.774 2.393 2.014 1.676 1.477 1.462 1.599 
1.81 1.94 1.678 1.796 1.719 1.906 1.679 1.983 2.242 2.418 
2.347 2.396 2.773 2.588 2.268 1.846 1.9 1.86 1.667 2.285 
2.366 2.274 1.943 1.785 1.499 1.499 1.747 1.587 2.13 2.325 
2.652 2.943 2.794 3.427 3.878 5.266 4.87 4.63 5.865 5.945 
5.99 7.185 7.157 7.304 8.179 8.254 10.51 10.106 9.96 10.224 
10.179 8.598 8.067 7.84 9.109 8.796 7.402 7.791 8.127 8.26 
6.742 6.471 6.096 6.046 6.156 6.496 6.703 7.453 7.134 8.44 
9.019 9.335 9.259 10.226 11.093 11.708 12.492 13.976 14.595 12.97 
12.06 12.665 12.659 12.535 12.662 12.904 15.0 15.0 
END
