PFRMAT local QA
AUTHOR MASS-CASP14
af2-standard_T1137s6_2.pdb local_accuracy_only 15.0 14.873 10.362 8.088 7.487 6.976 6.034 5.326 5.291 4.913 4.752 
5.02 4.561 4.687 4.94 4.886 5.748 5.614 5.399 5.417 4.931 
5.407 5.084 5.448 5.366 5.579 6.75 8.001 8.074 8.214 8.798 
9.138 9.438 9.558 10.224 9.253 8.126 5.845 4.515 3.27 2.428 
1.644 1.379 1.197 1.182 1.092 1.003 1.195 1.442 1.288 1.335 
1.328 1.287 1.995 2.328 2.626 2.549 2.401 1.604 1.461 1.695 
1.845 2.317 1.94 1.579 1.372 1.118 1.008 1.064 1.307 1.318 
1.162 1.174 1.446 1.938 2.638 3.138 2.429 1.642 1.429 1.405 
1.248 1.339 1.178 1.11 1.344 1.626 2.09 2.482 2.193 1.671 
1.997 2.232 1.908 1.51 1.393 1.317 1.232 1.162 1.369 1.411 
1.519 1.515 1.988 1.778 1.768 1.661 1.474 1.259 1.04 0.892 
0.928 1.314 1.656 2.444 3.705 6.395 6.773 8.509 6.157 5.921 
4.778 5.188 4.347 4.535 3.172 2.691 2.625 3.183 3.85 3.304 
2.863 2.753 2.821 2.868 3.096 3.345 3.641 4.107 3.525 4.057 
4.612 4.65 4.616 4.406 5.174 4.906 4.513 5.084 5.388 5.77 
5.112 4.859 4.911 4.03 3.475 3.721 3.774 3.766 4.079 3.709 
4.116 4.165 4.214 4.707 4.721 4.739 4.814 5.555 4.935 5.886 
6.353 6.194 5.02 5.463 4.91 4.859 4.917 5.629 5.156 5.329 
4.884 4.895 4.471 5.037 4.987 5.332 4.995 6.175 5.475 5.923 
5.356 5.385 5.397 4.633 4.918 4.616 4.588 4.842 5.576 5.066 
5.172 4.952 5.165 4.839 4.301 4.223 5.037 5.622 6.106 6.359 
6.985 7.829 8.965 9.053 8.255 9.319 9.3 8.496 9.668 10.418 
9.488 9.152 8.488 7.662 7.211 7.39 7.979 7.501 7.383 6.887 
8.106 7.571 7.86 7.852 7.914 7.738 7.916 7.249 8.377 8.809 
10.154 9.984 10.288 9.306 8.76 8.783 7.841 8.272 9.392 8.679 
9.015 9.898 8.631 8.012 9.33 10.705 9.809 11.19 9.454 8.619 
6.784 7.26 7.087 7.139 7.015 7.429 6.833 7.922 7.55 9.008 
7.755 8.512 7.375 8.651 8.043 8.847 8.695 9.838 8.459 9.981 
8.75 9.024 9.084 10.351 9.938 10.439 12.176 12.622 13.587 11.949 
12.456 14.059 12.658 14.257 15.0 14.775 15.0 15.0 15.0 15.0 
15.0 15.0 15.0 15.0 15.0 15.0 15.0 14.728 15.0 15.0 
15.0 15.0 15.0 14.696 12.386 10.576 8.369 7.735 7.503 7.182 
6.474 7.244 7.409 6.861 6.322 6.643 6.05 6.773 5.263 4.433 
4.699 5.237 5.793 6.409 6.901 6.481 6.706 7.201 8.11 9.165 
9.04 8.262 7.082 4.653 3.21 2.64 2.002 2.172 2.37 2.756 
3.813 4.509 4.625 4.607 5.104 6.189 5.748 6.338 6.105 5.919 
7.333 7.799 8.724 9.179 9.087 10.865 13.166 9.711 11.347 9.527 
8.516 8.448 8.449 8.184 6.986 6.968 7.645 7.612 7.138 8.304 
9.01 10.391 11.293 11.941 10.163 10.638 9.663 8.034 7.031 5.349 
4.166 4.281 4.06 4.326 4.896 4.872 6.311 6.468 6.493 5.446 
6.141 5.248 5.254 5.664 6.017 6.18 7.329 7.403 7.431 6.611 
6.624 6.008 6.691 6.034 5.884 6.514 6.895 7.323 7.652 8.677 
8.317 8.525 8.21 7.656 8.933 8.218 10.656 11.706 10.167 10.378 
11.585 11.41 10.931 11.007 10.654 10.725 11.184 11.421 12.211 12.265 
12.143 10.229 10.296 10.108 8.652 7.291 7.287 7.213 7.027 6.959 
8.389 8.825 9.216 9.66 9.445 10.726 9.924 11.521 12.144 14.748 
13.423 15.0 13.412 14.0 14.711 12.535 9.217 10.552 9.585 10.213 
8.782 9.463 9.211 9.855 9.935 8.918 7.503 5.534 4.04 3.627 
2.735 3.041 3.168 3.179 2.362 1.806 1.453 1.377 1.306 1.548 
1.934 2.314 1.85 1.645 1.455 1.471 1.63 1.638 2.095 2.782 
4.333 4.611 6.183 7.048 7.766 8.783 7.091 5.913 4.246 4.508 
4.174 3.831 3.611 4.356 5.3 6.582 6.963 
END
