PFRMAT local QA
AUTHOR LAW-CASP14
af2-standard_T1137s6_2.pdb local_accuracy_only 6.773 6.139 4.046 3.425 3.179 3.08 3.109 3.186 2.866 1.597 1.649 
1.586 1.571 1.766 1.72 1.765 1.736 1.804 1.785 1.854 1.811 
1.919 1.855 2.137 2.012 2.087 2.249 2.369 2.37 2.437 2.535 
2.678 2.82 2.979 3.238 3.269 2.488 2.854 1.891 1.493 1.01 
0.784 0.672 0.615 0.621 0.874 0.772 0.906 0.953 0.79 0.841 
0.933 0.731 0.894 0.895 1.085 0.846 0.936 0.634 0.725 0.718 
0.748 0.875 0.853 0.996 0.841 0.825 0.907 0.706 0.848 0.823 
0.734 0.847 1.096 1.24 1.782 1.366 1.229 0.902 0.774 0.626 
0.65 0.667 0.829 0.822 1.034 1.235 1.246 1.034 1.149 0.87 
1.185 1.041 1.15 0.764 0.734 0.605 0.595 0.598 0.642 0.873 
0.907 1.103 1.174 1.423 1.118 0.983 0.808 0.719 0.622 0.618 
0.624 0.71 1.113 1.407 1.953 1.995 1.958 1.634 1.301 1.074 
0.965 0.855 0.837 0.815 0.769 0.773 0.747 0.885 0.823 0.72 
0.76 0.794 0.891 1.372 1.811 1.971 2.268 2.262 2.107 2.553 
2.894 3.264 3.217 4.165 3.865 3.593 3.723 4.217 4.582 3.575 
3.983 5.946 10.958 11.588 6.566 12.227 9.719 5.688 7.18 14.452 
15.0 9.566 9.826 10.501 11.988 7.488 9.119 3.21 2.827 3.07 
2.928 2.415 2.268 2.369 2.538 2.448 2.236 2.232 2.12 1.863 
1.975 2.03 1.954 1.848 1.97 1.978 2.066 1.981 2.11 2.137 
2.224 2.327 2.557 2.289 2.621 2.875 2.879 2.955 3.274 3.177 
2.973 3.249 2.962 3.164 3.18 3.157 2.923 3.031 3.151 3.401 
3.362 3.137 3.083 2.838 2.433 2.199 2.117 1.947 1.898 2.138 
2.102 1.786 2.155 2.047 1.7 1.666 1.963 1.673 1.804 1.833 
1.794 1.893 1.892 2.034 2.236 2.02 2.209 2.354 2.313 2.136 
2.304 2.317 2.243 2.306 2.668 2.493 2.559 2.923 2.615 2.613 
2.469 2.6 2.473 2.545 2.643 2.63 2.448 2.564 2.698 2.671 
2.537 2.73 2.829 2.886 2.794 3.132 3.083 3.121 3.18 3.565 
3.16 2.998 3.091 2.967 2.984 3.0 3.815 4.232 3.591 3.856 
3.876 3.709 4.943 5.608 4.271 4.571 5.947 6.249 7.436 9.182 
12.15 13.853 15.0 15.0 15.0 15.0 15.0 15.0 15.0 15.0 
15.0 15.0 15.0 15.0 15.0 15.0 15.0 15.0 15.0 15.0 
15.0 15.0 15.0 15.0 15.0 15.0 15.0 15.0 15.0 15.0 
15.0 15.0 15.0 15.0 15.0 15.0 15.0 15.0 15.0 15.0 
15.0 15.0 15.0 15.0 15.0 15.0 15.0 12.741 15.0 15.0 
10.382 15.0 15.0 12.021 15.0 15.0 15.0 15.0 15.0 15.0 
15.0 15.0 15.0 15.0 15.0 15.0 15.0 10.854 10.273 9.051 
12.494 12.396 6.792 4.593 3.884 3.869 3.87 4.185 4.99 3.293 
3.268 4.398 5.992 7.097 8.283 4.86 5.372 6.513 4.716 5.752 
6.892 7.425 11.496 15.0 14.534 15.0 15.0 15.0 15.0 15.0 
15.0 15.0 15.0 15.0 15.0 15.0 14.614 15.0 13.104 15.0 
15.0 15.0 15.0 15.0 15.0 15.0 15.0 15.0 15.0 15.0 
15.0 15.0 15.0 15.0 9.803 11.996 15.0 11.002 15.0 13.754 
15.0 15.0 15.0 15.0 15.0 15.0 15.0 15.0 15.0 15.0 
15.0 15.0 15.0 15.0 15.0 15.0 15.0 15.0 15.0 15.0 
15.0 15.0 15.0 15.0 15.0 15.0 15.0 15.0 15.0 15.0 
15.0 15.0 15.0 15.0 15.0 15.0 15.0 15.0 15.0 15.0 
15.0 15.0 15.0 15.0 15.0 15.0 15.0 15.0 15.0 15.0 
15.0 15.0 15.0 15.0 15.0 15.0 15.0 15.0 15.0 15.0 
14.706 15.0 15.0 8.212 9.475 13.677 15.0 15.0 15.0 15.0 
11.8 13.989 12.172 15.0 15.0 15.0 15.0 15.0 15.0 12.109 
15.0 15.0 15.0 15.0 15.0 15.0 15.0 15.0 15.0 15.0 
15.0 15.0 15.0 15.0 15.0 15.0 10.733 
END
