PFRMAT local QA
AUTHOR LAW-CASP14
af2-standard_T1176_4.pdb local_accuracy_only 1.979 1.724 1.61 1.591 1.47 2.073 2.395 4.652 5.247 5.681 5.3 
5.356 4.754 5.205 4.69 3.742 3.537 2.659 1.913 2.043 2.121 
3.44 3.714 5.263 3.695 2.363 1.966 1.603 1.431 1.647 1.908 
2.664 3.355 5.347 7.038 8.508 8.937 8.364 7.088 5.336 5.211 
5.402 5.587 4.717 5.43 7.187 7.926 7.938 6.399 4.808 4.827 
2.601 3.12 3.058 1.674 1.341 1.253 1.074 1.068 1.051 1.125 
1.086 1.045 0.998 1.22 1.189 1.544 1.368 1.177 1.026 1.096 
1.008 1.084 1.175 1.318 1.547 1.825 2.495 2.872 3.377 2.848 
2.253 1.658 1.296 1.247 1.076 1.175 1.339 1.488 1.181 1.393 
1.067 1.509 1.72 2.909 3.703 4.702 5.386 5.269 4.126 3.783 
2.785 1.904 1.634 1.257 1.376 1.303 1.172 1.035 1.031 1.008 
0.932 0.998 1.122 1.135 1.044 1.146 1.233 1.179 1.062 1.016 
1.02 1.059 1.116 1.246 1.112 1.12 1.402 1.677 2.835 3.898 
3.827 2.932 2.176 1.456 1.329 1.725 2.649 2.945 2.562 2.267 
3.251 3.116 2.395 3.164 3.121 1.843 1.833 1.376 1.434 1.29 
1.466 1.993 1.764 2.588 2.403 3.214 2.613 1.745 1.326 1.11 
1.212 1.153 1.261 1.224 1.131 1.113 1.221 1.282 1.609 
END
