PFRMAT local QA
AUTHOR MASS-CASP14
af2-standard_T1176_4.pdb local_accuracy_only 3.108 2.462 1.884 1.617 1.585 1.924 1.993 2.197 2.383 2.484 2.429 
2.464 3.208 3.268 3.307 2.784 2.885 2.803 3.157 2.957 2.794 
2.439 3.526 3.497 3.387 2.051 1.761 1.404 1.254 1.374 1.519 
1.879 2.66 3.887 5.203 6.772 8.129 8.262 6.572 3.888 2.581 
1.924 1.576 1.406 1.38 1.715 1.922 1.97 2.275 2.345 2.214 
1.98 2.332 2.773 2.188 2.257 1.676 1.476 1.231 1.243 1.348 
1.195 1.51 1.72 2.196 2.607 2.857 2.925 2.767 2.088 1.726 
1.638 1.482 1.733 1.662 1.787 2.107 2.955 3.16 4.054 3.266 
2.587 1.602 1.236 1.027 0.974 1.101 1.337 1.383 1.42 1.616 
1.506 1.645 1.771 2.301 3.23 4.08 4.111 4.216 3.158 2.618 
2.494 2.601 2.461 2.072 2.318 2.348 2.164 1.259 1.289 1.292 
1.33 1.428 1.46 1.64 1.338 1.264 1.228 1.102 1.0 0.992 
0.995 1.282 1.261 1.546 1.332 1.257 1.93 2.362 3.757 5.561 
5.339 5.402 4.647 4.032 3.921 3.045 3.305 2.908 2.618 1.933 
2.134 2.287 1.965 1.97 1.613 1.347 1.252 1.177 1.129 1.139 
1.435 2.046 3.017 5.06 6.131 5.359 5.193 3.558 2.376 1.717 
1.546 1.373 1.462 1.395 1.111 1.032 1.105 1.423 2.219 
END
