PFRMAT local QA
AUTHOR LAW-CASP14
af2-standard_T1150_4.pdb local_accuracy_only 11.337 9.353 1.46 1.317 1.542 2.177 1.566 1.757 2.322 2.258 1.809 
2.45 2.688 2.433 2.184 2.573 2.73 2.176 1.767 2.115 1.684 
1.364 1.409 1.321 1.247 1.174 1.208 1.135 0.993 1.084 1.097 
0.952 0.867 0.964 0.985 0.854 0.777 0.739 0.831 0.786 0.729 
0.769 0.814 0.818 0.827 1.131 1.071 0.89 1.088 1.164 1.091 
1.078 1.407 1.411 1.19 1.284 1.625 1.918 1.281 1.441 1.737 
1.345 1.169 1.0 0.815 0.773 0.719 0.73 0.721 0.752 0.7 
0.674 0.727 0.878 0.768 0.727 0.779 0.899 1.049 1.432 1.681 
2.515 2.11 1.92 1.718 1.171 1.193 0.913 0.801 0.662 0.716 
0.74 0.793 0.891 0.856 0.831 0.906 0.855 0.796 1.008 0.804 
0.852 0.771 0.681 0.661 0.657 0.644 0.643 0.649 0.622 0.624 
0.677 0.7 0.692 0.813 1.031 0.977 1.0 1.255 1.306 1.083 
1.541 1.271 1.368 1.069 1.331 1.194 0.858 0.937 1.044 0.833 
0.681 0.742 0.751 0.678 0.658 0.789 0.779 0.789 0.848 1.152 
1.341 1.432 1.576 3.906 3.958 5.702 5.648 5.316 5.716 5.329 
5.228 3.605 3.62 2.345 1.602 2.214 2.454 1.989 1.503 2.658 
3.175 4.247 4.28 2.738 3.674 3.022 3.355 3.229 2.949 3.055 
2.832 2.394 2.013 1.973 2.012 1.665 1.393 1.455 1.338 1.762 
1.718 1.59 1.442 1.385 1.405 1.388 1.122 1.238 1.274 1.135 
1.096 1.457 1.399 1.288 1.921 2.677 4.604 4.839 6.223 5.61 
5.284 3.652 2.329 1.366 1.308 1.288 1.231 1.288 1.263 1.223 
0.983 0.937 1.07 1.172 1.211 1.209 1.247 1.083 1.098 1.165 
1.211 1.523 2.347 3.638 3.633 5.131 4.872 3.862 3.026 1.888 
1.583 1.177 1.146 1.085 1.057 1.315 1.173 1.626 1.566 1.267 
1.268 1.296 2.008 1.752 1.466 2.052 2.499 2.836 4.085 3.546 
2.934 2.911 2.544 1.581 1.24 1.046 1.422 1.44 1.064 1.61 
1.873 1.494 1.748 2.778 4.539 3.712 3.54 2.069 2.459 1.488 
1.545 1.387 1.467 1.377 1.841 1.634 1.161 1.106 1.045 1.103 
1.228 1.315 1.494 1.621 1.354 1.168 1.26 0.993 1.037 1.325 
1.192 1.597 1.483 1.602 2.74 4.711 4.43 1.862 1.145 1.091 
0.968 0.884 0.808 0.736 0.724 0.679 0.647 0.648 0.687 0.682 
0.631 0.686 0.895 0.828 0.752 1.064 1.086 1.08 1.638 2.141 
1.525 1.573 2.307 2.003 1.625 1.731 3.145 2.331 2.527 2.812 
3.403 2.161 2.099 1.432 1.473 1.369 0.962 1.045 1.028 0.877 
0.706 0.781 0.893 0.778 0.717 0.816 0.815 0.742 0.809 0.84 
0.855 0.852 0.998 1.116 1.098 1.16 1.321 1.417 1.41 2.086 
4.652 10.401 13.202 15.0 15.0 15.0 15.0 15.0 15.0 
END
