PFRMAT local QA
AUTHOR MASS-CASP14
af2-standard_T1150_4.pdb local_accuracy_only 5.167 3.69 2.563 2.113 2.494 2.694 2.479 2.348 2.329 2.758 2.28 
2.719 2.627 2.442 2.642 3.556 3.829 3.883 3.681 3.715 3.227 
2.594 2.473 2.442 2.004 1.495 1.597 1.555 1.338 1.123 1.327 
1.223 1.013 1.169 1.287 0.974 0.971 0.932 1.034 0.601 0.956 
1.041 1.157 1.121 1.156 1.142 1.131 1.144 1.276 1.325 1.284 
1.266 1.615 1.78 1.663 1.56 1.958 1.944 1.577 1.704 2.026 
1.699 1.443 1.253 1.087 0.996 1.021 0.91 1.144 1.289 1.009 
1.092 1.052 1.292 1.208 1.029 1.151 1.037 1.114 1.577 2.402 
3.71 3.738 2.861 1.756 1.483 1.137 0.956 0.882 0.877 1.121 
1.066 1.037 1.363 1.429 1.316 1.587 1.479 1.472 1.28 1.286 
1.312 1.223 1.125 1.058 1.167 1.097 1.082 1.066 0.991 0.95 
1.016 0.972 0.911 1.005 1.308 1.612 1.69 1.625 1.369 1.411 
1.546 1.609 1.426 1.55 1.446 1.253 1.119 1.018 1.174 1.133 
0.971 1.01 1.175 1.16 1.109 1.212 1.416 1.362 1.441 1.809 
2.257 2.732 2.937 3.811 4.048 4.855 4.848 5.671 6.143 6.428 
5.754 4.764 5.304 4.198 3.61 4.171 4.568 4.548 4.725 4.606 
5.028 5.159 4.875 3.721 3.667 3.198 3.045 2.659 2.399 2.339 
2.789 2.797 2.637 2.269 2.727 2.386 2.883 2.856 3.272 3.27 
2.947 2.749 2.382 2.373 2.441 2.769 2.153 2.262 2.257 2.273 
2.227 2.411 2.342 2.529 2.89 4.088 5.164 5.861 5.979 4.778 
4.061 3.118 2.558 2.114 2.022 1.772 1.925 2.051 1.83 1.854 
1.487 1.363 1.317 1.142 1.187 1.189 1.534 1.27 1.516 1.873 
1.947 1.956 2.227 2.829 3.452 5.505 7.535 7.766 7.769 8.147 
7.795 9.082 8.565 6.703 5.914 4.866 4.179 3.757 4.146 3.301 
2.912 3.058 2.261 2.323 2.688 3.348 3.288 3.052 3.554 3.805 
3.922 4.501 4.164 3.961 3.388 2.783 2.599 2.216 1.878 1.892 
2.228 2.517 2.299 2.092 2.008 1.792 1.884 1.837 1.805 1.61 
1.438 1.511 1.754 1.914 2.288 1.485 1.299 1.209 1.124 1.151 
1.139 1.15 1.089 1.288 1.517 1.392 1.773 1.634 1.525 1.608 
1.735 2.179 2.971 2.547 3.71 3.613 4.215 2.91 2.32 1.797 
1.689 1.43 1.406 1.276 1.302 1.218 1.157 1.038 1.117 1.142 
0.994 1.064 1.12 1.143 1.185 1.332 1.509 1.532 1.826 2.258 
1.762 1.976 2.166 2.169 1.942 2.006 2.361 3.124 3.042 3.282 
3.777 3.404 2.643 2.213 2.188 1.233 1.043 1.117 1.19 1.032 
1.034 0.987 1.209 1.157 1.224 1.409 1.388 1.175 1.14 1.243 
1.116 1.027 1.274 1.143 1.048 1.312 1.6 1.785 1.994 2.65 
2.594 3.797 6.185 7.631 10.879 12.777 14.594 15.0 15.0 
END
