PFRMAT local QA
AUTHOR MASS-CASP14
af2-standard_T1137s2_3.pdb local_accuracy_only 15.0 14.577 12.592 12.642 12.602 13.287 13.608 15.0 15.0 15.0 15.0 
15.0 15.0 15.0 15.0 15.0 15.0 15.0 15.0 15.0 15.0 
15.0 15.0 14.913 13.196 11.673 12.48 12.927 11.896 11.615 11.645 
10.901 11.237 8.481 5.028 2.989 2.261 1.613 1.246 1.058 0.994 
1.021 0.939 1.29 1.412 1.212 1.295 1.379 1.041 1.5 1.539 
1.537 1.285 1.357 1.241 1.547 1.731 1.925 2.188 1.93 1.537 
1.535 1.467 1.43 1.506 1.778 1.763 1.568 1.686 2.286 2.957 
3.789 6.202 5.861 5.073 3.706 2.668 2.172 1.923 1.468 1.476 
1.317 1.408 1.499 1.959 2.298 2.431 2.394 1.869 2.054 2.217 
1.966 1.468 1.485 1.569 1.493 1.121 1.245 1.32 1.688 1.724 
2.29 2.177 2.035 1.736 1.676 1.414 1.513 1.356 1.305 1.458 
1.981 2.886 3.941 4.255 4.735 4.064 4.052 3.99 4.762 5.936 
7.035 4.921 4.331 4.198 4.554 5.788 6.57 5.78 5.51 5.977 
5.227 5.215 5.258 3.976 4.267 5.02 5.365 5.195 5.615 6.467 
6.64 6.615 6.892 8.212 7.635 7.642 7.199 6.571 6.626 6.032 
6.388 6.762 5.883 5.689 5.763 5.493 5.136 5.188 5.604 5.66 
5.501 6.257 6.792 6.884 7.747 10.18 12.784 15.0 15.0 13.842 
13.02 11.138 8.929 8.45 9.052 8.907 10.412 10.254 10.314 10.128 
10.317 9.0 10.39 9.209 9.408 8.84 9.68 9.563 10.18 8.555 
8.582 6.604 6.628 6.352 6.596 6.281 6.064 6.966 6.389 6.427 
6.281 6.156 5.234 4.534 4.938 4.977 6.068 5.7 6.456 6.472 
7.074 8.443 7.117 6.092 6.04 6.349 5.797 6.16 6.74 7.012 
6.111 5.879 5.85 5.125 5.621 5.006 5.28 4.586 5.257 5.028 
5.822 5.811 5.818 5.604 5.197 5.087 5.222 5.044 5.038 6.252 
5.756 6.004 5.955 6.348 6.647 7.491 8.012 7.517 8.496 7.782 
8.31 8.276 7.681 8.703 8.523 7.596 7.684 7.652 7.973 6.154 
6.082 6.866 6.915 7.376 7.993 8.071 7.191 7.447 8.353 7.727 
6.704 6.155 5.948 5.352 5.249 4.629 3.932 4.144 4.027 3.667 
3.303 3.245 3.25 3.393 3.015 3.012 3.086 2.949 2.83 2.806 
2.664 2.672 2.713 3.15 3.233 3.555 3.809 3.683 4.158 4.574 
5.801 6.223 7.171 7.428 7.004 7.413 7.479 8.528 8.709 8.865 
9.693 11.182 10.396 11.579 11.545 12.781 13.135 13.029 15.0 15.0 
14.356 15.0 15.0 15.0 15.0 15.0 15.0 13.411 13.707 12.552 
11.541 11.981 11.836 12.623 12.61 14.268 12.369 14.15 15.0 15.0 
15.0 15.0 
END
