PFRMAT local QA
AUTHOR LAW-CASP14
af2-standard_T1137s2_3.pdb local_accuracy_only 15.0 15.0 15.0 15.0 15.0 15.0 15.0 15.0 15.0 15.0 15.0 
15.0 15.0 15.0 15.0 15.0 15.0 15.0 15.0 15.0 15.0 
15.0 15.0 15.0 15.0 15.0 15.0 15.0 15.0 15.0 15.0 
10.313 6.478 2.727 1.777 1.084 1.067 0.827 0.718 0.756 0.693 
0.839 0.895 1.138 1.163 0.946 1.21 1.214 0.882 0.913 0.878 
0.994 0.778 0.993 0.668 1.002 1.018 1.501 1.799 1.53 1.325 
0.85 0.829 0.779 0.693 0.776 0.813 0.838 1.004 1.893 1.76 
2.63 2.635 2.279 2.053 1.459 1.154 0.903 0.658 0.677 0.651 
0.727 0.729 1.13 1.309 1.491 1.088 1.49 1.341 1.721 1.729 
1.421 1.072 1.032 0.784 0.889 0.87 0.975 1.259 1.275 1.522 
1.723 2.094 1.595 1.391 1.017 0.846 0.744 0.894 0.859 1.052 
1.261 1.758 3.067 3.588 3.791 2.873 2.058 1.665 1.7 1.325 
1.212 1.157 0.907 0.871 0.995 1.041 1.402 1.087 1.107 1.036 
1.176 1.313 1.597 2.001 2.307 2.325 2.3 2.315 2.511 2.649 
2.778 2.942 3.115 3.341 3.658 4.002 4.079 4.075 3.947 3.716 
3.942 6.685 5.813 4.904 4.119 4.889 5.451 8.406 10.064 7.206 
5.708 6.317 9.216 9.668 11.215 10.554 9.54 9.948 12.171 10.603 
9.317 10.393 15.0 15.0 15.0 15.0 15.0 15.0 15.0 15.0 
15.0 15.0 15.0 15.0 15.0 12.93 13.437 11.322 7.367 6.738 
6.664 4.88 4.455 4.372 5.971 6.825 7.718 7.601 5.86 5.97 
10.122 15.0 11.318 15.0 11.372 12.424 15.0 15.0 15.0 15.0 
15.0 15.0 15.0 15.0 15.0 15.0 15.0 15.0 15.0 15.0 
15.0 15.0 14.78 8.636 12.694 15.0 13.89 7.264 6.64 6.936 
10.284 11.764 6.482 5.155 5.307 6.149 7.613 6.338 5.547 5.336 
4.711 5.139 5.71 5.531 4.469 3.891 3.867 3.716 3.538 3.504 
3.276 3.076 3.017 3.131 3.298 2.974 2.949 2.996 2.953 2.885 
2.817 2.765 2.881 2.685 2.792 2.815 2.748 2.724 2.862 2.825 
2.721 2.892 2.794 2.857 2.856 2.882 2.762 2.821 2.729 2.666 
2.577 2.704 2.696 2.615 2.614 2.802 2.565 2.682 2.949 2.981 
2.831 2.989 3.016 3.361 3.494 3.768 3.652 3.522 3.757 4.063 
4.0 3.974 3.98 4.163 3.932 4.204 5.32 5.141 6.385 10.145 
15.0 14.452 13.456 15.0 15.0 15.0 15.0 15.0 15.0 15.0 
15.0 15.0 15.0 15.0 15.0 15.0 15.0 15.0 15.0 15.0 
15.0 15.0 15.0 15.0 15.0 15.0 15.0 15.0 15.0 15.0 
15.0 15.0 
END
