PFRMAT local QA
AUTHOR MASS-CASP14
af2-standard_T1197_3.pdb local_accuracy_only 12.678 12.503 11.914 10.892 12.812 11.154 14.537 10.993 13.311 8.923 7.955 
5.765 3.785 2.567 1.499 1.243 1.249 1.234 1.127 1.211 1.29 
1.159 1.037 1.324 1.269 1.253 1.185 1.134 1.074 1.263 1.509 
1.696 1.519 1.377 1.203 1.035 0.83 0.714 0.82 0.874 0.929 
1.023 1.27 1.682 1.68 1.55 1.294 1.09 0.884 0.791 0.853 
0.851 0.829 1.091 1.366 1.633 1.652 1.565 1.755 1.719 1.875 
1.74 1.507 1.583 1.764 1.808 1.481 1.668 1.388 1.242 1.441 
1.44 1.442 1.628 1.46 1.538 1.306 1.143 1.229 1.203 1.096 
1.08 1.027 0.983 1.062 1.624 2.017 1.938 1.438 1.018 0.808 
0.086 0.0 0.0 0.0 0.0 0.0 0.0 0.0 0.0 0.0 
0.0 0.007 1.253 1.071 1.196 1.548 1.9 2.277 2.321 2.082 
1.81 1.447 1.236 1.065 0.998 1.089 1.168 0.781 0.112 0.0 
0.0 0.0 0.0 0.0 0.0 0.0 0.0 0.0 0.0 0.0 
0.825 0.918 1.23 1.467 1.594 1.55 1.315 1.226 1.357 1.49 
1.306 1.138 1.029 0.926 1.067 1.059 0.913 0.895 1.018 1.31 
1.795 2.305 2.263 1.685 1.419 1.201 1.161 1.425 1.856 1.747 
2.188 2.133 3.015 3.556 4.111 4.984 6.091 8.73 8.757 10.737 
11.693 11.024 12.395 12.922 12.528 11.794 9.511 7.622 4.488 3.273 
2.258 1.759 1.443 1.541 1.326 1.3 1.238 1.12 1.373 1.338 
1.418 1.543 1.306 1.191 0.979 0.959 1.073 1.017 0.105 0.0 
0.0 0.002 0.019 1.019 1.029 1.041 1.084 1.294 1.322 1.105 
1.316 1.442 1.45 1.433 1.584 1.842 1.816 1.736 2.147 2.706 
2.115 2.075 2.221 2.441 1.973 1.578 1.701 1.998 1.781 1.632 
1.811 1.836 1.809 1.514 1.457 1.538 1.704 1.462 1.531 1.871 
1.877 1.748 1.721 2.0 1.606 1.376 1.397 1.401 1.084 1.092 
1.17 1.26 1.075 1.048 1.373 1.72 1.683 1.638 2.008 1.904 
1.666 1.565 1.341 1.247 1.371 1.324 1.256 1.409 1.354 1.293 
1.142 1.54 1.587 1.436 1.443 1.728 1.989 2.189 2.496 2.883 
3.838 3.707 4.13 5.012 5.468 5.463 4.78 4.175 
END
