PFRMAT local QA
AUTHOR LAW-CASP14
af2-standard_T1197_3.pdb local_accuracy_only 15.0 15.0 15.0 15.0 15.0 14.816 14.981 9.678 8.349 3.088 7.599 
4.715 4.34 2.579 1.475 0.67 0.619 0.574 0.669 0.657 0.802 
0.806 0.735 0.733 0.564 0.566 0.535 0.556 0.551 0.627 0.796 
0.841 1.193 0.854 0.682 0.582 0.506 0.493 0.468 0.502 0.626 
0.691 0.864 0.897 0.816 0.709 0.539 0.432 0.428 0.402 0.446 
0.475 0.613 0.703 0.803 1.136 0.971 1.177 1.223 0.953 1.162 
1.092 0.958 0.949 0.947 0.815 0.716 0.847 0.799 0.673 0.743 
0.841 0.676 0.808 0.639 0.667 0.523 0.589 0.517 0.534 0.446 
0.453 0.445 0.437 0.511 0.696 0.731 0.673 0.658 0.551 0.461 
0.374 0.373 0.395 0.45 0.475 0.508 0.647 0.562 0.556 0.486 
0.443 0.471 0.575 0.548 0.493 0.595 0.672 0.732 0.671 0.627 
0.655 0.747 0.643 0.693 0.599 0.596 0.553 0.486 0.501 0.52 
0.454 0.421 0.467 0.443 0.413 0.471 0.463 0.472 0.427 0.501 
0.484 0.477 0.536 0.56 0.574 0.563 0.499 0.47 0.471 0.484 
0.563 0.437 0.466 0.417 0.494 0.499 0.423 0.491 0.518 0.64 
0.771 0.848 0.645 0.566 0.437 0.478 0.481 0.546 0.64 0.608 
0.614 0.745 0.679 0.756 0.946 1.272 1.571 2.199 2.995 4.395 
6.179 9.312 8.252 9.188 8.965 6.552 4.118 1.649 0.867 0.651 
0.657 0.578 0.508 0.553 0.492 0.626 0.553 0.556 0.625 0.636 
0.635 0.644 0.557 0.456 0.445 0.451 0.418 0.437 0.429 0.416 
0.424 0.469 0.411 0.409 0.427 0.429 0.424 0.463 0.467 0.414 
0.514 0.542 0.502 0.498 0.567 0.58 0.517 0.63 0.727 1.003 
0.864 1.067 0.807 0.988 0.901 0.756 0.75 0.864 0.791 0.703 
0.781 0.801 0.698 0.678 0.477 0.509 0.486 0.543 0.602 0.749 
0.997 0.64 0.577 0.53 0.569 0.479 0.454 0.454 0.436 0.389 
0.405 0.402 0.387 0.425 0.453 0.54 0.519 0.486 0.473 0.488 
0.411 0.461 0.502 0.522 0.584 0.593 0.535 0.517 0.588 0.561 
0.509 0.549 0.621 0.597 0.811 0.758 0.767 0.754 0.83 0.868 
1.152 1.125 1.553 1.396 1.76 2.183 1.071 1.141 
END
