PFRMAT local QA
AUTHOR MASS-CASP14
af2-standard_T1153_1.pdb local_accuracy_only 8.401 9.073 8.651 9.747 9.199 8.416 6.413 7.195 5.652 4.745 4.933 
4.694 4.209 2.515 1.801 1.371 1.196 1.061 0.969 0.986 0.902 
0.912 1.171 1.208 1.819 2.592 3.056 3.954 4.17 5.358 5.069 
4.921 5.368 4.008 3.103 2.69 1.959 2.069 2.276 2.007 1.871 
1.938 2.017 1.793 1.792 1.95 2.406 2.655 2.669 1.885 1.552 
1.225 1.096 0.936 0.906 1.021 1.105 1.109 1.305 1.535 1.8 
2.091 2.012 1.715 2.126 1.969 1.677 1.708 1.801 1.911 1.715 
2.034 2.253 2.283 2.304 2.135 2.167 2.161 1.91 1.881 2.073 
1.951 2.523 3.039 3.056 2.436 2.303 1.749 1.413 1.44 1.408 
1.278 1.223 1.596 2.152 2.487 2.839 3.464 3.926 4.755 5.469 
6.3 5.852 4.732 2.991 1.73 1.257 1.105 0.969 0.934 0.851 
0.894 1.135 1.417 1.772 1.837 1.793 1.543 1.454 1.364 1.601 
1.666 1.723 1.743 1.938 2.317 3.214 4.755 6.069 8.409 10.422 
13.339 14.309 15.0 13.914 12.79 11.245 7.655 4.876 3.222 2.169 
1.412 1.209 1.166 1.122 1.056 0.958 1.042 1.078 1.492 1.748 
1.518 1.605 1.194 0.967 0.317 0.41 0.497 1.021 1.235 1.353 
1.613 2.256 3.095 4.475 6.441 8.284 9.053 9.955 11.544 12.312 
12.287 11.042 10.67 8.277 7.371 5.613 4.343 3.977 3.364 2.554 
2.428 2.674 2.434 1.843 1.904 1.952 1.69 1.527 1.878 1.947 
2.044 1.914 2.49 3.244 2.97 2.532 1.626 0.039 0.0 0.0 
0.0 0.0 0.032 1.357 1.358 1.717 2.205 2.689 3.045 2.946 
2.911 2.632 1.985 2.238 2.006 1.755 2.128 2.419 2.612 2.255 
2.017 2.043 2.142 2.054 2.13 2.555 3.593 4.046 4.225 3.423 
3.184 3.654 3.73 3.813 4.149 5.164 4.602 5.128 4.681 4.6 
3.415 2.552 1.84 1.788 1.651 1.372 1.353 1.212 1.414 1.852 
2.395 2.685 2.531 3.07 3.421 3.208 2.938 3.303 3.528 2.905 
2.416 2.242 1.994 2.105 2.277 2.446 2.375 1.881 2.251 2.331 
2.647 2.977 2.787 3.535 4.424 4.832 4.683 3.745 3.148 2.819 
2.674 2.227 2.237 2.081 1.977 1.462 1.263 1.096 1.02 0.879 
1.204 1.116 1.116 1.387 1.73 2.331 3.291 4.454 
END
