PFRMAT local QA
AUTHOR LAW-CASP14
af2-standard_T1153_1.pdb local_accuracy_only 13.16 10.743 15.0 15.0 15.0 15.0 12.72 6.761 2.413 2.999 2.131 
3.195 2.852 1.882 1.662 1.272 1.027 0.876 0.791 0.759 0.7 
0.693 0.723 0.872 0.995 1.923 2.681 3.543 4.822 6.415 6.587 
5.647 7.587 8.483 8.306 7.831 6.283 4.005 6.084 3.914 2.833 
2.651 3.055 1.993 1.623 1.785 2.728 1.558 1.412 0.961 0.913 
0.789 0.725 0.681 0.679 0.707 0.959 1.024 1.779 1.91 1.443 
1.94 2.019 1.2 1.569 1.887 1.807 1.254 1.741 2.283 1.704 
1.779 2.935 3.879 5.328 6.779 7.374 8.659 6.282 7.692 8.014 
5.925 8.282 3.788 3.321 2.29 1.431 1.38 1.098 0.988 1.044 
1.037 1.094 1.445 2.147 2.967 2.687 2.722 2.849 4.284 4.278 
6.188 5.329 4.42 3.935 1.551 1.298 0.922 0.835 0.822 0.836 
0.89 0.99 1.083 1.202 1.142 1.197 1.146 1.23 1.399 1.426 
1.424 1.43 1.335 2.056 1.657 3.957 4.588 7.721 8.606 12.125 
15.0 15.0 15.0 14.433 11.826 9.362 4.975 3.952 1.842 2.34 
1.065 0.961 0.933 0.915 1.076 1.007 1.224 1.189 1.413 1.629 
1.28 1.179 0.841 0.882 0.699 0.71 0.7 0.854 1.137 1.261 
1.624 2.313 2.408 2.431 3.418 5.329 7.789 9.161 10.79 11.22 
11.831 13.033 10.829 10.14 8.375 7.467 6.478 6.443 5.636 3.887 
4.459 4.431 4.378 3.687 3.762 3.608 3.131 2.873 2.828 2.736 
2.21 1.88 2.568 2.553 1.624 1.952 1.09 0.844 0.672 0.63 
0.635 0.666 0.775 0.996 1.268 1.297 1.562 1.73 2.77 2.25 
3.187 3.079 2.328 2.329 2.453 1.818 1.853 2.069 2.079 1.811 
1.352 1.267 1.141 1.158 1.393 2.355 2.771 2.949 2.205 1.476 
0.996 1.063 1.18 1.757 2.538 2.094 1.515 1.476 1.21 1.171 
1.19 1.199 1.373 1.047 0.823 0.826 0.693 0.812 0.869 1.233 
1.644 2.298 1.416 1.768 2.3 1.804 1.89 2.646 3.298 2.671 
1.589 1.241 1.029 1.083 1.261 2.948 4.954 2.245 6.491 6.363 
10.769 10.914 8.965 12.654 10.05 14.816 14.856 13.124 12.997 10.042 
7.421 3.638 3.183 1.048 1.129 0.844 0.856 0.775 0.79 0.848 
0.876 1.072 1.056 1.366 1.364 2.051 2.204 2.951 
END
