PFRMAT local QA
AUTHOR MASS-CASP14
af2-standard_T1181_3.pdb local_accuracy_only 8.504 7.247 6.596 5.881 5.839 5.739 5.091 3.983 3.598 3.658 3.206 
2.837 2.958 2.791 2.663 2.223 2.474 3.116 3.343 2.805 2.633 
2.199 2.445 2.386 2.54 2.241 1.975 1.881 2.421 3.055 3.466 
3.454 3.397 3.358 3.69 3.475 3.679 3.211 2.461 2.116 1.981 
1.836 2.069 2.354 2.635 2.05 1.724 1.197 1.009 1.174 1.179 
1.262 1.492 1.872 2.397 2.331 2.341 1.903 1.753 1.691 1.833 
2.197 2.253 1.923 1.947 1.728 1.999 1.944 1.59 1.758 1.625 
1.716 1.697 2.16 2.195 1.651 1.305 1.755 2.085 2.226 3.219 
3.966 5.286 6.021 7.706 8.788 9.653 9.389 9.219 9.239 7.846 
5.652 3.642 2.425 1.637 1.313 1.347 1.502 1.661 2.514 2.701 
2.714 2.301 2.033 1.529 1.728 1.85 1.594 1.476 1.282 1.21 
1.422 1.399 1.283 1.052 0.941 0.977 0.958 1.021 1.29 1.746 
2.125 1.673 1.344 1.167 1.194 1.366 1.983 1.707 1.548 1.375 
1.703 1.761 1.667 1.4 1.291 1.365 1.662 1.692 1.677 1.837 
1.641 1.619 1.416 1.343 1.651 2.284 2.461 2.193 1.997 1.454 
1.485 1.548 1.547 1.804 1.631 1.762 2.074 2.204 2.085 2.274 
2.475 2.242 1.954 1.921 1.778 2.264 2.899 2.87 3.289 3.085 
2.438 2.022 1.849 1.843 1.5 1.412 1.623 1.814 1.611 1.486 
1.31 1.15 1.085 1.192 1.663 1.421 1.527 1.388 1.217 1.345 
1.593 1.656 1.495 1.285 1.446 1.58 1.821 2.196 2.098 2.061 
1.809 1.934 1.903 2.213 2.175 2.354 3.039 3.246 2.557 2.274 
2.168 2.206 2.781 2.356 1.992 1.559 1.262 1.196 1.153 1.435 
1.366 1.513 1.582 2.07 2.479 3.346 5.3 5.644 5.911 4.535 
3.517 2.682 2.421 1.839 2.078 2.03 2.003 1.586 1.3 1.605 
1.82 1.956 2.898 2.496 2.533 2.32 2.845 3.902 4.32 5.633 
6.833 7.471 8.368 7.704 8.399 7.21 8.006 6.908 6.271 5.703 
5.049 4.999 4.914 4.899 4.845 3.76 3.654 3.08 2.556 2.166 
1.883 1.652 1.794 1.688 1.496 1.725 1.685 1.935 2.145 1.88 
2.367 2.774 3.774 3.859 3.335 3.432 2.931 3.455 3.398 3.099 
3.253 2.85 2.678 2.319 2.337 2.546 2.165 1.667 1.833 1.715 
2.074 2.215 1.489 1.889 1.696 1.852 1.969 1.997 2.007 2.245 
2.611 2.308 2.423 2.509 2.564 2.448 2.368 2.112 1.737 1.677 
1.387 1.307 1.282 1.302 1.483 1.232 1.195 1.016 1.003 0.943 
0.923 1.12 1.112 0.993 1.177 1.266 1.551 1.82 1.551 1.532 
1.435 1.446 1.247 1.093 1.001 0.992 1.242 1.374 1.755 1.851 
2.262 2.119 2.086 2.085 2.149 1.975 1.663 1.529 1.449 1.854 
1.808 1.859 2.287 2.049 2.43 3.233 2.853 3.022 2.673 2.028 
1.387 1.19 1.089 1.049 1.266 1.516 1.905 2.518 3.005 4.109 
4.935 6.299 6.438 6.389 6.02 4.818 3.289 2.653 2.1 1.606 
1.264 1.34 1.17 1.027 1.019 0.948 1.174 1.274 1.191 1.174 
1.058 1.622 1.886 1.703 2.536 2.428 2.87 2.37 2.019 1.927 
2.063 1.924 1.416 1.499 1.651 1.347 1.261 1.091 1.468 1.495 
1.284 1.054 1.074 1.325 1.575 1.547 1.704 1.434 1.35 1.313 
1.343 1.386 1.568 1.901 1.76 1.887 1.719 1.433 1.327 1.335 
1.583 1.445 1.089 1.052 1.013 1.288 1.341 1.06 1.224 1.236 
1.279 1.149 1.148 1.157 1.555 1.994 2.176 2.725 2.789 2.739 
2.078 1.77 1.55 1.316 1.096 1.126 1.285 1.197 0.966 1.024 
0.964 1.217 1.609 1.639 1.899 1.553 1.398 1.416 1.255 1.337 
1.424 1.674 2.477 3.521 4.658 4.918 5.108 5.291 4.844 3.811 
2.834 2.046 1.499 1.481 1.253 1.124 1.024 0.989 1.289 1.293 
1.121 1.091 0.984 1.202 1.201 1.69 2.319 2.487 2.293 1.905 
1.953 1.561 1.492 1.383 1.423 1.513 1.537 1.999 2.841 3.024 
3.957 3.229 2.316 1.85 1.563 1.384 1.119 1.103 1.054 1.24 
1.259 1.014 1.073 1.009 1.089 1.19 1.362 1.888 2.452 3.236 
3.585 2.953 2.268 1.75 1.438 1.025 0.957 0.892 0.853 0.984 
1.096 1.007 1.151 1.093 0.953 1.039 1.002 1.21 1.474 1.134 
1.246 1.087 1.36 1.777 1.897 2.473 2.493 2.919 2.88 2.647 
2.648 2.005 1.688 1.621 2.002 2.083 2.299 1.958 1.797 1.255 
1.143 1.294 1.324 1.241 1.237 1.222 1.21 1.31 1.594 2.114 
2.731 3.154 3.147 2.581 2.629 2.521 2.328 1.985 1.665 1.773 
1.705 1.85 2.369 3.014 3.105 2.698 1.877 1.493 1.489 1.396 
1.66 1.985 2.097 2.79 3.002 3.867 5.19 5.167 5.13 4.38 
3.809 2.737 2.854 2.468 3.206 3.453 4.0 3.66 3.283 2.894 
2.811 2.681 2.979 3.071 3.266 3.191 3.307 3.21 4.137 5.264 
7.247 8.779 9.646 12.459 14.662 15.0 15.0 15.0 15.0 14.05 
14.488 13.902 13.661 11.092 10.83 9.073 8.079 7.603 7.2 7.044 
6.799 7.029 6.547 7.656 7.81 8.288 7.694 7.33 8.088 8.041 
7.462 7.587 7.043 7.395 6.902 7.268 6.99 7.315 7.513 7.517 
8.735 10.011 11.922 13.685 15.0 15.0 15.0 
END
