PFRMAT local QA
AUTHOR LAW-CASP14
af2-standard_T1181_3.pdb local_accuracy_only 12.308 11.753 11.557 10.591 7.736 8.665 7.96 5.337 3.665 4.05 4.0 
2.159 2.468 2.96 2.947 2.15 2.369 2.818 2.694 2.518 1.911 
1.59 1.346 1.106 1.288 1.168 1.158 1.029 1.121 1.424 1.391 
1.302 1.495 1.326 1.879 2.344 2.109 2.521 1.764 1.019 0.939 
0.966 0.896 1.135 1.192 1.129 1.185 0.998 0.93 0.861 1.083 
1.253 1.69 1.693 1.721 1.678 1.633 1.328 1.393 1.222 1.393 
1.369 1.317 1.241 0.998 0.997 1.352 1.371 1.178 1.423 1.349 
1.428 1.626 1.68 1.754 1.591 1.324 1.295 1.317 1.461 3.258 
5.597 6.761 7.695 5.832 8.789 9.743 10.589 9.673 9.345 7.219 
5.135 2.934 1.716 1.336 0.998 0.915 1.087 1.637 2.373 2.984 
4.307 2.292 1.815 1.136 1.095 1.164 0.996 0.922 0.89 0.814 
0.848 1.033 1.102 0.858 1.074 0.909 0.876 1.02 1.184 1.614 
2.019 1.195 1.001 0.981 1.008 1.077 1.517 1.358 1.252 1.01 
1.385 1.184 1.158 0.911 0.96 0.978 1.173 1.616 1.583 1.705 
1.798 1.865 1.987 1.528 1.534 2.242 2.224 1.763 2.046 1.386 
1.428 1.243 1.231 1.514 1.377 1.561 2.227 2.373 2.016 2.443 
2.478 2.32 1.719 1.528 1.663 1.284 1.332 1.213 1.143 1.296 
1.18 1.166 1.177 1.303 1.204 1.159 1.245 1.414 1.326 1.342 
1.489 1.334 1.379 1.363 1.531 1.347 1.276 1.138 1.083 1.119 
1.131 1.147 1.078 1.119 1.109 1.233 1.263 1.464 1.411 1.372 
1.26 1.257 1.335 1.34 1.404 1.608 1.698 1.723 1.517 1.231 
1.163 1.095 1.152 1.192 1.239 1.171 1.045 1.145 1.142 1.294 
1.431 1.711 2.04 2.582 4.007 5.624 7.801 8.447 8.49 7.782 
6.684 3.698 2.919 1.817 1.703 1.435 1.33 1.242 1.157 1.161 
1.179 1.212 1.285 1.444 1.245 1.383 1.27 1.575 1.455 2.065 
2.18 1.872 2.014 2.994 2.862 1.913 3.222 2.761 2.054 1.676 
1.384 1.332 1.49 1.426 1.668 1.646 1.708 1.332 1.256 1.186 
1.187 1.119 1.274 1.38 1.262 1.351 1.288 1.459 1.597 1.678 
1.828 2.447 2.103 1.363 1.261 1.782 1.256 1.508 1.697 1.395 
1.35 1.08 1.073 1.095 1.188 1.296 1.588 1.442 1.42 1.357 
1.439 1.609 1.434 1.776 2.001 2.286 2.293 2.568 4.877 6.61 
7.956 9.203 6.277 7.381 4.786 1.946 2.113 1.524 1.191 1.135 
1.056 1.034 0.986 1.189 1.276 1.098 1.147 0.956 0.916 0.939 
1.051 1.182 1.43 1.395 1.604 1.5 1.595 1.479 1.425 1.526 
1.45 1.321 1.182 1.017 1.004 1.013 1.154 1.181 1.757 1.857 
1.544 1.559 1.452 1.106 1.216 0.987 0.919 0.973 0.994 1.223 
1.356 1.356 1.429 1.3 1.233 1.227 1.248 1.179 1.099 1.059 
1.053 1.026 1.152 1.13 1.227 1.392 2.036 3.079 8.542 8.484 
8.754 10.566 11.402 11.059 9.589 7.445 5.086 3.853 1.625 1.384 
1.043 1.1 1.082 0.974 1.084 1.117 1.281 1.458 1.379 1.586 
1.187 1.14 1.122 1.031 1.053 0.991 0.941 0.988 0.964 1.254 
1.329 2.308 1.256 1.274 1.217 1.224 1.194 1.263 1.402 1.517 
1.467 1.303 1.17 1.016 1.047 0.924 0.9 0.794 0.878 0.903 
0.967 1.258 1.469 1.571 1.414 1.325 1.242 1.174 1.289 1.221 
1.34 1.407 1.231 1.141 0.951 0.898 0.908 0.801 0.742 0.743 
0.779 0.807 0.881 1.078 1.332 1.582 1.641 1.631 8.199 5.543 
1.901 1.285 1.167 1.106 1.146 1.273 1.454 1.363 1.222 1.056 
0.887 0.89 0.945 0.849 0.901 0.826 0.764 0.732 0.805 0.844 
0.995 1.202 1.458 2.077 3.768 6.309 4.701 10.343 9.743 9.099 
7.483 1.564 1.158 1.046 1.027 0.892 1.042 1.106 1.33 1.422 
1.249 1.107 0.834 0.892 0.837 0.968 1.029 1.059 1.037 0.856 
0.758 0.739 0.738 0.854 0.877 0.922 0.946 1.405 3.39 5.647 
5.365 4.446 1.456 1.028 0.824 0.809 0.779 0.919 1.008 1.172 
1.394 1.248 1.224 0.938 1.013 1.012 0.964 1.087 1.092 1.33 
1.793 1.494 1.475 1.238 1.1 0.917 0.903 0.858 0.807 0.878 
0.917 0.799 0.883 0.872 0.754 0.881 0.978 1.101 1.316 1.196 
1.304 1.331 1.591 2.529 3.818 1.729 2.042 2.161 1.464 2.01 
3.313 1.595 1.805 1.215 1.06 1.088 1.13 1.792 1.497 1.198 
0.973 0.959 1.02 1.133 1.284 1.236 1.484 1.788 2.866 6.741 
6.592 6.817 5.283 4.901 3.121 3.848 3.994 4.055 2.629 2.916 
1.68 1.716 2.467 4.77 1.517 2.946 1.466 1.294 1.325 1.366 
1.831 2.078 1.512 3.806 6.606 8.798 11.207 10.692 9.61 10.402 
9.695 6.862 6.295 5.223 5.331 7.109 8.7 8.608 10.328 9.225 
5.421 5.91 4.829 5.291 4.461 4.667 5.476 8.415 10.993 12.437 
10.363 13.928 13.297 12.946 10.086 15.0 15.0 15.0 15.0 15.0 
15.0 15.0 15.0 15.0 15.0 15.0 15.0 15.0 15.0 15.0 
15.0 15.0 15.0 15.0 15.0 15.0 15.0 15.0 13.312 12.088 
10.772 9.143 9.218 7.772 5.738 4.707 4.643 3.952 3.795 3.853 
3.382 3.467 3.71 4.483 6.779 9.599 12.085 
END
