PFRMAT local QA
AUTHOR MASS-CASP14
af2-standard_T1185s1_3.pdb local_accuracy_only 2.603 1.676 1.441 1.178 1.01 1.023 1.299 1.343 1.526 1.896 1.715 
1.535 1.584 1.537 1.355 1.223 1.38 1.274 1.151 1.333 1.699 
1.639 1.337 1.169 1.118 0.954 0.957 1.264 1.157 1.144 1.38 
1.601 1.559 1.682 1.882 2.07 1.898 1.701 1.884 2.038 1.771 
2.029 2.186 1.946 1.776 1.748 1.857 1.519 1.276 1.561 1.555 
1.221 1.419 1.584 1.444 1.278 1.597 1.74 2.066 2.076 2.837 
3.427 4.748 5.281 6.207 6.829 7.771 8.034 8.148 7.35 7.843 
7.683 8.45 7.784 7.64 7.305 6.243 5.547 3.721 2.562 1.922 
1.323 1.343 1.435 1.533 1.592 1.603 1.768 1.84 1.784 2.155 
2.339 2.468 2.337 2.373 2.511 2.132 1.991 1.945 1.789 1.645 
1.457 1.025 1.085 1.036 1.027 0.934 0.948 1.137 1.361 1.214 
1.039 1.214 1.172 1.324 1.301 1.181 1.203 1.312 1.427 1.364 
1.314 1.353 1.28 1.304 1.273 1.347 1.538 1.764 1.943 1.984 
1.784 1.522 1.366 1.467 1.31 0.998 0.748 0.768 0.634 0.763 
0.882 1.142 1.56 1.858 1.757 1.578 1.787 1.943 1.919 1.795 
1.659 1.744 2.044 1.817 1.88 2.14 2.279 2.017 1.97 2.416 
2.741 2.395 2.277 2.749 2.664 2.774 2.604 2.062 1.964 2.26 
2.298 2.057 2.031 1.796 1.385 1.073 1.144 1.059 1.112 1.389 
1.419 1.301 1.154 1.152 1.357 1.268 1.154 1.312 1.333 1.413 
1.274 1.557 1.496 1.441 1.813 1.902 1.852 1.501 2.172 2.305 
1.877 1.636 1.255 1.118 0.939 0.801 0.704 0.552 0.761 0.966 
0.986 1.047 1.226 1.217 1.425 1.626 2.054 2.359 2.352 3.337 
3.947 4.156 4.15 4.569 3.627 3.124 2.757 2.816 2.517 2.122 
2.194 2.164 1.712 1.681 1.878 1.744 1.366 1.325 1.474 1.364 
1.198 1.354 1.513 1.388 1.651 1.992 1.954 1.829 1.586 1.172 
1.115 0.943 0.876 0.913 0.986 1.137 1.22 1.367 2.171 3.046 
4.905 7.152 9.416 11.722 13.839 14.141 14.84 13.569 12.729 13.657 
12.075 12.251 11.348 12.658 10.577 12.592 13.079 14.739 13.464 14.328 
13.156 14.326 12.227 12.661 12.259 10.836 8.989 7.264 5.079 3.777 
2.914 2.53 2.563 2.502 2.318 2.395 2.853 2.842 2.305 2.445 
3.023 2.573 2.078 1.718 1.463 1.258 1.12 1.069 1.089 1.162 
1.415 1.626 1.874 2.268 1.943 1.45 1.384 1.231 1.266 1.206 
1.266 1.416 1.549 1.874 2.501 2.984 2.726 2.549 1.958 1.73 
1.477 1.226 1.152 1.175 1.432 1.526 1.732 1.931 1.897 1.687 
1.299 1.343 1.486 1.861 2.384 3.384 4.682 6.077 6.816 
END
