PFRMAT local QA
AUTHOR LAW-CASP14
af2-standard_T1185s1_3.pdb local_accuracy_only 5.366 3.446 2.448 2.661 2.837 2.858 3.233 3.235 3.091 3.497 3.211 
3.155 3.088 2.636 2.976 3.079 2.929 2.939 2.856 2.844 2.728 
2.785 3.187 3.63 3.63 2.971 3.164 3.326 3.868 3.055 3.538 
4.253 4.302 3.623 3.552 3.982 3.755 3.284 3.512 3.598 3.555 
2.912 3.358 3.557 3.58 3.563 3.274 3.253 2.816 2.792 2.842 
2.543 2.79 2.941 2.838 2.641 2.879 2.997 3.091 3.725 4.851 
7.287 8.133 9.677 9.038 9.111 9.151 8.985 9.388 9.063 8.855 
8.084 7.15 6.971 5.964 6.02 4.455 2.994 1.505 1.076 0.964 
0.9 0.865 1.055 0.993 1.296 1.222 1.434 1.398 1.244 1.231 
1.505 1.568 1.3 1.636 1.182 1.199 0.896 0.887 0.905 0.946 
0.905 0.772 0.751 0.738 0.668 0.731 0.701 0.776 0.829 0.839 
0.75 0.876 0.746 0.892 0.907 0.857 0.754 0.973 0.959 0.835 
0.776 1.013 0.871 0.789 0.903 1.002 1.179 1.293 1.699 1.462 
1.187 1.037 0.932 0.929 0.821 0.793 0.727 0.68 0.642 0.654 
0.801 0.838 0.902 1.055 1.146 1.182 1.784 1.755 1.934 1.603 
1.476 1.758 1.651 1.375 1.54 1.851 1.806 1.648 2.106 2.497 
2.911 2.854 2.509 3.202 3.178 3.172 3.168 2.88 2.311 2.766 
2.362 1.571 1.776 1.73 1.116 0.936 0.818 0.774 0.742 0.885 
0.929 1.025 1.093 1.17 1.446 1.23 1.075 1.458 1.401 1.269 
1.204 1.455 1.433 1.311 1.267 1.534 1.229 1.087 1.286 1.483 
1.061 1.013 0.78 0.786 0.708 0.668 0.619 0.659 0.698 0.705 
0.741 0.832 0.861 0.92 0.953 0.982 1.044 1.124 1.316 1.623 
2.758 3.747 3.503 3.461 2.474 2.04 1.994 1.846 1.797 1.385 
1.53 1.457 1.323 1.257 1.302 1.283 1.223 1.107 1.181 1.13 
0.877 0.947 1.11 0.969 0.887 1.014 1.052 1.022 1.018 0.85 
0.756 0.697 0.631 0.661 0.735 0.748 0.859 1.026 1.506 2.761 
3.503 6.695 7.152 8.618 8.118 7.434 6.064 5.098 4.733 4.426 
3.793 3.831 3.985 5.458 5.226 6.499 8.093 8.431 9.56 10.99 
12.606 13.521 13.562 13.72 13.142 11.861 8.562 7.196 5.332 4.19 
2.575 2.184 1.269 1.144 1.333 1.87 2.209 1.863 1.478 1.672 
1.701 1.261 1.005 1.021 0.966 0.888 0.797 0.751 0.747 0.741 
1.006 1.256 1.519 1.912 1.593 1.196 0.901 0.861 0.802 0.945 
1.078 1.104 1.172 1.391 1.395 1.828 1.736 1.929 1.531 1.464 
1.084 1.01 0.984 0.92 1.121 1.106 1.243 1.472 1.415 1.136 
1.061 1.133 1.169 1.215 2.001 3.009 4.925 6.239 7.178 
END
