PFRMAT local QA
AUTHOR LAW-CASP14
af2-standard_T1122_4.pdb local_accuracy_only 15.0 15.0 15.0 15.0 15.0 15.0 15.0 15.0 15.0 15.0 15.0 
15.0 15.0 15.0 15.0 15.0 15.0 15.0 15.0 15.0 15.0 
15.0 15.0 15.0 15.0 15.0 15.0 15.0 15.0 15.0 15.0 
15.0 15.0 15.0 15.0 15.0 15.0 15.0 15.0 15.0 15.0 
15.0 13.954 11.486 13.227 13.607 14.089 13.217 10.875 10.005 8.915 
8.316 6.014 4.603 3.217 2.655 2.046 1.839 1.899 1.879 1.634 
1.67 1.567 1.539 1.527 1.559 1.516 1.469 1.477 1.528 1.436 
1.485 1.575 1.392 1.527 1.562 1.474 1.535 1.554 1.639 1.704 
1.938 2.549 2.586 2.665 4.228 5.592 5.241 7.144 8.905 9.551 
10.871 13.123 15.0 15.0 15.0 13.725 12.74 11.174 9.336 6.853 
3.872 2.308 2.298 2.095 2.079 2.373 2.332 2.202 2.127 2.098 
2.094 2.599 2.631 3.32 3.111 2.685 3.28 3.574 3.265 3.848 
2.865 2.781 2.669 2.397 1.967 1.939 1.91 1.713 1.506 1.677 
1.818 1.763 1.728 1.971 2.136 1.959 2.238 2.544 2.711 2.298 
3.074 3.138 2.816 2.683 2.202 2.491 2.255 1.86 1.77 1.822 
1.616 1.569 1.537 1.508 1.382 1.367 1.458 1.474 1.538 1.654 
1.92 2.007 2.654 4.035 4.012 3.451 6.997 7.756 10.521 12.436 
11.942 11.998 15.0 15.0 15.0 15.0 15.0 15.0 15.0 15.0 
15.0 15.0 15.0 15.0 15.0 15.0 15.0 15.0 15.0 15.0 
15.0 15.0 13.266 9.738 7.859 5.417 4.833 4.197 2.977 2.302 
1.904 1.892 1.495 1.399 1.309 1.341 1.489 1.308 1.305 1.51 
1.36 1.301 1.426 1.52 1.498 1.722 1.889 2.16 2.779 3.035 
3.068 3.839 4.679 5.196 4.991 4.367 3.327 3.815 2.858 2.205 
2.051 2.004 1.676 1.57 1.642 1.647 1.691 1.505 1.645 1.713 

END
