PFRMAT local QA
AUTHOR MASS-CASP14
af2-standard_T1122_4.pdb local_accuracy_only 15.0 15.0 15.0 15.0 15.0 15.0 15.0 15.0 15.0 11.74 13.386 
11.839 14.2 14.995 15.0 13.98 15.0 15.0 15.0 15.0 15.0 
15.0 14.353 15.0 14.753 15.0 15.0 15.0 15.0 15.0 15.0 
15.0 15.0 15.0 15.0 15.0 15.0 15.0 15.0 15.0 15.0 
15.0 15.0 13.836 12.669 10.941 10.976 9.269 8.525 6.779 6.114 
5.819 4.177 3.449 3.026 2.441 2.325 2.323 2.551 3.266 2.858 
2.731 2.488 2.23 1.894 1.854 1.898 1.922 1.837 1.775 1.781 
1.863 1.767 1.715 1.974 1.994 2.004 2.067 2.281 2.663 2.806 
3.179 3.253 3.026 2.847 3.14 3.548 3.593 4.286 4.985 6.191 
7.031 8.721 10.299 10.742 10.128 9.844 10.427 9.306 8.524 7.972 
5.875 4.461 4.42 4.975 5.664 6.278 6.097 6.51 5.686 5.472 
5.027 5.935 6.457 5.945 5.02 4.243 3.313 2.97 2.894 2.8 
2.429 2.34 2.786 2.372 2.587 2.316 2.605 2.303 2.247 2.328 
2.785 2.635 2.561 2.898 2.969 2.858 3.589 4.395 5.448 5.512 
6.844 7.693 6.848 5.784 6.195 5.922 4.397 3.001 3.257 3.198 
2.747 2.521 2.299 2.259 2.018 2.32 2.585 2.181 2.092 2.624 
2.541 2.448 3.02 3.661 4.069 4.418 6.131 8.016 10.21 11.838 
12.74 12.488 13.361 14.155 15.0 15.0 15.0 15.0 15.0 15.0 
15.0 15.0 14.381 11.976 9.127 8.677 7.145 8.758 8.885 8.71 
9.932 9.348 8.084 8.148 7.841 5.334 4.108 3.181 3.02 2.707 
2.841 2.938 2.76 2.675 2.295 2.689 3.06 2.671 2.589 2.701 
2.563 2.607 2.653 2.697 2.987 3.407 3.356 3.637 3.954 4.02 
5.214 6.078 6.246 6.525 6.161 4.647 4.414 4.399 3.989 3.806 
4.361 4.472 4.282 4.244 4.989 6.324 7.149 8.25 10.276 10.832 

END
