PFRMAT local QA
AUTHOR LAW-CASP14
af2-standard_T1174_3.pdb local_accuracy_only 15.0 13.202 13.007 13.261 13.511 10.79 12.683 12.199 12.064 13.198 12.459 
13.077 11.973 12.706 13.587 12.744 13.538 15.0 13.867 13.769 15.0 
15.0 15.0 15.0 15.0 15.0 15.0 15.0 14.071 13.694 13.851 
10.14 10.508 11.809 12.536 14.906 15.0 15.0 13.751 10.518 9.639 
10.227 7.188 7.236 6.319 6.971 5.879 4.876 5.212 4.564 4.339 
4.157 4.725 4.96 4.862 5.201 4.785 5.373 6.722 8.378 10.337 
13.82 10.731 13.698 13.89 12.832 13.374 15.0 14.383 14.022 13.71 
15.0 13.828 10.027 7.46 4.001 3.775 2.876 4.082 3.424 3.215 
2.769 1.831 1.725 1.528 1.501 1.683 1.966 2.647 3.016 2.854 
2.66 2.753 2.377 1.514 1.401 1.334 1.25 1.32 1.426 1.509 
1.978 1.756 1.571 1.487 1.285 1.191 1.248 1.269 1.269 1.326 
1.524 1.263 1.817 1.534 1.65 1.358 1.361 1.297 1.403 1.969 
2.209 4.975 6.091 7.521 6.904 8.417 7.35 6.28 6.199 5.328 
5.986 5.742 6.441 6.522 8.353 10.142 11.62 9.084 7.869 8.278 
8.643 6.681 6.279 5.576 5.131 4.976 4.535 3.865 3.681 3.857 
3.219 2.676 2.825 2.574 2.625 3.064 3.656 4.812 5.814 7.02 
6.031 5.924 5.993 5.277 4.153 3.065 2.294 2.1 1.887 1.764 
1.793 1.852 2.195 1.888 1.688 1.643 1.557 1.945 1.881 2.19 
2.007 1.962 2.124 1.658 1.968 1.848 1.729 1.791 1.876 2.861 
2.987 4.831 6.105 7.684 10.73 15.0 15.0 15.0 15.0 15.0 
15.0 15.0 15.0 15.0 15.0 15.0 15.0 15.0 15.0 15.0 
15.0 15.0 15.0 12.277 11.347 10.439 8.212 7.93 4.767 4.022 
3.625 3.564 3.528 3.759 3.882 4.418 4.302 4.886 4.903 4.685 
5.527 4.561 5.252 3.254 2.853 2.326 2.182 2.084 2.508 2.483 
2.709 2.689 2.635 2.769 2.863 2.787 2.684 2.875 2.751 2.933 
2.86 2.916 3.051 3.308 3.743 4.513 4.815 5.706 5.699 6.272 
6.482 5.382 6.192 6.772 6.81 5.865 4.944 5.172 3.323 3.96 
2.857 4.409 3.001 4.097 5.169 4.592 5.642 6.098 5.826 5.745 
6.34 6.811 7.404 9.178 10.267 11.81 11.568 10.302 8.131 6.744 
6.836 6.453 5.314 6.725 5.622 6.605 6.86 10.497 7.951 7.817 
7.584 7.45 6.977 7.287 4.278 4.282 5.058 5.003 5.499 5.86 
3.687 2.908 2.971 2.646 2.218 2.306 2.148 2.623 2.648 3.891 
4.271 5.417 6.107 5.818 6.475 6.093 6.208 5.741 5.312 4.47 
4.159 3.808 3.278 3.56 3.172 3.103 3.057 
END
