PFRMAT local QA
AUTHOR MASS-CASP14
af2-standard_T1174_3.pdb local_accuracy_only 14.973 11.325 8.949 8.315 10.784 11.351 15.0 15.0 15.0 15.0 15.0 
15.0 15.0 15.0 15.0 15.0 15.0 15.0 15.0 15.0 15.0 
15.0 15.0 15.0 15.0 15.0 15.0 15.0 15.0 15.0 15.0 
15.0 15.0 15.0 15.0 15.0 15.0 15.0 15.0 15.0 15.0 
15.0 15.0 15.0 15.0 15.0 15.0 15.0 15.0 15.0 15.0 
15.0 15.0 15.0 15.0 14.809 15.0 14.029 15.0 15.0 15.0 
15.0 15.0 15.0 15.0 15.0 15.0 15.0 15.0 15.0 15.0 
15.0 15.0 15.0 15.0 13.801 15.0 15.0 15.0 15.0 10.659 
6.403 4.54 2.884 2.701 2.475 3.207 4.54 5.237 6.044 5.146 
5.278 5.722 5.516 4.351 2.992 2.319 2.013 1.725 1.522 2.122 
2.562 2.451 1.977 1.452 1.266 1.193 1.161 1.329 1.314 1.477 
1.669 1.607 1.874 2.023 1.803 1.443 1.21 1.383 1.583 2.235 
3.226 4.498 6.391 9.234 12.169 13.683 15.0 15.0 15.0 15.0 
15.0 15.0 14.46 14.619 15.0 15.0 15.0 15.0 15.0 15.0 
15.0 15.0 15.0 15.0 15.0 15.0 14.425 13.259 13.838 13.617 
12.005 11.079 9.936 10.007 8.818 8.775 8.853 8.745 9.826 10.495 
11.631 12.595 15.0 12.55 10.959 8.436 5.592 3.759 2.942 3.023 
2.974 4.024 5.132 4.19 3.051 2.218 1.619 1.502 1.387 1.629 
1.834 2.198 2.326 2.206 2.44 2.499 1.963 1.906 1.777 1.833 
2.161 3.089 3.598 5.175 5.637 6.458 7.869 8.953 8.126 8.241 
7.639 7.916 8.478 8.34 7.634 6.726 7.187 7.517 7.649 8.404 
9.46 11.775 10.885 11.836 11.017 9.568 7.376 5.966 5.502 5.112 
5.148 4.942 5.534 5.224 5.329 5.225 5.291 6.021 5.298 5.222 
6.242 5.208 5.605 6.921 7.605 6.807 5.484 4.783 4.637 3.999 
4.058 3.885 5.089 6.657 6.914 6.76 5.811 6.482 4.833 3.001 
2.244 1.766 1.512 1.518 1.671 1.567 2.056 2.797 4.305 6.013 
8.757 8.765 10.553 11.099 10.521 9.638 8.117 5.715 4.353 3.586 
3.833 3.666 3.104 3.123 3.476 4.477 5.83 6.971 7.943 9.352 
8.869 9.729 10.423 8.96 7.189 7.817 7.156 7.863 8.275 9.198 
10.235 11.987 10.96 11.75 10.704 11.299 11.039 10.758 11.215 9.94 
9.809 8.129 7.49 6.292 5.618 5.886 6.029 5.503 4.293 3.089 
2.579 2.154 1.486 1.24 1.257 1.383 1.316 1.472 1.47 1.682 
1.898 2.606 3.109 3.447 3.825 3.926 3.99 2.957 2.45 1.944 
1.498 1.342 1.436 1.504 1.635 1.774 2.199 
END
