PFRMAT local QA
AUTHOR LAW-CASP14
af2-standard_T1147_1.pdb local_accuracy_only 15.0 15.0 15.0 15.0 15.0 15.0 15.0 14.598 12.794 9.125 4.808 
2.743 1.992 1.89 1.656 1.691 1.562 1.534 1.555 1.703 1.891 
2.427 2.738 2.653 2.687 2.745 2.89 2.793 3.175 2.852 3.009 
2.598 3.039 2.973 2.602 3.464 3.54 3.623 3.621 3.439 3.481 
3.7 3.543 3.376 2.897 2.778 2.224 2.198 1.853 1.74 1.567 
1.579 1.67 1.751 1.941 2.351 2.299 2.523 2.773 2.842 3.413 
3.247 2.657 2.669 2.697 3.228 3.557 5.036 5.399 4.412 4.772 
3.555 2.586 2.141 1.873 1.649 1.693 1.609 1.683 1.721 1.792 
1.852 2.069 1.957 2.035 2.143 3.179 3.112 5.075 5.67 5.961 
6.26 6.178 5.336 5.955 3.485 4.199 2.261 3.807 3.239 4.308 
3.978 2.726 
END
