PFRMAT local QA
AUTHOR MASS-CASP14
af2-standard_T1147_1.pdb local_accuracy_only 15.0 15.0 15.0 15.0 15.0 15.0 15.0 15.0 15.0 13.72 10.392 
6.059 3.554 2.399 1.572 1.354 1.195 1.32 1.243 1.161 1.222 
1.802 2.652 4.1 4.621 5.051 5.324 5.333 5.666 5.016 5.447 
4.88 5.352 5.278 5.418 7.453 7.458 8.404 8.074 7.546 7.176 
6.892 6.447 5.683 3.823 3.301 2.589 2.654 2.498 2.75 3.22 
3.101 3.082 3.465 4.22 5.406 7.021 8.53 9.219 8.674 8.598 
8.462 7.501 6.803 7.948 8.526 8.309 8.347 7.621 6.108 4.281 
2.393 1.724 1.524 1.408 1.329 1.252 1.191 1.242 1.712 2.773 
3.161 3.897 4.614 5.606 6.49 7.261 6.853 6.723 7.216 8.483 
9.622 10.463 8.75 8.053 5.731 5.465 4.416 4.633 5.387 5.342 
5.404 5.444 
END
