PFRMAT local QA
AUTHOR MASS-CASP14
af2-standard_T1114s3_1.pdb local_accuracy_only 4.787 3.147 2.332 1.972 1.524 1.288 1.168 1.216 1.341 1.294 1.249 
1.315 1.314 1.551 1.705 1.875 1.658 1.314 1.011 0.872 0.74 
0.897 0.927 1.04 1.157 1.457 1.414 1.179 0.976 1.234 1.153 
1.05 1.067 1.202 1.216 1.307 1.776 1.937 1.893 2.052 2.127 
1.77 1.816 1.882 1.767 1.443 1.589 1.719 1.513 1.566 1.658 
1.638 1.607 1.546 1.349 1.59 1.542 1.443 1.726 1.618 1.573 
1.474 1.9 1.7 1.421 1.299 1.392 1.12 0.996 1.01 1.05 
1.038 1.104 1.258 1.199 1.083 1.183 1.348 1.357 1.378 1.523 
1.93 2.104 2.24 2.056 2.186 2.001 1.864 1.611 1.481 1.418 
1.382 1.389 1.402 1.392 1.192 1.35 1.332 1.282 1.318 1.334 
1.304 1.469 1.566 1.574 1.578 1.75 1.848 1.657 1.798 1.999 
1.924 1.849 1.66 1.898 1.967 1.779 2.192 2.698 3.424 3.708 
3.97 4.303 4.931 4.47 4.271 2.987 2.556 3.127 2.916 2.29 
1.847 2.099 1.832 1.853 1.922 2.361 3.215 3.218 2.512 2.312 
2.173 1.974 2.156 2.751 3.084 2.845 3.05 3.047 3.666 3.541 
3.197 2.622 2.047 1.882 1.618 1.412 1.614 1.682 1.487 1.713 
2.104 2.165 1.806 2.327 2.385 2.107 1.937 1.54 1.259 1.25 
1.321 1.285 1.232 1.424 1.625 1.931 2.158 2.137 1.997 2.245 
2.236 2.078 1.684 1.869 1.908 1.619 1.732 1.697 1.733 1.546 
1.753 1.802 1.496 1.757 1.83 1.827 1.617 1.62 1.763 2.048 
1.796 1.565 1.75 2.256 2.261 2.326 2.129 2.396 2.639 2.165 
2.402 2.902 2.943 2.588 2.498 1.962 2.305 2.57 2.157 2.348 
2.562 2.373 2.479 3.362 3.774 4.126 5.529 6.425 5.534 5.691 
4.962 4.659 3.88 3.277 2.911 2.647 2.231 2.043 2.08 2.005 
1.871 2.236 2.533 2.324 2.09 1.955 2.564 2.582 2.337 2.675 
2.974 3.253 2.71 2.87 2.727 2.468 2.882 3.398 3.491 3.704 
3.715 3.296 3.271 3.858 4.255 4.35 4.119 3.291 3.588 3.31 
3.503 4.366 4.249 5.472 5.658 5.701 5.618 4.704 3.271 2.677 
2.551 2.925 3.206 2.99 2.979 2.23 2.426 2.481 3.242 3.844 
3.371 2.985 2.99 3.499 3.896 3.642 3.883 3.905 3.124 2.511 
2.566 2.721 2.768 2.467 2.632 2.561 2.544 2.278 2.473 3.101 
2.951 3.214 2.446 2.087 1.732 2.134 2.042 2.018 2.325 2.625 
3.085 3.276 3.629 4.194 4.595 5.251 6.05 8.515 8.128 7.713 
7.465 6.994 7.652 6.6 4.374 3.15 2.802 2.728 2.818 2.764 
2.509 2.279 2.411 2.524 2.715 3.321 3.763 4.195 3.614 3.145 
2.438 1.789 1.476 1.311 1.177 1.158 1.138 1.339 1.324 1.293 
1.46 1.759 1.735 1.767 2.019 2.183 2.339 2.729 3.263 3.359 
3.682 4.218 3.846 3.222 3.255 3.46 3.506 3.293 2.712 2.557 
2.837 2.789 2.286 2.28 2.457 2.679 2.565 2.237 1.966 1.672 
1.409 1.293 1.361 1.34 1.414 1.419 1.401 1.41 1.437 1.552 
1.601 1.5 1.562 1.477 1.293 1.365 1.417 1.265 1.163 1.439 
1.558 1.392 1.451 1.863 1.972 1.935 2.24 2.701 3.071 2.949 
2.594 1.871 1.935 2.054 2.042 2.386 2.285 2.134 1.848 1.753 
1.659 1.427 1.162 1.062 0.72 1.062 1.114 1.155 1.244 1.31 
1.239 1.15 0.121 0.002 0.0 0.0 0.0 0.028 0.892 1.101 
1.33 1.664 2.095 1.968 1.404 1.135 1.176 0.53 0.284 0.21 
0.251 0.26 1.069 1.167 1.329 1.386 1.361 1.188 1.194 1.529 
1.395 1.508 1.649 1.838 2.121 1.86 1.37 0.218 0.003 0.002 
0.002 0.353 1.369 1.321 1.139 1.189 1.222 1.274 1.316 1.34 
1.678 1.905 1.82 1.92 1.547 1.448 1.405 1.397 1.423 1.463 
1.439 1.243 1.476 1.571 1.596 1.483 1.762 1.591 1.425 1.331 
1.323 1.094 1.168 1.275 1.34 1.614 1.816 2.108 2.543 3.136 
4.06 6.069 6.833 7.108 7.375 7.968 8.317 8.035 8.576 7.863 
7.969 8.79 9.976 10.621 
END
