PFRMAT local QA
AUTHOR LAW-CASP14
af2-standard_T1114s3_1.pdb local_accuracy_only 4.532 2.529 2.031 1.319 1.148 1.124 1.08 1.1 1.278 1.359 1.313 
1.746 1.592 1.447 1.415 1.348 1.434 1.263 1.163 1.07 0.964 
0.94 1.085 1.178 1.585 2.363 1.659 1.259 1.067 1.094 1.006 
1.0 1.025 1.063 1.256 1.229 1.314 1.493 1.727 1.886 1.514 
1.144 1.069 1.36 1.283 1.192 1.273 1.371 1.405 1.514 1.385 
1.25 1.286 1.127 1.029 1.17 1.088 0.918 0.955 0.944 0.963 
0.948 1.06 1.109 0.863 0.912 0.873 0.735 0.737 0.84 0.668 
0.648 0.693 0.686 0.697 0.664 0.727 0.751 0.824 0.824 0.952 
1.178 0.985 1.027 0.972 0.954 1.048 1.099 0.85 0.872 0.86 
0.796 0.717 0.789 0.828 0.866 0.773 0.911 0.953 0.958 0.94 
1.08 1.133 1.097 1.115 1.339 1.494 1.471 1.513 1.657 1.641 
1.55 1.434 1.571 1.706 1.585 1.522 1.699 1.884 2.547 4.909 
2.184 4.596 6.064 4.191 5.486 2.484 2.206 2.226 1.86 1.726 
1.695 1.928 1.721 1.671 1.776 1.825 2.643 2.526 2.141 2.296 
2.018 1.865 2.88 2.064 2.209 2.167 2.543 1.597 1.817 1.828 
1.523 1.292 1.257 1.446 1.324 1.101 1.386 1.445 1.28 1.273 
1.458 1.445 1.434 1.335 1.183 1.322 1.229 1.212 0.902 0.924 
0.845 0.892 0.895 0.926 1.122 1.339 1.603 2.023 2.377 2.703 
2.786 2.103 1.984 2.013 1.732 1.475 1.429 1.359 1.278 1.182 
1.101 1.061 1.061 0.978 1.037 1.016 1.057 1.073 1.186 1.221 
1.274 1.271 1.781 1.779 2.14 2.336 2.214 3.621 3.797 3.44 
3.804 5.681 6.399 6.369 6.354 6.944 8.663 8.551 8.224 8.589 
8.914 7.216 6.112 7.292 7.15 7.036 7.37 6.371 5.449 6.2 
7.291 2.404 4.134 2.557 3.204 2.931 2.373 2.107 2.104 1.998 
1.473 1.605 1.882 1.679 1.34 1.215 1.279 1.22 1.227 1.226 
1.292 1.119 1.104 1.142 1.084 0.865 0.907 0.863 0.935 0.966 
1.042 1.09 1.512 1.679 1.731 2.364 2.221 2.251 2.136 2.665 
1.437 1.947 1.266 1.872 1.686 1.488 1.215 1.361 1.382 1.125 
1.097 1.069 1.011 1.088 1.151 1.18 1.235 1.726 2.06 2.717 
2.526 1.956 1.774 1.911 1.361 3.829 4.262 4.748 2.91 2.219 
1.574 1.399 1.414 1.597 1.933 1.379 1.291 1.674 2.028 2.572 
2.24 2.158 1.929 1.548 1.434 1.462 1.071 1.027 1.376 1.389 
1.929 2.198 3.217 3.463 3.819 4.713 4.796 5.505 5.029 3.352 
3.444 3.893 3.76 2.447 1.79 1.53 1.186 1.313 1.191 1.113 
1.196 1.102 1.318 1.653 2.507 2.641 4.313 4.794 3.873 3.263 
2.491 1.827 1.179 0.999 0.846 0.761 0.776 0.8 0.838 0.755 
0.787 1.107 1.027 1.014 1.258 2.036 1.875 2.962 3.368 2.927 
3.078 3.083 1.61 1.668 1.802 2.877 3.042 3.764 4.022 3.0 
3.556 4.757 3.816 3.018 3.992 4.182 2.901 2.34 1.324 1.237 
1.205 1.166 1.28 1.021 1.127 1.147 1.046 0.98 1.214 1.405 
1.291 1.299 1.668 1.58 1.319 1.214 1.463 1.387 1.102 1.399 
1.687 1.315 1.345 1.768 1.927 1.485 2.404 2.279 3.037 2.189 
1.597 1.139 1.119 1.183 1.35 1.24 1.547 1.836 1.675 1.993 
1.727 1.19 0.986 0.747 0.754 0.689 0.736 0.745 0.755 0.776 
0.851 0.869 0.746 0.779 0.729 0.727 0.697 0.784 0.815 1.033 
1.248 1.601 1.962 1.886 1.571 1.26 1.201 1.019 0.947 0.84 
0.777 0.773 0.809 0.819 0.957 0.929 0.92 0.969 1.096 1.064 
1.172 2.035 1.801 3.166 4.202 3.537 2.528 1.52 1.185 1.064 
1.133 1.085 1.169 1.168 1.15 1.14 1.216 1.23 1.416 1.597 
3.054 3.732 3.047 4.684 4.205 2.397 1.864 1.511 1.476 1.556 
1.436 1.282 1.4 1.372 1.285 1.146 1.237 1.213 1.166 1.305 
1.378 1.168 1.356 1.562 2.603 3.245 10.864 13.235 15.0 15.0 
15.0 15.0 15.0 15.0 15.0 15.0 15.0 15.0 15.0 15.0 
15.0 15.0 15.0 15.0 
END
