PFRMAT local QA
AUTHOR MASS-CASP14
af2-standard_T1157s2_3.pdb local_accuracy_only 3.517 2.205 1.463 1.366 1.49 1.53 1.85 2.37 2.652 2.409 2.132 
2.138 2.287 2.169 2.117 2.374 3.033 2.988 2.757 1.628 1.129 
1.002 1.006 0.967 0.753 0.908 1.017 1.472 1.68 1.514 1.589 
1.444 1.257 1.446 1.545 1.387 1.479 1.606 1.534 1.404 1.62 
1.652 1.537 1.609 1.713 1.725 1.701 2.361 3.18 3.132 2.462 
1.473 1.305 1.055 0.966 0.997 0.885 0.964 0.99 1.226 1.582 
1.674 1.72 1.594 1.391 1.431 1.653 1.613 1.497 1.466 1.309 
1.696 2.015 1.527 1.398 1.1 0.94 1.048 0.876 0.976 1.267 
1.734 2.142 2.371 2.072 1.642 1.791 1.935 1.901 2.435 2.46 
2.365 2.175 1.778 1.796 1.937 1.716 1.455 1.507 1.641 1.54 
1.357 1.494 1.798 1.757 1.817 2.088 2.021 1.972 1.546 1.806 
1.85 1.919 2.392 3.122 3.271 2.584 2.324 2.768 2.656 2.454 
2.652 3.093 3.199 2.934 2.09 1.738 1.572 1.597 1.41 1.47 
1.419 1.559 1.975 2.509 2.651 2.532 2.527 2.555 2.555 2.625 
2.524 2.271 2.048 2.294 2.052 1.855 1.781 2.102 2.255 2.038 
2.276 2.587 2.33 1.752 1.639 1.46 1.503 1.775 2.019 2.53 
2.819 3.231 3.292 2.945 3.343 3.536 3.855 3.456 3.336 3.115 
3.876 3.529 3.47 2.645 2.612 2.44 2.194 2.355 2.543 3.317 
3.381 4.872 5.242 6.039 4.648 5.009 4.115 3.81 4.494 4.019 
3.725 2.938 2.737 2.869 2.937 2.543 2.081 2.572 2.234 2.058 
2.029 2.351 2.428 2.106 1.945 1.852 1.692 1.442 1.251 1.574 
1.566 1.349 1.647 1.972 2.002 1.794 1.576 1.961 1.73 1.428 
1.619 2.053 2.168 1.882 1.451 1.061 0.871 0.926 0.917 0.883 
0.919 1.106 1.451 1.514 1.598 1.638 1.378 1.362 1.731 1.692 
1.548 1.789 1.858 1.775 1.573 1.89 1.823 1.654 1.54 1.644 
1.664 1.735 1.756 1.987 1.577 1.257 0.967 0.124 0.791 0.56 
0.864 1.09 1.141 1.498 1.749 1.681 1.843 1.691 1.468 1.216 
1.656 1.552 1.551 1.427 1.384 1.576 1.965 2.197 1.555 1.161 
1.11 0.863 0.788 0.834 0.851 1.119 1.275 1.687 2.054 2.214 
1.806 1.514 1.275 1.227 1.138 1.343 1.553 1.963 2.291 2.257 
2.291 1.994 2.306 2.356 2.403 1.876 1.597 1.76 1.906 1.573 
1.455 1.595 1.476 1.336 1.575 1.752 1.821 1.743 1.757 1.666 
1.695 1.768 1.727 1.793 2.156 2.638 2.885 3.413 3.554 4.498 
4.202 3.77 4.0 3.541 2.329 1.514 1.355 1.282 1.129 1.117 
1.286 1.492 1.294 1.253 1.705 1.799 1.692 1.46 1.552 1.658 
1.461 1.299 1.224 0.958 0.83 0.826 0.775 0.343 0.417 0.795 
1.069 1.493 1.515 1.435 1.415 1.5 1.183 1.393 1.448 1.301 
1.432 1.673 1.613 1.494 1.573 1.677 1.606 2.045 2.202 2.596 
2.413 3.17 3.54 4.042 3.905 3.056 2.575 2.382 1.785 1.341 
1.043 0.9 0.896 0.835 0.843 0.954 1.108 1.345 1.51 1.645 
1.679 1.703 1.96 1.922 2.006 2.019 1.949 1.512 0.786 0.156 
0.024 0.013 0.004 0.025 0.132 0.961 1.251 1.643 1.57 1.482 
1.465 1.482 1.364 1.152 1.184 1.353 1.573 2.022 1.867 1.886 
1.674 1.347 1.46 1.355 1.265 1.279 1.165 1.149 1.171 1.413 
1.492 1.469 1.499 1.293 1.339 1.435 1.574 1.548 1.335 1.731 
1.903 2.539 3.068 3.833 5.412 7.779 10.232 13.642 14.614 15.0 
15.0 15.0 15.0 15.0 15.0 15.0 15.0 9.87 9.192 8.724 
7.522 7.772 7.793 8.141 8.457 9.285 9.304 10.132 8.392 9.538 
10.21 10.326 11.675 11.304 11.92 9.888 10.902 10.903 11.987 11.664 
11.429 11.24 12.686 15.0 
END
