PFRMAT local QA
AUTHOR LAW-CASP14
af2-standard_T1157s2_3.pdb local_accuracy_only 1.044 0.98 0.819 0.809 0.762 0.849 1.103 1.341 1.604 1.422 1.358 
1.615 1.601 1.48 1.175 1.523 1.503 1.073 1.144 0.847 0.707 
0.699 0.64 0.805 0.736 0.82 0.922 1.067 1.256 0.99 1.215 
0.996 0.945 1.149 1.147 1.058 1.061 1.097 1.087 0.914 0.991 
1.027 0.939 0.943 1.038 1.048 0.976 1.082 1.196 1.199 1.096 
0.958 0.812 0.74 0.677 0.696 0.767 0.888 0.967 1.106 1.156 
1.109 1.229 1.337 1.202 1.118 1.369 1.37 1.289 1.467 1.047 
1.325 0.947 0.864 0.853 0.828 0.743 0.725 0.685 0.808 1.035 
1.353 1.444 1.618 1.324 1.086 0.901 0.892 0.889 1.191 1.25 
1.37 1.188 1.119 1.053 1.063 1.16 1.01 0.983 1.108 0.984 
0.946 1.049 1.078 1.023 1.124 1.175 1.107 0.975 0.848 0.842 
0.864 0.889 1.166 1.426 1.634 1.403 1.271 1.559 1.452 1.054 
1.036 1.285 1.175 1.013 1.029 0.777 0.727 0.591 0.58 0.616 
0.716 0.833 1.083 1.648 1.945 1.432 1.741 1.429 1.161 1.1 
1.271 1.232 1.028 1.058 1.139 1.109 0.936 1.077 1.165 1.039 
0.94 1.078 1.004 0.825 0.81 0.661 0.656 0.705 0.799 1.028 
1.096 1.203 1.511 1.318 1.155 1.48 1.546 1.405 1.379 1.101 
1.031 0.935 0.784 0.746 0.613 0.645 0.711 0.671 0.877 0.909 
1.03 0.99 1.095 0.983 0.907 0.899 0.813 0.814 0.932 1.161 
1.646 1.413 1.673 1.333 1.598 1.491 1.24 1.38 1.466 1.222 
1.23 1.373 1.357 1.145 1.056 1.146 0.979 0.785 0.704 0.801 
0.887 0.94 1.246 1.817 1.88 1.554 1.471 1.596 1.319 0.995 
0.946 1.187 1.048 0.946 0.788 0.615 0.542 0.474 0.441 0.481 
0.508 0.581 0.644 0.72 0.757 0.856 0.766 0.66 0.855 0.868 
0.754 0.746 0.859 0.853 0.788 0.818 0.852 0.857 0.727 0.85 
0.868 0.831 0.808 0.826 0.765 0.677 0.646 0.575 0.563 0.603 
0.61 0.709 0.655 0.753 0.797 0.771 0.756 0.813 0.758 0.69 
0.73 0.689 0.523 0.644 0.592 0.746 0.786 0.797 0.682 0.605 
0.545 0.502 0.462 0.434 0.428 0.475 0.626 0.731 0.858 0.825 
0.711 0.63 0.544 0.516 0.492 0.465 0.598 0.64 0.856 0.839 
0.921 0.716 0.869 0.856 0.928 0.912 0.828 0.913 0.894 0.78 
0.853 0.861 0.912 0.872 0.929 0.951 0.956 0.948 0.811 0.8 
0.663 0.639 0.905 0.908 1.091 1.165 1.537 1.688 2.179 2.676 
2.702 2.091 1.653 1.324 1.081 0.946 0.976 1.005 0.991 1.048 
1.086 1.226 1.236 1.117 1.243 1.283 1.167 0.989 1.043 0.996 
1.012 0.912 0.793 0.818 0.747 0.753 0.737 0.68 0.709 0.633 
0.676 0.707 0.823 0.714 0.937 0.849 0.736 0.86 0.937 0.927 
0.904 0.957 0.986 0.931 1.02 0.972 0.921 0.909 0.996 1.045 
0.987 1.091 1.157 1.217 1.261 1.137 1.069 1.066 0.916 0.853 
0.763 0.762 0.761 0.732 0.717 0.727 0.794 0.774 0.937 0.904 
1.005 1.083 1.288 1.346 1.375 1.019 1.132 0.903 0.76 0.684 
0.776 0.779 0.82 0.884 0.876 0.972 0.943 1.228 1.153 1.124 
1.258 1.117 1.047 1.02 0.995 1.015 1.525 1.408 1.451 1.247 
1.263 1.06 1.187 1.234 1.128 1.144 1.276 1.185 1.207 1.324 
1.375 1.271 1.18 1.317 1.212 1.468 1.296 1.473 1.311 2.117 
1.708 4.305 5.637 10.63 13.378 15.0 15.0 15.0 15.0 15.0 
15.0 15.0 15.0 15.0 15.0 15.0 15.0 15.0 15.0 15.0 
15.0 15.0 15.0 15.0 15.0 15.0 15.0 15.0 15.0 15.0 
15.0 15.0 15.0 15.0 15.0 15.0 15.0 15.0 15.0 15.0 
15.0 15.0 15.0 15.0 
END
