PFRMAT local QA
AUTHOR LAW-CASP14
af2-standard_T1163_3.pdb local_accuracy_only 15.0 15.0 15.0 15.0 15.0 15.0 12.019 4.8 3.443 3.328 2.328 
2.191 1.468 1.52 1.144 1.18 1.485 1.059 0.938 1.162 1.211 
1.032 1.081 1.192 1.392 1.378 1.357 1.251 1.599 1.203 1.095 
1.113 1.251 1.549 2.749 3.191 3.237 2.24 1.53 2.203 1.395 
3.228 2.862 6.688 6.783 11.157 10.137 8.392 5.538 3.151 2.777 
1.877 1.696 1.655 1.433 1.207 0.963 1.015 1.064 1.032 0.942 
1.081 1.163 1.32 1.262 1.043 1.145 2.577 4.098 5.371 5.451 
5.287 4.316 2.179 1.273 1.163 0.986 0.911 0.876 0.768 0.7 
0.812 0.88 1.778 1.866 2.8 1.826 1.065 0.864 0.798 0.821 
0.79 0.698 0.757 0.8 0.775 0.795 0.812 0.992 1.041 1.067 
1.417 1.306 1.48 1.971 2.061 1.909 1.691 1.641 1.665 1.669 
2.261 3.12 4.025 3.448 3.572 2.305 2.619 3.135 2.207 1.935 
1.395 1.559 1.268 1.205 1.094 1.278 1.1 0.927 1.178 1.374 
1.795 2.131 3.035 1.784 1.366 1.105 0.928 1.067 0.873 0.903 
0.973 0.954 1.29 1.259 2.845 2.696 6.812 8.256 8.877 10.743 
10.357 9.232 7.679 4.968 3.455 1.738 1.128 1.022 0.838 0.693 
0.726 0.771 0.892 0.977 1.072 1.158 1.148 1.204 1.292 1.637 
1.775 1.789 1.606 1.697 1.479 1.661 1.838 1.919 2.254 1.777 
1.709 1.768 1.656 1.639 1.782 1.849 1.705 1.791 2.288 2.651 

END
