PFRMAT local QA
AUTHOR MASS-CASP14
af2-standard_T1163_3.pdb local_accuracy_only 11.808 12.322 11.064 10.636 12.072 10.78 10.013 9.386 9.367 7.861 6.844 
5.71 4.49 2.817 1.979 1.747 1.57 1.589 1.234 1.447 1.301 
1.004 0.965 1.156 1.317 1.144 1.235 1.037 1.392 1.495 1.26 
1.531 1.78 2.515 3.478 4.679 5.639 6.074 6.042 7.486 6.35 
6.255 6.596 6.577 6.862 8.147 8.015 4.966 3.979 3.517 3.812 
3.229 2.795 2.401 2.701 2.299 1.914 1.676 2.072 2.296 2.425 
2.945 3.97 5.321 6.348 5.968 7.935 9.822 8.688 9.559 7.779 
6.082 3.58 2.428 1.674 1.496 1.276 1.138 1.059 1.021 1.127 
1.426 1.829 2.804 3.605 3.272 2.771 1.828 1.455 1.231 1.242 
1.23 1.039 1.069 1.214 1.206 1.138 1.292 1.506 1.513 1.408 
1.694 1.678 1.689 1.996 1.78 1.584 1.294 1.526 1.57 1.711 
2.129 2.959 4.194 4.025 4.06 4.247 4.616 5.344 6.245 5.715 
4.944 4.011 4.248 3.431 2.952 2.532 2.476 2.108 1.825 1.955 
2.488 2.659 3.152 2.345 1.696 1.251 1.107 0.99 1.091 1.008 
1.022 0.947 1.126 1.237 1.704 2.54 2.816 4.423 5.666 8.093 
10.683 11.336 9.971 6.045 4.793 3.418 2.338 1.883 1.614 1.342 
1.261 1.301 1.274 1.614 1.633 2.171 2.342 2.381 2.296 2.987 
3.05 2.231 1.85 1.987 1.746 1.446 1.628 1.706 1.527 1.256 
0.912 1.249 1.222 1.203 1.261 1.566 1.732 1.675 2.135 3.141 

END
