PFRMAT local QA
AUTHOR LAW-CASP14
af2-standard_T1158v3_4.pdb local_accuracy_only 15.0 15.0 14.303 14.928 8.288 5.263 5.029 2.193 1.237 1.463 1.279 
2.607 4.346 4.664 7.541 6.682 7.575 6.699 4.068 4.675 2.357 
1.41 1.069 0.869 1.081 1.403 0.782 0.984 1.078 0.994 0.862 
1.242 1.183 1.054 1.171 1.649 1.326 1.185 0.914 0.978 0.923 
1.195 0.982 0.773 0.93 1.004 0.765 1.201 1.133 1.157 0.926 
0.872 0.677 0.778 1.013 0.737 0.677 0.911 0.996 0.913 0.919 
1.239 1.257 1.327 1.642 1.997 2.063 2.573 3.099 3.292 3.73 
4.376 5.964 6.049 6.61 5.118 4.644 2.876 1.844 1.307 1.506 
1.604 1.355 1.165 1.634 1.666 1.449 1.972 2.381 3.145 3.425 
2.446 4.585 5.231 2.893 5.386 6.664 4.494 3.622 4.999 3.863 
2.768 2.592 2.584 2.209 1.713 1.294 1.493 1.586 1.239 1.607 
1.616 1.25 1.097 1.42 1.377 0.999 1.086 1.225 0.978 0.956 
1.236 1.455 3.115 4.086 6.271 4.478 4.351 3.771 2.893 2.797 
2.824 2.866 2.314 2.531 2.405 2.055 1.836 2.705 2.433 2.236 
1.855 2.553 2.172 2.004 1.771 2.067 1.773 1.053 1.155 1.382 
1.12 0.739 0.915 1.084 0.771 0.614 0.741 0.728 0.644 0.563 
0.646 0.627 0.547 0.569 0.541 0.544 0.501 0.547 0.474 0.464 
0.504 0.488 0.501 0.468 0.554 0.566 0.524 0.548 0.61 0.631 
0.714 0.819 1.063 0.899 0.971 1.329 1.31 1.2 1.235 0.944 
1.119 1.099 1.015 0.836 1.021 0.922 0.762 0.887 0.939 0.902 
0.679 0.795 0.803 0.655 0.702 0.758 0.768 0.73 0.777 0.98 
0.888 1.267 1.215 1.331 1.355 1.786 1.422 1.375 1.231 1.273 
1.039 0.953 0.927 0.885 0.782 0.812 0.857 0.823 0.907 1.035 
1.038 0.936 0.979 1.024 0.988 0.882 1.022 0.985 1.046 1.087 
1.37 1.117 1.312 1.411 1.632 1.732 1.802 1.636 1.857 1.542 
1.501 1.256 1.284 1.105 1.065 0.958 0.921 0.96 0.944 0.805 
0.865 0.906 0.875 0.744 0.814 0.81 0.726 0.737 0.801 0.745 
0.724 0.706 0.779 0.764 0.692 0.785 0.839 0.742 0.739 0.904 
0.877 0.792 0.881 0.793 0.729 0.744 0.668 0.654 0.725 0.794 
0.878 1.026 1.001 0.903 0.955 0.928 0.817 0.751 0.798 0.785 
0.715 0.726 0.723 0.695 0.65 0.64 0.688 0.712 0.702 0.708 
0.779 0.808 0.894 0.906 1.003 1.035 1.129 1.178 1.257 1.325 
1.349 1.402 1.567 1.565 1.416 1.268 1.243 1.708 1.358 1.099 
1.085 1.292 1.087 1.079 1.089 1.523 1.112 1.085 1.257 1.381 
1.284 1.425 1.464 1.478 1.305 1.394 1.032 1.073 1.024 1.065 
1.03 1.057 0.917 1.064 1.019 0.958 0.982 1.122 1.16 1.135 
1.41 1.406 1.496 1.637 1.884 2.103 1.651 1.807 2.3 2.046 
1.297 1.959 1.726 1.101 1.144 1.395 1.124 0.916 1.244 1.259 
0.992 1.079 1.248 1.064 0.869 1.067 0.997 0.839 0.773 0.936 
0.841 0.836 0.818 0.961 2.632 8.976 10.808 12.072 13.248 12.137 
11.578 8.093 10.58 6.929 4.681 2.289 1.12 1.034 1.019 1.101 
1.21 1.43 1.534 1.36 1.438 1.272 1.389 1.221 1.579 1.895 
3.514 2.55 3.257 2.282 1.58 1.43 1.379 1.452 1.728 1.343 
1.353 1.108 1.058 0.832 0.915 0.856 0.871 0.838 0.771 0.762 
0.751 0.656 0.777 1.158 1.552 4.717 1.843 1.407 1.239 0.92 
0.887 1.074 0.972 0.782 0.907 0.964 0.95 0.779 1.105 0.814 
0.995 1.118 1.225 1.358 1.441 1.719 1.436 1.218 1.239 1.193 
1.338 0.851 0.689 0.642 0.654 0.717 0.741 1.118 1.219 1.656 
1.138 0.829 0.762 0.709 0.844 0.791 0.802 0.825 0.847 0.945 
0.831 0.88 1.086 1.094 1.46 1.411 2.266 1.919 2.213 1.852 
1.601 1.268 1.235 1.142 1.089 0.935 0.973 0.977 0.969 0.903 
0.988 0.975 1.087 1.211 1.216 1.209 1.459 1.927 1.293 1.478 
1.069 1.257 0.915 0.899 0.966 0.865 0.891 1.019 1.086 1.077 
1.021 1.085 2.075 1.59 2.812 1.782 1.658 1.279 1.053 1.223 
1.02 0.894 0.886 0.892 0.904 0.95 0.764 0.852 0.889 0.862 
0.754 0.665 0.638 0.54 0.561 0.578 0.71 0.765 0.891 1.042 
1.108 1.411 1.456 1.302 1.274 1.206 1.205 1.079 1.083 1.098 
1.033 0.911 0.939 1.094 0.983 0.985 0.932 1.052 1.23 1.046 
0.905 1.065 0.906 0.685 0.658 0.627 0.535 0.63 0.685 0.912 
1.311 1.865 2.093 2.486 2.099 1.901 2.329 2.055 1.398 1.123 
1.002 0.951 0.882 0.925 1.053 1.28 1.467 1.411 1.425 1.395 
1.262 1.113 1.165 1.351 1.608 2.024 4.993 4.521 5.871 9.37 
9.506 10.443 12.542 13.563 13.39 14.632 14.757 14.873 14.048 14.344 
15.0 15.0 15.0 15.0 15.0 15.0 15.0 15.0 15.0 15.0 
15.0 15.0 15.0 15.0 15.0 15.0 15.0 15.0 15.0 15.0 
13.836 14.707 14.325 15.0 15.0 15.0 14.408 11.891 9.227 5.679 
5.163 6.456 6.899 8.764 10.077 11.339 12.018 15.0 15.0 15.0 
15.0 15.0 15.0 15.0 15.0 15.0 15.0 15.0 15.0 15.0 
15.0 15.0 15.0 15.0 13.79 13.831 14.419 13.491 14.018 12.314 
9.051 9.368 7.292 5.484 3.02 2.595 2.01 1.636 1.321 1.277 
1.254 1.121 0.927 0.953 1.107 0.804 0.863 1.227 2.108 2.715 
4.006 3.326 3.11 4.681 4.671 3.175 4.731 5.103 3.115 3.765 
2.948 3.453 2.185 1.63 2.739 3.108 2.625 2.458 3.636 2.804 
2.685 2.807 2.518 1.876 1.808 1.956 2.759 1.706 6.146 4.946 
5.566 9.8 10.945 11.478 12.023 13.585 14.725 15.0 15.0 15.0 
15.0 15.0 15.0 15.0 15.0 15.0 14.923 11.12 12.482 11.494 
10.992 9.539 8.069 6.894 8.044 6.95 6.189 5.699 4.127 4.333 
2.517 4.693 4.434 2.689 2.411 2.475 2.23 1.765 1.477 1.955 
1.678 1.27 1.095 1.168 0.993 0.88 0.823 0.823 0.746 0.7 
0.709 0.7 0.651 0.633 0.64 0.621 0.583 0.64 0.649 0.652 
0.647 0.698 0.764 0.678 0.673 0.729 0.775 0.779 0.814 1.026 
0.904 0.856 1.145 1.052 0.938 0.925 0.803 0.805 0.797 0.735 
0.688 0.687 0.71 0.663 0.678 0.684 0.711 0.69 0.765 0.789 
0.769 0.762 0.837 0.812 0.808 0.786 0.748 0.756 0.677 0.725 
0.663 0.637 0.626 0.695 0.624 0.645 0.776 0.785 0.686 0.818 
1.042 0.884 0.938 1.131 1.122 1.213 1.529 1.443 1.186 1.729 
1.908 4.289 3.396 5.541 6.758 5.861 5.444 5.709 4.221 2.442 
2.312 1.976 1.49 1.142 1.246 1.108 0.851 0.916 0.901 0.821 
0.684 0.807 0.828 0.777 0.701 0.771 0.752 0.615 0.753 0.82 
0.754 0.737 0.984 0.936 0.733 0.779 0.888 0.759 0.618 0.664 
0.723 0.584 0.561 0.643 0.625 0.58 0.54 0.603 0.562 0.536 
0.571 0.627 0.591 0.627 0.63 0.634 0.701 0.781 0.792 0.999 
0.97 0.841 0.749 0.841 0.756 0.551 0.624 0.601 0.591 0.534 
0.563 0.543 0.548 0.514 0.556 0.551 0.523 0.48 0.512 0.56 
0.523 0.551 0.559 0.567 0.549 0.59 0.551 0.592 0.623 0.588 
0.621 0.707 0.723 0.824 0.761 0.946 1.005 1.253 1.146 1.516 
1.799 1.479 1.798 2.081 2.028 1.699 1.912 1.87 1.62 1.403 
1.562 1.373 1.201 0.994 0.946 1.128 1.16 0.965 0.999 1.195 
0.968 1.07 1.043 0.994 0.938 0.924 0.909 0.791 0.802 0.802 
0.725 0.689 0.728 0.719 0.633 0.735 0.849 0.741 0.864 1.032 
1.097 0.947 1.671 1.662 1.255 1.442 1.994 1.298 0.996 1.393 
1.052 0.792 0.865 1.039 0.85 0.808 0.963 0.993 0.933 0.898 
0.825 0.811 0.867 0.819 1.123 1.594 2.983 2.071 1.655 1.353 
1.542 1.434 1.201 0.921 0.721 0.733 0.692 0.619 0.621 0.606 
0.643 0.706 0.773 0.921 0.823 1.067 1.059 1.507 1.638 2.864 
6.215 6.104 4.164 2.431 1.505 1.27 1.047 1.052 1.044 0.935 
0.854 0.729 0.698 0.621 0.653 0.652 0.664 0.558 0.536 0.532 
0.61 0.567 0.684 0.887 1.46 2.222 1.965 1.146 0.929 0.809 
0.926 1.019 0.864 0.826 0.813 0.844 0.767 0.683 0.789 0.792 
0.969 0.925 0.945 0.923 0.899 0.792 0.694 0.707 0.707 0.713 
0.813 0.834 0.855 0.816 0.955 1.131 1.088 0.958 0.736 0.693 
0.813 0.679 0.638 0.659 0.658 0.615 0.658 0.614 0.694 0.85 
1.036 1.468 1.291 1.355 1.361 1.2 1.216 1.594 1.652 1.948 
1.489 1.491 1.432 1.221 1.468 1.145 1.662 2.057 2.617 1.752 
1.964 1.376 1.337 1.246 1.164 1.158 1.128 1.051 1.057 1.127 
1.118 1.093 1.223 1.286 1.27 1.714 2.066 1.717 1.878 2.381 
2.533 2.5 2.277 2.161 2.024 2.19 2.088 2.114 1.608 1.897 
1.347 1.373 1.642 2.49 3.805 2.814 3.13 2.415 2.166 1.588 
1.504 1.223 1.121 1.08 0.926 0.935 0.976 0.982 0.798 0.962 
0.976 0.905 0.888 0.739 0.672 0.549 0.567 0.526 0.595 0.69 
0.861 1.07 1.472 1.458 2.16 2.287 2.65 2.855 2.473 2.225 
1.943 1.842 1.559 1.217 1.265 1.26 1.171 1.112 1.139 1.163 
1.145 0.804 1.03 0.859 0.631 0.58 0.487 0.509 0.571 0.602 
0.762 1.064 1.247 1.295 1.42 1.217 0.861 1.286 1.393 0.79 
0.713 0.667 0.695 0.686 0.759 0.793 0.906 1.025 0.981 0.995 
0.902 0.881 0.931 0.85 0.893 1.025 1.159 2.176 1.603 1.537 
2.405 2.711 3.396 4.86 4.954 3.106 2.774 2.536 3.707 4.651 
4.144 3.972 5.078 5.588 6.55 8.531 8.805 7.97 6.981 6.329 
7.857 7.701 3.764 4.779 6.591 3.973 3.136 5.886 7.622 5.095 
4.132 8.005 8.004 7.936 9.051 10.268 11.614 13.779 13.441 13.221 
15.0 15.0 15.0 15.0 15.0 15.0 15.0 15.0 15.0 15.0 
15.0 15.0 15.0 15.0 15.0 15.0 15.0 15.0 15.0 15.0 
15.0 15.0 15.0 15.0 15.0 15.0 15.0 15.0 15.0 15.0 
15.0 15.0 15.0 15.0 15.0 15.0 15.0 15.0 15.0 
END
