PFRMAT local QA
AUTHOR MASS-CASP14
af2-standard_T1158v3_4.pdb local_accuracy_only 12.641 12.059 9.844 7.536 6.174 5.829 3.781 2.655 1.854 1.866 1.593 
1.934 1.881 2.924 3.137 3.844 3.966 3.979 4.195 3.905 3.501 
3.377 3.104 2.711 2.597 2.269 2.215 2.54 2.63 2.181 2.064 
2.379 2.623 2.991 3.788 3.609 3.546 3.363 3.012 3.608 3.879 
3.732 3.037 2.788 2.697 2.955 3.006 3.27 4.903 5.148 5.741 
4.329 3.446 3.322 2.391 1.801 1.702 1.902 2.013 1.812 2.244 
2.508 2.51 2.372 2.806 3.182 3.318 3.207 3.319 3.579 3.669 
4.236 4.396 4.73 4.575 4.283 4.14 3.606 2.938 2.686 2.736 
2.547 2.753 2.434 2.798 3.215 3.209 3.708 4.738 5.478 5.49 
4.571 5.333 4.618 5.045 5.088 5.483 4.995 4.988 4.935 4.923 
4.47 3.946 2.864 2.496 2.503 2.206 1.699 1.532 1.536 1.422 
1.236 1.379 1.477 1.66 1.381 1.462 1.783 1.891 2.035 2.317 
2.73 2.87 3.509 3.583 3.917 3.568 3.419 3.228 2.911 2.742 
3.11 2.929 2.674 2.929 2.8 2.572 2.579 2.858 2.841 2.458 
2.562 2.617 2.34 2.435 2.336 2.43 2.403 2.282 2.241 2.118 
2.297 2.348 2.01 2.245 2.237 2.278 1.956 1.649 1.635 1.525 
1.563 1.357 1.457 1.435 1.345 1.342 1.295 1.311 1.151 1.152 
1.198 1.338 1.157 1.272 1.59 1.448 1.34 1.301 1.265 1.206 
1.306 1.657 1.855 2.132 2.266 3.169 3.375 3.7 4.003 4.265 
4.121 2.932 2.306 2.604 2.552 2.065 1.958 2.119 2.584 2.123 
1.85 2.241 2.358 1.911 2.651 2.607 2.666 3.106 3.106 3.876 
4.104 3.763 3.824 3.86 3.993 4.1 3.799 3.642 3.228 2.859 
2.953 3.114 2.818 3.062 2.989 3.65 3.286 2.874 2.918 3.759 
3.683 3.523 4.19 4.848 4.359 4.893 4.894 5.904 5.269 5.739 
5.338 5.342 5.399 5.823 5.892 6.505 6.405 6.907 6.252 6.331 
5.248 4.869 4.041 4.181 3.491 3.452 3.405 3.751 3.947 3.298 
3.529 5.301 4.954 4.765 4.569 4.788 3.696 3.846 3.256 2.713 
2.562 2.222 2.289 2.757 2.38 2.596 2.428 2.204 2.033 2.488 
2.627 2.005 2.279 2.128 2.111 2.35 2.486 2.993 3.347 3.177 
2.999 2.843 2.211 1.899 2.12 2.22 2.405 2.056 2.725 3.219 
2.545 2.408 2.306 2.657 2.383 1.898 1.96 2.551 2.281 1.906 
2.237 2.724 2.67 2.524 2.164 2.587 3.156 3.196 2.914 3.067 
3.303 3.268 3.747 3.912 3.568 3.89 4.006 3.84 3.726 3.641 
4.245 4.528 4.527 4.293 4.185 4.263 3.888 4.116 4.537 4.331 
3.894 3.043 3.106 2.874 2.375 2.403 2.395 2.122 2.048 1.769 
1.886 1.94 1.971 2.217 1.975 1.952 2.284 2.758 3.134 2.667 
2.554 2.591 2.809 2.739 3.246 3.452 3.236 3.259 3.745 3.275 
2.674 2.717 2.612 2.54 2.154 2.32 2.569 2.267 2.692 2.342 
2.318 2.374 2.269 2.137 1.738 1.947 1.955 1.776 1.748 1.759 
1.956 2.131 2.347 2.633 3.76 5.019 5.51 5.286 6.254 7.546 
8.352 7.045 6.975 6.714 5.43 3.715 2.732 1.963 1.475 1.186 
1.358 1.494 1.556 1.509 1.718 1.789 2.357 2.831 3.713 4.939 
4.979 4.377 4.86 4.118 3.305 2.73 2.427 2.409 2.115 2.066 
1.769 1.557 1.415 1.281 1.401 1.732 1.652 1.56 1.368 1.224 
1.219 1.156 1.084 1.283 1.748 2.162 2.489 2.294 2.158 1.866 
2.111 1.928 1.567 1.448 1.592 1.773 1.852 1.586 1.752 1.834 
1.816 2.197 2.616 2.579 2.472 2.033 1.634 1.464 1.316 1.375 
1.301 1.332 1.211 1.287 1.326 1.543 1.766 2.291 2.966 3.22 
2.664 2.316 2.017 1.882 1.69 1.382 1.266 1.132 1.318 1.496 
1.583 1.589 1.734 1.929 2.411 3.206 3.511 3.262 3.115 3.146 
3.081 2.348 2.273 2.368 2.248 2.037 1.752 2.048 2.396 2.113 
2.55 2.808 3.597 3.925 3.812 3.201 3.385 3.309 2.905 3.105 
2.914 2.582 2.271 1.936 1.769 1.662 1.691 2.007 2.55 2.779 
2.464 2.055 2.212 1.982 1.926 2.172 2.212 2.277 2.004 2.105 
2.164 1.926 1.82 1.87 2.054 1.984 2.016 1.957 1.829 2.274 
1.919 1.723 1.403 1.13 1.03 1.087 1.209 1.418 1.506 1.778 
1.83 2.21 2.701 2.396 2.321 2.545 2.371 1.9 1.928 2.231 
1.875 1.786 1.742 2.164 2.121 2.148 2.261 2.331 2.614 2.558 
2.143 2.292 2.357 1.929 1.579 1.508 1.45 1.456 1.665 2.014 
2.52 2.639 2.946 2.784 2.562 2.38 2.406 2.488 1.99 1.776 
1.462 1.356 1.276 1.27 1.413 1.827 2.031 1.922 1.935 1.701 
1.76 1.641 1.763 1.535 1.589 1.736 2.347 2.321 2.025 2.087 
2.402 2.278 2.474 2.168 1.786 1.782 1.831 1.799 1.947 2.035 
2.918 4.454 6.229 7.094 8.21 9.234 9.06 11.281 9.726 8.59 
9.897 9.949 9.349 9.581 10.123 12.884 12.417 15.0 14.622 15.0 
12.321 13.109 10.81 14.592 9.969 12.569 9.721 9.422 7.269 7.002 
7.063 7.091 8.099 8.181 8.397 7.53 8.692 12.153 15.0 15.0 
15.0 15.0 15.0 15.0 15.0 15.0 15.0 15.0 15.0 15.0 
15.0 15.0 11.799 9.563 10.796 9.692 10.149 11.37 11.49 12.028 
11.099 9.471 7.605 6.29 3.825 3.151 2.983 2.337 1.929 1.793 
2.18 2.355 2.446 3.057 3.559 4.44 6.232 6.789 7.349 8.495 
8.906 8.02 6.523 7.17 7.071 7.279 6.233 6.261 5.821 4.862 
4.413 4.023 3.958 3.245 2.561 2.183 2.397 2.076 2.074 2.24 
2.32 2.449 2.202 2.561 2.326 2.749 2.135 2.512 2.874 3.84 
4.047 4.651 5.382 5.794 6.852 8.903 11.829 13.352 15.0 14.589 
15.0 14.241 15.0 8.34 5.364 4.294 3.414 2.786 2.107 2.416 
2.025 2.049 1.603 2.027 2.1 2.177 2.21 2.425 2.784 2.51 
2.688 2.711 2.985 3.21 2.835 2.82 3.283 3.751 3.751 3.543 
3.554 3.434 3.563 3.701 3.479 3.678 3.905 3.146 2.758 3.093 
2.743 2.315 1.962 2.053 1.752 1.508 1.508 1.914 1.921 1.711 
1.676 1.976 1.922 1.826 2.07 2.451 3.017 2.87 2.319 2.487 
2.234 2.068 1.925 2.082 2.307 1.944 1.586 1.783 1.705 1.441 
1.484 1.676 1.715 1.917 1.728 1.944 1.87 1.509 1.913 1.945 
1.649 2.043 2.107 1.835 1.682 1.891 2.005 1.677 1.55 1.948 
1.924 1.698 1.883 1.764 1.777 1.725 1.892 2.031 2.122 1.953 
2.654 2.593 2.82 3.066 3.377 3.382 3.534 3.56 3.864 3.741 
4.709 4.771 4.71 5.313 5.475 5.651 5.378 5.265 4.804 4.011 
4.752 4.349 3.736 4.159 4.662 4.299 3.394 3.748 3.481 3.242 
2.856 2.747 2.84 2.28 2.128 2.193 2.159 1.758 2.002 2.393 
2.516 3.165 4.317 4.799 4.738 4.833 5.911 4.537 2.899 2.582 
2.479 2.339 2.06 2.101 2.609 2.84 2.504 2.62 2.944 2.705 
3.129 2.811 2.482 2.521 2.781 2.841 2.809 2.364 2.486 2.698 
2.309 2.019 2.22 2.427 2.219 2.139 2.706 2.481 2.621 2.591 
2.487 2.088 2.057 2.156 2.491 2.468 2.611 2.862 2.975 3.036 
3.028 3.058 2.835 3.043 2.693 2.543 2.261 2.61 2.505 2.153 
1.997 2.013 1.865 1.988 1.991 2.249 2.426 2.408 2.428 2.342 
2.547 2.488 2.291 2.275 2.368 2.406 2.411 2.696 2.961 3.24 
3.21 2.81 2.586 2.422 2.523 2.949 2.583 2.156 2.487 2.397 
2.731 2.33 2.194 2.391 2.293 2.198 2.505 2.346 2.385 2.785 
2.313 2.23 2.226 2.307 2.181 1.964 2.349 2.428 2.481 2.592 
2.508 2.053 2.506 2.868 2.772 2.773 2.894 3.353 3.129 3.449 
3.143 2.966 2.834 2.801 2.928 3.305 3.559 3.285 3.317 2.796 
2.881 2.89 2.904 2.789 2.711 3.219 3.279 3.208 3.024 2.802 
2.746 3.001 2.685 2.527 2.296 2.49 2.092 1.826 1.485 1.23 
1.17 1.156 1.416 1.496 1.696 1.638 1.841 2.295 3.12 3.334 
4.327 4.589 4.781 4.683 3.698 3.551 3.059 2.814 2.487 2.275 
2.223 2.202 2.322 2.097 2.28 2.998 2.938 2.612 2.069 2.216 
2.053 2.179 1.989 2.123 2.246 2.832 2.747 2.473 2.31 2.035 
2.003 1.797 1.595 1.412 1.617 1.963 1.817 1.67 1.518 1.645 
1.901 1.956 1.772 1.715 1.662 1.446 1.166 1.277 1.254 1.42 
2.005 1.902 1.811 2.086 2.546 3.232 2.42 2.297 2.068 2.226 
2.087 2.084 1.938 1.907 1.753 1.522 1.377 1.351 1.257 1.686 
2.249 2.96 2.81 2.457 2.189 2.37 2.302 2.163 1.914 1.609 
1.435 1.6 1.254 1.021 1.212 1.516 1.825 2.187 2.667 2.552 
2.586 2.558 2.625 2.197 1.769 1.922 2.02 2.106 1.942 2.145 
2.289 2.32 2.286 2.394 2.761 3.283 3.408 2.811 2.982 3.747 
4.377 4.941 4.504 4.81 4.37 4.655 4.682 4.849 3.628 4.319 
4.541 4.675 3.814 3.753 3.493 2.673 2.244 2.307 2.454 2.216 
2.085 2.294 2.154 2.044 2.178 2.246 2.346 2.397 2.708 2.477 
2.576 3.072 3.136 2.551 2.314 1.775 1.43 1.499 1.602 1.845 
1.977 2.169 2.455 2.59 2.879 2.453 2.367 2.934 3.166 3.024 
2.656 2.978 2.426 2.047 2.046 2.306 2.377 1.837 2.421 3.123 
2.994 2.837 3.205 3.325 2.543 1.998 1.832 1.624 1.536 1.484 
1.901 1.922 1.894 1.819 1.8 1.933 1.756 1.844 2.073 2.104 
1.946 1.453 1.237 1.247 1.249 1.368 1.837 1.934 1.61 1.537 
1.357 1.438 1.303 1.364 1.591 1.597 1.633 1.775 2.19 1.915 
2.331 3.166 3.355 4.017 3.857 3.048 2.978 2.859 3.0 3.273 
3.352 3.303 4.112 4.851 4.543 5.194 5.552 6.122 4.575 4.261 
4.748 4.401 3.55 3.84 4.002 4.019 3.62 3.783 4.151 4.438 
4.092 4.916 5.335 6.406 6.273 6.986 8.231 8.258 10.22 10.633 
12.625 15.0 15.0 15.0 15.0 15.0 15.0 15.0 15.0 15.0 
15.0 15.0 15.0 15.0 15.0 15.0 15.0 15.0 15.0 15.0 
15.0 15.0 15.0 15.0 15.0 15.0 15.0 15.0 15.0 14.518 
14.558 14.816 13.659 14.094 15.0 15.0 15.0 15.0 15.0 
END
