PFRMAT local QA
AUTHOR LAW-CASP14
af2-standard_T1137s3_1.pdb local_accuracy_only 15.0 15.0 15.0 15.0 15.0 15.0 15.0 15.0 15.0 15.0 15.0 
15.0 15.0 15.0 15.0 15.0 15.0 15.0 15.0 15.0 15.0 
15.0 15.0 15.0 15.0 15.0 15.0 15.0 15.0 15.0 15.0 
15.0 4.882 2.286 2.363 2.357 2.198 1.767 1.281 1.035 0.699 
0.619 0.591 0.528 0.647 0.682 0.911 0.809 0.656 0.819 0.787 
0.626 0.697 0.722 0.746 0.572 0.654 0.468 0.585 0.632 0.72 
0.819 0.754 0.766 0.661 0.65 0.639 0.55 0.697 0.653 0.664 
0.727 1.024 1.032 1.303 1.294 0.905 0.692 0.628 0.54 0.554 
0.548 0.656 0.756 1.204 1.398 1.038 1.003 0.833 0.878 0.845 
0.749 0.619 0.622 0.557 0.619 0.601 0.652 0.875 0.912 1.128 
1.163 1.345 1.171 0.923 0.786 0.557 0.498 0.533 0.503 0.581 
0.667 0.782 1.073 1.263 1.134 1.158 0.953 1.268 0.968 0.962 
0.953 0.763 0.73 0.851 0.942 1.421 0.911 0.913 0.963 0.874 
0.94 1.426 1.427 1.553 1.698 1.603 1.621 1.643 1.936 1.772 
1.852 1.958 2.03 1.958 2.029 1.798 1.93 1.893 1.709 1.633 
1.484 1.589 1.441 1.409 1.398 1.371 1.328 1.455 1.512 1.399 
1.449 1.597 1.607 1.738 2.021 2.188 2.273 2.646 2.582 2.666 
2.214 2.713 3.013 2.781 2.848 3.244 3.109 2.833 3.766 3.27 
2.555 2.262 1.941 1.736 1.816 1.683 1.524 1.457 1.504 1.492 
1.425 1.474 1.503 1.729 1.533 1.688 1.782 1.917 1.493 1.727 
1.726 1.399 1.306 1.583 1.337 1.272 1.407 1.53 1.329 1.431 
1.585 1.384 1.341 1.536 1.542 1.616 1.641 1.989 1.946 1.869 
1.927 1.931 1.575 1.471 1.5 1.415 1.326 1.329 1.432 1.32 
1.342 1.352 1.346 1.264 1.41 1.517 1.438 1.378 1.608 1.601 
1.46 1.503 1.552 1.389 1.392 1.458 1.466 1.478 1.777 2.085 
2.471 2.732 3.201 3.704 3.672 4.231 3.391 2.69 2.575 2.228 
2.078 1.964 2.112 2.012 1.816 1.959 2.062 1.815 1.891 2.038 
1.958 1.976 2.318 2.098 2.117 2.302 2.033 2.091 1.964 2.103 
1.921 1.87 2.02 2.133 2.019 2.081 2.281 2.335 2.558 2.693 
2.813 2.897 2.944 3.544 4.255 5.521 5.386 5.509 6.77 6.916 
5.305 5.8 6.448 8.194 10.026 13.503 15.0 15.0 15.0 15.0 
15.0 15.0 15.0 15.0 15.0 15.0 15.0 15.0 15.0 15.0 
15.0 15.0 15.0 15.0 15.0 15.0 15.0 15.0 15.0 15.0 
15.0 15.0 13.186 12.157 7.79 10.69 7.608 6.784 10.185 9.203 
9.69 15.0 13.811 9.572 8.235 6.228 7.646 6.621 11.165 5.046 
4.388 4.993 4.161 3.784 3.668 4.201 4.038 3.569 5.198 7.521 
10.895 12.318 15.0 15.0 15.0 15.0 15.0 15.0 15.0 15.0 
15.0 15.0 15.0 15.0 15.0 15.0 15.0 15.0 15.0 15.0 
12.337 15.0 15.0 13.125 8.472 14.311 15.0 14.493 15.0 12.982 
15.0 11.701 15.0 15.0 15.0 15.0 12.099 15.0 15.0 10.761 
12.567 11.913 11.528 10.933 11.41 13.958 15.0 11.191 13.459 10.315 
13.908 14.604 15.0 15.0 15.0 15.0 15.0 15.0 15.0 15.0 
15.0 15.0 10.714 14.494 15.0 15.0 15.0 15.0 15.0 15.0 
15.0 15.0 15.0 15.0 15.0 15.0 15.0 15.0 15.0 15.0 
15.0 15.0 15.0 15.0 15.0 15.0 15.0 15.0 15.0 15.0 
15.0 15.0 15.0 15.0 15.0 15.0 15.0 15.0 15.0 15.0 
15.0 15.0 15.0 15.0 15.0 15.0 15.0 15.0 15.0 15.0 
15.0 15.0 15.0 15.0 15.0 15.0 15.0 15.0 15.0 15.0 
15.0 15.0 15.0 15.0 15.0 15.0 15.0 15.0 15.0 15.0 
15.0 15.0 15.0 15.0 15.0 15.0 15.0 15.0 15.0 15.0 
15.0 15.0 15.0 15.0 15.0 15.0 15.0 15.0 15.0 15.0 
15.0 15.0 15.0 15.0 15.0 15.0 15.0 15.0 15.0 15.0 
15.0 15.0 15.0 
END
