PFRMAT local QA
AUTHOR MASS-CASP14
af2-standard_T1137s3_1.pdb local_accuracy_only 15.0 15.0 15.0 15.0 15.0 15.0 15.0 15.0 15.0 15.0 15.0 
15.0 15.0 15.0 15.0 15.0 15.0 15.0 15.0 15.0 15.0 
15.0 15.0 15.0 15.0 15.0 15.0 13.49 11.086 10.72 10.855 
11.327 12.214 12.768 11.488 13.398 10.251 7.234 3.984 2.505 1.566 
1.226 1.061 0.606 0.969 0.35 1.116 1.162 1.05 1.245 1.336 
1.152 1.46 1.522 1.515 1.191 1.217 1.035 1.129 1.436 1.9 
2.344 1.977 1.657 1.378 1.37 1.21 1.142 1.355 1.442 1.294 
1.339 1.468 1.871 2.932 2.734 1.895 1.518 1.265 1.267 1.284 
1.324 1.378 1.573 2.317 3.254 2.748 2.389 1.653 1.828 1.906 
1.675 1.381 1.265 1.243 1.3 1.068 1.34 1.66 1.936 2.143 
2.772 2.418 2.187 1.737 1.666 1.357 1.23 1.072 1.108 1.313 
1.658 2.287 3.769 5.961 7.25 8.754 9.6 13.422 15.0 15.0 
15.0 12.661 10.616 14.072 15.0 15.0 14.686 11.263 11.045 10.142 
10.562 10.299 8.093 8.03 7.987 6.871 5.879 7.361 7.588 8.229 
8.634 7.648 8.227 8.428 8.255 8.773 11.127 8.855 8.166 8.407 
9.105 7.378 6.38 6.484 6.273 5.422 5.964 6.437 6.485 5.099 
5.212 5.352 5.926 6.079 6.702 6.822 6.169 5.665 5.329 4.365 
3.378 3.116 3.103 2.935 3.021 2.985 3.041 3.089 2.488 2.871 
2.525 2.505 2.472 2.939 2.897 3.005 2.956 2.825 2.665 3.07 
2.629 2.336 2.296 2.208 2.351 2.254 2.619 2.68 2.992 2.958 
2.707 2.88 2.779 3.025 3.192 3.103 3.821 4.373 5.688 4.326 
5.157 5.025 4.37 4.32 4.483 4.363 4.438 4.523 4.697 4.729 
4.318 4.246 4.0 4.268 3.863 4.18 3.752 3.908 3.627 3.661 
3.787 3.417 3.564 3.282 3.099 3.086 3.292 3.332 3.194 3.21 
3.213 3.123 3.076 2.97 3.132 3.241 3.89 4.22 4.258 4.782 
5.262 5.115 6.112 6.938 7.454 7.503 7.418 5.918 5.113 4.599 
4.19 4.13 3.98 4.294 4.143 4.262 3.991 4.176 4.097 4.154 
4.035 4.211 4.161 3.839 3.717 4.034 4.131 3.835 3.373 3.521 
3.787 4.02 3.945 4.293 5.192 5.441 5.817 6.656 6.741 5.927 
6.531 6.71 6.277 6.558 7.43 7.262 6.404 7.545 8.105 9.593 
9.273 8.847 9.831 10.325 12.09 11.762 11.164 12.358 12.898 11.778 
10.024 10.379 10.221 10.329 8.833 8.635 8.364 9.273 9.554 9.885 
9.769 11.519 11.697 11.273 10.919 12.336 12.274 13.675 11.07 10.684 
10.836 11.482 9.719 8.473 7.431 7.886 8.79 9.291 8.101 6.529 
6.906 7.319 6.251 6.855 6.499 7.112 7.938 8.835 8.321 7.965 
7.063 5.487 5.887 6.396 4.817 5.348 5.066 5.006 4.995 6.076 
5.746 5.294 5.497 6.268 7.372 7.611 7.297 7.264 7.646 7.97 
7.652 7.391 8.044 8.167 7.834 7.238 8.956 9.876 10.156 9.492 
10.213 11.341 11.001 9.343 8.842 9.069 11.057 13.574 12.914 12.21 
12.686 11.99 13.783 12.806 11.079 9.374 8.64 7.436 8.734 9.001 
11.023 11.787 12.128 12.61 11.756 9.935 11.147 12.327 11.992 11.553 
13.848 14.716 14.01 15.0 12.587 11.16 10.453 10.006 7.459 6.264 
5.856 5.989 7.388 9.138 10.348 9.811 11.558 10.159 10.046 9.324 
8.274 8.086 9.469 11.642 12.579 11.494 10.926 9.666 10.315 9.966 
10.592 9.024 8.328 8.324 7.914 6.653 6.618 7.501 6.769 7.162 
7.158 7.292 7.533 7.672 7.614 8.47 8.584 9.49 9.452 9.189 
8.778 8.772 9.057 8.567 9.216 7.687 7.639 7.991 8.903 10.218 
10.402 11.101 10.309 10.601 12.332 13.222 11.6 8.869 6.692 6.129 
5.653 5.108 5.987 5.888 6.558 6.622 6.413 7.358 6.59 6.205 
6.502 6.111 5.637 5.665 6.487 6.966 7.971 8.043 8.398 8.106 
8.937 9.649 9.78 10.459 10.521 10.606 11.672 12.133 11.052 12.039 
15.0 15.0 15.0 15.0 15.0 15.0 15.0 15.0 15.0 15.0 
15.0 15.0 15.0 
END
