PFRMAT local QA
AUTHOR MASS-CASP14
af2-standard_T1194_1.pdb local_accuracy_only 11.34 10.56 9.955 8.673 7.933 6.825 4.234 2.787 2.32 2.109 1.925 
1.82 2.114 2.015 1.702 1.528 1.802 1.677 1.919 1.814 1.798 
1.796 1.761 2.177 2.284 3.27 3.854 3.485 3.484 2.566 2.31 
1.784 1.508 1.309 1.544 1.544 1.44 1.253 1.331 1.512 1.852 
2.473 3.328 4.047 3.571 2.996 2.443 1.952 1.608 1.705 1.416 
1.364 1.253 1.3 1.298 1.485 1.389 1.696 1.977 2.146 2.162 
2.52 2.542 2.022 1.766 1.454 1.309 1.441 1.478 2.115 2.568 
1.893 1.71 1.774 1.736 1.732 1.512 1.256 1.377 1.352 2.01 
2.397 2.286 1.809 1.485 1.062 1.018 1.018 1.063 1.045 1.132 
1.079 1.065 1.154 1.355 1.495 2.331 3.055 4.567 5.111 5.507 
5.496 3.896 2.984 2.889 2.845 2.608 2.897 3.445 4.638 6.584 
7.909 8.822 9.926 8.879 8.214 6.775 5.55 4.734 4.393 4.334 
4.606 3.908 3.135 2.717 2.522 2.867 2.617 2.731 2.792 2.508 
2.893 3.491 3.271 4.029 3.721 4.173 5.37 6.061 5.672 4.995 
4.376 4.549 3.33 3.409 3.142 4.196 4.574 4.322 3.46 2.749 
3.063 2.906 2.839 3.117 3.061 2.955 2.464 2.608 2.199 2.401 
2.357 2.745 3.054 3.269 3.74 4.772 5.891 
END
