PFRMAT local QA
AUTHOR LAW-CASP14
af2-standard_T1194_1.pdb local_accuracy_only 9.893 9.337 8.228 7.604 6.174 7.25 7.395 7.94 6.411 6.946 5.148 
4.45 3.529 3.104 1.792 2.231 2.025 2.491 3.205 4.455 5.741 
6.834 7.677 7.87 6.749 6.165 3.82 4.447 2.655 2.143 2.527 
2.35 2.397 1.889 1.872 1.655 1.562 1.352 1.352 1.225 1.308 
1.387 1.722 2.199 2.422 2.16 1.904 1.559 1.353 1.478 1.388 
1.714 1.605 2.658 2.182 2.847 2.412 2.73 1.727 1.695 1.278 
1.334 1.325 1.275 1.083 1.11 1.059 1.095 1.216 1.726 3.463 
3.49 2.252 2.171 2.16 1.745 2.293 1.355 1.722 1.557 1.856 
1.839 1.629 1.751 1.415 1.402 1.19 1.171 1.159 1.198 1.314 
1.376 1.6 1.532 1.846 2.287 2.378 2.014 2.061 1.81 1.749 
1.482 1.455 1.309 1.347 1.415 1.902 4.181 5.169 5.443 5.967 
6.205 6.082 5.828 6.311 5.875 5.937 4.433 3.775 2.421 3.411 
2.968 4.167 2.953 1.572 1.422 1.328 1.279 1.285 1.374 1.344 
1.411 1.641 3.541 3.735 4.314 3.632 5.026 4.243 5.067 2.242 
1.493 1.358 1.234 1.293 1.448 1.675 2.171 1.784 1.656 1.326 
1.391 1.252 1.367 1.591 1.698 2.154 1.931 2.349 1.858 2.675 
1.432 1.268 1.198 1.01 1.201 1.18 1.481 
END
