PFRMAT local QA
AUTHOR LAW-CASP14
af2-standard_T1185s2_2.pdb local_accuracy_only 15.0 15.0 15.0 15.0 15.0 15.0 15.0 15.0 15.0 14.595 10.431 
8.015 5.441 3.118 4.005 3.766 2.255 2.329 2.117 2.713 2.606 
2.973 2.267 2.776 3.126 2.624 2.687 3.004 2.979 2.901 3.096 
2.999 2.713 2.593 2.167 2.548 2.531 2.274 2.205 2.522 2.272 
1.8 1.552 1.727 1.844 1.634 1.704 1.947 2.106 2.183 2.055 
1.688 1.601 1.596 1.774 1.686 1.463 1.502 1.46 1.441 1.675 
1.677 1.73 1.662 1.653 1.612 1.818 1.906 2.26 2.155 2.667 
3.816 6.589 8.707 11.131 14.212 14.681 14.578 12.693 11.912 10.79 
11.422 10.892 11.011 10.109 10.136 9.717 8.737 7.783 6.806 5.451 
4.528 3.631 3.399 3.096 2.433 1.412 0.939 0.884 0.764 0.843 
0.795 0.901 0.883 0.91 0.917 0.867 0.914 1.025 1.111 1.0 
1.338 0.983 0.882 0.788 0.88 0.837 0.977 0.833 0.757 0.699 
0.71 0.677 0.749 0.769 0.848 0.856 0.835 0.826 0.886 0.757 
0.869 0.829 0.78 0.708 0.841 0.826 0.709 0.704 0.809 0.778 
0.729 0.764 0.771 0.862 0.839 1.068 0.869 0.843 0.801 0.821 
0.828 0.822 0.784 0.719 0.661 0.63 0.632 0.766 0.882 1.049 
0.98 1.15 1.057 1.395 1.287 1.346 1.188 1.067 1.266 1.237 
1.1 1.131 1.281 1.188 1.148 1.331 1.331 1.33 1.289 1.516 
1.68 1.723 2.002 2.111 2.407 2.886 3.694 4.542 4.994 4.369 
3.444 3.453 3.229 2.237 1.954 2.448 2.133 1.724 1.626 1.412 
1.364 1.338 1.064 1.122 1.041 0.855 0.789 0.733 0.678 0.66 
0.768 0.774 0.969 0.994 0.964 1.031 0.944 0.914 0.99 0.991 
0.907 0.921 1.01 1.044 1.033 1.13 1.367 1.323 1.427 1.839 
1.94 1.785 2.215 1.298 0.932 0.913 0.704 0.68 0.624 0.676 
0.765 0.942 1.002 1.236 1.26 1.183 1.305 1.622 1.733 2.195 
1.874 2.115 1.826 1.808 1.604 1.564 1.396 1.399 1.299 1.172 
1.104 1.072 1.026 0.963 0.957 0.927 0.917 0.812 0.869 0.944 
0.987 0.868 1.079 1.356 1.258 1.095 0.889 0.765 0.69 0.641 
0.722 0.767 0.837 0.962 1.075 1.53 2.462 2.735 5.553 6.161 
9.84 8.461 7.423 4.371 3.467 2.093 1.725 1.245 1.355 1.932 
2.0 2.655 2.052 1.439 1.935 1.848 1.246 1.071 1.08 0.886 
0.82 0.818 0.806 0.846 0.858 1.192 1.32 1.899 1.689 1.377 
1.048 0.986 0.885 0.992 1.017 1.009 1.065 1.542 1.82 2.926 
2.114 1.937 1.401 1.189 1.047 0.92 1.071 0.977 1.195 1.085 
1.216 1.245 1.2 1.02 1.008 1.08 1.141 1.495 2.662 4.617 
5.804 7.881 8.921 13.61 12.812 12.416 11.975 13.452 13.752 13.288 
13.57 13.51 11.755 13.246 14.432 13.382 15.0 15.0 15.0 15.0 
15.0 15.0 15.0 15.0 15.0 
END
