PFRMAT local QA
AUTHOR MASS-CASP14
af2-standard_T1185s2_2.pdb local_accuracy_only 15.0 15.0 15.0 15.0 15.0 15.0 14.871 12.612 9.968 7.543 6.193 
4.054 2.816 2.092 2.07 1.713 1.349 1.414 1.216 1.201 1.197 
1.222 1.118 1.114 1.248 1.149 1.046 1.305 1.757 1.713 1.606 
1.181 1.177 1.236 1.319 1.456 1.364 1.171 1.497 1.548 1.262 
1.223 1.402 1.5 1.227 1.126 1.576 1.669 1.703 1.426 1.538 
1.311 1.361 1.582 1.58 1.351 1.164 1.406 1.49 1.306 1.233 
1.399 1.295 1.223 1.329 1.454 1.652 1.56 1.827 2.142 2.402 
2.955 4.228 6.992 10.233 12.4 13.295 12.63 12.928 12.37 10.95 
8.163 8.522 6.389 4.618 4.401 4.514 4.495 4.346 3.642 3.978 
3.88 3.906 3.525 3.363 3.009 2.553 2.169 1.516 1.421 1.395 
1.484 1.496 1.529 1.642 1.646 1.438 1.813 1.782 1.819 2.109 
2.257 2.337 1.815 1.683 1.721 1.804 1.584 1.476 1.211 1.176 
1.221 1.193 1.121 1.159 1.452 1.78 2.058 1.571 1.766 1.684 
1.935 1.77 1.383 1.329 1.47 1.514 1.429 1.431 1.415 1.434 
1.328 1.218 1.186 1.473 1.699 1.637 1.699 1.998 1.9 1.78 
1.598 1.369 1.123 0.912 0.888 0.771 0.795 0.946 1.365 1.626 
1.892 1.671 1.409 1.675 1.817 1.891 1.716 1.43 1.663 1.635 
1.399 1.435 1.589 1.435 1.301 1.31 1.442 1.421 1.346 1.535 
1.781 1.844 2.148 2.583 3.109 3.61 4.291 5.006 4.785 4.262 
3.43 3.226 3.421 2.845 2.461 3.134 3.201 2.273 2.106 1.832 
2.07 1.629 1.356 1.341 1.385 1.254 1.016 1.173 1.056 1.024 
1.234 1.214 1.403 1.454 1.23 1.45 1.402 1.235 1.287 1.459 
1.361 1.228 1.537 1.507 1.337 1.67 1.689 1.562 1.553 1.904 
1.871 1.569 1.719 1.344 0.996 0.866 0.841 0.733 0.259 0.781 
1.019 1.161 1.561 1.576 1.757 1.943 2.215 2.379 3.033 3.198 
2.825 3.281 2.501 2.251 1.981 1.627 1.525 1.72 1.577 1.374 
1.367 1.613 1.51 1.243 1.356 1.423 1.303 1.141 1.174 1.205 
1.043 1.07 1.426 1.741 1.622 1.374 1.077 1.015 0.835 0.752 
0.759 0.872 1.066 1.465 1.544 2.247 2.927 3.401 4.47 5.507 
6.138 5.878 4.679 3.773 2.941 2.581 2.29 2.169 2.205 2.159 
2.395 2.386 1.982 1.681 1.693 1.926 1.479 1.454 1.139 1.024 
1.037 1.086 1.111 1.089 1.099 1.327 1.913 2.751 2.635 1.992 
1.461 1.249 1.323 1.182 1.028 1.151 1.164 1.397 1.894 2.345 
2.387 2.143 1.867 1.623 1.463 1.296 1.272 1.269 1.24 1.305 
1.679 1.821 1.758 1.476 1.216 1.451 1.732 1.819 2.109 2.144 
2.802 3.115 3.962 3.778 3.637 4.692 5.089 5.645 6.435 6.669 
7.693 8.175 9.811 8.038 8.72 7.485 9.667 7.267 9.644 9.232 
10.992 10.135 10.205 13.88 15.0 
END
