PFRMAT local QA
AUTHOR LAW-CASP14
af2-standard_T1106s1_2.pdb local_accuracy_only 15.0 15.0 15.0 15.0 15.0 15.0 15.0 15.0 15.0 15.0 15.0 
15.0 15.0 15.0 15.0 15.0 15.0 15.0 15.0 15.0 15.0 
15.0 15.0 13.612 14.105 12.846 11.435 10.035 15.0 10.942 11.494 
15.0 11.582 9.674 13.196 14.863 13.545 12.115 15.0 13.656 14.972 
15.0 15.0 12.576 10.805 12.351 12.089 8.219 7.272 6.085 4.56 
4.544 4.443 4.094 4.029 3.786 3.656 3.477 3.609 3.848 3.782 
4.22 5.223 8.246 7.274 6.577 9.533 9.383 4.825 3.642 4.141 
5.015 3.438 3.662 3.238 3.078 2.511 2.39 1.861 1.952 1.664 
1.854 1.686 1.601 1.753 1.747 1.586 1.836 1.948 2.16 2.541 
2.27 2.284 2.006 1.861 1.814 1.757 1.81 1.674 1.812 1.777 
1.755 1.744 1.918 1.921 2.321 1.951 2.032 2.023 2.023 2.04 
2.001 1.828 2.03 1.975 1.837 2.106 2.225 2.023 2.213 2.659 
2.363 
END
