PFRMAT local QA
AUTHOR MASS-CASP14
af2-standard_T1106s1_2.pdb local_accuracy_only 15.0 15.0 15.0 14.382 15.0 15.0 14.352 15.0 15.0 15.0 15.0 
15.0 15.0 14.063 15.0 14.085 13.63 14.438 12.112 12.937 13.95 
12.888 13.288 13.689 15.0 15.0 15.0 15.0 15.0 15.0 15.0 
15.0 15.0 15.0 15.0 15.0 15.0 15.0 15.0 15.0 15.0 
13.22 11.819 14.289 13.482 14.137 13.26 12.57 11.962 12.148 11.521 
9.694 8.407 8.96 8.727 8.641 8.079 9.009 8.665 9.999 9.747 
10.345 10.969 9.756 8.991 8.276 6.824 4.633 3.925 3.205 3.937 
3.193 3.097 3.107 2.55 2.409 2.292 2.159 2.199 1.945 1.989 
1.878 1.578 1.638 1.572 1.713 1.576 1.868 2.262 2.648 3.17 
3.222 3.35 3.574 2.974 3.545 3.396 2.825 2.912 2.835 2.887 
2.647 3.002 3.216 3.741 4.213 5.262 6.099 6.874 7.507 7.21 
7.819 8.052 9.063 9.257 10.313 9.664 11.883 13.768 14.994 15.0 
15.0 
END
