PFRMAT local QA
AUTHOR MASS-CASP14
af2-standard_T1176_5.pdb local_accuracy_only 3.338 2.637 1.985 1.751 1.679 2.098 2.173 2.422 2.585 2.778 2.671 
2.963 3.816 3.63 3.64 3.135 3.114 2.927 3.138 2.965 2.791 
2.439 3.535 3.533 3.458 2.167 1.868 1.487 1.347 1.442 1.641 
1.975 2.781 3.855 5.621 6.913 8.07 8.888 7.065 4.202 2.876 
2.113 1.699 1.471 1.4 1.701 1.92 1.937 2.164 2.212 2.127 
1.908 2.314 2.68 2.113 2.237 1.686 1.491 1.251 1.258 1.37 
1.224 1.574 1.764 2.265 2.691 2.983 2.922 2.725 2.077 1.688 
1.609 1.458 1.674 1.592 1.706 2.021 2.889 3.084 4.014 3.227 
2.61 1.656 1.26 1.059 1.001 1.127 1.358 1.439 1.494 1.728 
1.67 1.873 2.056 2.602 3.591 4.473 4.306 4.275 3.123 2.777 
2.715 2.807 2.58 2.171 2.429 2.408 2.221 1.285 1.316 1.306 
1.356 1.437 1.467 1.64 1.354 1.274 1.229 1.095 1.0 1.006 
1.009 1.278 1.282 1.57 1.357 1.268 1.957 2.368 3.763 5.453 
5.219 5.194 4.611 4.112 4.05 3.233 3.771 3.396 2.841 2.09 
2.295 2.425 1.984 1.916 1.605 1.36 1.249 1.165 1.128 1.142 
1.488 2.147 3.181 5.266 6.392 5.503 5.291 3.667 2.443 1.766 
1.561 1.377 1.474 1.392 1.116 1.029 1.111 1.424 2.191 
END
