PFRMAT local QA
AUTHOR LAW-CASP14
af2-standard_T1176_5.pdb local_accuracy_only 2.575 2.063 2.112 2.093 1.923 3.046 3.629 6.033 6.198 6.665 6.226 
6.319 6.023 5.787 4.843 3.829 3.263 2.381 1.89 2.023 2.028 
3.033 3.179 4.492 3.286 2.249 1.969 1.605 1.445 1.658 1.902 
2.663 3.354 6.739 7.078 9.015 7.507 8.324 6.673 5.936 6.056 
6.381 6.711 5.735 6.227 7.81 8.537 8.451 6.786 4.901 4.922 
2.512 3.08 2.997 1.658 1.33 1.269 1.073 1.068 1.058 1.131 
1.092 1.052 0.999 1.232 1.181 1.553 1.336 1.169 1.017 1.076 
0.995 1.067 1.166 1.313 1.557 1.836 2.528 2.979 3.669 2.997 
2.378 1.701 1.302 1.246 1.071 1.168 1.33 1.466 1.161 1.353 
1.041 1.439 1.606 2.643 3.075 4.159 4.908 4.741 3.839 3.552 
2.555 1.881 1.534 1.239 1.35 1.311 1.164 1.03 0.991 1.0 
0.927 0.997 1.119 1.133 1.047 1.15 1.225 1.175 1.044 1.001 
1.007 1.052 1.111 1.24 1.107 1.119 1.396 1.697 2.859 3.959 
3.849 2.96 2.168 1.448 1.319 1.614 2.497 2.758 2.421 2.109 
3.004 2.998 2.275 2.977 2.832 1.759 1.811 1.35 1.42 1.26 
1.475 1.996 1.721 2.766 2.304 3.335 2.561 1.72 1.339 1.118 
1.23 1.168 1.29 1.258 1.153 1.14 1.247 1.304 1.613 
END
