PFRMAT local QA
AUTHOR MASS-CASP14
af2-standard_T1120_1.pdb local_accuracy_only 15.0 15.0 15.0 15.0 14.346 14.178 10.736 7.786 5.012 3.952 2.931 
2.922 2.918 3.035 3.31 3.357 2.439 2.229 1.765 1.75 1.658 
1.971 2.7 2.186 1.805 1.222 1.056 1.062 1.155 1.272 1.106 
0.98 1.122 1.376 1.482 1.539 2.022 2.58 3.751 4.006 3.151 
2.742 2.903 3.295 2.899 2.922 3.55 3.618 3.632 3.738 3.669 
3.553 4.393 4.16 3.872 4.275 4.848 4.893 6.466 7.164 5.812 
3.695 2.829 2.19 1.98 1.729 2.186 2.351 2.442 2.104 1.972 
2.297 2.411 2.465 2.869 3.55 3.407 2.997 3.261 3.523 4.244 
3.519 3.188 3.549 3.234 2.677 2.645 2.945 2.996 2.855 3.079 
3.025 3.295 3.429 3.728 3.518 3.853 4.361 4.435 4.244 3.943 
3.66 4.047 3.454 3.51 3.595 3.171 3.454 3.845 3.989 3.566 
3.444 3.582 2.981 2.918 3.288 3.138 3.055 2.943 2.316 2.395 
2.48 2.173 1.712 1.681 1.662 1.428 1.63 1.611 1.632 1.632 
1.787 1.932 1.581 1.749 1.821 1.546 1.565 1.658 1.849 1.632 
1.812 1.998 2.49 2.965 3.398 2.571 2.691 3.34 2.95 2.679 
3.103 3.013 2.987 3.273 2.599 3.007 3.27 2.618 2.667 3.332 
3.564 2.878 2.726 2.647 2.231 1.754 1.931 2.031 2.215 2.244 
2.382 2.349 2.694 2.852 2.489 3.042 3.075 2.423 2.019 2.013 
2.064 1.873 1.579 1.257 1.362 1.323 1.282 1.322 1.302 1.229 
1.285 1.392 1.283 1.193 1.258 1.311 1.256 1.003 1.297 1.55 
1.767 1.83 1.897 1.826 1.689 1.549 1.702 1.705 1.326 1.444 
1.276 1.275 1.225 1.449 1.383 1.292 1.163 1.359 1.418 1.541 
1.496 2.025 2.216 2.279 3.233 4.207 6.589 8.878 10.714 14.595 
15.0 15.0 15.0 15.0 
END
