PFRMAT local QA
AUTHOR LAW-CASP14
af2-standard_T1120_1.pdb local_accuracy_only 15.0 15.0 15.0 15.0 15.0 14.908 12.803 12.09 10.732 8.688 9.516 
8.689 11.114 11.958 12.779 12.324 10.921 9.806 2.626 2.413 2.065 
2.097 2.112 1.941 1.871 1.77 1.662 1.791 1.676 1.709 1.703 
1.591 1.67 1.734 1.685 1.7 1.994 1.993 2.647 2.388 2.395 
1.918 2.493 2.579 2.451 2.778 3.459 3.417 2.939 3.937 3.595 
4.108 3.559 4.223 4.415 5.509 6.592 8.733 11.144 9.643 8.556 
6.619 3.128 3.522 2.182 1.877 1.89 1.878 1.968 2.015 1.763 
1.891 2.009 1.864 1.891 2.052 2.303 1.952 2.339 2.001 2.431 
1.994 1.969 2.061 2.189 2.111 2.39 2.532 2.43 2.652 2.597 
2.381 2.39 2.483 2.273 2.228 2.286 2.314 2.366 2.375 2.282 
2.314 2.349 2.195 2.347 2.368 2.328 2.385 2.457 2.3 2.371 
2.402 2.484 2.605 2.273 2.333 2.394 2.181 2.112 2.048 1.899 
1.815 1.821 1.771 1.878 1.744 1.714 1.727 1.885 1.806 1.688 
1.693 1.947 1.702 1.675 1.826 1.904 1.685 1.909 1.906 1.684 
2.023 2.227 2.816 3.365 3.816 3.221 3.128 3.752 3.614 3.507 
3.519 3.452 3.52 3.028 2.592 2.495 2.667 2.013 2.182 2.422 
2.476 2.557 2.884 2.972 3.121 3.042 3.088 3.057 3.01 3.113 
3.928 3.264 3.616 3.212 3.136 2.474 2.821 3.247 2.22 2.398 
1.998 2.076 1.861 1.759 1.717 1.83 1.8 1.778 1.883 2.381 
2.015 2.195 2.597 2.456 2.083 2.226 2.533 1.77 1.833 1.761 
1.733 1.854 1.764 1.863 1.997 2.307 2.871 2.536 2.161 3.463 
4.094 3.704 3.728 4.377 5.468 4.338 3.847 3.738 4.276 3.295 
3.591 3.73 3.647 3.485 3.808 4.549 7.31 8.709 10.353 12.815 
13.425 14.46 15.0 15.0 
END
