PFRMAT local QA
AUTHOR MASS-CASP14
af2-standard_T1193_2.pdb local_accuracy_only 15.0 14.902 15.0 14.259 15.0 14.025 14.308 10.865 9.504 10.016 8.003 
9.175 8.54 9.085 8.218 8.985 10.059 12.023 9.396 9.293 9.786 
7.89 8.534 7.336 8.331 9.489 13.376 11.163 15.0 15.0 15.0 
15.0 15.0 15.0 15.0 15.0 15.0 15.0 15.0 12.302 11.238 
9.02 8.454 5.956 4.909 4.257 3.674 3.895 3.617 2.786 2.463 
2.552 2.447 2.373 3.027 2.778 3.145 3.315 3.084 2.912 3.817 
3.675 3.455 3.564 3.922 3.697 3.841 3.571 3.697 3.547 3.947 
3.317 3.317 2.947 2.909 2.619 3.058 2.672 2.423 2.169 2.133 
2.075 1.922 1.826 1.83 1.835 1.499 1.696 1.742 1.972 1.787 
2.042 2.664 3.861 4.219 5.261 5.894 7.175 7.759 8.411 8.855 
9.947 9.656 10.146 12.765 15.0 15.0 15.0 15.0 15.0 15.0 
15.0 15.0 13.467 11.83 9.481 6.869 4.61 3.158 2.914 2.715 
2.182 1.935 2.186 1.835 1.866 2.188 2.318 2.347 2.847 2.642 
2.951 3.041 3.588 4.133 4.366 4.054 4.067 4.163 2.992 2.609 
2.315 2.247 1.994 2.155 1.903 1.992 1.834 1.886 2.015 1.962 
2.057 2.157 2.088 1.822 1.741 2.005 1.879 1.462 1.566 1.815 
1.735 1.506 1.6 1.679 1.682 1.401 1.509 1.776 1.934 1.65 
1.532 1.708 1.434 1.745 1.888 1.914 2.27 2.797 2.69 3.109 
2.537 2.235 2.079 2.083 1.745 1.736 1.765 2.095 1.847 1.549 
1.709 1.808 1.558 1.593 2.121 2.005 1.497 1.69 1.828 1.653 
1.389 1.557 1.459 1.37 1.371 1.473 1.435 1.58 1.512 1.614 
1.579 1.674 1.597 1.68 1.908 1.866 2.025 2.968 3.435 3.591 
3.687 4.244 3.833 3.343 3.294 3.659 3.648 3.443 3.072 3.413 
3.328 2.738 2.159 2.491 2.31 2.224 2.399 2.367 2.074 2.795 
2.802 2.681 2.693 3.255 3.379 3.008 2.917 3.561 3.467 2.93 
3.06 2.774 2.64 2.404 2.123 2.442 2.324 2.084 2.427 2.266 
2.327 2.325 2.702 2.54 2.456 2.986 2.609 2.251 2.347 2.663 
2.531 2.451 2.5 2.721 2.67 2.872 3.384 3.329 3.579 3.268 
2.655 2.481 2.511 2.31 1.773 2.028 2.266 1.992 2.026 2.156 
2.043 1.582 1.908 2.349 2.195 2.6 2.188 2.685 2.478 2.202 
2.083 2.199 1.963 1.883 1.856 2.266 2.317 2.195 2.56 2.666 
2.676 2.487 2.518 2.334 2.241 2.352 2.105 2.238 2.203 1.957 
2.241 2.397 2.314 2.312 2.461 2.185 2.038 2.192 2.119 2.249 
2.141 2.226 2.528 2.744 2.683 2.29 1.942 1.735 1.575 1.764 
1.839 1.639 1.592 1.83 1.733 1.776 1.84 1.698 1.8 1.843 
2.01 2.071 2.255 2.373 2.449 2.527 3.511 3.278 3.779 3.966 
4.746 3.864 3.412 3.348 2.135 2.124 1.952 1.863 1.645 1.59 
1.854 1.792 1.598 1.911 1.655 1.404 1.374 1.691 1.578 1.454 
2.008 2.789 3.625 4.011 4.437 4.512 4.917 3.797 3.747 3.388 
3.376 3.623 3.336 3.217 3.027 3.414 3.432 3.017 2.706 2.196 
1.948 1.604 1.365 1.082 1.065 1.353 1.549 1.3 1.295 1.328 
1.482 1.932 2.239 2.646 2.903 3.062 3.032 2.761 2.353 1.84 
1.521 1.803 2.024 1.995 1.935 1.917 1.981 1.89 1.856 2.382 
2.188 1.568 1.229 0.999 1.063 1.008 0.798 1.037 1.395 1.92 
2.068 1.696 1.948 1.961 2.203 2.212 1.991 1.734 1.655 1.679 
1.637 1.921 1.851 1.72 1.708 1.922 1.981 2.022 1.722 1.511 
1.16 1.12 1.139 1.109 1.426 1.688 2.015 1.769 1.468 1.791 
1.889 1.642 1.667 2.166 2.542 2.726 2.445 2.675 2.44 2.238 
1.672 1.679 1.748 1.659 1.875 2.443 2.621 2.528 2.23 1.834 
1.718 1.798 1.594 1.488 1.24 1.379 1.466 1.429 1.321 1.331 
1.479 1.582 2.079 2.704 2.975 2.19 2.361 2.218 2.472 2.104 
1.586 1.905 2.136 2.001 1.814 1.955 2.295 2.126 1.814 2.18 
2.434 2.739 2.545 2.254 2.363 2.681 2.55 2.671 2.477 2.117 
1.992 1.688 1.73 1.717 1.634 1.913 2.394 2.637 2.394 2.164 
2.073 2.051 2.061 2.422 2.39 2.161 2.025 1.847 1.74 1.447 
1.674 1.579 1.714 1.84 1.882 1.856 1.969 2.319 2.571 2.148 
1.817 1.548 1.402 1.522 1.552 1.913 1.96 2.258 2.632 3.059 
3.738 3.522 3.487 3.988 4.067 3.56 3.66 3.901 3.91 3.678 
3.418 3.818 3.419 3.399 3.736 4.05 3.492 3.436 4.194 3.462 
2.748 2.457 2.151 1.743 1.891 1.921 2.435 2.713 2.499 2.196 
2.327 2.669 2.099 2.436 2.497 1.896 1.518 1.07 0.925 1.005 
0.878 0.85 1.044 1.226 1.122 1.294 1.32 1.05 1.088 1.056 
1.115 1.442 1.844 2.152 2.336 2.043 2.302 2.488 3.039 3.068 
2.851 2.731 2.373 2.384 2.559 2.072 2.1 2.368 3.058 3.237 
3.157 3.431 3.545 3.738 4.618 5.083 5.486 5.986 6.34 7.431 
7.904 9.244 7.489 8.647 8.728 9.128 10.174 10.096 15.0 13.887 
15.0 15.0 15.0 15.0 15.0 15.0 15.0 15.0 15.0 15.0 
15.0 15.0 15.0 15.0 14.869 15.0 15.0 15.0 15.0 15.0 
15.0 15.0 15.0 15.0 15.0 15.0 15.0 13.784 15.0 13.838 
14.168 12.634 10.942 9.558 9.911 9.46 8.482 8.161 8.445 7.577 
7.373 8.298 9.195 8.358 10.328 9.551 9.644 9.694 8.061 7.491 
7.712 6.728 5.079 4.931 4.696 3.411 2.807 2.605 2.65 2.81 
3.085 3.211 3.281 3.649 3.363 3.454 2.844 3.076 2.811 2.84 
2.805 2.663 2.485 2.263 2.19 2.087 1.737 1.803 1.816 1.712 
1.586 1.75 1.811 1.478 1.396 1.707 1.587 1.414 1.596 1.576 
1.533 1.484 1.665 1.927 2.226 1.774 1.948 2.367 2.724 2.179 
2.353 2.159 1.7 1.548 1.725 1.577 1.431 1.556 1.644 1.56 
1.547 1.636 1.659 1.558 1.506 1.696 1.637 1.48 1.563 1.854 
1.808 1.663 1.529 1.546 1.349 1.394 1.409 1.332 1.281 1.478 
1.504 1.573 1.455 1.819 1.601 1.578 1.615 1.713 1.682 1.426 
1.408 1.391 1.323 1.254 1.258 1.498 1.644 1.577 1.522 1.577 
1.561 1.312 1.206 1.337 1.453 1.479 1.425 1.629 1.49 1.689 
2.516 3.059 3.844 3.495 3.019 2.336 2.763 2.53 2.293 1.989 
2.203 2.088 2.212 2.088 2.227 2.591 2.691 2.673 2.823 3.053 
3.067 3.643 5.092 5.177 5.234 4.894 4.612 3.734 3.404 3.149 
2.725 2.776 2.408 2.353 2.326 1.981 1.969 2.158 2.081 2.067 
2.163 2.148 2.435 2.448 2.9 3.427 4.182 4.431 4.58 5.582 
5.654 5.417 4.448 5.427 5.191 4.819 4.5 4.915 5.719 5.294 
4.652 5.456 5.514 5.614 6.28 5.846 6.1 6.624 5.11 5.131 
4.304 4.86 3.891 3.643 3.551 3.965 4.164 4.172 3.492 3.017 
2.925 2.936 2.006 2.044 1.88 1.659 1.687 2.013 1.817 2.241 
2.294 2.311 2.366 2.717 2.68 2.479 2.267 2.664 2.312 2.186 
2.068 2.294 2.113 2.517 2.537 2.93 2.777 3.046 3.607 3.891 
2.709 2.118 2.216 2.237 1.988 1.942 2.071 2.892 2.692 2.654 
3.618 4.176 4.718 3.79 4.365 4.334 3.679 2.963 2.668 2.196 
1.889 2.067 1.802 1.966 2.176 2.592 2.816 2.614 2.472 2.461 
2.307 2.16 1.945 2.158 2.185 2.443 2.567 2.33 1.929 1.956 
2.096 1.95 1.947 1.842 1.825 1.885 1.774 2.082 1.975 1.837 
2.322 2.645 2.606 2.387 2.321 2.399 2.586 2.738 2.763 2.366 
2.834 3.083 2.825 2.497 2.564 2.844 2.654 2.235 2.8 2.684 
2.441 2.326 2.148 2.006 2.971 2.64 2.558 3.146 3.179 3.125 
3.622 4.0 3.655 3.127 3.393 3.045 3.258 3.04 3.035 2.651 
2.846 2.706 2.795 2.404 2.227 2.291 2.407 2.384 2.611 3.4 
3.685 3.63 3.914 3.453 3.634 3.125 2.828 2.77 3.519 4.093 
4.267 3.831 4.284 3.878 4.317 3.767 3.174 2.362 2.074 1.793 
1.408 1.109 1.289 1.267 1.22 1.059 1.13 1.155 1.35 1.716 
2.352 2.833 3.298 3.624 3.728 3.566 3.117 2.631 2.133 2.118 
2.152 2.131 1.965 1.907 1.783 1.505 1.535 1.95 1.744 1.396 
1.258 1.096 1.156 1.122 0.942 1.101 1.403 1.794 2.013 1.845 
2.083 2.234 2.734 2.891 2.517 1.906 1.979 2.011 1.967 2.315 
2.153 1.967 1.847 1.826 1.803 1.716 1.49 1.419 1.25 1.029 
1.075 1.038 1.317 1.755 1.87 2.146 2.032 2.398 2.382 2.166 
2.051 2.266 2.474 2.434 2.248 2.094 1.829 1.718 1.366 1.385 
1.438 1.458 1.873 2.892 3.685 3.409 3.261 3.013 3.189 2.862 
2.418 2.371 1.892 1.923 1.598 1.414 1.159 1.168 1.281 1.569 
1.978 2.278 3.275 3.808 3.65 2.627 2.511 2.409 2.587 2.062 
1.712 1.846 2.117 2.075 1.849 1.783 1.958 2.03 1.867 2.14 
2.419 2.793 2.969 2.566 2.958 2.778 2.319 2.057 2.028 1.81 
1.712 1.85 2.063 2.504 2.463 2.922 3.494 3.964 4.227 4.338 
3.994 3.08 2.972 3.249 3.425 2.892 2.392 2.114 1.897 1.697 
1.728 1.776 1.974 2.02 2.09 2.096 2.117 2.854 3.222 2.741 
1.956 1.587 1.375 1.411 1.368 1.626 1.753 2.194 2.671 3.264 
4.404 3.944 4.387 6.042 5.92 5.064 4.964 4.434 3.698 2.632 
2.596 2.662 2.42 2.227 2.762 3.107 3.14 3.198 3.94 3.841 
2.908 2.206 1.993 1.919 1.914 1.824 2.26 2.542 2.71 3.069 
3.113 3.347 2.625 3.121 3.192 2.782 2.234 1.558 1.51 1.537 
1.446 1.526 1.69 1.631 1.438 1.503 1.41 1.464 1.528 1.676 
1.588 1.852 2.294 2.711 2.711 2.356 2.456 3.101 3.26 3.26 
2.597 2.239 2.238 2.07 2.41 2.05 2.158 2.212 3.57 3.9 
4.981 6.61 11.566 12.984 15.0 15.0 
END
