PFRMAT local QA
AUTHOR LAW-CASP14
af2-standard_T1193_2.pdb local_accuracy_only 15.0 15.0 15.0 15.0 15.0 15.0 15.0 15.0 15.0 15.0 15.0 
15.0 15.0 15.0 15.0 15.0 15.0 15.0 15.0 15.0 15.0 
15.0 15.0 15.0 15.0 15.0 15.0 15.0 15.0 15.0 15.0 
15.0 15.0 15.0 15.0 14.851 13.405 10.534 9.138 7.929 5.721 
4.48 2.104 0.911 0.871 0.793 1.328 1.148 1.598 1.31 0.868 
0.944 1.171 0.815 0.963 1.299 1.383 1.099 0.792 0.902 0.874 
0.589 0.647 0.759 0.641 0.611 0.698 0.713 0.563 0.586 0.59 
0.581 0.586 0.571 0.576 0.665 0.681 0.614 0.663 0.686 0.634 
0.656 0.672 0.631 0.656 0.633 0.637 0.677 0.715 0.798 0.808 
0.938 1.213 1.639 2.365 2.3 4.053 5.543 7.1 7.778 9.961 
10.363 11.368 12.43 14.203 14.957 15.0 15.0 15.0 15.0 14.976 
15.0 12.023 9.884 6.171 3.381 1.631 1.201 0.929 0.958 1.0 
0.823 0.848 0.918 0.894 0.788 0.904 0.874 0.811 0.805 0.831 
0.74 0.694 0.673 0.595 0.548 0.551 0.505 0.463 0.473 0.473 
0.462 0.45 0.489 0.447 0.466 0.453 0.475 0.451 0.44 0.498 
0.438 0.518 0.502 0.517 0.461 0.551 0.537 0.49 0.481 0.545 
0.493 0.441 0.454 0.471 0.48 0.423 0.441 0.558 0.559 0.6 
0.536 0.652 0.638 0.67 0.763 0.819 0.901 1.089 1.009 1.321 
1.144 0.955 0.819 0.866 0.688 0.551 0.676 0.644 0.549 0.491 
0.601 0.57 0.485 0.53 0.616 0.612 0.533 0.565 0.53 0.646 
0.555 0.57 0.546 0.55 0.509 0.515 0.515 0.482 0.512 0.546 
0.524 0.489 0.514 0.554 0.538 0.546 0.576 0.657 0.648 0.698 
0.715 0.724 0.782 0.757 0.736 0.691 0.694 0.697 0.706 0.739 
0.744 0.735 0.857 0.855 0.802 0.756 0.926 0.856 0.794 0.832 
0.933 0.865 0.784 0.926 0.967 0.755 0.776 0.937 0.927 0.706 
0.872 0.929 0.848 0.746 0.851 0.797 0.679 0.676 0.691 0.66 
0.548 0.583 0.614 0.556 0.499 0.632 0.584 0.503 0.562 0.618 
0.545 0.469 0.488 0.455 0.43 0.441 0.456 0.449 0.482 0.468 
0.501 0.593 0.6 0.55 0.536 0.648 0.606 0.528 0.599 0.707 
0.65 0.573 0.676 0.675 0.677 0.584 0.594 0.573 0.582 0.502 
0.535 0.559 0.521 0.506 0.579 0.58 0.558 0.581 0.698 0.64 
0.635 0.667 0.686 0.65 0.677 0.666 0.677 0.71 0.734 0.778 
0.742 0.849 0.772 0.742 0.834 0.911 0.879 0.806 0.971 1.027 
1.021 0.941 1.209 1.106 1.17 1.166 0.82 0.813 0.719 0.653 
0.673 0.671 0.643 0.635 0.624 0.627 0.608 0.605 0.636 0.721 
0.655 0.663 0.83 1.0 0.862 0.914 1.413 1.718 1.153 1.967 
1.99 0.974 1.099 1.228 0.876 0.631 0.708 0.612 0.549 0.652 
0.651 0.498 0.51 0.579 0.557 0.496 0.564 0.674 0.555 0.524 
0.888 0.873 1.207 0.77 0.919 0.642 0.728 0.706 0.773 0.862 
0.886 0.853 0.841 0.842 0.887 0.965 1.073 1.045 0.769 0.721 
0.565 0.564 0.525 0.574 0.599 0.638 0.692 0.622 0.64 0.64 
0.878 0.873 0.868 0.985 1.237 1.153 1.368 1.106 0.79 0.654 
0.616 0.626 0.676 0.612 0.68 0.619 0.603 0.498 0.539 0.557 
0.691 0.501 0.528 0.445 0.509 0.461 0.514 0.606 0.654 0.694 
0.641 0.594 0.571 0.507 0.563 0.56 0.558 0.498 0.548 0.537 
0.533 0.544 0.592 0.545 0.585 0.658 0.626 0.718 0.668 0.674 
0.658 0.547 0.621 0.617 0.651 0.717 0.76 0.709 0.637 0.732 
0.786 0.763 0.778 0.735 0.704 0.725 0.641 0.62 0.64 0.653 
0.576 0.648 0.637 0.687 1.105 1.609 2.032 0.925 0.74 0.696 
0.677 0.795 0.666 0.644 0.596 0.622 0.592 0.607 0.578 0.655 
0.619 0.685 0.715 0.752 0.819 0.784 0.964 0.996 1.131 0.912 
0.725 0.893 0.886 0.715 0.693 0.789 0.824 0.712 0.83 0.696 
0.771 0.849 0.769 0.763 0.932 1.055 0.981 1.321 1.048 0.941 
0.704 0.741 0.838 0.769 0.775 0.895 0.936 1.039 0.962 1.07 
1.339 1.153 1.322 1.839 1.459 0.786 0.735 0.81 0.668 0.571 
0.617 0.624 0.632 0.641 0.688 0.698 0.707 0.766 0.794 0.657 
0.621 0.491 0.538 0.499 0.545 0.63 0.8 1.265 1.599 2.006 
3.997 5.37 6.863 7.55 5.514 3.332 2.309 2.341 1.465 1.04 
1.272 1.205 0.937 0.932 1.134 1.122 0.925 0.826 1.505 1.356 
0.649 0.544 0.481 0.418 0.475 0.512 0.875 1.146 1.79 1.827 
2.662 2.218 1.062 2.191 1.709 0.755 0.643 0.537 0.518 0.5 
0.573 0.548 0.661 0.611 0.583 0.635 0.609 0.643 0.661 0.622 
0.647 0.7 0.804 0.904 0.943 0.847 1.077 1.28 1.312 1.106 
0.972 0.744 0.743 1.075 1.079 1.001 1.391 2.065 2.485 2.485 
5.505 6.89 7.097 7.137 9.952 10.246 8.591 9.607 8.175 9.472 
8.705 8.528 8.225 9.873 12.58 13.056 13.879 15.0 15.0 15.0 
15.0 15.0 15.0 15.0 15.0 15.0 15.0 15.0 15.0 15.0 
15.0 15.0 15.0 15.0 15.0 14.129 10.897 7.014 6.411 9.11 
10.94 15.0 15.0 15.0 15.0 15.0 15.0 15.0 15.0 15.0 
15.0 15.0 15.0 15.0 15.0 15.0 15.0 15.0 15.0 15.0 
15.0 15.0 15.0 15.0 13.202 11.195 5.515 4.034 1.291 1.182 
1.05 1.033 1.432 1.201 1.534 1.43 1.228 1.379 1.635 1.219 
1.399 2.128 2.311 1.824 2.227 1.633 1.009 1.037 1.281 0.865 
0.736 0.827 0.825 0.639 0.663 0.723 0.707 0.702 0.75 0.798 
0.83 0.915 0.851 1.092 0.969 0.941 0.96 0.993 0.908 0.869 
0.922 0.944 0.851 0.877 0.954 0.957 1.11 1.531 1.662 2.067 
1.927 2.102 1.899 1.476 1.392 1.384 1.166 1.032 1.12 1.054 
0.966 0.929 0.968 0.926 0.858 0.832 0.883 0.82 0.72 0.771 
0.679 0.662 0.601 0.593 0.578 0.561 0.546 0.57 0.601 0.562 
0.516 0.603 0.664 0.577 0.567 0.647 0.639 0.534 0.537 0.548 
0.532 0.487 0.551 0.481 0.506 0.498 0.579 0.492 0.46 0.503 
0.563 0.444 0.466 0.522 0.576 0.6 0.592 0.751 0.624 0.639 
0.825 0.872 0.88 1.059 0.718 0.763 0.653 0.716 0.753 0.598 
0.596 0.586 0.554 0.491 0.549 0.546 0.58 0.545 0.644 0.724 
0.709 0.758 1.092 1.058 0.979 0.869 0.846 1.082 0.865 0.749 
0.785 0.813 0.709 0.704 0.762 0.754 0.724 0.77 0.787 0.793 
0.761 0.785 0.782 0.785 0.749 0.78 0.799 0.845 0.9 0.923 
0.933 0.934 0.852 0.797 0.871 0.859 0.803 0.853 1.062 0.895 
0.955 1.027 1.026 0.933 1.105 0.997 0.926 1.089 1.136 0.922 
0.853 0.953 1.015 0.913 0.91 1.09 1.167 1.061 1.101 1.057 
0.954 0.809 0.708 0.656 0.643 0.583 0.548 0.557 0.517 0.537 
0.549 0.482 0.475 0.551 0.571 0.505 0.575 0.72 0.579 0.477 
0.523 0.522 0.495 0.523 0.529 0.505 0.563 0.531 0.536 0.606 
0.597 0.495 0.563 0.598 0.581 0.54 0.635 0.678 0.684 0.656 
0.829 0.905 0.815 0.741 0.929 0.938 0.706 0.656 0.777 0.772 
0.523 0.599 0.66 0.594 0.547 0.625 0.781 0.591 0.631 0.706 
0.854 0.693 0.701 0.787 0.817 0.814 0.858 0.886 0.953 0.965 
1.024 0.944 1.004 1.086 1.037 1.0 0.974 1.046 1.015 0.991 
1.044 1.105 1.051 1.037 1.024 0.909 0.885 0.823 0.901 0.848 
0.793 0.832 0.791 0.807 0.845 0.791 0.796 0.891 0.907 0.854 
0.986 1.068 0.981 1.113 1.522 1.912 1.731 2.076 2.801 2.543 
2.654 2.212 1.714 1.373 1.218 0.95 0.839 0.854 0.776 0.664 
0.659 0.788 0.705 0.582 0.779 0.911 0.714 0.771 1.474 1.2 
1.846 0.798 1.212 0.663 0.843 0.621 0.822 1.223 1.332 1.452 
1.192 1.435 1.636 5.565 6.647 7.339 4.02 1.314 0.75 0.669 
0.602 0.653 0.725 0.787 0.946 0.791 0.861 0.836 1.337 1.323 
1.762 1.726 2.404 2.391 2.721 1.743 0.954 0.733 0.675 0.706 
0.785 0.714 0.743 0.63 0.638 0.523 0.625 0.67 0.706 0.537 
0.545 0.484 0.488 0.464 0.485 0.592 0.667 0.746 0.686 0.585 
0.572 0.526 0.622 0.617 0.63 0.604 0.625 0.615 0.613 0.589 
0.623 0.596 0.612 0.732 0.794 0.976 0.915 0.894 0.814 0.657 
0.698 0.724 0.84 0.806 0.775 0.785 0.703 0.801 0.866 0.841 
0.994 0.827 0.708 0.739 0.705 0.56 0.648 0.655 0.62 0.676 
0.641 0.689 0.929 1.178 1.138 0.873 0.724 0.778 0.709 0.816 
0.664 0.739 0.729 0.693 0.629 0.655 0.643 0.697 0.584 0.689 
0.739 0.693 1.263 1.12 1.3 0.903 1.03 0.894 0.957 0.88 
0.746 0.823 0.806 0.734 0.715 0.784 0.768 0.763 0.881 0.79 
0.886 1.065 1.125 1.117 1.331 1.533 1.454 1.634 1.296 1.409 
0.91 0.897 0.968 0.791 0.789 0.803 0.867 0.843 0.796 0.896 
0.865 0.876 0.961 1.422 1.176 0.843 0.762 0.809 0.786 0.687 
0.695 0.717 0.714 0.742 0.725 0.775 0.765 0.796 0.786 0.692 
0.719 0.563 0.579 0.544 0.541 0.667 0.715 0.852 1.215 1.466 
3.353 2.673 3.57 3.353 2.542 2.132 1.644 1.564 1.228 0.981 
1.058 1.004 0.857 0.828 0.922 0.864 0.808 0.774 0.94 0.935 
0.655 0.598 0.498 0.443 0.477 0.485 0.673 0.863 1.248 1.052 
1.509 1.002 0.741 0.952 1.002 0.667 0.634 0.544 0.508 0.482 
0.505 0.5 0.576 0.569 0.561 0.586 0.56 0.548 0.605 0.596 
0.654 0.715 0.776 0.975 1.038 0.932 1.323 1.578 1.68 1.527 
1.247 0.924 0.907 1.57 1.437 1.225 1.633 2.324 3.052 3.919 
5.917 9.116 11.748 13.631 14.567 14.577 
END
