PFRMAT local QA
AUTHOR LAW-CASP14
af2-standard_T1191_2.pdb local_accuracy_only 15.0 15.0 15.0 15.0 15.0 15.0 15.0 15.0 15.0 15.0 15.0 
15.0 15.0 15.0 15.0 15.0 13.248 10.421 5.002 4.501 3.045 
2.348 1.919 1.438 1.319 1.222 1.021 0.911 0.894 0.862 0.928 
0.897 0.964 0.917 0.906 0.857 0.908 0.877 1.117 1.401 2.004 
2.89 3.018 2.754 2.824 2.151 1.405 1.12 1.017 1.082 1.057 
1.089 1.02 0.994 0.924 0.864 0.822 0.828 0.951 1.147 1.259 
1.364 2.451 1.506 1.138 0.96 0.962 0.845 0.961 1.014 1.102 
1.142 1.324 1.31 1.388 1.612 1.418 1.206 1.703 1.8 2.617 
1.938 2.531 1.959 1.971 1.361 1.93 1.96 2.673 3.227 4.119 
3.756 4.748 4.411 2.628 2.844 2.033 1.918 1.962 1.744 2.76 
1.702 2.466 1.437 1.17 1.068 0.915 0.947 0.897 1.049 1.116 
1.267 1.688 1.272 1.103 1.096 1.229 1.234 1.016 1.04 0.965 
1.191 1.323 1.209 0.919 0.843 0.983 0.724 0.645 0.642 0.645 
0.624 0.64 0.724 0.725 0.782 0.832 0.977 0.963 1.039 1.071 
1.281 1.623 1.815 2.515 1.982 2.546 1.878 1.951 2.007 4.512 
5.619 6.419 5.318 3.914 2.842 2.565 2.275 3.011 3.016 3.371 
3.017 1.895 2.039 1.694 1.561 1.567 1.32 1.214 1.18 0.907 
1.057 0.894 0.812 0.896 0.92 0.975 0.914 1.043 1.025 1.121 
1.09 1.177 1.27 1.407 1.509 1.717 1.999 2.363 2.74 2.383 
2.175 2.581 2.55 2.011 2.078 1.905 1.454 1.57 1.599 1.565 
2.165 2.364 2.007 2.64 3.075 4.127 3.34 2.453 1.53 1.234 
1.192 1.045 1.08 1.082 1.204 1.234 1.16 1.486 1.417 1.155 
1.06 0.993 0.934 1.059 0.968 1.208 1.112 1.294 1.343 1.637 
1.517 2.958 2.927 3.211 3.283 2.825 2.368 2.137 1.614 1.344 
1.917 2.009 2.25 2.374 2.573 2.921 2.247 2.346 2.237 1.901 
1.639 1.52 1.326 1.172 1.174 1.034 1.105 1.11 1.468 2.31 
2.701 2.316 2.664 2.498 1.602 1.424 1.073 1.057 1.094 1.02 
1.114 1.181 1.257 1.157 1.413 1.385 1.544 1.365 1.955 1.354 
1.587 1.791 1.946 1.76 1.882 1.85 1.441 1.079 1.055 0.83 
0.925 0.848 0.913 0.891 0.969 0.909 1.039 1.03 1.086 1.098 
1.285 1.663 2.863 2.909 5.024 3.465 2.608 1.373 1.813 1.779 
1.343 1.896 1.547 1.577 1.48 1.471 1.671 1.858 2.103 1.816 
1.223 0.928 1.85 2.403 4.107 3.232 2.226 3.433 5.955 6.37 
7.151 6.23 6.034 4.354 4.109 2.959 5.295 4.909 6.888 5.804 
6.407 8.02 8.923 11.491 11.377 14.304 15.0 15.0 15.0 15.0 
15.0 15.0 15.0 15.0 15.0 15.0 15.0 15.0 15.0 15.0 
15.0 15.0 15.0 15.0 15.0 15.0 15.0 15.0 15.0 15.0 
13.654 13.399 13.105 13.508 15.0 15.0 15.0 13.902 15.0 13.668 
11.414 10.3 8.823 4.618 3.431 4.646 3.743 3.612 2.723 2.198 
2.575 1.658 2.438 2.116 2.314 2.03 2.905 1.715 1.918 1.085 
1.267 1.334 1.661 1.767 1.604 1.429 1.766 1.293 1.567 1.97 
2.451 2.342 3.763 3.472 3.956 4.78 4.38 3.01 2.58 1.681 
1.464 1.882 1.813 1.391 1.557 1.711 1.43 1.288 1.572 1.646 
1.497 1.624 1.905 2.41 2.075 2.415 2.98 3.401 4.244 4.236 
3.966 5.776 6.847 5.65 5.006 3.222 2.813 2.445 1.888 1.4 
1.586 1.582 1.217 1.099 1.27 1.231 1.039 1.144 1.556 1.108 
1.447 1.214 1.177 1.179 1.115 1.291 1.41 1.554 1.703 1.93 
2.333 2.092 2.754 2.704 3.205 3.192 3.665 3.981 3.492 4.226 
3.525 4.196 3.741 3.58 3.371 3.052 2.422 2.082 2.018 1.962 
1.558 1.396 1.349 1.42 1.262 1.135 1.148 1.353 1.105 0.986 
1.044 1.194 1.006 1.069 1.178 1.692 1.213 0.985 1.009 1.07 
1.062 0.96 1.087 1.143 1.255 1.355 1.444 1.419 1.871 1.923 
1.913 2.146 2.082 1.733 1.688 1.52 1.413 1.334 1.218 1.184 
1.298 1.277 1.129 1.191 1.519 1.322 1.167 1.358 1.577 1.34 
1.56 1.662 1.591 1.407 1.229 1.405 1.393 1.242 1.328 1.477 
1.408 1.426 1.915 1.862 2.963 2.432 1.905 2.294 2.9 2.32 
2.242 1.896 1.606 1.57 1.523 1.362 1.229 1.171 1.161 1.118 
1.085 1.038 1.151 1.054 1.099 1.163 1.369 1.481 1.552 1.464 
1.694 2.298 3.527 3.926 2.429 6.78 8.765 9.2 8.248 8.325 
6.829 2.411 6.198 5.584 7.914 9.023 3.51 2.193 5.589 5.182 
5.466 3.044 2.692 2.13 1.819 1.902 1.812 1.735 1.516 1.391 
1.508 1.432 1.19 1.395 1.359 1.321 1.258 1.479 1.577 1.657 
1.844 2.137 2.144 2.277 2.126 2.038 1.907 1.553 1.404 1.329 
1.423 1.166 1.099 1.164 1.076 1.053 1.158 1.141 1.137 1.222 
1.39 1.418 1.568 1.325 1.461 1.704 1.591 1.359 1.523 1.572 
1.468 1.357 1.579 1.7 1.663 1.673 1.933 1.476 1.405 1.292 
1.332 1.16 1.133 1.163 1.163 1.135 1.215 1.353 1.179 1.26 
1.511 1.388 1.329 1.685 1.777 1.606 1.576 1.602 1.566 1.369 
1.367 1.396 1.322 1.28 1.246 1.233 1.202 1.166 1.118 1.083 
1.097 1.18 1.42 1.22 1.298 1.028 1.114 1.144 1.058 1.164 
1.31 1.332 1.3 1.737 1.542 1.564 1.791 1.983 1.663 1.828 
1.729 1.745 1.702 1.812 1.765 1.451 1.572 1.621 1.441 1.381 
1.535 1.512 1.337 1.52 1.608 1.35 1.656 1.065 1.201 1.088 
0.996 0.991 1.123 1.173 1.136 1.12 1.19 1.379 1.207 1.269 
1.379 1.224 1.22 1.425 1.372 1.47 1.677 1.59 1.603 1.368 
1.477 1.492 1.397 1.301 1.437 1.406 1.269 1.345 1.556 1.418 
1.466 1.714 1.603 1.541 1.785 4.087 4.714 5.97 3.478 3.961 
3.908 2.746 2.224 2.338 4.756 4.91 5.284 3.283 3.533 3.122 
3.573 3.123 3.554 3.675 4.052 3.871 2.853 2.996 2.84 2.921 
2.695 2.769 2.714 2.852 2.658 2.088 1.586 1.8 1.937 1.237 
1.452 2.029 2.253 2.328 2.175 1.996 2.521 2.797 3.258 3.021 
3.196 3.206 3.476 3.435 3.015 2.546 2.422 2.524 2.596 3.536 
3.931 4.701 4.287 3.687 3.341 3.056 2.84 2.873 2.358 2.208 
2.276 2.483 2.469 4.396 5.672 4.416 7.085 8.091 6.596 8.632 
9.443 10.272 11.858 10.635 10.608 8.102 11.006 7.343 5.375 4.913 
2.615 2.097 1.488 1.289 1.49 1.537 1.255 1.363 1.389 1.494 
1.207 1.601 1.555 1.978 3.243 5.639 6.956 6.186 4.742 3.54 
2.668 2.211 2.283 2.314 2.442 2.459 2.666 3.136 3.768 4.51 
3.072 2.033 1.861 2.232 1.967 2.024 1.848 1.859 1.866 2.135 
1.932 1.975 1.881 2.254 2.338 2.437 2.421 2.915 3.088 3.316 
3.618 3.863 3.896 4.312 4.583 4.755 5.591 6.26 5.965 5.841 
4.66 4.026 3.897 3.035 3.158 2.841 3.083 2.398 3.757 3.96 
3.293 2.291 1.776 1.215 1.054 0.926 0.87 0.819 0.787 0.818 
0.751 0.692 0.717 0.812 0.759 0.89 0.886 1.218 1.54 2.082 
2.8 2.611 3.07 2.874 3.082 3.233 3.7 3.791 4.277 5.345 
5.813 7.431 7.738 8.112 8.356 7.901 7.216 7.158 6.608 6.636 
7.33 8.148 8.128 8.127 7.904 7.551 5.144 4.239 3.844 3.327 
2.967 3.061 2.703 2.406 1.931 1.441 1.203 1.018 0.871 0.781 
0.755 0.865 0.931 1.037 1.259 1.251 1.11 1.076 0.989 0.906 
0.953 0.992 1.085 1.326 1.564 2.173 2.37 2.824 2.808 3.07 
3.418 4.404 5.656 8.138 9.787 8.934 8.403 7.26 6.137 5.369 
4.663 5.052 4.767 4.266 3.861 3.991 4.253 5.427 6.204 8.023 
9.841 11.438 11.325 10.971 13.38 12.105 10.626 9.195 6.186 4.083 
2.954 2.594 2.493 2.413 2.218 2.115 2.045 1.995 1.671 1.49 
1.241 1.264 1.185 1.277 1.253 1.409 1.781 1.816 2.104 2.731 
3.15 3.316 4.431 3.918 3.587 4.213 3.269 2.992 2.921 2.538 
2.799 3.441 3.746 3.997 3.974 3.754 3.785 2.939 2.824 2.916 
3.202 3.544 4.094 4.187 3.901 3.807 3.659 2.953 2.69 2.326 
2.329 2.295 2.647 3.383 3.698 4.69 5.94 9.37 12.001 11.608 
10.734 14.68 15.0 14.661 15.0 15.0 14.933 15.0 14.367 14.98 
15.0 13.153 11.318 12.159 11.587 11.779 9.945 8.781 7.554 8.75 
6.447 4.443 3.466 3.106 2.771 2.328 2.17 2.124 2.209 2.291 
2.733 3.049 5.314 9.082 10.978 11.883 14.147 13.921 15.0 13.178 
9.848 8.748 5.691 5.304 3.695 3.306 3.554 3.1 3.145 3.539 
3.711 5.299 9.901 15.0 15.0 15.0 15.0 15.0 15.0 15.0 
15.0 15.0 15.0 15.0 13.516 10.21 8.248 1.986 1.8 2.176 
2.197 2.671 3.733 3.864 4.473 6.61 5.778 4.677 4.821 3.197 
3.387 3.151 2.222 2.817 2.834 2.055 2.171 2.604 2.66 2.071 
2.405 3.929 6.921 3.812 3.868 3.297 3.739 2.701 2.277 2.015 
1.849 1.864 1.81 2.558 3.115 5.354 5.648 8.68 10.839 12.515 
13.921 11.495 10.104 5.422 5.166 3.236 2.632 1.815 1.757 1.559 
1.816 1.936 2.221 2.611 4.193 4.785 3.56 5.153 4.792 3.227 
2.911 1.918 1.813 1.736 1.873 2.01 1.949 2.618 2.796 3.743 
6.541 8.726 11.777 10.308 9.288 7.034 3.958 2.656 2.493 2.152 
1.851 2.022 3.803 4.455 5.494 2.889 3.637 3.356 3.736 4.171 
5.031 5.141 4.255 3.069 3.008 2.716 3.349 3.867 3.767 4.256 
4.252 3.925 3.507 2.734 2.263 2.076 2.031 1.712 1.768 1.65 
1.624 1.698 1.99 2.348 2.905 4.203 3.642 3.117 5.233 5.122 
4.645 2.341 1.818 1.473 1.499 1.368 1.556 1.447 1.556 1.496 
1.743 2.496 2.896 5.253 5.893 3.714 5.202 5.897 4.842 4.008 
3.709 2.995 2.56 2.048 1.599 1.733 1.812 1.563 1.448 1.514 
1.623 1.631 1.699 1.941 1.906 1.884 1.553 1.608 1.29 1.179 
1.188 1.413 1.437 1.652 1.682 1.763 2.334 2.542 2.82 3.429 
2.871 2.636 1.95 1.681 1.501 1.287 1.263 1.25 1.23 1.181 
1.218 1.318 1.534 1.671 1.664 1.981 1.799 1.686 2.195 2.335 
2.302 2.288 2.735 2.872 2.73 3.078 3.421 3.417 3.727 3.826 
4.375 4.636 4.944 3.439 3.464 3.444 4.204 4.198 3.945 3.803 
4.034 3.539 1.942 2.051 1.515 2.049 1.874 1.675 1.437 1.245 
1.133 1.166 1.083 1.187 1.207 1.295 1.546 1.596 2.701 2.233 
1.859 1.933 1.682 1.492 1.327 1.155 1.134 1.091 1.229 1.394 
1.521 1.85 1.851 1.479 1.418 1.284 1.457 1.719 1.725 1.727 
2.316 2.501 7.05 4.596 6.419 7.967 9.294 10.907 10.438 11.381 
11.374 11.568 9.862 11.028 9.424 9.547 7.19 8.175 5.502 6.408 
8.041 8.368 10.195 10.985 10.233 9.268 8.464 6.635 4.041 2.669 
1.678 1.174 0.856 0.845 0.897 0.996 1.168 1.259 1.019 0.874 
0.881 0.877 0.867 0.912 1.012 0.966 0.964 0.908 1.12 1.063 
1.208 1.018 1.287 1.172 1.185 0.944 0.836 0.832 0.793 0.828 
0.986 1.216 1.335 2.055 4.997 4.663 6.712 6.59 7.657 6.52 
8.034 6.46 5.284 5.098 3.82 3.72 1.896 3.167 3.175 2.221 
1.829 1.541 1.069 0.958 0.823 0.825 0.803 0.867 1.101 1.237 
1.678 1.844 1.307 1.081 0.889 0.841 0.83 0.901 0.923 1.172 
1.387 1.823 1.981 1.593 1.278 1.037 0.928 0.85 0.849 0.894 
1.102 1.423 1.456 1.356 1.044 0.933 0.917 0.927 1.118 1.268 
1.642 1.501 1.619 1.283 1.235 1.41 1.654 2.058 2.306 3.447 
2.346 1.928 1.503 1.724 1.825 2.785 3.417 5.231 4.365 3.848 
1.848 1.613 1.24 1.212 1.07 1.297 1.264 1.274 1.558 1.17 
1.144 0.959 0.99 0.898 0.95 0.951 1.083 1.198 1.392 1.234 
1.103 1.0 0.9 0.875 0.854 0.827 0.873 0.842 0.861 0.834 
0.83 0.889 0.917 1.028 1.388 1.44 1.933 1.537 1.16 1.114 
1.059 1.031 0.989 0.918 0.887 0.863 0.817 0.956 1.049 0.882 
0.964 0.887 1.093 1.328 1.829 1.68 1.25 2.023 1.686 1.555 
1.412 1.958 2.202 2.409 2.661 2.228 2.347 1.91 1.42 1.377 
1.692 1.384 1.111 1.204 1.233 0.947 1.124 1.313 2.415 2.824 
3.104 3.372 1.911 2.132 1.908 2.205 1.747 1.836 2.448 2.072 
2.075 2.749 3.512 2.758 3.759 4.721 5.114 6.424 5.234 4.293 
4.652 5.241 6.43 5.295 4.346 3.561 2.159 1.832 2.085 1.617 
1.811 2.366 2.989 3.605 1.935 1.892 2.268 3.372 7.825 9.41 
11.038 12.079 12.468 12.391 12.917 12.43 12.107 10.404 10.994 10.838 
10.612 10.351 9.683 8.772 6.722 6.002 4.699 3.475 2.086 1.68 
1.463 1.275 1.185 1.179 1.578 1.62 2.327 1.895 1.447 1.177 
1.069 1.06 1.143 1.304 1.665 1.423 1.407 2.45 2.665 4.178 
6.586 6.744 8.206 6.742 8.435 8.619 8.344 6.751 5.221 3.497 
2.828 2.21 1.898 1.449 1.403 1.177 1.154 1.184 1.151 1.471 
1.466 1.57 1.599 1.571 1.303 1.364 1.38 1.299 1.197 1.349 
1.421 1.435 1.431 1.559 1.773 1.71 2.039 1.745 2.189 1.568 
2.108 2.59 1.778 1.972 1.444 1.418 1.354 1.562 1.495 2.028 
2.095 3.055 2.481 4.567 5.993 7.75 6.88 8.393 9.406 
END
