PFRMAT local QA
AUTHOR MASS-CASP14
af2-standard_T1191_2.pdb local_accuracy_only 15.0 15.0 12.924 12.46 13.601 11.705 12.291 11.704 12.493 12.907 12.598 
14.502 15.0 15.0 14.827 14.717 14.024 14.697 12.543 7.755 5.77 
3.583 3.683 3.136 2.882 2.641 2.117 1.65 1.673 1.659 1.841 
1.888 1.919 1.88 2.028 2.153 2.354 2.77 2.916 3.845 5.053 
7.408 8.222 8.58 7.791 6.109 3.746 2.915 2.029 1.611 1.473 
1.387 1.323 1.157 1.084 1.081 1.046 0.977 0.98 1.115 1.375 
1.456 1.676 1.447 1.21 1.139 1.172 1.199 1.296 1.308 1.342 
1.668 1.585 1.938 2.095 2.601 3.099 3.551 3.613 4.137 4.957 
5.296 6.253 7.456 5.462 4.412 4.489 4.644 4.395 3.657 4.249 
4.229 4.932 4.234 3.636 4.194 3.874 4.195 3.727 3.405 3.139 
3.207 3.175 3.569 2.792 2.332 1.843 1.689 1.543 1.534 1.638 
1.897 2.01 1.873 1.81 1.565 1.814 1.654 1.349 1.288 1.274 
1.476 1.698 1.695 1.271 1.236 1.258 1.307 1.338 1.222 1.148 
1.219 1.065 1.19 1.244 1.275 1.264 1.535 1.704 1.675 1.57 
1.569 1.959 2.229 2.875 3.247 4.23 4.53 5.809 6.816 8.085 
9.55 11.376 10.091 11.134 11.729 12.568 11.556 14.287 15.0 15.0 
12.067 9.702 6.673 4.522 2.89 1.834 2.009 1.999 1.723 1.85 
1.793 1.898 1.816 1.955 2.084 2.162 2.42 3.031 3.336 2.885 
3.128 2.973 2.719 2.96 2.926 2.639 3.36 4.25 6.633 6.862 
5.667 7.672 8.023 7.23 8.465 7.495 6.541 5.848 6.953 7.088 
7.732 8.67 8.125 8.829 12.021 15.0 10.841 7.402 5.272 5.061 
4.199 3.458 2.882 2.388 2.541 2.912 2.992 3.231 5.97 6.305 
6.676 8.482 8.687 7.743 6.077 5.894 4.67 5.186 4.069 4.56 
4.93 6.177 6.965 6.042 6.684 4.895 5.303 4.843 5.419 6.579 
7.193 8.042 9.827 10.105 12.629 10.334 5.974 5.107 4.981 4.696 
4.769 4.272 4.304 3.807 3.646 4.096 3.64 3.608 4.454 5.265 
5.103 5.326 5.064 4.177 2.919 3.046 2.659 2.971 3.181 3.432 
4.418 5.081 6.502 6.084 5.971 5.927 4.571 4.195 3.957 5.381 
5.847 7.084 6.652 6.943 5.902 4.633 2.701 1.805 1.239 1.08 
1.017 0.977 1.005 1.059 1.0 0.968 1.05 1.263 1.308 1.754 
2.131 3.073 3.911 4.648 6.508 6.512 7.177 6.205 6.41 6.347 
6.404 7.113 6.699 5.917 6.332 6.668 6.891 8.147 7.464 7.777 
7.32 5.895 7.338 6.966 8.152 9.095 8.636 9.542 11.33 12.629 
10.637 9.044 9.117 9.32 8.131 7.616 7.957 6.663 8.115 8.526 
8.535 8.519 8.776 9.629 9.378 10.59 10.016 9.861 10.873 12.78 
14.51 15.0 14.433 13.291 13.56 12.099 12.823 10.682 10.942 9.006 
9.605 10.854 14.561 15.0 15.0 15.0 15.0 12.664 13.846 14.019 
14.428 13.428 11.851 11.744 9.99 9.548 8.188 9.206 8.769 7.382 
6.992 6.591 5.225 3.877 2.67 2.457 2.277 2.482 2.648 2.906 
3.416 3.265 3.854 3.781 3.456 3.301 3.455 4.158 5.077 3.666 
4.165 4.792 4.74 3.931 4.433 6.625 7.308 7.779 7.813 9.134 
9.301 8.226 11.476 12.61 11.551 10.806 8.064 4.931 3.166 2.136 
1.988 1.596 1.675 1.521 1.563 1.688 1.629 1.689 1.801 1.907 
2.01 2.285 2.228 2.668 2.238 3.47 4.757 6.339 7.13 7.526 
8.455 8.938 9.473 8.56 6.76 4.038 3.08 2.756 2.117 1.73 
1.773 1.791 1.586 1.304 1.506 1.471 1.292 1.393 1.619 1.591 
1.514 1.654 1.75 1.595 1.418 1.75 1.588 1.415 1.691 2.022 
1.963 2.125 2.149 2.25 2.802 3.737 4.435 5.088 4.23 5.643 
7.714 8.953 8.323 8.853 8.465 7.424 5.673 5.125 3.859 3.758 
2.448 2.066 1.877 1.903 1.699 1.279 1.365 1.27 1.18 1.042 
1.198 1.278 1.191 1.262 1.333 1.87 1.923 1.46 1.243 1.565 
1.453 1.277 1.366 1.522 1.575 1.604 1.976 2.584 3.077 3.409 
3.068 2.588 2.564 2.277 1.714 1.412 1.58 1.677 1.487 1.253 
1.399 1.647 1.7 1.944 1.956 1.844 1.747 1.841 2.236 1.965 
1.825 2.027 2.031 1.784 1.527 1.835 1.784 1.495 1.393 1.657 
1.414 1.399 1.561 1.585 2.019 2.045 1.969 2.333 2.515 2.485 
2.587 2.171 1.543 1.651 1.505 1.366 1.314 1.183 1.104 1.157 
1.085 1.113 1.206 1.29 1.189 1.535 2.023 2.43 2.477 2.697 
3.1 3.677 5.015 5.801 6.45 7.912 7.59 7.206 7.353 6.332 
5.248 4.858 3.753 3.513 3.809 3.647 3.421 4.387 4.521 5.447 
5.463 5.036 4.244 3.097 2.537 2.525 2.814 2.339 1.706 1.768 
2.167 1.972 1.807 1.895 2.021 1.837 1.532 1.833 2.146 2.195 
2.435 2.723 3.025 2.894 2.389 2.596 2.431 2.079 1.769 1.97 
1.97 1.573 1.472 1.548 1.45 1.232 1.399 1.56 1.461 1.857 
1.917 1.987 1.702 1.382 1.646 1.662 1.69 1.572 1.786 1.742 
1.463 1.828 2.304 2.63 2.483 2.209 2.098 1.924 1.589 1.6 
1.329 1.209 1.103 1.147 1.16 1.09 1.108 1.341 1.333 1.594 
1.818 1.665 1.551 2.197 2.903 3.045 2.562 2.416 2.48 2.08 
1.626 1.565 1.649 1.454 1.301 1.349 1.393 1.305 1.335 1.472 
1.763 2.116 2.178 1.838 1.579 1.5 1.393 1.228 1.107 1.142 
1.149 1.104 1.11 1.253 1.303 1.355 1.334 1.421 1.597 1.745 
1.655 1.482 1.518 1.602 1.436 1.239 1.439 1.466 1.318 1.354 
1.483 1.365 1.548 1.718 2.072 1.586 1.675 1.506 1.584 1.172 
1.069 1.242 1.361 1.146 1.03 1.127 1.222 1.199 1.197 1.306 
1.265 1.245 1.315 1.579 1.67 1.837 1.999 2.229 1.818 1.513 
1.678 1.682 1.351 1.456 1.492 1.36 1.3 1.414 1.532 1.316 
1.431 1.726 1.511 1.371 1.759 2.437 2.634 2.71 2.494 3.366 
3.996 4.416 4.313 4.219 5.185 4.917 4.597 3.609 3.641 3.227 
3.261 3.398 3.616 4.938 5.65 4.691 4.812 3.908 4.188 4.135 
4.143 3.661 3.346 3.468 3.418 3.309 3.719 3.697 4.872 6.423 
6.453 7.138 8.48 6.697 6.454 5.476 5.687 5.174 5.351 5.569 
5.922 5.307 5.296 4.645 4.76 3.979 4.46 4.29 4.033 5.115 
6.052 7.453 8.316 8.319 9.455 8.384 7.84 7.361 6.775 6.8 
6.733 5.427 5.152 6.692 6.604 6.893 7.186 8.344 8.686 9.334 
10.035 10.311 11.606 12.945 13.272 11.094 12.872 11.563 9.283 6.909 
4.957 3.261 2.669 2.38 2.447 2.258 2.113 2.273 2.612 2.649 
2.295 2.781 2.906 3.886 5.121 6.082 6.84 5.816 7.242 7.175 
6.606 7.338 5.705 6.096 4.752 5.44 4.873 5.175 5.606 6.08 
5.091 4.281 3.168 2.248 1.963 2.204 2.023 1.902 2.145 2.366 
2.893 2.843 2.42 3.299 3.36 3.213 3.323 3.171 3.061 3.142 
3.129 3.332 3.567 4.008 4.177 4.538 4.136 4.621 5.068 4.937 
5.271 5.363 6.279 7.018 7.958 7.988 7.905 8.177 9.418 9.899 
11.82 11.512 7.573 7.271 6.619 5.435 4.258 4.313 4.001 4.695 
4.711 4.496 4.263 5.092 3.996 5.306 5.372 6.063 5.935 5.838 
6.941 8.039 8.438 10.829 12.791 14.198 12.174 13.424 13.042 14.46 
11.907 13.221 10.466 10.59 7.931 9.369 8.252 8.042 5.708 3.737 
3.023 2.849 2.281 2.059 2.224 2.507 2.566 3.047 3.579 3.747 
4.04 4.021 4.006 3.545 3.989 3.62 2.97 2.57 2.847 2.329 
2.267 2.5 2.652 3.864 5.152 5.08 6.437 5.883 5.854 4.669 
4.792 4.617 4.509 4.202 5.133 5.045 4.723 4.963 5.823 4.857 
5.686 5.717 5.04 4.638 4.978 4.86 4.682 4.754 4.569 4.873 
5.143 6.598 6.945 8.227 7.336 7.356 6.386 6.521 5.741 5.05 
4.955 4.247 4.565 5.006 6.219 6.739 7.911 8.094 7.571 5.018 
3.333 2.097 1.791 1.577 1.483 1.551 1.329 1.463 1.563 1.52 
1.657 1.805 1.901 2.522 2.614 3.059 3.995 4.116 3.978 5.208 
4.981 5.232 5.497 6.566 7.355 7.493 7.251 5.692 5.816 5.749 
6.041 5.633 6.22 6.99 7.592 6.78 6.694 7.063 6.849 6.904 
5.527 6.229 6.24 4.849 4.783 4.269 2.855 2.156 1.739 1.555 
1.407 1.386 1.61 1.808 2.451 3.17 3.097 3.568 4.126 3.974 
3.753 3.542 3.869 3.514 3.518 4.052 4.5 5.12 5.385 5.231 
6.549 6.306 5.569 5.258 5.315 4.993 5.12 4.408 5.161 5.163 
6.119 5.142 3.779 2.976 2.404 2.021 1.682 1.666 1.544 1.521 
1.44 1.595 1.777 2.203 3.49 5.299 6.335 7.723 7.864 7.354 
6.186 6.756 5.319 5.001 4.978 5.044 5.289 5.678 6.576 7.397 
8.901 9.569 10.563 11.694 12.484 13.27 13.547 12.742 12.691 12.532 
12.166 10.807 9.813 9.823 8.222 6.988 5.83 5.171 4.219 3.828 
3.877 3.689 4.575 5.38 5.825 6.1 6.271 6.381 6.339 5.823 
4.806 3.818 3.715 3.649 3.305 3.042 3.14 3.326 3.181 3.334 
3.648 4.014 4.767 5.031 5.817 5.638 4.155 3.225 2.17 1.791 
1.637 1.797 1.708 1.607 1.718 1.641 1.687 2.002 2.841 3.958 
5.111 5.625 5.292 4.847 4.103 4.188 3.726 4.387 3.809 4.372 
3.996 4.051 4.541 4.817 5.739 7.055 9.131 9.453 9.173 8.59 
7.347 6.159 6.224 6.048 5.945 6.029 5.974 6.426 6.35 6.797 
6.962 8.294 8.901 10.793 10.967 10.3 9.251 7.486 7.77 7.869 
8.09 8.557 9.075 8.864 9.346 9.749 10.737 10.397 10.665 11.632 
12.06 10.994 9.457 8.715 9.063 8.508 9.83 10.733 10.68 12.117 
14.417 15.0 11.956 8.39 6.376 4.828 3.826 3.135 2.761 2.668 
2.345 1.892 2.091 2.616 2.96 4.779 4.979 6.163 7.006 8.782 
7.93 6.116 3.823 2.911 2.732 2.436 2.378 2.224 2.008 1.759 
1.947 2.207 2.282 2.442 2.363 2.07 2.114 3.005 3.076 2.961 
3.791 4.433 4.299 3.835 3.829 3.859 4.375 4.311 3.711 3.954 
4.038 4.795 4.595 6.104 6.457 5.846 4.575 4.65 4.549 4.292 
4.483 3.904 3.642 3.634 3.331 3.382 3.27 3.082 2.98 3.225 
3.403 3.167 2.994 2.762 2.342 2.365 1.878 1.81 1.563 1.674 
1.661 1.775 2.382 2.423 2.698 2.579 2.0 1.909 2.473 2.562 
2.45 2.736 2.925 2.885 2.772 2.812 2.674 2.692 3.445 3.97 
3.497 4.156 4.52 3.503 3.346 2.808 3.383 3.344 3.543 4.845 
5.301 4.648 5.148 5.485 4.996 4.912 4.237 3.231 2.327 1.798 
1.693 1.532 1.498 1.305 1.325 1.275 1.421 1.623 2.269 2.125 
2.152 2.426 2.103 1.973 1.972 1.854 1.818 1.807 2.118 2.318 
3.066 3.851 3.577 3.029 2.923 2.699 2.85 3.079 3.167 3.114 
3.295 3.63 4.609 6.089 7.243 8.519 7.607 7.444 7.782 9.053 
9.6 7.44 7.499 7.986 8.285 9.093 9.218 9.86 9.184 7.921 
8.416 7.949 9.589 8.847 7.17 7.286 7.262 7.565 6.634 4.744 
3.36 2.222 1.871 1.628 1.86 1.856 2.2 1.679 1.191 1.153 
1.155 1.208 1.202 1.247 1.585 1.669 1.643 1.39 1.615 1.517 
1.933 1.687 2.062 2.501 2.469 2.279 2.761 2.715 2.451 2.566 
2.88 3.309 3.51 4.699 5.454 7.509 8.177 10.156 11.441 13.71 
12.948 15.0 12.443 11.879 9.379 9.804 8.733 8.041 10.499 10.366 
8.17 5.853 5.537 6.162 5.45 4.996 5.553 5.048 5.032 4.667 
6.193 5.584 4.651 3.24 2.651 1.913 1.521 1.491 1.358 1.254 
1.352 1.674 2.134 1.914 1.548 1.544 1.489 1.385 1.713 2.368 
2.904 4.354 3.983 3.297 2.179 1.705 1.348 1.126 1.145 1.374 
2.04 2.182 2.344 2.483 2.42 3.103 3.412 3.252 3.857 4.143 
3.848 2.983 3.043 2.679 2.829 2.399 3.217 3.707 3.777 3.06 
2.367 1.752 1.64 1.451 1.222 1.206 1.614 1.847 2.524 2.313 
1.994 1.451 1.246 1.063 0.89 1.101 1.33 1.587 1.912 1.866 
1.437 1.229 0.566 0.098 0.135 0.387 1.21 1.797 2.078 1.887 
1.592 1.705 1.669 2.186 2.699 2.989 3.979 4.046 3.995 4.632 
4.689 3.549 2.136 1.828 1.67 1.432 1.186 1.394 1.794 1.872 
2.141 2.372 2.785 3.297 3.947 4.043 3.855 3.033 3.27 3.77 
4.236 4.646 4.225 3.723 3.376 3.438 3.5 2.699 2.308 2.545 
2.076 1.889 1.702 1.782 1.555 1.503 1.642 1.747 2.474 3.116 
4.383 5.683 5.784 5.967 5.593 4.75 4.359 4.11 3.829 4.137 
4.096 4.384 5.255 5.184 6.862 6.89 7.552 7.172 6.698 6.417 
7.267 7.835 7.621 6.216 5.112 4.546 4.667 4.249 4.03 3.569 
3.087 3.838 5.136 5.314 4.474 4.422 5.29 4.82 5.778 7.217 
7.971 9.83 9.969 10.915 14.538 13.545 14.445 11.812 13.071 10.152 
9.506 7.702 5.956 3.391 2.566 1.679 1.477 1.404 1.419 1.514 
1.499 1.582 1.632 1.652 2.006 2.289 2.611 2.159 1.578 1.286 
1.073 1.11 1.197 1.3 1.55 1.404 1.205 1.325 1.314 1.337 
1.786 2.924 3.121 3.019 3.609 4.307 4.151 3.948 2.949 2.73 
3.025 2.372 1.858 1.805 1.443 1.26 1.376 1.526 2.011 2.652 
2.922 3.344 3.343 2.768 2.251 2.504 2.235 1.965 1.813 1.92 
1.849 1.644 1.928 2.665 2.758 2.437 2.663 2.499 2.849 2.664 
3.127 3.611 3.647 3.631 2.933 2.496 1.923 1.738 1.719 1.626 
1.612 1.789 1.671 1.753 1.867 1.669 1.545 1.937 2.974 
END
