PFRMAT local QA
AUTHOR LAW-CASP14
af2-standard_T1163_2.pdb local_accuracy_only 15.0 15.0 15.0 15.0 15.0 15.0 13.637 4.485 3.206 3.745 2.388 
2.427 1.506 1.685 1.166 1.206 1.503 1.066 0.944 1.168 1.222 
1.039 1.067 1.185 1.346 1.343 1.319 1.2 1.505 1.179 1.102 
1.15 1.364 1.841 3.606 4.131 3.869 2.48 1.659 3.015 1.486 
3.618 3.055 6.638 6.75 11.045 9.687 8.147 5.307 3.221 2.918 
1.887 1.702 1.644 1.429 1.207 0.967 1.026 1.073 1.038 0.958 
1.096 1.169 1.311 1.198 1.048 1.146 2.574 4.168 5.261 5.376 
5.005 4.476 1.859 1.256 1.162 0.992 0.919 0.886 0.786 0.718 
0.829 0.905 1.537 1.827 2.691 1.877 1.154 0.9 0.787 0.833 
0.806 0.718 0.77 0.818 0.798 0.812 0.832 1.008 1.055 1.077 
1.399 1.305 1.483 1.97 2.083 2.047 1.711 1.651 1.657 1.645 
2.152 2.926 3.758 3.16 3.654 2.332 2.413 3.245 2.074 1.924 
1.411 1.579 1.254 1.219 1.088 1.198 1.078 0.925 1.089 1.258 
1.651 1.824 2.477 1.61 1.29 1.138 0.959 1.142 0.896 0.933 
0.99 0.955 1.267 1.217 2.111 2.097 6.692 8.058 8.47 10.103 
9.792 8.745 7.432 4.405 3.015 1.61 1.175 1.014 0.854 0.714 
0.738 0.794 0.914 1.004 1.103 1.152 1.143 1.185 1.274 1.618 
1.718 1.758 1.571 1.677 1.448 1.69 1.935 2.045 2.354 1.818 
1.782 1.807 1.633 1.62 1.676 1.69 1.562 1.586 1.965 1.991 

END
