PFRMAT local QA
AUTHOR MASS-CASP14
af2-standard_T1163_2.pdb local_accuracy_only 10.417 10.928 10.188 9.816 10.642 10.081 9.358 8.653 8.414 6.771 5.848 
4.625 3.688 2.426 1.846 1.674 1.529 1.565 1.222 1.442 1.306 
1.011 0.972 1.158 1.304 1.126 1.215 1.001 1.367 1.491 1.272 
1.576 1.827 2.601 3.699 5.082 6.17 6.579 6.943 8.919 7.841 
8.107 8.565 8.562 8.279 9.623 9.093 5.447 4.304 3.705 4.028 
3.352 2.888 2.473 2.81 2.338 1.948 1.714 2.066 2.308 2.398 
2.921 3.904 5.299 6.273 5.862 7.897 9.562 8.566 9.455 8.09 
6.795 3.954 2.68 1.765 1.599 1.281 1.165 1.073 1.037 1.167 
1.475 1.917 2.903 3.824 3.49 2.961 2.017 1.502 1.24 1.267 
1.254 1.064 1.094 1.236 1.222 1.138 1.317 1.522 1.512 1.373 
1.667 1.653 1.669 1.988 1.739 1.555 1.257 1.502 1.534 1.662 
2.078 2.856 4.076 3.901 3.999 4.273 4.409 5.369 5.819 5.208 
4.272 3.346 3.383 2.611 2.188 1.851 1.804 1.486 1.292 1.382 
1.7 1.758 2.072 1.824 1.403 1.083 0.96 0.889 1.002 0.923 
0.942 0.876 1.027 1.123 1.517 2.296 2.56 4.088 5.088 7.351 
9.393 10.016 9.332 5.954 4.843 3.486 2.338 1.834 1.595 1.318 
1.225 1.261 1.244 1.552 1.566 2.092 2.27 2.266 2.166 2.869 
2.922 2.234 1.866 1.986 1.748 1.511 1.73 1.811 1.606 1.395 
0.975 1.311 1.281 1.312 1.367 1.682 1.897 1.795 2.251 3.217 

END
