PFRMAT local QA
AUTHOR MASS-CASP14
af2-standard_T1118v1_3.pdb local_accuracy_only 15.0 15.0 15.0 15.0 15.0 15.0 15.0 13.907 12.481 8.314 5.356 
4.574 3.737 3.415 2.998 2.604 2.814 2.942 2.366 2.013 1.756 
2.24 2.3 1.726 1.738 1.73 1.696 1.392 1.497 1.745 2.244 
2.22 2.229 1.758 1.787 1.518 1.7 1.838 1.976 2.61 3.004 
2.937 3.147 4.586 5.738 5.519 5.83 6.12 6.35 5.269 4.946 
5.118 4.873 4.152 3.179 2.754 2.463 2.386 2.284 1.862 1.7 
2.072 2.386 1.853 1.671 2.218 2.282 1.976 1.814 1.478 1.698 
1.622 1.655 1.835 1.975 2.326 2.043 1.966 1.447 1.253 1.29 
1.256 1.433 1.804 1.905 2.385 2.973 4.656 5.7 8.828 11.201 
14.123 15.0 15.0 14.281 15.0 13.092 14.637 14.303 15.0 15.0 
15.0 15.0 15.0 15.0 15.0 15.0 15.0 15.0 15.0 15.0 
15.0 15.0 15.0 15.0 15.0 10.948 10.623 9.51 8.983 8.69 
7.612 7.25 6.219 5.712 4.72 3.494 2.954 2.66 2.374 2.153 
2.071 1.776 1.385 1.514 1.338 1.22 1.175 1.252 1.483 1.592 
1.423 1.351 1.673 1.663 1.55 1.752 1.735 1.892 2.031 1.836 
2.204 2.295 2.08 1.994 2.501 2.699 2.433 2.973 3.308 2.593 
3.539 4.659 6.651 8.231 8.281 9.999 11.292 14.051 14.003 9.375 
5.411 4.408 3.365 2.75 2.268 2.28 2.404 2.707 2.446 3.167 
4.07 5.015 4.709 4.448 4.369 3.835 3.356 3.388 3.925 4.788 
5.402 4.861 5.163 6.476 7.462 10.542 12.473 15.0 15.0 15.0 
15.0 15.0 11.738 8.521 4.625 3.418 3.205 2.321 2.526 2.299 
2.109 2.428 1.72 1.973 1.681 1.591 1.387 1.37 1.419 1.502 
1.6 1.822 1.957 2.433 3.176 3.279 3.091 2.957 2.956 2.309 
2.233 1.804 1.677 1.893 2.174 2.657 2.927 2.705 3.064 3.273 
3.097 4.053 5.049 6.43 6.067 5.861 5.985 6.1 5.302 5.025 
4.073 3.947 3.883 4.202 4.784 6.419 7.637 9.283 7.873 8.133 
8.45 9.65 8.175 9.05 8.316 9.532 8.849 8.682 8.598 9.035 
10.09 8.73 6.188 6.383 6.095 7.009 6.603 7.979 8.321 7.26 
7.267 7.713 9.079 10.139 11.203 11.742 14.876 15.0 15.0 15.0 
13.919 15.0 12.664 11.656 10.769 9.174 8.238 7.738 8.409 7.796 
10.277 11.719 11.982 11.487 11.498 9.409 10.967 8.387 10.68 9.729 
9.519 7.687 9.733 8.42 10.741 9.94 10.807 10.618 10.635 10.878 
11.601 11.953 12.249 14.014 15.0 15.0 13.614 10.807 9.672 6.084 
5.186 3.672 3.412 3.742 4.247 4.12 4.325 4.009 5.006 5.606 
5.569 5.414 5.291 4.397 4.209 3.463 3.91 3.93 4.466 4.328 
5.19 6.24 7.122 6.98 7.141 8.459 9.318 9.912 8.616 7.138 
6.658 6.114 5.52 4.973 3.906 3.016 3.067 2.365 2.183 2.16 
2.051 2.433 2.184 2.491 2.886 3.209 3.591 3.467 2.908 3.628 
3.779 4.458 4.566 4.862 5.09 5.422 6.647 8.283 9.972 10.99 
13.344 11.372 11.276 11.038 12.082 9.625 7.395 6.596 6.235 5.26 
4.79 3.499 3.826 4.113 3.837 2.937 2.88 2.467 2.081 2.146 
2.529 3.069 3.276 3.851 4.575 6.351 7.681 9.134 10.143 10.599 
9.599 10.59 10.282 8.695 8.885 9.302 9.786 11.053 11.254 10.906 
10.127 9.393 9.055 7.172 8.545 7.54 8.02 7.225 4.954 4.845 
4.973 5.018 5.814 5.688 6.262 5.565 6.469 5.795 7.207 8.227 
9.415 11.318 13.188 15.0 15.0 15.0 15.0 15.0 14.981 12.963 
10.794 10.841 9.47 7.846 6.382 6.078 6.152 6.017 6.22 6.046 
6.241 7.43 7.161 7.715 9.968 9.563 9.836 7.49 8.03 7.425 
8.614 9.725 10.181 10.466 10.076 9.661 9.67 9.044 9.249 8.416 
8.114 7.118 5.252 5.095 3.986 4.268 3.622 3.837 3.223 3.174 
2.695 2.796 3.245 3.227 2.542 1.888 1.539 1.47 1.462 1.444 
1.284 1.576 1.685 1.924 1.891 2.184 2.553 2.63 2.671 3.003 
3.332 3.463 3.807 4.852 7.031 9.232 10.942 10.452 8.212 5.827 
4.564 3.299 2.526 2.056 2.074 2.053 1.722 1.655 1.426 1.255 
1.147 1.154 1.158 1.202 1.468 1.644 2.082 2.394 2.176 1.765 
1.205 0.076 0.012 0.005 0.022 0.056 0.528 1.028 1.168 1.042 
1.182 1.313 1.508 1.993 2.207 2.359 3.162 4.089 4.824 5.134 
3.961 2.605 2.008 1.55 1.739 1.454 1.324 1.306 1.202 1.209 
1.136 1.314 1.487 1.541 1.574 1.791 1.905 2.16 2.71 3.597 
5.223 6.06 5.161 4.212 2.592 1.771 1.452 1.508 1.286 1.383 
1.311 1.4 1.519 1.485 1.938 2.474 3.049 3.715 4.044 5.251 
5.442 5.79 6.537 6.923 7.703 7.57 6.981 4.268 2.823 2.529 
2.709 2.531 1.85 1.376 1.231 1.325 1.408 1.543 1.669 2.035 
2.769 2.971 4.083 3.868 4.956 4.41 4.784 5.343 6.565 7.51 
6.348 4.013 3.232 2.581 2.308 2.175 2.118 2.18 2.597 2.893 
4.126 4.787 5.562 6.379 5.94 6.151 6.079 6.441 6.549 8.292 
10.15 8.814 6.369 4.821 3.908 3.358 3.056 3.105 2.881 2.583 
2.568 2.386 2.474 2.154 2.083 2.349 2.627 3.02 3.552 3.231 
3.616 3.792 3.758 4.826 6.389 6.272 6.669 5.161 3.401 2.612 
2.187 1.874 1.543 1.538 1.35 1.312 1.334 1.381 1.651 1.922 
2.314 2.328 2.018 1.897 2.243 2.749 2.751 2.792 2.347 2.091 
1.715 1.649 1.42 1.76 1.721 1.369 1.404 1.106 1.245 1.311 
1.359 1.661 1.704 1.64 1.641 1.701 2.126 2.676 3.52 3.996 
4.685 4.181 4.592 4.012 3.41 2.129 1.795 1.467 1.319 1.113 
1.238 1.248 1.306 1.401 1.835 1.929 2.305 2.414 1.942 1.862 
2.245 2.582 2.59 2.993 3.549 4.228 4.18 4.394 4.278 4.059 
4.066 6.134 7.253 7.554 6.991 9.164 9.358 10.209 9.994 10.897 
10.28 10.194 8.776 10.232 11.171 
END
