PFRMAT local QA
AUTHOR LAW-CASP14
af2-standard_T1118v1_3.pdb local_accuracy_only 15.0 15.0 15.0 15.0 15.0 15.0 15.0 11.414 6.453 4.605 3.483 
2.714 3.029 1.762 2.103 1.484 1.718 1.768 1.771 2.08 1.553 
1.734 1.494 1.392 1.264 1.361 1.288 1.262 1.346 1.426 1.369 
1.454 1.57 1.542 1.675 1.525 1.861 2.28 3.223 3.243 3.85 
3.079 2.896 2.973 2.777 2.431 2.358 1.921 1.977 1.826 1.805 
2.366 2.572 3.151 2.595 2.806 2.149 2.111 2.142 1.885 1.606 
1.834 1.727 1.548 1.652 1.89 2.085 1.997 2.06 1.736 1.744 
1.755 1.622 1.82 1.746 2.056 2.078 1.788 1.803 1.584 1.695 
1.671 1.761 1.925 2.158 2.705 3.754 5.321 10.017 12.418 13.451 
13.81 13.912 13.691 12.694 10.497 10.703 11.601 10.052 9.447 7.916 
8.353 6.796 7.882 6.741 5.858 4.066 4.256 3.483 3.077 2.745 
2.551 1.828 1.896 2.497 2.243 2.406 2.417 2.099 1.475 1.32 
1.536 1.728 2.171 3.795 1.278 1.068 1.003 0.897 0.911 0.861 
0.859 0.702 0.699 0.675 0.68 0.733 0.777 1.009 0.815 0.951 
0.824 0.79 0.829 0.768 0.765 0.854 0.938 1.1 1.159 1.056 
1.879 1.143 0.934 1.256 1.472 1.174 1.082 1.075 0.984 1.392 
1.64 3.489 5.607 3.364 3.739 5.35 4.326 4.753 3.82 2.657 
2.918 1.978 3.239 1.921 1.434 1.075 0.849 1.089 1.119 2.175 
2.765 3.017 2.859 2.906 2.629 1.31 1.163 1.095 1.07 1.029 
1.325 1.384 1.51 1.996 3.274 3.665 2.788 3.765 2.802 2.084 
2.141 2.198 3.216 2.748 2.32 1.416 1.151 0.923 1.189 1.001 
0.863 0.885 0.748 0.721 0.734 0.689 0.743 0.784 0.799 0.807 
0.818 0.791 0.842 0.896 0.923 0.848 1.272 0.898 1.219 0.82 
0.93 0.839 0.874 0.776 0.874 0.853 0.836 0.881 0.928 1.131 
1.154 1.498 1.843 1.972 1.846 1.665 1.661 1.604 1.808 1.837 
1.99 1.685 1.83 1.493 1.64 2.877 2.511 2.065 2.214 2.299 
2.174 1.979 1.604 1.345 1.387 1.453 1.594 2.053 2.338 2.715 
3.608 3.249 2.614 2.209 1.76 1.468 1.246 1.198 1.304 1.437 
1.689 2.093 2.433 2.591 2.893 3.5 4.539 5.64 4.989 4.903 
5.379 6.136 5.633 4.845 3.97 3.393 2.476 2.361 2.164 1.871 
1.606 1.473 1.306 1.319 1.52 1.818 2.301 2.479 2.8 2.773 
1.852 2.001 1.966 1.628 1.482 1.382 1.498 1.766 1.997 2.121 
2.233 2.474 2.893 3.078 3.091 3.589 4.63 4.226 4.221 3.339 
2.779 2.396 2.216 1.744 2.204 2.294 2.299 1.726 2.619 3.094 
3.142 3.69 3.891 3.108 3.09 3.172 3.494 3.057 4.13 3.805 
4.253 3.522 3.723 4.37 4.984 5.297 3.852 3.604 3.152 2.71 
2.695 2.441 2.432 2.254 2.167 1.849 1.747 1.532 1.462 1.432 
1.576 1.474 1.561 1.648 1.702 1.712 1.831 1.813 1.796 1.628 
1.747 1.642 1.689 1.794 1.741 1.871 2.106 2.392 2.255 2.357 
2.266 2.301 2.61 2.898 3.123 3.489 3.534 3.459 3.295 2.881 
2.652 3.052 3.601 4.544 5.352 4.285 3.997 3.807 3.882 3.668 
3.699 3.649 3.691 3.496 3.048 2.915 2.369 2.272 2.114 2.126 
2.35 2.571 2.974 2.616 1.995 2.166 1.734 1.91 1.612 1.682 
1.622 1.69 1.967 2.231 3.021 2.842 3.515 3.045 2.077 1.865 
1.398 1.397 1.235 1.24 1.128 1.274 1.367 1.677 1.719 2.228 
2.308 3.055 2.499 2.285 2.087 2.09 2.205 2.549 3.221 3.626 
4.357 4.751 4.645 5.235 4.609 4.309 4.005 3.788 3.527 5.064 
5.024 5.696 5.603 5.983 6.149 6.061 5.635 5.202 5.455 4.362 
4.264 3.548 3.117 2.393 2.137 1.861 2.025 1.711 1.929 1.772 
1.722 1.276 1.343 1.048 1.072 0.92 0.994 0.981 1.073 1.084 
1.191 1.312 1.762 2.01 1.521 1.261 1.126 1.017 0.995 0.95 
0.88 0.93 0.882 0.949 0.991 1.015 1.106 1.197 1.321 1.601 
1.683 1.785 1.999 1.915 2.453 2.795 2.514 2.614 2.038 1.933 
1.549 1.379 1.17 1.045 1.073 0.951 1.055 0.862 0.92 0.838 
0.895 0.812 0.977 0.967 1.099 1.171 1.425 1.642 2.314 1.223 
1.221 0.982 0.994 0.864 0.896 0.849 0.826 0.796 0.768 0.838 
0.889 1.077 1.242 1.502 2.065 2.174 2.366 2.304 3.006 2.666 
2.34 2.062 1.865 1.707 1.379 1.065 1.014 0.854 0.86 0.828 
0.771 0.903 0.815 1.002 0.851 1.015 0.884 1.035 1.249 2.055 
3.287 3.682 2.199 1.776 1.272 1.01 0.904 0.85 0.832 0.838 
0.84 0.756 0.801 0.816 0.847 0.886 1.011 1.258 1.28 2.137 
2.608 3.678 5.506 6.204 7.323 5.448 4.676 3.378 2.65 2.263 
1.628 1.827 1.558 1.147 0.965 0.9 0.797 0.772 0.734 0.757 
0.766 0.83 0.871 0.945 1.075 1.23 2.406 2.621 3.783 3.991 
2.879 2.448 2.012 1.238 0.994 0.869 0.847 0.806 0.773 0.814 
0.903 0.939 1.036 1.082 1.28 1.372 1.533 2.293 2.962 3.61 
3.468 1.665 1.887 1.377 1.228 1.15 1.17 1.222 1.203 1.111 
0.876 0.877 0.816 0.791 0.825 0.806 0.878 0.86 0.964 1.141 
1.197 1.413 1.84 2.512 3.226 3.202 3.956 2.455 2.3 1.434 
1.073 1.034 0.937 0.825 0.827 0.787 0.792 0.825 0.828 0.845 
0.893 0.925 0.946 1.097 1.144 1.219 1.239 1.279 1.151 1.169 
1.094 1.026 1.038 1.039 0.943 0.942 0.877 0.842 0.814 0.754 
0.778 0.76 0.83 0.911 0.933 1.174 1.409 1.822 2.127 1.989 
2.406 2.142 2.151 1.656 1.475 1.08 1.015 0.899 0.851 0.801 
0.762 0.793 0.828 0.818 0.878 0.972 0.984 1.396 1.31 1.35 
1.576 1.368 1.341 1.384 1.461 1.395 1.803 1.717 1.572 1.746 
1.763 3.647 2.073 1.623 0.964 1.014 0.968 1.2 1.134 1.321 
1.309 1.543 1.604 1.774 1.843 
END
