PFRMAT local QA
AUTHOR MASS-CASP14
af2-standard_T1169_1.pdb local_accuracy_only 15.0 15.0 15.0 14.895 12.628 11.159 10.588 9.889 9.714 9.761 11.62 
12.329 13.038 14.765 15.0 15.0 15.0 15.0 15.0 15.0 15.0 
15.0 15.0 15.0 15.0 15.0 15.0 15.0 15.0 15.0 15.0 
15.0 15.0 11.686 9.536 8.361 6.012 4.645 4.419 4.026 4.156 
4.613 4.828 5.471 4.75 4.224 4.731 5.055 5.379 6.433 7.704 
8.954 9.63 8.571 9.096 8.709 9.33 8.06 8.925 9.231 9.233 
9.515 9.676 11.126 13.294 14.282 15.0 15.0 15.0 14.537 13.158 
10.66 9.211 7.757 7.367 7.547 8.413 10.702 11.809 14.567 14.832 
13.768 11.879 11.799 11.429 12.349 13.395 15.0 15.0 15.0 15.0 
15.0 15.0 15.0 15.0 15.0 15.0 15.0 15.0 15.0 15.0 
15.0 14.183 13.469 12.146 13.764 13.001 13.581 12.782 15.0 15.0 
15.0 15.0 15.0 15.0 15.0 15.0 15.0 15.0 15.0 15.0 
15.0 15.0 15.0 15.0 15.0 12.997 12.443 12.591 10.366 10.291 
8.139 8.393 7.758 5.569 6.094 6.206 8.409 8.696 10.733 11.855 
11.374 7.586 7.635 4.926 3.119 2.218 2.22 1.926 2.125 2.434 
2.678 3.309 3.675 4.271 4.565 4.393 4.953 5.805 7.595 8.824 
11.439 11.325 13.823 12.055 11.86 10.454 8.674 9.336 10.001 9.641 
10.286 12.641 14.31 14.914 15.0 15.0 15.0 13.876 12.992 11.172 
8.746 7.557 6.844 6.86 6.708 6.569 7.56 7.006 6.982 5.742 
4.861 3.958 3.808 3.736 4.396 4.663 6.511 8.159 11.441 13.156 
13.588 14.41 14.719 13.822 13.614 12.19 11.283 10.355 11.936 12.142 
13.162 14.394 14.283 10.802 10.68 8.194 5.493 3.981 4.24 4.068 
4.083 3.831 3.528 2.988 2.386 1.773 1.62 1.721 1.524 1.7 
2.349 2.589 2.144 1.536 1.602 1.491 1.396 1.667 1.9 2.794 
3.805 4.941 5.871 5.373 4.047 3.157 2.523 2.476 2.539 2.599 
2.578 2.866 2.819 3.424 4.242 4.129 5.122 4.855 4.992 6.144 
7.055 7.32 5.814 5.153 3.761 2.993 2.308 2.311 2.076 2.397 
2.737 3.043 3.905 4.309 3.699 3.101 3.185 2.449 2.048 2.059 
1.885 1.813 2.052 2.161 2.391 2.722 2.283 2.278 2.263 2.166 
2.354 2.129 2.521 2.747 3.373 3.51 4.729 4.863 6.241 7.005 
6.398 6.825 7.483 7.01 6.727 7.941 9.044 9.698 10.216 10.322 
9.508 8.6 8.88 9.544 9.687 8.766 8.717 8.546 7.875 6.61 
6.446 4.736 3.24 2.915 2.772 2.912 2.784 2.254 2.558 3.58 
4.439 3.475 2.826 2.356 2.092 1.713 1.535 1.615 1.617 1.454 
1.467 2.082 2.341 3.35 4.167 4.916 7.407 8.807 15.0 15.0 
15.0 15.0 15.0 15.0 15.0 15.0 15.0 15.0 15.0 15.0 
15.0 15.0 15.0 12.371 10.436 6.701 4.779 4.475 4.301 4.103 
3.919 4.338 4.72 4.639 5.625 4.853 4.441 3.269 2.958 2.579 
2.382 2.301 2.111 2.489 2.635 2.655 2.62 2.579 2.921 2.744 
2.55 2.215 2.275 2.394 2.042 1.737 1.919 1.886 2.145 1.684 
1.634 1.433 1.422 1.45 1.468 1.59 1.396 1.652 1.819 1.778 
2.605 2.978 4.57 5.594 6.771 6.971 7.243 6.779 6.584 4.577 
3.298 2.443 1.91 1.705 1.574 1.805 2.366 3.225 4.027 5.496 
5.586 5.696 4.445 3.527 2.884 2.404 1.869 2.02 1.96 2.029 
1.677 1.705 1.697 1.664 1.777 1.523 1.131 0.975 0.977 1.065 
1.279 1.838 1.935 1.944 1.952 2.095 2.32 2.684 2.678 2.42 
1.982 1.554 1.315 1.38 1.381 1.492 1.657 2.11 2.393 2.132 
1.73 1.3 1.197 1.354 1.461 2.015 2.59 3.516 4.324 6.187 
7.231 10.026 9.14 8.107 6.38 4.881 4.085 3.162 3.022 3.073 
3.473 3.956 4.906 4.956 5.163 4.029 3.381 2.484 1.851 1.694 
1.673 2.067 2.587 2.454 2.602 2.208 1.524 1.292 1.144 1.138 
1.364 1.741 1.977 1.79 1.567 1.283 1.182 1.043 1.063 1.318 
1.98 2.79 3.002 2.477 1.643 1.33 1.19 1.221 1.322 1.401 
1.882 2.199 2.536 2.902 2.847 3.111 3.095 3.369 4.082 4.454 
4.805 4.149 3.847 3.259 3.176 2.216 2.069 1.896 1.779 1.627 
1.37 1.09 1.316 1.254 1.354 1.325 1.726 1.896 2.733 2.749 
3.026 3.239 2.823 2.01 1.418 1.296 1.238 1.105 1.191 1.37 
1.553 1.921 2.296 2.611 3.762 5.485 6.134 4.794 4.384 2.972 
1.932 1.73 1.611 1.545 1.324 1.23 1.473 1.763 3.322 4.376 
3.863 3.048 2.078 1.432 1.145 1.069 1.096 1.145 1.08 1.413 
2.054 2.877 5.794 7.797 8.631 10.595 15.0 15.0 15.0 15.0 
15.0 13.418 12.479 7.481 4.487 4.249 3.94 3.603 3.317 3.281 
3.077 2.467 1.866 1.45 1.297 1.319 1.195 0.953 0.982 0.953 
1.118 1.314 2.045 1.885 1.661 1.539 1.329 1.045 1.057 1.126 
1.184 1.377 1.723 2.209 3.317 3.807 4.784 4.674 3.298 2.187 
1.817 1.715 1.785 1.658 1.462 1.709 1.864 2.224 2.987 2.706 
3.31 3.031 2.345 1.827 1.67 1.579 1.445 1.392 1.278 1.731 
2.85 3.432 4.357 3.903 3.905 2.973 2.828 2.446 2.399 2.164 
1.647 1.509 1.695 1.87 2.192 2.554 2.282 2.015 1.605 1.394 
1.368 1.381 1.37 1.442 1.712 2.072 2.55 4.206 5.811 7.435 
8.795 10.173 10.14 10.183 11.988 11.806 11.143 10.205 10.047 8.399 
6.789 5.124 2.827 2.119 1.99 2.105 2.094 2.211 1.697 1.708 
1.367 1.394 1.32 1.357 1.532 1.957 2.512 3.03 3.171 2.461 
2.392 2.03 1.86 1.923 1.907 2.437 2.929 5.136 6.543 8.416 
8.707 9.192 9.163 8.403 8.184 6.488 7.41 9.103 9.425 7.853 
6.357 5.305 3.782 2.899 2.826 2.87 3.195 3.213 3.288 2.805 
1.564 1.387 1.631 1.357 1.253 1.338 1.175 1.22 1.697 1.801 
1.711 1.663 1.318 1.195 1.172 1.123 1.207 1.263 1.272 1.46 
1.792 2.413 3.079 3.385 3.018 2.974 2.68 2.224 2.214 1.933 
1.62 1.636 1.477 1.732 2.26 3.641 5.106 5.93 6.342 6.361 
5.184 4.348 4.982 5.009 4.846 5.71 6.042 5.706 5.921 6.425 
5.218 5.657 4.573 5.531 6.536 7.702 8.967 9.14 10.039 10.035 
8.654 8.209 7.237 6.355 4.661 3.043 2.108 1.563 1.473 1.289 
1.314 1.417 1.568 1.482 1.256 1.331 1.164 1.159 1.266 1.456 
1.665 2.205 3.212 4.997 5.136 4.112 3.99 3.582 4.439 4.199 
4.117 4.077 3.36 3.973 4.126 5.037 3.962 3.675 3.105 2.293 
1.777 1.857 1.985 2.138 2.211 2.114 1.805 1.52 1.416 1.506 
1.683 1.814 2.172 1.75 1.418 1.359 1.307 1.386 1.475 1.689 
2.269 3.348 4.322 3.794 3.105 2.505 2.739 2.784 3.043 3.221 
3.344 4.473 5.723 7.453 7.479 8.201 7.319 6.24 6.153 4.517 
4.422 3.531 2.852 3.005 2.92 2.647 2.591 2.834 3.069 3.126 
4.387 4.051 5.339 6.108 7.379 8.257 10.75 10.225 7.798 5.435 
5.742 4.282 4.102 3.624 3.49 2.904 2.213 2.762 2.853 2.586 
2.421 2.764 3.319 3.016 3.025 3.614 3.125 2.915 2.994 2.938 
2.677 2.392 1.847 1.971 2.336 2.484 2.357 2.139 1.728 1.471 
1.396 1.332 1.306 1.364 1.42 1.657 1.722 2.421 3.457 3.131 
2.063 1.257 1.26 1.052 0.961 1.026 1.005 0.9 1.014 1.101 
1.246 1.266 1.753 2.41 2.382 1.854 1.727 1.698 1.656 1.717 
1.444 1.796 1.732 1.612 1.924 2.239 2.172 2.295 2.627 2.599 
2.194 2.91 3.228 2.851 2.293 1.876 2.228 2.123 2.744 3.563 
4.883 5.879 9.138 11.152 13.886 11.915 12.357 11.766 12.286 10.207 
8.108 5.304 3.603 2.236 1.851 1.675 1.667 1.694 1.667 1.893 
2.177 2.56 2.948 2.481 1.608 1.337 1.213 1.156 1.15 1.238 
1.365 1.52 1.422 1.821 2.386 3.282 4.099 4.314 4.864 3.612 
3.324 3.535 3.541 3.279 3.574 4.22 3.714 3.744 3.489 2.999 
2.516 2.65 2.31 2.38 2.369 2.307 2.543 2.653 2.549 2.771 
2.962 2.724 2.832 2.749 2.469 1.93 1.793 1.634 1.475 1.32 
1.349 1.691 2.305 1.949 1.366 1.173 1.238 1.254 1.555 1.593 
1.488 1.281 1.152 1.237 1.538 1.887 2.328 2.285 1.971 1.628 
1.76 2.011 2.042 2.101 1.675 2.233 2.871 2.852 2.742 2.309 
2.229 2.089 2.069 2.057 1.691 1.7 1.515 1.72 1.416 1.952 
2.51 2.495 2.411 2.091 1.681 1.605 1.75 1.981 2.735 3.003 
3.433 2.662 2.326 2.102 2.072 1.705 1.56 1.968 2.517 3.716 
5.17 5.775 6.044 5.386 4.908 3.608 3.026 2.434 2.337 2.859 
2.492 3.447 4.329 4.412 5.244 5.181 7.82 6.584 4.622 4.333 
3.31 3.367 3.307 3.101 3.294 3.432 3.582 3.394 3.555 4.326 
7.11 7.658 7.639 6.88 5.888 4.702 3.799 3.763 3.63 3.096 
4.342 5.045 5.468 5.606 6.014 5.906 5.194 6.547 6.9 6.144 
5.443 4.542 4.21 4.589 4.872 5.118 4.675 4.157 5.712 5.966 
6.784 7.456 7.25 6.583 6.598 5.333 4.831 4.877 5.478 6.57 
9.294 9.242 8.937 7.302 6.425 4.398 3.435 2.546 1.677 1.876 
2.016 2.646 2.997 3.118 4.074 4.658 7.201 8.339 10.083 7.263 
5.189 3.809 2.633 1.959 1.595 1.239 1.406 1.402 1.407 1.563 
1.766 2.371 3.354 4.664 5.545 7.542 7.755 6.493 5.062 4.796 
3.821 3.259 2.729 2.693 3.494 3.662 3.951 4.354 4.722 5.192 
6.331 6.509 6.872 6.554 6.068 5.502 5.318 4.509 4.236 3.457 
3.338 3.403 4.184 4.972 6.428 7.937 10.22 9.99 10.59 7.986 
6.116 4.627 3.501 3.926 3.695 4.216 4.331 5.381 5.507 7.324 
6.921 5.921 4.809 3.315 2.815 2.667 2.323 2.057 2.086 2.132 
2.691 3.458 4.144 5.138 5.946 5.705 6.878 8.573 8.87 8.855 
8.636 9.145 8.786 8.505 8.614 9.53 9.332 9.086 9.42 9.908 
9.473 9.926 10.487 9.291 8.653 8.861 8.92 7.122 5.263 3.514 
2.786 2.271 1.902 1.714 1.558 1.394 1.392 1.448 1.446 1.818 
1.962 2.113 1.91 1.673 1.256 1.338 1.463 1.281 1.407 1.496 
1.305 1.412 1.517 2.056 2.171 2.064 1.722 1.817 1.634 1.4 
1.397 1.505 1.324 1.43 1.349 1.345 1.625 1.768 1.927 1.986 
1.918 1.229 1.209 1.214 1.523 1.712 1.685 1.885 1.384 1.909 
2.067 2.028 1.698 1.263 1.503 1.757 2.172 1.932 1.533 1.631 
1.633 1.985 2.047 1.961 1.676 1.279 1.352 1.352 1.309 1.481 
1.913 2.321 2.127 1.83 1.634 1.976 2.136 2.137 2.328 3.207 
4.468 6.383 6.791 4.769 5.088 4.63 3.135 2.172 1.726 1.621 
1.38 1.363 1.269 1.146 1.164 1.462 2.361 2.638 3.267 2.887 
3.385 3.516 4.576 5.739 6.021 5.106 3.803 3.171 2.316 2.295 
2.279 2.374 2.504 3.363 4.287 5.855 6.335 7.847 8.503 9.3 
8.944 8.019 7.117 6.007 4.928 4.207 3.389 2.463 1.776 1.745 
1.614 1.644 1.442 1.316 1.474 1.564 2.082 2.739 3.477 4.382 
5.45 7.038 10.864 15.0 15.0 15.0 8.977 6.558 4.673 3.656 
2.267 1.771 1.497 1.43 1.345 1.237 1.299 1.587 1.753 2.339 
2.451 2.078 1.541 1.246 1.062 0.971 1.124 1.203 1.188 1.194 
1.064 1.376 1.767 1.772 1.895 1.633 1.746 1.591 1.549 1.267 
1.315 1.365 1.46 1.672 1.781 2.113 2.847 3.539 3.493 3.163 
3.004 3.165 3.586 3.928 4.781 5.644 4.934 5.077 3.025 2.224 
1.802 1.432 1.457 1.325 1.486 2.013 2.872 2.984 2.321 1.997 
1.569 1.245 1.322 1.406 1.35 1.421 1.765 1.961 1.914 1.416 
1.251 1.295 1.171 1.105 1.115 1.185 1.204 1.416 1.569 2.29 
2.642 4.249 4.386 4.613 4.636 5.369 6.156 5.404 5.066 5.511 
6.949 6.726 5.651 4.248 2.733 2.442 1.977 1.999 1.893 2.205 
2.648 3.698 3.743 3.814 3.104 3.059 2.976 3.752 4.191 3.976 
4.091 5.991 6.757 7.762 6.872 7.808 7.152 7.683 5.829 8.059 
7.829 11.349 14.372 14.141 13.052 11.312 10.616 12.127 10.854 10.308 
10.182 10.35 11.105 11.714 13.408 12.572 11.88 9.502 11.936 11.038 
10.19 9.548 8.203 6.351 5.207 3.44 2.866 1.796 1.563 1.265 
1.232 1.225 1.171 1.094 1.226 1.714 2.193 3.224 3.654 3.894 
3.259 2.056 1.477 1.311 1.393 1.36 1.557 1.821 1.953 2.302 
2.438 2.103 1.931 1.737 2.271 2.763 2.585 2.767 2.563 2.983 
3.242 4.646 6.173 6.752 6.248 6.191 5.935 5.833 4.825 3.894 
3.049 2.036 1.516 1.28 1.165 1.186 1.139 1.254 1.652 2.382 
1.966 1.662 1.693 1.427 1.153 1.029 0.955 0.963 1.236 1.123 
1.086 1.238 1.356 1.67 2.287 2.946 3.74 4.474 5.983 5.759 
5.049 3.516 3.241 2.841 2.058 1.628 1.463 1.271 1.143 1.208 
1.71 2.279 2.501 2.014 1.47 1.337 1.295 1.361 1.271 1.114 
1.148 1.165 1.165 1.517 1.56 1.557 1.436 1.292 1.364 1.395 
1.402 1.537 1.434 1.871 2.496 3.235 3.44 2.813 2.629 2.208 
2.025 1.708 1.551 1.597 1.752 1.996 2.57 3.177 3.105 2.475 
1.961 1.844 1.657 1.72 1.932 1.814 1.764 1.942 2.326 3.278 
3.589 3.266 2.769 2.267 1.955 1.713 1.802 1.733 1.711 1.613 
1.835 2.058 2.625 3.008 3.197 3.863 4.965 5.74 7.209 8.569 
7.491 5.708 3.757 2.799 2.079 1.821 1.713 1.792 1.93 1.991 
1.665 1.303 1.186 1.414 1.765 1.782 2.118 3.531 4.774 5.256 
5.716 4.78 3.971 3.42 3.614 4.704 3.782 3.234 2.718 2.259 
2.342 2.386 2.272 2.295 2.219 2.927 2.974 2.806 3.028 3.036 
2.608 2.098 1.965 1.545 1.307 1.373 1.235 1.37 1.293 1.19 
1.284 1.463 2.009 3.042 3.349 4.567 4.44 4.84 3.77 2.599 
1.846 1.365 1.204 1.116 1.316 1.132 1.027 1.406 1.343 1.384 
1.43 1.636 2.066 2.424 2.907 2.437 2.228 2.331 2.082 2.062 
2.346 3.189 4.215 4.033 3.748 2.83 2.744 2.535 2.147 2.343 
2.452 2.304 1.888 2.134 2.65 3.346 3.103 2.445 1.906 1.994 
1.724 1.764 1.431 1.529 1.436 1.647 2.017 2.146 2.027 1.591 
1.403 1.339 1.392 1.359 1.538 2.141 3.877 5.915 8.3 10.578 
10.228 6.38 3.719 2.42 1.631 1.363 1.27 1.258 1.243 1.698 
2.143 2.063 2.053 1.684 1.379 1.222 1.1 1.195 1.344 1.449 
1.412 1.996 2.816 4.085 4.56 4.34 2.861 1.924 1.397 1.252 
1.181 1.429 1.637 1.701 1.632 1.789 2.454 3.255 3.802 3.863 
4.791 5.703 7.127 7.438 7.914 7.39 6.144 6.292 6.061 4.989 
4.496 4.048 3.249 2.757 2.259 1.878 1.999 2.06 2.297 2.479 
2.799 3.144 4.542 7.268 8.895 10.37 11.008 9.817 8.603 8.732 
6.295 4.575 3.307 2.894 3.292 3.265 3.575 3.556 3.193 3.273 
3.625 2.684 2.437 2.564 3.146 4.4 3.667 3.758 3.167 2.56 
2.526 2.444 2.342 2.199 2.346 3.101 3.299 5.132 6.395 9.065 
10.0 9.859 10.974 8.224 5.205 3.958 2.933 2.484 2.224 1.982 
2.246 2.292 2.16 1.837 1.912 1.411 1.421 1.499 1.575 1.69 
2.083 1.954 2.951 3.381 4.877 7.148 8.606 8.018 8.233 8.059 
8.621 7.463 8.23 8.729 9.55 10.181 12.629 13.012 10.595 7.133 
5.503 4.147 3.813 3.726 3.414 3.229 2.531 1.904 1.653 1.288 
1.395 1.475 1.305 1.443 1.716 2.278 2.813 3.567 4.242 5.194 
5.369 5.756 5.872 6.019 6.726 6.285 7.448 6.678 6.655 6.164 
6.482 7.455 7.668 8.358 9.538 6.529 4.711 3.89 3.541 2.753 
2.344 2.067 1.745 1.972 2.309 2.814 2.878 2.988 2.506 1.97 
1.64 1.554 1.505 1.448 1.331 1.37 1.643 1.928 3.016 3.75 
4.07 3.243 2.449 2.523 2.203 2.002 1.831 1.736 2.187 2.662 
3.187 3.66 3.694 2.901 2.12 2.472 2.18 2.057 1.993 2.175 
2.25 2.547 2.789 2.809 3.655 3.656 2.365 1.664 1.48 1.36 
1.357 1.213 1.398 1.496 2.038 2.497 3.68 4.279 4.113 3.593 
2.402 2.217 1.787 1.473 1.539 1.651 1.944 2.329 3.091 4.413 
6.342 6.006 6.111 3.516 2.488 1.936 1.608 1.563 1.493 1.371 
1.71 2.271 2.807 4.124 4.751 5.905 7.114 7.782 7.031 4.499 
3.717 4.308 4.057 3.15 3.28 3.374 4.279 4.747 4.815 4.491 
3.455 2.573 2.051 2.007 2.3 1.992 2.02 1.875 1.847 2.188 
2.238 2.458 2.357 2.28 1.943 2.074 2.268 2.063 2.376 2.589 
2.501 2.235 2.082 2.429 2.519 2.383 2.014 1.933 2.251 3.414 
3.959 3.93 3.161 3.046 3.197 3.442 3.441 3.23 2.372 2.005 
1.735 1.71 1.913 1.532 1.777 1.624 1.67 1.5 1.464 1.676 
1.686 1.811 1.673 1.831 2.197 1.829 1.879 1.918 2.079 2.339 
2.288 2.098 2.454 2.06 2.467 2.626 2.646 2.654 2.009 2.215 
2.973 4.43 5.604 4.564 5.418 6.361 6.884 5.218 3.955 4.817 
3.962 2.834 2.704 2.676 2.362 1.876 2.244 2.335 2.343 2.185 
1.858 1.711 1.967 2.687 2.273 1.945 1.658 1.687 1.921 2.239 
2.207 2.144 2.467 2.93 3.511 3.36 3.84 3.77 3.659 2.896 
2.372 2.5 2.523 2.417 2.886 3.275 3.998 4.572 4.44 4.169 
4.489 4.008 3.448 3.439 4.069 4.338 3.789 3.976 5.098 4.361 
4.035 3.626 3.242 2.42 1.907 1.31 1.249 1.064 0.984 0.957 
0.987 1.092 1.516 1.691 1.766 1.826 1.652 1.311 1.282 1.236 
1.132 1.262 1.341 1.368 1.636 2.389 3.906 4.797 4.922 5.531 
4.437 3.694 3.374 3.277 2.91 2.533 2.274 2.408 2.693 2.017 
1.665 2.047 2.403 3.06 3.246 2.894 3.469 4.648 5.795 5.334 
4.507 4.78 4.421 3.398 3.818 4.067 4.345 3.868 4.012 4.883 
5.487 5.6 5.68 6.801 6.043 5.835 4.56 4.162 3.897 3.241 
2.928 3.005 3.939 4.625 5.397 6.918 6.478 7.127 7.268 8.983 
9.391 8.869 6.976 6.753 7.024 6.617 5.44 5.368 5.561 5.618 
4.658 5.766 5.154 5.28 4.7 4.812 4.582 7.095 8.66 11.06 
11.845 11.735 10.769 8.862 7.199 6.851 7.33 6.202 4.655 5.431 
6.397 6.79 8.441 9.151 8.999 8.559 8.831 8.851 9.33 7.213 
7.336 7.018 6.53 7.283 7.197 7.498 6.678 6.881 7.635 8.311 
7.522 6.306 5.39 5.027 4.914 4.608 3.906 5.146 5.869 5.272 
6.026 7.395 7.925 6.652 6.134 6.111 4.889 3.48 3.27 3.373 
3.772 3.184 3.814 4.49 4.313 3.73 4.088 3.617 3.283 2.678 
2.612 2.714 1.98 1.847 1.517 1.297 1.22 1.378 1.508 1.573 
1.485 1.214 1.438 1.611 1.69 1.514 1.522 1.584 1.697 1.29 
1.145 1.274 1.367 1.819 1.969 1.923 1.664 1.476 1.359 1.096 
1.134 1.24 1.408 1.786 1.717 1.471 1.484 1.297 1.368 1.481 
1.399 1.383 1.832 2.394 3.803 5.145 7.085 6.907 4.608 2.975 
2.2 1.826 1.427 1.31 1.36 1.646 1.83 2.027 1.537 1.419 
1.329 1.375 1.547 1.832 1.801 1.831 1.609 1.361 1.168 1.307 
1.266 1.252 1.22 1.181 1.398 1.791 1.701 1.924 1.831 1.527 
1.377 1.361 1.297 1.145 1.125 1.187 1.415 1.677 2.233 1.994 
1.499 1.289 1.119 1.095 1.143 1.077 1.11 1.249 1.184 1.314 
1.514 1.819 1.68 1.445 1.153 1.242 1.112 1.023 1.096 1.403 
1.64 1.711 1.621 1.58 1.384 1.38 1.286 1.408 1.419 1.343 
1.243 1.144 1.148 1.288 1.368 1.073 1.235 1.201 1.182 1.052 
1.247 1.263 1.362 1.55 1.477 1.729 1.906 3.275 4.775 8.532 
8.209 8.315 9.28 6.733 5.336 4.101 4.735 5.074 5.33 4.725 
4.348 3.302 3.243 3.196 3.578 3.626 4.575 4.041 2.83 1.933 
1.664 1.624 1.342 1.305 1.756 2.484 2.627 1.84 1.557 1.488 
1.29 1.1 1.058 1.179 1.197 1.293 1.345 1.223 1.071 1.101 
1.102 1.005 0.908 0.899 1.403 1.816 2.006 1.54 1.129 1.186 
1.28 1.188 1.248 1.363 1.219 1.405 1.533 1.6 1.613 1.828 
1.634 1.427 1.503 1.559 1.386 1.47 1.623 1.776 1.588 1.707 
1.534 1.553 1.435 1.779 1.643 1.745 1.769 2.133 2.437 2.397 
2.464 2.208 2.735 2.606 2.443 2.088 2.089 1.58 1.777 1.947 
1.795 2.035 1.586 1.613 1.224 1.34 1.359 1.562 1.771 1.452 
1.6 1.373 1.215 1.22 1.307 1.175 1.334 1.559 1.721 1.687 
1.712 1.721 2.035 1.81 1.739 1.693 1.763 1.483 1.549 1.694 
1.837 1.568 1.71 1.552 1.816 1.663 1.532 1.705 2.085 2.239 
2.405 2.638 2.069 2.295 2.221 2.643 2.478 2.221 2.317 2.764 
2.691 2.583 2.717 2.967 2.894 2.885 3.146 3.197 2.86 2.305 
2.695 2.366 2.291 2.126 2.029 1.905 1.944 1.835 1.61 1.843 
1.923 2.41 2.461 2.359 2.88 2.688 3.874 4.144 4.173 4.588 
4.017 3.96 3.94 4.392 4.585 4.677 5.462 6.489 6.58 5.972 
6.234 6.834 6.515 5.884 5.512 5.241 5.31 6.157 5.375 5.856 
5.907 4.577 3.949 3.911 3.954 3.524 3.814 3.581 3.985 3.229 
3.121 3.714 4.184 4.245 5.063 5.849 6.043 6.304 6.329 7.389 
6.853 6.163 4.75 4.173 4.502 3.968 3.949 3.939 3.342 3.128 
2.511 2.871 2.395 2.264 1.989 1.824 1.898 1.873 1.864 1.467 
1.758 1.767 2.335 2.381 1.734 2.225 2.004 2.758 3.157 3.822 
3.526 2.902 2.82 2.886 3.115 2.879 3.103 3.81 4.182 4.295 
4.571 5.025 5.705 5.857 6.026 5.278 6.159 7.115 7.939 7.143 
6.274 6.092 5.63 6.374 6.761 7.302 7.37 8.273 10.588 10.868 
11.578 10.199 11.108 9.366 8.878 8.136 8.069 6.75 6.93 6.901 
7.861 7.797 7.52 7.111 8.319 7.939 6.969 5.707 5.242 4.663 
4.092 4.067 4.333 4.68 4.571 5.464 5.028 4.906 4.206 3.539 
2.924 2.285 2.045 2.085 1.787 2.262 2.618 2.29 2.672 2.41 
3.055 3.613 3.748 4.195 3.767 3.226 3.576 3.964 4.114 3.78 
4.44 4.73 5.123 5.803 5.973 6.598 7.35 8.332 9.955 10.481 
10.319 10.284 11.037 12.05 10.59 9.706 8.935 8.56 9.113 7.767 
7.635 7.34 7.116 8.477 11.041 12.367 13.07 12.601 12.168 10.619 
9.387 8.289 6.813 5.803 6.156 6.162 6.645 6.491 6.648 6.888 
7.069 8.342 9.429 10.003 10.83 12.579 13.184 15.0 15.0 15.0 
15.0 15.0 15.0 15.0 15.0 15.0 15.0 15.0 13.636 12.69 
11.419 11.141 10.101 8.881 6.733 5.036 4.894 5.16 4.692 5.437 
6.259 7.388 8.437 8.802 10.197 9.901 10.357 9.46 8.768 9.006 
9.644 10.42 12.296 11.977 10.688 10.796 11.349 11.572 10.999 10.311 
9.706 10.053 9.698 10.421 10.75 9.086 8.484 7.678 7.48 6.827 
7.361 7.344 6.37 6.621 6.16 6.271 6.534 6.377 6.66 6.448 
6.475 6.324 5.608 5.837 5.977 5.022 6.214 5.2 4.879 5.665 
5.918 5.893 6.917 7.083 8.555 9.316 8.602 8.413 7.992 8.297 
8.057 6.973 7.149 6.829 7.098 6.696 7.784 10.875 12.096 13.58 
13.499 11.976 13.31 13.029 12.832 12.596 10.844 10.712 11.51 11.135 
11.19 10.423 12.369 10.573 10.657 10.013 10.67 10.729 10.435 10.175 
10.71 9.236 7.982 7.418 6.613 7.289 8.794 9.24 7.552 8.225 
8.82 7.836 6.995 5.713 5.721 6.432 7.234 7.863 8.561 7.781 
9.286 9.101 9.145 7.424 8.758 10.072 10.918 15.0 15.0 15.0 
15.0 15.0 13.555 13.04 9.653 8.051 6.69 5.21 5.014 5.177 
4.389 3.499 2.86 2.089 2.172 2.481 2.932 4.296 5.6 4.644 
3.079 2.117 1.683 1.414 1.456 1.392 2.459 2.25 1.971 2.05 
2.007 2.065 1.991 1.844 1.689 1.941 2.355 3.45 5.188 6.731 
7.857 11.928 14.111 15.0 15.0 15.0 15.0 13.153 14.765 10.196 
8.971 7.236 7.692 7.297 7.531 8.624 9.362 8.371 8.536 8.165 
9.161 7.326 6.99 6.883 6.713 7.304 7.908 9.865 11.767 12.536 
12.228 11.582 8.504 6.146 4.308 3.704 3.037 3.323 3.538 3.486 
4.779 3.872 3.188 3.161 3.07 2.747 3.406 3.489 3.927 5.042 
5.112 6.096 6.572 7.865 8.517 10.648 12.349 15.0 15.0 15.0 
15.0 15.0 15.0 15.0 15.0 15.0 15.0 15.0 15.0 15.0 
15.0 15.0 15.0 15.0 15.0 15.0 15.0 15.0 15.0 15.0 
15.0 15.0 15.0 13.964 8.712 6.015 4.267 3.681 2.816 2.634 
2.089 1.922 1.899 1.742 1.763 2.047 1.838 1.684 1.666 1.942 
1.806 1.732 1.988 1.834 1.792 1.932 2.127 2.156 2.172 2.943 
3.903 3.967 3.75 5.094 4.725 3.237 2.749 2.722 2.148 1.964 
2.117 2.052 1.882 1.718 2.123 2.068 1.817 1.936 2.273 2.183 
1.998 2.248 2.38 2.059 2.44 3.315 4.279 5.437 5.088 5.02 
5.972 6.343 5.315 3.377 2.616 2.567 2.265 1.86 1.905 1.843 
1.789 1.507 1.804 1.955 1.608 1.768 1.971 2.025 1.708 2.124 
2.898 3.647 4.619 4.782 5.866 5.746 5.612 5.037 4.691 4.579 
4.354 5.096 5.757 5.617 7.05 6.976 8.366 9.365 10.173 10.534 
8.816 9.68 8.201 6.899 6.178 4.865 4.269 4.475 4.126 4.484 
5.112 5.898 6.468 6.996 8.397 8.855 10.368 11.544 13.362 14.8 
15.0 15.0 15.0 15.0 15.0 15.0 15.0 15.0 15.0 14.571 
12.222 12.645 12.266 
END
