PFRMAT local QA
AUTHOR LAW-CASP14
af2-standard_T1169_1.pdb local_accuracy_only 15.0 15.0 15.0 15.0 15.0 15.0 13.583 15.0 15.0 15.0 15.0 
15.0 15.0 14.627 15.0 15.0 15.0 15.0 15.0 15.0 15.0 
15.0 15.0 15.0 15.0 15.0 15.0 15.0 15.0 15.0 15.0 
15.0 15.0 15.0 15.0 15.0 15.0 15.0 15.0 15.0 15.0 
15.0 14.879 14.292 13.791 13.681 14.703 14.897 15.0 15.0 15.0 
15.0 15.0 15.0 14.951 14.857 13.785 14.145 15.0 15.0 15.0 
15.0 15.0 15.0 15.0 15.0 15.0 15.0 15.0 15.0 15.0 
15.0 15.0 14.366 15.0 15.0 15.0 15.0 15.0 15.0 15.0 
15.0 15.0 15.0 15.0 15.0 15.0 15.0 14.148 11.954 13.271 
12.063 11.723 12.273 11.111 12.215 15.0 15.0 15.0 15.0 15.0 
15.0 15.0 15.0 15.0 15.0 15.0 15.0 15.0 15.0 15.0 
15.0 15.0 15.0 15.0 15.0 15.0 15.0 15.0 15.0 15.0 
15.0 15.0 15.0 15.0 15.0 15.0 15.0 15.0 15.0 15.0 
15.0 15.0 15.0 15.0 15.0 15.0 15.0 15.0 15.0 15.0 
15.0 15.0 15.0 15.0 15.0 15.0 15.0 15.0 14.245 14.389 
15.0 14.527 15.0 15.0 15.0 14.799 15.0 15.0 15.0 15.0 
15.0 15.0 15.0 15.0 15.0 15.0 15.0 15.0 15.0 15.0 
15.0 15.0 15.0 15.0 15.0 15.0 15.0 15.0 15.0 15.0 
15.0 15.0 15.0 15.0 15.0 15.0 15.0 15.0 15.0 15.0 
15.0 15.0 15.0 15.0 15.0 15.0 15.0 15.0 15.0 15.0 
15.0 15.0 15.0 15.0 15.0 15.0 14.507 15.0 15.0 15.0 
12.362 15.0 8.633 9.349 10.212 10.422 10.533 9.388 9.607 9.345 
8.29 7.815 1.959 2.606 1.739 1.472 1.277 1.01 0.944 0.854 
1.003 1.084 1.05 1.065 0.998 1.061 1.274 1.509 2.554 4.518 
6.847 7.735 7.509 5.803 4.245 2.624 1.882 1.387 1.37 1.495 
1.556 1.593 2.111 1.759 2.461 2.621 1.783 1.283 1.146 7.263 
5.555 6.968 3.733 3.989 2.779 1.274 1.251 2.416 3.333 3.907 
6.554 8.915 6.148 7.72 7.685 5.386 3.894 5.619 4.35 1.316 
0.982 0.954 0.824 0.773 0.925 0.825 1.362 3.152 4.284 6.402 
8.546 8.615 8.689 8.529 9.194 6.387 7.516 9.147 6.4 5.585 
4.852 4.781 4.465 4.316 4.385 6.102 8.115 10.123 14.149 13.473 
15.0 14.45 14.028 14.048 13.377 11.337 10.546 10.882 10.553 9.712 
9.155 7.974 7.843 6.334 4.427 4.002 3.204 3.608 3.26 3.725 
9.018 8.522 5.645 3.637 5.015 4.631 5.651 4.594 5.229 5.698 
6.31 5.867 7.145 10.205 10.29 11.157 13.883 15.0 15.0 15.0 
15.0 15.0 15.0 15.0 15.0 15.0 15.0 15.0 15.0 14.359 
13.355 11.152 11.267 8.896 6.822 6.906 6.173 4.685 4.449 4.228 
4.36 4.371 5.368 4.93 5.281 4.734 3.273 1.921 1.749 1.38 
1.692 1.52 1.682 1.551 1.649 1.768 2.159 2.22 3.524 3.151 
2.764 2.658 2.705 2.189 1.597 1.299 1.156 1.462 1.419 1.058 
1.033 1.081 1.122 1.192 1.281 1.264 1.24 1.235 1.264 1.223 
1.296 1.777 2.062 2.431 2.625 2.326 2.682 1.91 2.059 1.48 
1.346 1.282 1.186 1.105 1.078 1.143 1.236 1.889 6.302 5.277 
5.935 3.515 4.447 1.87 1.628 1.521 1.292 1.291 1.439 3.052 
1.175 1.265 1.434 1.492 1.741 1.23 0.977 0.809 0.852 1.026 
1.089 1.559 1.596 3.204 2.348 2.855 2.539 2.423 2.294 1.854 
1.553 1.333 1.106 1.058 1.165 1.173 1.772 1.881 2.123 1.668 
1.571 1.505 2.321 4.62 9.071 2.723 2.498 2.994 2.985 2.673 
2.903 2.655 2.846 3.716 2.896 2.024 1.645 1.628 1.634 9.909 
9.898 8.952 11.185 10.468 7.183 1.98 1.686 1.358 1.198 1.13 
1.114 1.45 1.788 2.54 1.971 1.262 1.095 0.872 0.873 0.843 
1.039 1.114 1.52 1.299 1.153 0.986 0.808 0.752 0.77 0.916 
1.099 1.512 1.702 1.571 1.021 1.08 1.037 1.595 1.441 1.606 
1.472 1.667 2.058 1.988 2.252 3.09 6.524 9.504 9.645 8.181 
5.245 2.35 1.772 1.668 1.697 1.445 1.401 1.279 1.077 1.007 
0.877 0.842 0.865 0.824 0.928 0.905 0.941 1.159 1.605 2.35 
3.648 2.646 1.97 1.366 1.175 1.158 1.111 1.251 1.24 1.24 
1.642 1.966 9.556 10.123 10.424 10.729 9.701 6.948 3.435 2.539 
1.213 1.338 1.203 1.242 1.271 1.255 1.341 1.578 1.766 2.02 
2.044 1.969 1.579 1.463 1.333 1.28 1.251 1.268 1.253 1.317 
1.724 2.293 5.913 6.766 8.223 11.314 14.16 15.0 15.0 15.0 
15.0 15.0 15.0 15.0 15.0 15.0 13.228 10.324 7.815 6.69 
3.915 4.521 1.711 1.413 1.208 1.251 1.099 1.134 1.101 1.189 
1.261 1.577 1.712 1.481 1.31 1.241 1.097 1.013 1.017 1.083 
1.196 1.265 1.58 1.511 1.977 1.84 2.393 2.51 1.477 1.502 
1.283 1.2 1.308 1.185 1.091 1.086 1.223 1.247 1.865 1.411 
1.75 1.327 1.174 1.093 1.057 1.16 1.284 1.43 1.574 1.763 
1.915 2.165 1.984 2.292 2.057 1.894 1.842 1.82 1.547 1.581 
1.46 1.44 1.302 1.216 1.232 1.74 1.565 1.97 1.556 1.657 
1.543 1.328 1.213 1.024 0.961 1.183 1.257 2.435 3.119 10.528 
13.299 12.446 9.953 13.445 15.0 15.0 12.343 8.911 6.954 12.873 
14.056 2.644 1.738 1.647 1.625 1.674 1.723 1.742 0.942 1.279 
1.386 1.498 1.497 1.538 1.55 1.464 1.44 1.663 1.673 1.414 
1.715 1.51 1.446 1.557 1.532 1.621 1.462 1.57 1.088 8.256 
1.169 2.295 9.176 11.074 6.55 0.958 3.62 12.705 9.541 2.464 
8.766 2.513 1.948 1.848 2.402 2.046 3.137 4.146 3.905 4.252 
3.612 1.279 1.474 1.211 1.254 1.346 1.344 1.389 1.443 1.558 
1.356 1.171 1.21 1.27 1.421 1.283 1.349 1.251 1.335 1.431 
2.122 2.895 3.73 3.19 3.099 3.359 2.945 2.687 1.687 1.635 
1.609 1.414 1.509 1.364 1.437 1.591 2.579 5.576 6.55 4.51 
5.933 3.879 3.828 2.37 4.193 6.756 8.683 9.03 9.428 9.808 
7.794 6.703 5.665 5.654 6.881 6.845 7.629 6.667 5.088 5.005 
3.727 4.877 4.703 4.413 3.878 3.393 2.488 2.137 1.222 1.239 
1.37 1.217 1.703 1.416 1.206 1.021 1.07 1.185 1.525 2.114 
3.171 4.253 5.428 6.714 5.321 5.705 3.916 3.068 2.382 1.615 
1.572 1.241 1.166 1.24 1.464 1.765 2.402 2.146 2.42 2.239 
2.073 1.567 1.881 1.836 2.822 1.69 1.391 1.51 1.455 1.692 
1.727 2.032 1.651 1.792 1.648 1.689 1.643 1.637 1.72 2.379 
3.107 3.747 3.801 3.881 3.678 2.764 2.606 2.547 2.219 3.137 
2.063 5.624 5.687 6.777 6.274 6.319 3.179 1.568 1.516 1.513 
1.463 1.145 1.187 1.272 1.229 1.202 1.339 1.427 1.455 1.707 
1.819 3.514 6.09 8.973 10.783 15.0 13.019 15.0 15.0 15.0 
15.0 14.803 12.909 12.261 11.551 9.287 8.373 6.138 4.922 3.891 
4.068 3.409 3.369 3.42 2.885 3.317 3.494 3.264 2.989 2.996 
3.661 1.833 1.383 1.241 1.215 1.211 1.342 1.073 0.936 0.811 
0.789 0.823 0.922 0.998 1.002 1.0 1.133 1.198 1.616 1.414 
1.359 1.421 1.207 1.26 1.016 0.978 0.839 0.896 0.832 0.877 
0.885 1.017 1.14 1.349 1.301 1.292 1.401 1.188 1.099 1.282 
1.169 1.301 1.211 1.303 1.417 1.601 2.194 1.877 1.916 1.793 
2.008 2.238 2.529 2.731 2.949 3.198 3.314 3.401 3.516 5.046 
13.15 15.0 15.0 15.0 15.0 15.0 15.0 15.0 14.319 12.029 
10.381 7.509 4.634 4.013 3.214 3.127 2.616 2.408 2.497 2.652 
3.592 3.536 4.221 3.658 2.412 2.539 2.67 2.403 2.459 2.285 
2.808 4.103 5.349 5.388 7.05 9.606 10.456 9.07 8.896 7.127 
6.741 5.56 3.947 3.798 3.213 2.777 2.508 2.57 2.359 2.075 
1.996 1.909 1.831 1.839 2.217 2.397 1.94 1.953 2.564 3.074 
2.14 12.87 1.442 2.748 2.034 1.646 1.468 2.139 1.43 1.31 
1.27 1.257 1.428 1.337 1.289 1.127 1.135 1.235 1.335 1.639 
1.346 1.318 1.247 1.41 2.144 2.071 3.195 2.347 1.878 1.565 
1.598 1.559 1.56 2.002 2.285 3.169 3.076 2.677 2.855 3.007 
2.716 2.516 1.628 2.045 1.894 2.036 1.82 2.084 2.321 2.77 
3.46 5.69 6.184 2.612 1.996 1.552 1.266 1.293 1.58 1.338 
1.525 1.213 11.569 2.134 9.132 3.501 5.495 8.419 12.447 14.034 
15.0 15.0 15.0 15.0 15.0 15.0 15.0 13.84 14.083 15.0 
15.0 15.0 15.0 15.0 15.0 15.0 15.0 15.0 11.096 15.0 
4.987 10.92 6.637 9.71 11.481 6.701 13.046 5.841 4.997 15.0 
15.0 15.0 15.0 15.0 15.0 15.0 14.837 13.834 15.0 14.82 
15.0 15.0 15.0 12.226 13.825 15.0 15.0 15.0 15.0 15.0 
15.0 7.939 15.0 15.0 15.0 15.0 8.422 7.728 8.344 10.522 
4.887 8.673 9.071 3.436 4.723 3.113 3.27 2.973 3.836 8.601 
9.617 6.502 3.341 3.736 3.592 5.222 8.888 6.52 3.439 3.656 
2.27 3.744 1.761 1.481 12.528 13.786 12.908 13.609 12.304 6.259 
3.477 2.017 1.338 1.147 0.942 1.038 1.32 1.459 1.474 1.947 
2.268 3.34 7.23 6.357 9.862 7.505 6.969 6.108 2.928 6.953 
5.559 2.993 3.926 3.991 7.919 10.385 11.322 11.13 13.373 13.398 
13.282 8.435 13.278 13.467 12.463 11.377 8.892 10.556 4.148 5.162 
5.038 6.103 9.701 11.52 11.025 10.857 10.19 9.304 9.899 7.396 
5.119 4.1 4.18 3.563 4.069 5.181 8.065 11.343 12.602 13.0 
12.878 12.336 12.022 9.495 5.818 4.36 5.014 3.109 3.466 3.178 
4.816 3.508 2.92 4.437 3.912 4.657 7.565 10.977 10.834 9.355 
13.543 13.299 14.993 15.0 15.0 15.0 14.475 15.0 15.0 15.0 
13.936 15.0 15.0 13.166 14.936 14.417 10.13 6.619 3.148 1.693 
1.568 1.277 0.983 0.97 1.006 0.909 0.93 0.83 0.925 1.201 
1.232 1.359 1.162 1.13 0.844 0.88 1.022 0.871 1.007 0.919 
0.828 0.858 0.84 0.895 1.041 0.847 0.788 0.698 0.698 0.678 
0.661 0.657 0.667 0.639 0.68 0.763 0.636 0.845 0.962 1.185 
1.05 0.99 1.069 0.98 0.968 1.209 1.188 1.221 1.191 1.332 
1.41 1.28 1.07 0.96 0.892 0.807 1.086 1.029 1.191 0.925 
0.85 0.848 0.899 0.828 0.732 0.738 0.72 0.882 0.834 1.101 
1.235 1.081 0.975 0.895 0.839 0.893 0.801 0.944 0.903 1.202 
3.687 1.484 1.825 0.764 0.772 0.687 0.679 0.597 0.6 0.584 
0.632 0.587 0.61 0.606 0.682 1.024 1.332 1.728 1.676 1.586 
2.166 1.926 2.496 2.857 4.236 1.671 1.185 0.852 0.688 0.805 
0.807 1.173 1.399 3.549 6.557 2.144 10.059 1.342 10.767 1.644 
9.399 7.128 12.65 1.564 1.495 1.045 1.254 1.151 0.785 0.836 
0.831 0.874 0.793 0.75 0.713 0.707 0.751 0.893 1.121 0.917 
1.195 1.541 1.73 7.87 6.093 5.265 1.508 1.697 1.031 2.753 
1.2 1.064 0.96 0.696 0.782 0.722 0.89 1.141 1.323 1.754 
1.708 1.517 1.188 0.857 0.74 0.609 0.724 0.612 0.618 0.681 
0.632 0.685 0.674 0.806 0.967 0.954 1.199 0.999 1.128 0.988 
0.945 0.891 1.089 1.159 1.562 2.159 1.461 1.716 1.874 1.022 
0.925 0.886 1.008 1.111 1.269 1.662 1.5 1.465 1.154 0.938 
0.808 0.783 0.735 0.695 0.767 0.841 1.029 1.013 1.008 0.911 
0.78 0.672 0.657 0.746 0.746 0.77 0.889 0.995 0.82 0.817 
0.772 0.809 0.774 0.664 0.653 0.616 0.706 0.807 0.977 1.327 
2.09 1.825 6.737 4.277 5.776 7.007 5.063 2.775 4.893 3.915 
7.029 2.549 2.346 1.974 1.903 0.931 0.771 0.657 0.663 0.667 
0.724 0.872 0.865 0.943 0.925 0.94 0.955 1.277 1.765 2.771 
2.314 1.972 1.639 1.662 1.794 1.907 1.736 2.342 2.162 2.676 
3.771 4.759 5.154 5.641 5.907 6.504 5.83 5.908 4.77 4.842 
4.579 5.693 5.134 3.963 3.975 3.599 3.738 2.689 2.356 3.008 
3.21 3.909 3.166 2.488 2.412 1.433 1.381 0.886 0.754 0.657 
0.646 0.722 0.818 1.013 1.214 1.617 1.655 1.862 1.72 1.61 
1.431 1.25 1.153 1.139 1.15 1.336 1.498 1.596 1.504 1.353 
1.251 1.152 1.112 1.147 1.395 1.711 2.265 1.825 1.5 1.709 
1.386 2.055 2.175 1.92 1.813 1.797 2.446 2.134 2.617 2.528 
1.851 1.278 0.855 0.732 0.612 0.613 0.718 0.85 1.326 1.838 
2.802 1.63 1.084 0.786 0.695 0.696 0.806 0.696 0.71 0.805 
0.95 0.953 0.986 1.277 1.409 3.12 5.283 7.358 4.957 4.376 
2.283 2.081 2.344 2.515 2.096 2.279 1.755 1.635 1.471 1.392 
1.487 1.562 1.634 1.756 1.457 1.825 1.351 1.383 1.146 0.859 
0.784 0.764 0.748 0.926 0.864 0.729 0.784 0.78 0.819 0.836 
0.972 1.257 1.72 2.486 2.921 3.324 3.117 2.535 1.75 1.697 
1.274 1.365 1.135 1.963 1.881 2.303 1.782 2.317 3.694 2.747 
2.092 1.913 1.467 1.451 1.393 1.961 1.649 1.57 1.521 2.143 
2.217 1.921 1.522 1.811 1.211 1.8 2.464 1.507 3.78 2.08 
1.677 4.531 2.708 6.765 3.946 8.628 11.181 14.878 14.785 12.603 
12.721 11.42 6.273 2.464 3.029 1.37 2.483 2.226 2.819 2.321 
1.91 1.458 1.336 1.791 1.318 1.48 1.902 2.814 3.389 2.537 
3.632 2.97 1.955 1.513 1.716 3.726 3.472 1.634 1.283 1.062 
1.118 1.231 1.489 1.101 1.22 1.496 2.187 1.568 1.645 2.481 
1.467 1.172 1.373 1.054 1.015 0.984 1.077 1.104 0.993 1.036 
1.071 1.592 2.966 3.285 4.457 4.449 9.968 8.523 8.744 2.295 
1.27 1.188 1.004 1.036 0.97 0.948 0.977 1.207 1.3 1.063 
1.123 1.051 1.341 1.341 1.424 1.137 1.14 1.05 1.122 1.401 
2.102 4.582 6.222 5.932 5.779 4.622 4.575 4.335 3.239 3.982 
4.127 3.376 3.856 3.681 4.079 4.117 3.335 3.112 2.302 2.073 
1.705 1.521 1.589 1.256 1.221 1.196 1.111 1.262 1.369 1.199 
1.221 1.161 1.122 1.308 1.515 2.555 3.217 2.12 1.26 9.176 
8.211 2.14 1.405 1.345 1.214 1.17 1.057 1.155 1.265 1.785 
1.637 1.566 1.326 1.216 1.11 1.172 1.111 1.217 1.152 1.179 
0.949 1.026 0.979 1.049 1.013 1.015 1.097 1.107 1.146 1.145 
1.188 1.161 1.131 1.418 1.582 1.72 2.145 2.925 3.5 3.868 
4.103 4.564 4.733 4.5 3.844 3.0 1.867 1.599 1.507 1.482 
1.373 1.486 1.374 1.306 1.245 1.123 1.248 1.175 1.182 1.536 
1.348 1.523 2.23 8.664 9.645 15.0 15.0 3.446 2.525 2.373 
15.0 11.561 2.142 1.053 1.101 0.795 1.016 0.717 1.065 0.953 
1.148 1.454 2.403 1.962 2.193 3.951 3.177 2.695 2.338 1.951 
1.608 1.288 0.942 0.934 0.742 0.754 0.756 0.945 1.183 1.516 
1.45 1.022 0.76 0.98 1.098 0.977 1.111 1.091 4.334 1.117 
1.379 3.337 3.088 1.857 1.448 1.119 1.021 0.853 0.909 0.832 
14.711 1.068 4.037 1.309 15.0 14.09 15.0 3.231 2.973 14.331 
8.667 5.107 13.606 15.0 13.289 14.342 11.732 4.429 5.147 3.79 
2.854 1.56 1.362 1.051 0.917 1.082 1.02 0.899 0.863 0.85 
0.78 0.891 0.76 0.795 0.834 1.125 1.063 1.62 1.356 1.332 
1.426 1.107 0.953 0.81 0.802 0.804 0.776 0.805 0.826 0.901 
0.995 1.036 1.219 1.721 1.473 1.313 1.334 0.983 0.93 0.777 
0.791 0.767 0.772 0.794 0.846 0.939 1.071 0.846 0.922 0.805 
0.873 0.859 0.846 0.86 0.968 1.038 1.462 1.523 2.854 2.667 
1.947 1.465 1.206 1.012 1.03 0.906 1.034 1.022 1.127 1.104 
1.066 0.955 1.216 1.116 1.103 1.097 1.086 1.032 1.066 1.067 
1.208 1.21 1.578 1.23 1.556 1.727 1.553 1.353 1.128 1.073 
0.945 1.133 0.973 1.089 0.966 1.056 0.954 1.206 0.936 1.472 
1.341 1.418 1.292 0.978 1.084 1.128 1.496 2.131 8.406 9.902 
12.697 15.0 12.554 11.314 8.122 5.664 2.295 1.437 1.181 1.001 
1.036 1.292 1.302 1.394 1.378 4.764 1.953 3.708 1.732 4.635 
1.093 1.067 1.015 1.019 1.231 1.007 1.217 1.241 1.775 1.679 
1.435 1.34 1.099 1.023 0.933 0.954 0.818 0.913 0.852 1.01 
0.947 0.916 0.957 0.939 0.902 0.851 0.921 0.879 1.051 1.059 
1.199 1.124 1.078 1.06 0.815 0.85 0.822 0.853 0.881 1.156 
1.327 1.143 0.929 0.77 1.035 0.926 1.358 1.132 1.09 0.987 
0.965 0.901 0.871 0.732 0.899 0.723 0.694 0.776 0.819 0.997 
1.178 1.214 1.039 1.171 1.271 1.045 0.955 1.305 1.961 2.657 
2.284 2.523 2.645 2.901 3.013 3.369 3.852 2.872 2.891 3.736 
3.747 4.725 4.011 4.073 3.761 3.647 4.593 3.659 3.01 3.263 
2.927 2.628 2.626 2.264 2.302 1.699 1.59 1.707 1.59 1.344 
1.225 1.345 1.364 1.669 1.796 1.792 1.737 1.285 1.244 1.088 
1.013 1.233 1.588 2.0 3.756 8.584 5.066 9.531 4.287 3.175 
3.481 4.117 3.505 2.797 3.356 3.962 3.02 2.878 2.786 2.19 
2.044 1.952 1.803 1.405 1.51 1.961 1.628 1.293 1.668 2.162 
2.208 1.729 1.247 1.187 0.955 0.751 0.634 0.577 0.645 0.652 
0.734 0.828 0.987 1.237 0.959 0.935 0.836 0.774 0.728 0.612 
0.575 0.574 0.615 0.807 0.955 1.274 1.85 1.451 1.358 2.142 
2.647 1.542 2.973 2.418 2.195 6.017 9.625 4.701 9.398 10.539 
8.398 8.827 13.08 11.49 8.17 4.295 5.131 3.635 3.959 4.26 
3.358 4.173 3.27 3.596 3.805 4.235 6.429 7.938 8.292 9.098 
12.327 11.171 11.716 11.119 11.424 7.688 3.642 9.383 13.033 13.273 
15.0 15.0 15.0 15.0 15.0 15.0 15.0 15.0 15.0 15.0 
15.0 15.0 15.0 15.0 13.683 10.986 15.0 15.0 15.0 15.0 
15.0 15.0 15.0 15.0 15.0 15.0 15.0 15.0 15.0 15.0 
15.0 15.0 15.0 15.0 15.0 15.0 15.0 15.0 15.0 15.0 
15.0 15.0 15.0 15.0 15.0 15.0 15.0 15.0 15.0 15.0 
15.0 15.0 15.0 15.0 15.0 15.0 15.0 15.0 15.0 15.0 
15.0 15.0 15.0 15.0 15.0 15.0 15.0 15.0 15.0 15.0 
15.0 15.0 15.0 15.0 15.0 15.0 15.0 15.0 15.0 15.0 
14.368 13.255 15.0 10.306 5.652 6.723 9.034 2.385 1.732 0.766 
0.831 1.042 0.782 0.794 0.645 0.621 0.596 0.664 0.85 0.974 
1.089 0.966 0.946 1.018 0.872 0.813 0.791 0.921 1.009 1.021 
0.809 0.701 0.725 0.687 0.819 0.924 0.997 1.022 1.07 1.033 
1.078 0.975 0.975 1.207 1.113 0.898 0.789 0.717 0.927 0.984 
1.191 1.257 1.792 1.889 1.746 2.817 3.959 4.693 4.018 2.241 
1.673 1.201 0.971 0.832 0.697 0.708 0.708 0.732 0.682 0.684 
0.738 0.79 0.845 0.956 1.169 1.229 1.159 1.158 0.976 0.987 
0.888 0.797 0.772 0.821 0.878 0.96 0.965 1.183 1.091 0.948 
0.829 0.801 0.847 0.847 1.002 1.101 1.349 1.515 1.382 1.518 
1.16 1.008 0.819 0.803 0.749 0.764 0.838 0.845 1.047 1.068 
1.152 1.246 0.759 0.728 0.761 0.759 0.861 0.891 1.033 1.135 
1.386 1.195 1.162 1.088 1.072 1.135 1.055 0.934 0.879 0.83 
0.783 0.785 0.758 0.783 0.805 0.968 0.851 0.891 0.796 0.899 
0.88 0.956 1.063 1.203 1.317 1.48 1.613 1.984 5.255 15.0 
15.0 4.249 14.103 3.739 3.979 2.465 2.063 1.847 1.247 1.242 
1.0 0.977 0.852 0.839 0.856 0.953 1.12 0.902 0.948 0.827 
0.761 0.76 0.821 0.926 1.017 1.139 1.077 0.991 0.917 0.781 
0.743 0.669 0.681 0.659 0.627 0.676 0.728 0.757 0.702 0.762 
0.685 0.676 0.702 0.763 0.831 1.264 1.008 0.868 0.78 0.833 
0.915 0.811 0.876 0.971 1.068 0.881 0.815 0.965 1.201 1.358 
1.422 1.191 1.223 1.403 1.205 1.494 1.615 1.579 1.995 1.589 
1.283 1.642 2.547 2.933 2.306 1.505 1.245 0.944 1.148 1.375 
2.192 2.413 2.614 3.216 3.101 2.126 1.982 1.499 1.219 1.396 
1.151 1.26 1.242 1.006 1.094 0.897 0.939 0.976 0.96 0.846 
0.816 0.822 0.796 0.851 0.784 0.885 0.911 1.131 1.075 1.016 
0.946 0.878 0.963 0.823 0.864 0.795 0.795 0.786 0.811 0.858 
0.752 0.853 0.816 0.814 0.821 0.88 0.843 0.928 1.059 1.353 
1.089 1.098 1.029 0.889 1.006 1.027 0.93 0.983 1.13 1.173 
1.129 1.195 1.396 1.379 1.401 1.559 1.618 1.688 1.596 1.414 
1.37 1.309 1.049 1.097 1.153 1.0 1.014 0.954 1.012 0.893 
0.893 0.952 0.978 0.906 1.203 1.314 1.829 1.603 2.32 1.557 
1.413 2.278 1.598 1.31 1.6 2.86 1.678 1.734 1.72 1.811 
1.862 1.646 1.512 1.976 1.686 1.485 1.378 1.591 1.475 1.257 
1.125 1.166 1.013 0.845 0.946 0.974 0.845 0.784 0.862 0.959 
0.935 1.115 1.074 1.296 1.361 1.574 1.922 1.478 1.619 1.817 
1.939 1.383 1.577 1.613 1.75 1.53 1.563 1.621 1.584 1.464 
1.415 1.451 1.366 1.249 1.31 1.343 1.306 1.488 1.432 1.433 
1.299 1.187 1.191 1.231 1.13 1.082 1.181 1.182 1.388 1.403 
1.414 1.248 1.585 6.387 1.38 1.588 2.843 4.642 1.624 1.823 
2.36 2.853 1.802 2.353 3.592 3.001 2.334 4.297 3.119 2.76 
3.943 2.583 7.921 13.104 14.178 8.267 3.05 9.655 9.42 9.094 
10.006 9.688 10.424 11.071 11.271 12.835 11.096 11.576 3.35 6.083 
6.139 1.615 1.732 1.922 1.761 1.414 1.847 1.646 1.475 1.643 
2.083 1.555 1.522 1.776 1.464 1.487 1.66 1.662 1.384 1.93 
1.65 2.497 1.437 1.478 1.307 1.404 1.583 1.289 1.37 1.414 
1.441 1.416 1.36 1.606 1.468 1.459 1.691 2.296 1.87 5.656 
9.059 5.779 7.651 9.928 9.419 8.454 10.754 11.533 14.197 15.0 
15.0 15.0 15.0 15.0 9.276 8.578 13.702 15.0 15.0 15.0 
12.825 10.024 10.089 9.66 13.537 15.0 15.0 15.0 15.0 15.0 
15.0 15.0 15.0 15.0 15.0 15.0 15.0 15.0 15.0 15.0 
15.0 15.0 15.0 15.0 15.0 15.0 15.0 15.0 15.0 15.0 
15.0 15.0 15.0 15.0 15.0 15.0 15.0 15.0 15.0 15.0 
15.0 15.0 15.0 15.0 15.0 15.0 15.0 15.0 15.0 15.0 
15.0 15.0 15.0 15.0 15.0 15.0 15.0 15.0 15.0 15.0 
15.0 15.0 15.0 15.0 15.0 15.0 15.0 15.0 15.0 15.0 
15.0 15.0 15.0 15.0 15.0 15.0 15.0 15.0 15.0 15.0 
15.0 15.0 15.0 15.0 15.0 15.0 15.0 15.0 15.0 15.0 
15.0 15.0 15.0 15.0 15.0 15.0 15.0 15.0 15.0 15.0 
15.0 15.0 15.0 15.0 15.0 15.0 15.0 15.0 15.0 15.0 
15.0 15.0 15.0 15.0 15.0 11.825 15.0 15.0 15.0 15.0 
15.0 15.0 15.0 15.0 15.0 15.0 15.0 15.0 15.0 15.0 
15.0 15.0 15.0 15.0 15.0 15.0 15.0 15.0 15.0 15.0 
15.0 15.0 15.0 15.0 15.0 15.0 15.0 15.0 15.0 15.0 
15.0 15.0 15.0 15.0 14.169 13.033 11.89 13.049 15.0 15.0 
15.0 15.0 15.0 14.564 13.537 12.109 14.142 15.0 15.0 15.0 
15.0 15.0 2.896 6.125 9.052 9.93 11.788 11.507 12.033 11.605 
12.646 10.696 13.863 9.719 12.302 10.648 11.712 12.102 11.908 11.497 
12.415 11.876 10.835 8.409 10.126 10.91 14.149 15.0 15.0 15.0 
15.0 15.0 11.708 11.089 10.84 12.41 13.507 15.0 14.561 15.0 
14.487 15.0 15.0 15.0 15.0 15.0 15.0 15.0 15.0 15.0 
15.0 15.0 15.0 15.0 15.0 15.0 15.0 15.0 15.0 15.0 
15.0 15.0 15.0 15.0 15.0 15.0 15.0 15.0 15.0 15.0 
11.3 10.597 9.332 7.704 6.304 6.681 7.383 4.901 3.923 6.024 
9.137 10.813 9.491 8.722 7.721 8.446 8.976 8.381 11.515 15.0 
15.0 15.0 15.0 15.0 15.0 14.873 14.487 14.473 15.0 15.0 
15.0 15.0 14.595 15.0 15.0 15.0 15.0 15.0 15.0 15.0 
15.0 15.0 15.0 15.0 15.0 15.0 15.0 15.0 15.0 15.0 
15.0 15.0 15.0 15.0 11.285 8.753 4.717 2.33 2.307 1.615 
1.522 1.507 1.493 1.367 1.311 1.358 1.258 1.171 1.186 1.205 
1.126 1.076 1.171 1.209 1.145 1.236 1.325 1.431 1.597 1.73 
1.788 2.268 2.992 3.263 4.435 3.923 2.805 3.265 2.415 1.609 
1.8 1.681 1.441 1.285 1.316 1.254 1.196 1.256 1.279 1.249 
1.307 1.435 1.427 1.508 1.523 1.643 1.868 2.177 5.777 2.589 
10.469 6.471 8.336 2.661 1.875 1.846 1.701 1.308 1.316 1.431 
1.245 1.153 1.404 1.431 1.222 1.29 1.461 1.604 1.52 1.999 
2.354 3.379 5.715 8.55 10.922 12.999 13.315 13.555 12.906 14.074 
14.225 12.866 14.169 15.0 15.0 15.0 15.0 15.0 15.0 15.0 
15.0 15.0 14.492 12.489 9.29 10.921 2.058 3.934 4.014 6.932 
7.23 10.486 10.681 10.994 10.751 10.217 9.145 11.168 10.432 10.845 
12.039 13.504 15.0 15.0 14.274 12.733 10.696 10.773 10.826 9.024 
7.524 5.009 1.724 
END
