PFRMAT local QA
AUTHOR LAW-CASP14
af2-standard_T1137s1_1.pdb local_accuracy_only 15.0 15.0 15.0 15.0 15.0 15.0 15.0 15.0 15.0 15.0 15.0 
15.0 13.645 9.206 6.439 4.003 3.345 3.01 2.709 2.639 2.667 
2.559 2.658 2.837 2.71 3.139 3.462 3.482 3.255 3.784 3.734 
3.88 4.204 4.651 4.299 4.472 2.023 1.898 1.824 2.126 2.091 
1.942 1.981 2.062 2.024 1.65 1.341 1.135 1.076 1.041 1.139 
1.051 0.992 1.093 1.278 1.642 1.68 1.409 1.418 1.357 1.31 
1.261 1.192 1.173 1.219 1.018 1.056 0.914 1.075 1.162 1.349 
1.429 1.308 1.181 1.038 0.971 1.03 0.949 1.134 1.106 1.148 
1.139 1.631 1.591 3.144 2.817 3.949 3.873 3.454 2.474 1.608 
1.403 1.091 1.0 0.962 0.967 1.025 0.99 1.132 1.242 1.463 
1.295 1.437 1.631 1.623 1.509 1.665 1.657 1.574 1.278 1.214 
1.001 1.065 1.039 1.04 1.316 1.329 1.68 1.743 1.727 1.508 
1.355 1.131 1.007 0.888 1.022 1.035 1.139 1.579 1.679 2.751 
2.973 1.972 2.323 1.839 1.843 1.754 1.753 1.852 1.522 2.023 
1.724 1.288 1.212 1.211 1.32 1.387 1.4 1.516 1.43 2.377 
2.255 3.116 4.446 4.155 4.439 5.773 5.94 6.812 5.935 9.266 
8.718 7.126 5.101 6.181 5.847 4.127 3.623 3.059 2.829 3.034 
2.51 2.702 3.001 2.808 2.439 2.776 2.746 2.75 3.317 3.538 
3.24 3.4 3.582 4.467 4.305 4.656 4.699 4.731 4.389 4.921 
6.69 6.032 5.849 6.457 5.179 5.049 6.491 8.291 6.298 5.772 
5.359 4.949 4.394 4.472 4.509 3.529 3.242 2.913 2.602 2.489 
2.526 2.624 2.553 2.631 2.992 3.079 2.97 3.406 3.541 3.285 
3.241 3.521 3.312 3.304 3.475 3.612 3.352 3.427 3.597 3.42 
3.193 3.387 3.37 3.174 3.335 3.67 3.541 3.093 3.159 3.18 
3.238 3.196 3.307 2.974 2.998 2.818 3.516 3.448 3.63 3.621 
3.542 3.753 4.354 5.193 4.517 4.828 6.343 9.629 11.234 13.791 
15.0 15.0 15.0 15.0 15.0 15.0 15.0 14.256 13.733 12.467 
10.673 8.565 6.935 5.629 4.941 4.107 3.688 3.386 3.408 3.272 
3.186 3.059 3.098 3.247 3.473 3.81 3.797 3.771 3.796 3.949 
4.029 3.632 3.38 2.747 2.71 2.318 2.205 2.027 2.001 1.917 
1.93 1.935 2.011 2.058 2.09 2.291 2.288 2.384 2.496 2.714 
2.933 3.241 4.158 4.655 6.083 9.491 10.24 10.016 15.0 15.0 
14.11 15.0 15.0 14.996 15.0 15.0 15.0 15.0 15.0 15.0 
10.764 7.881 7.363 7.066 7.923 4.906 7.087 6.059 4.483 4.572 
4.631 4.833 4.09 3.979 4.236 4.664 5.443 5.522 5.157 4.033 
4.004 6.16 5.405 4.698 3.065 2.737 2.602 2.926 4.389 9.072 
13.984 15.0 15.0 15.0 15.0 15.0 15.0 15.0 14.985 10.281 
5.974 9.031 5.189 4.323 4.344 4.272 4.704 5.531 6.106 5.737 
5.859 7.079 7.485 8.081 8.767 8.654 7.385 6.528 5.922 4.808 
4.971 4.134 4.141 4.239 4.031 4.526 3.753 3.95 4.537 5.957 
7.676 8.256 8.507 6.884 7.197 5.862 6.916 6.989 
END
