PFRMAT local QA
AUTHOR MASS-CASP14
af2-standard_T1137s1_1.pdb local_accuracy_only 15.0 15.0 15.0 15.0 15.0 15.0 15.0 15.0 15.0 15.0 15.0 
15.0 15.0 15.0 14.858 12.299 10.523 11.01 9.978 8.493 8.71 
7.207 6.581 6.506 5.928 6.295 5.452 5.588 4.969 4.589 4.998 
4.623 4.941 4.684 4.285 3.902 3.816 3.804 3.77 3.691 4.008 
4.412 4.125 4.31 4.119 4.033 2.917 2.034 1.645 1.472 1.48 
1.217 1.095 1.197 1.371 1.739 2.073 2.15 2.312 2.443 2.571 
2.107 2.14 2.262 2.112 1.588 1.558 1.326 1.403 1.722 1.786 
2.007 1.754 1.58 1.564 1.522 1.457 1.589 2.109 2.195 2.363 
2.777 3.634 4.479 6.215 8.025 8.505 9.249 7.545 6.304 4.237 
3.23 2.336 1.942 1.85 1.873 1.791 1.785 1.779 2.697 2.728 
3.034 3.334 3.294 2.958 2.158 2.177 2.261 2.026 1.753 1.538 
1.584 1.525 1.406 1.362 1.393 1.558 1.771 2.284 2.313 2.202 
1.906 1.478 1.298 1.165 1.178 1.15 1.459 2.125 3.774 6.755 
7.788 9.359 9.685 10.147 8.192 7.281 6.696 10.422 11.751 11.188 
8.614 8.399 6.903 8.109 10.872 9.729 8.426 6.138 6.395 6.261 
5.441 5.164 5.523 5.239 4.488 5.055 5.908 5.691 5.733 6.078 
5.689 5.003 4.803 5.294 4.643 4.817 3.734 4.679 4.654 4.539 
3.793 3.904 4.468 4.173 4.21 5.262 5.184 5.975 5.908 7.121 
6.913 6.122 6.398 7.226 6.816 8.239 9.473 10.262 7.806 8.843 
9.148 8.603 8.925 9.655 9.252 8.372 7.618 9.126 7.478 7.756 
8.196 8.827 7.31 6.34 7.489 6.727 7.198 6.262 6.991 5.776 
5.975 5.785 5.794 4.736 5.138 5.295 5.156 5.03 4.923 4.559 
5.29 5.316 6.225 5.534 6.32 7.118 7.752 6.419 6.891 5.89 
5.258 5.846 6.532 6.409 6.779 8.035 8.757 8.562 8.641 8.878 
8.081 7.234 6.931 6.737 6.316 6.33 7.178 6.934 7.636 7.833 
6.686 5.468 6.33 5.825 5.848 6.623 8.041 7.473 7.634 6.567 
8.107 7.152 7.744 7.019 7.736 6.855 7.797 7.208 7.227 8.0 
8.878 9.521 10.634 10.387 11.436 11.469 10.604 10.365 9.138 9.743 
10.398 10.58 9.799 8.76 8.367 7.923 6.376 6.809 6.303 6.298 
5.285 5.6 5.319 5.195 5.017 4.697 4.306 3.417 3.04 3.253 
3.364 3.612 3.951 4.087 5.099 5.315 5.844 5.906 6.234 5.44 
6.151 6.186 7.813 8.973 10.736 8.851 10.728 11.263 15.0 12.804 
13.485 12.766 11.484 12.127 13.813 12.344 12.667 10.182 10.653 8.876 
8.824 8.419 7.425 5.788 5.326 4.318 3.778 3.838 4.435 3.995 
3.718 3.799 3.701 4.002 4.138 5.059 5.005 4.869 4.744 4.075 
4.147 4.586 4.849 4.613 4.461 4.59 4.76 4.857 5.545 5.653 
6.158 6.049 6.169 7.109 6.019 5.789 5.991 6.062 7.653 7.869 
8.364 8.67 7.168 8.055 7.495 8.967 7.9 7.938 7.043 7.404 
6.856 7.707 7.267 6.947 6.038 6.301 5.551 5.219 5.223 5.866 
5.546 5.264 5.227 5.37 5.329 5.638 5.214 6.264 7.183 8.195 
9.212 8.436 7.948 8.026 9.946 10.101 10.984 13.287 
END
