PFRMAT local QA
AUTHOR MASS-CASP14
af2-standard_T1137s3_5.pdb local_accuracy_only 15.0 15.0 15.0 15.0 15.0 15.0 15.0 15.0 15.0 15.0 15.0 
15.0 15.0 15.0 15.0 15.0 15.0 15.0 15.0 15.0 15.0 
15.0 15.0 15.0 15.0 15.0 15.0 15.0 13.679 14.097 14.477 
15.0 15.0 15.0 14.598 15.0 11.88 8.663 4.849 2.708 1.551 
1.218 1.091 1.058 1.089 0.898 1.138 1.147 0.992 1.173 1.265 
1.112 1.415 1.495 1.482 1.132 1.174 1.01 1.13 1.367 1.867 
2.3 2.001 1.684 1.346 1.302 1.144 1.088 1.287 1.348 1.209 
1.223 1.319 1.654 2.669 2.52 1.809 1.463 1.242 1.24 1.271 
1.317 1.353 1.506 2.133 2.984 2.604 2.324 1.617 1.826 1.896 
1.647 1.354 1.222 1.229 1.286 1.064 1.316 1.565 1.825 2.05 
2.546 2.314 2.102 1.623 1.558 1.242 1.15 0.913 0.959 1.222 
1.61 2.23 3.731 5.963 7.264 8.778 9.549 12.917 15.0 15.0 
14.896 12.208 10.376 13.865 15.0 15.0 15.0 12.184 12.259 11.251 
12.125 11.569 10.139 10.998 10.785 9.26 8.108 10.519 10.48 11.009 
12.305 10.48 11.382 10.942 10.938 10.833 12.037 9.179 6.62 6.349 
5.767 4.271 3.436 3.328 3.342 2.986 3.096 3.452 3.477 3.12 
3.064 3.423 3.594 3.67 4.516 4.936 4.685 4.438 4.673 4.716 
3.655 3.909 3.705 3.317 3.149 3.47 3.692 3.771 3.074 3.617 
3.101 3.185 3.372 3.943 4.133 5.132 5.719 6.209 6.22 7.553 
6.959 6.305 6.201 6.01 5.797 5.958 7.204 7.614 7.266 7.292 
5.96 6.296 5.559 6.66 6.378 6.425 7.03 7.361 9.559 6.853 
7.681 6.784 5.505 5.156 4.772 4.363 4.338 4.454 4.874 4.869 
5.16 4.722 4.747 5.014 4.734 5.213 4.737 4.731 4.643 4.545 
4.899 4.743 4.811 4.342 4.132 3.916 3.759 3.764 3.809 4.344 
4.15 4.58 4.136 4.118 4.352 4.619 5.403 6.277 6.609 8.446 
9.749 8.701 9.83 10.979 11.25 10.597 9.154 6.282 4.769 3.846 
3.302 2.894 2.74 2.973 2.884 2.894 2.888 3.147 2.929 3.173 
3.045 3.347 3.154 3.205 3.081 3.373 3.44 3.424 3.013 3.192 
3.342 3.324 2.968 3.386 4.081 4.335 4.273 4.677 4.695 4.229 
4.062 4.193 3.899 3.989 4.894 5.089 4.981 6.004 6.003 6.69 
6.456 7.062 7.553 8.598 10.039 10.89 11.379 11.793 13.397 13.711 
12.542 12.567 13.94 13.863 12.627 11.31 10.806 10.796 11.167 10.489 
10.312 11.642 11.834 10.268 10.933 11.802 11.651 12.098 9.948 9.62 
9.11 10.331 9.324 8.775 8.137 8.853 9.207 11.518 10.962 10.169 
9.987 10.05 10.519 11.671 10.815 10.171 11.667 11.972 11.073 9.821 
7.201 5.931 4.91 4.383 3.274 3.254 2.992 2.745 2.768 3.464 
3.419 3.279 3.497 3.797 3.911 3.41 2.877 2.66 3.012 2.937 
3.453 3.513 4.156 4.795 5.243 4.892 5.821 5.61 5.669 5.482 
6.371 7.039 7.138 5.966 6.219 6.61 6.971 7.731 8.336 9.067 
8.622 9.104 10.562 11.763 11.151 9.077 8.597 7.58 8.169 8.904 
10.454 10.963 11.204 11.826 10.822 9.426 10.083 10.667 10.622 10.369 
12.407 12.338 11.883 12.184 10.177 9.071 8.948 7.9 6.62 5.708 
4.9 4.462 5.298 6.218 6.781 6.865 8.239 7.004 7.708 7.236 
6.351 6.06 6.888 9.05 10.892 9.69 9.293 8.332 8.951 7.808 
7.675 6.834 6.391 6.091 6.012 5.762 6.093 6.89 6.968 6.915 
6.739 6.431 6.787 6.651 6.379 6.521 5.947 6.321 5.786 5.529 
4.998 5.394 5.151 5.532 6.695 5.838 5.741 6.798 6.827 8.032 
7.733 8.367 6.907 6.912 7.285 6.96 6.586 5.725 4.693 4.701 
4.263 3.794 3.772 3.607 4.076 4.119 4.264 5.453 5.284 5.009 
5.251 4.652 4.547 4.645 5.429 5.668 6.463 6.24 6.508 5.895 
6.419 7.126 7.59 8.171 8.335 8.339 8.976 8.55 7.397 7.695 
9.133 8.065 9.452 8.511 10.172 10.178 10.744 11.237 13.362 15.0 
15.0 15.0 15.0 
END
