PFRMAT local QA
AUTHOR LAW-CASP14
af2-standard_T1137s3_5.pdb local_accuracy_only 15.0 15.0 15.0 15.0 15.0 15.0 15.0 15.0 15.0 15.0 15.0 
15.0 15.0 15.0 15.0 15.0 15.0 15.0 15.0 15.0 15.0 
15.0 15.0 15.0 15.0 15.0 15.0 15.0 15.0 15.0 15.0 
15.0 15.0 8.76 4.816 4.737 3.489 2.579 1.492 1.081 0.765 
0.665 0.636 0.562 0.672 0.699 0.922 0.778 0.654 0.87 0.83 
0.663 0.722 0.731 0.764 0.592 0.715 0.504 0.646 0.699 0.815 
0.94 0.841 0.862 0.706 0.67 0.649 0.555 0.698 0.648 0.691 
0.723 1.018 1.013 1.29 1.279 0.913 0.694 0.645 0.547 0.568 
0.557 0.685 0.75 1.23 1.358 1.035 1.007 0.815 0.906 0.876 
0.796 0.658 0.676 0.599 0.676 0.645 0.733 0.949 0.989 1.192 
1.248 1.48 1.259 0.996 0.847 0.607 0.546 0.611 0.546 0.65 
0.708 0.821 1.114 1.287 1.152 1.19 1.01 1.387 1.06 1.08 
1.058 0.849 0.782 0.91 1.004 1.474 0.951 0.961 1.007 0.923 
1.066 1.551 1.485 1.523 1.517 1.489 1.452 1.428 1.591 1.508 
1.606 1.607 1.668 1.682 2.096 1.898 2.107 2.402 2.007 1.922 
1.585 1.578 1.625 1.509 1.483 1.43 1.374 1.507 1.538 1.499 
1.437 1.59 1.551 1.59 1.752 1.862 1.966 2.222 2.418 3.207 
2.124 2.451 3.217 2.299 2.212 2.992 2.891 2.817 3.772 3.562 
2.645 2.657 3.314 3.09 3.255 3.558 3.928 3.54 3.382 3.366 
3.338 2.59 3.077 2.939 2.425 2.423 2.819 2.884 2.247 2.471 
2.394 1.729 1.653 1.876 1.647 1.533 1.653 1.833 1.53 1.609 
1.839 1.612 1.493 1.703 1.726 1.827 1.846 2.178 2.158 2.097 
2.119 2.109 1.904 1.795 1.707 1.632 1.609 1.571 1.715 1.525 
1.553 1.528 1.603 1.382 1.553 1.682 1.598 1.444 1.753 1.746 
1.662 1.691 1.751 1.707 1.769 1.87 1.969 2.06 2.548 2.733 
3.488 4.449 5.076 6.311 6.159 5.94 4.775 3.075 2.886 2.205 
1.924 1.863 1.932 1.821 1.711 1.778 1.889 1.651 1.657 1.878 
1.796 1.823 2.152 1.989 1.977 2.216 1.962 1.995 1.9 2.021 
1.847 1.819 1.929 2.006 1.917 2.005 2.092 2.0 2.206 2.202 
2.184 2.046 2.115 1.982 2.119 2.211 2.147 2.101 2.294 2.122 
1.91 2.375 2.257 2.603 3.566 6.114 15.0 15.0 15.0 15.0 
15.0 15.0 15.0 15.0 15.0 15.0 15.0 15.0 15.0 15.0 
15.0 15.0 15.0 15.0 15.0 15.0 15.0 15.0 15.0 15.0 
15.0 15.0 15.0 15.0 15.0 15.0 15.0 15.0 15.0 15.0 
15.0 15.0 15.0 15.0 15.0 9.274 7.134 5.857 6.618 4.137 
3.36 2.688 2.486 2.644 2.513 2.435 2.201 3.132 3.912 9.213 
15.0 15.0 15.0 15.0 15.0 15.0 15.0 15.0 15.0 15.0 
15.0 15.0 15.0 15.0 15.0 11.458 15.0 15.0 7.022 10.902 
15.0 12.404 14.107 15.0 13.634 15.0 15.0 15.0 15.0 15.0 
15.0 15.0 15.0 15.0 15.0 15.0 15.0 14.632 15.0 13.535 
12.377 15.0 13.493 8.957 11.061 15.0 5.978 9.447 15.0 7.354 
8.928 10.852 12.075 15.0 15.0 10.481 15.0 15.0 15.0 15.0 
15.0 15.0 15.0 15.0 15.0 15.0 15.0 15.0 15.0 15.0 
15.0 15.0 15.0 15.0 15.0 15.0 15.0 15.0 15.0 15.0 
15.0 15.0 15.0 15.0 15.0 15.0 15.0 15.0 15.0 15.0 
15.0 15.0 15.0 15.0 15.0 15.0 15.0 15.0 15.0 15.0 
15.0 15.0 15.0 15.0 15.0 15.0 15.0 15.0 15.0 15.0 
15.0 15.0 15.0 15.0 15.0 15.0 15.0 15.0 15.0 15.0 
15.0 15.0 15.0 15.0 15.0 15.0 15.0 15.0 15.0 15.0 
15.0 15.0 15.0 15.0 15.0 15.0 15.0 15.0 15.0 15.0 
15.0 15.0 15.0 15.0 15.0 15.0 15.0 15.0 15.0 15.0 
15.0 15.0 15.0 15.0 15.0 15.0 15.0 15.0 15.0 15.0 
15.0 15.0 15.0 
END
