PFRMAT local QA
AUTHOR LAW-CASP14
af2-standard_T1120_2.pdb local_accuracy_only 15.0 15.0 15.0 15.0 15.0 12.201 10.307 10.636 10.055 8.327 9.721 
8.783 11.019 10.611 12.19 11.964 10.501 9.822 2.747 2.391 1.97 
1.96 2.039 1.806 1.746 1.668 1.58 1.678 1.554 1.594 1.606 
1.5 1.568 1.676 1.629 1.689 1.981 1.957 2.71 2.38 2.404 
1.845 2.488 2.633 2.48 2.736 3.514 3.458 2.975 3.757 3.367 
3.53 2.794 2.868 2.847 2.937 4.67 7.916 9.942 8.177 7.355 
4.877 2.402 2.272 1.911 1.733 1.782 1.79 1.94 1.983 1.727 
1.902 2.026 1.876 1.919 2.096 2.329 1.988 2.396 1.998 2.439 
1.989 1.979 2.102 2.241 2.182 2.467 2.656 2.613 2.844 2.783 
2.549 2.463 2.572 2.337 2.27 2.316 2.329 2.4 2.291 2.247 
2.271 2.386 2.232 2.424 2.496 2.52 2.605 2.594 2.572 2.683 
2.684 2.855 2.77 2.455 2.37 2.439 2.262 2.085 2.005 1.897 
1.804 1.84 1.78 1.873 1.743 1.714 1.725 1.911 1.812 1.692 
1.695 1.939 1.683 1.642 1.812 1.816 1.606 1.797 1.783 1.546 
1.815 1.982 2.463 2.981 3.329 2.775 2.76 3.31 3.148 3.083 
3.192 3.166 3.223 2.712 2.388 2.378 2.51 1.948 2.078 2.286 
2.334 2.393 2.651 2.769 2.858 2.706 2.886 2.874 2.737 2.98 
3.703 3.37 3.56 3.528 3.304 2.921 3.017 3.363 2.274 2.352 
2.002 2.058 1.863 1.76 1.739 1.869 1.789 1.817 1.923 2.442 
2.141 2.237 2.604 2.517 2.016 2.15 2.385 1.669 1.741 1.686 
1.643 1.674 1.616 1.675 1.781 2.017 2.432 2.212 1.937 2.878 
3.477 3.298 3.404 3.873 5.001 4.171 3.741 3.6 4.238 3.732 
3.556 3.704 3.63 3.476 3.777 4.483 6.959 8.432 10.095 12.566 
13.156 14.249 15.0 15.0 
END
