PFRMAT local QA
AUTHOR MASS-CASP14
af2-standard_T1120_2.pdb local_accuracy_only 15.0 15.0 15.0 15.0 14.542 14.265 10.602 7.919 5.158 4.079 3.046 
2.993 2.963 2.953 3.209 3.342 2.488 2.221 1.735 1.723 1.634 
1.933 2.635 2.13 1.739 1.196 1.033 1.023 1.135 1.243 1.1 
0.982 1.125 1.361 1.465 1.473 1.834 2.304 3.314 3.346 2.672 
2.325 2.468 2.771 2.413 2.499 2.763 2.987 2.833 3.043 2.899 
2.898 3.4 3.021 2.873 3.098 3.788 4.081 5.806 6.652 5.3 
3.359 2.499 1.97 1.778 1.586 2.012 2.219 2.322 2.036 1.904 
2.216 2.33 2.375 2.73 3.391 3.187 2.799 3.033 3.278 4.076 
3.517 3.232 3.684 3.411 2.891 2.835 3.031 3.17 3.086 3.33 
3.291 3.668 3.795 4.138 3.916 4.299 4.846 4.967 4.644 4.464 
4.12 4.685 3.966 4.075 4.101 3.704 3.933 4.221 4.331 3.88 
3.709 3.784 3.256 3.127 3.595 3.344 3.33 3.127 2.452 2.51 
2.56 2.181 1.743 1.711 1.682 1.42 1.597 1.605 1.586 1.616 
1.754 1.927 1.575 1.755 1.809 1.558 1.555 1.637 1.869 1.625 
1.811 1.986 2.451 2.872 3.304 2.42 2.571 3.114 2.676 2.331 
2.704 2.593 2.494 2.7 2.17 2.55 2.626 2.125 2.124 2.784 
3.178 2.54 2.513 2.454 2.109 1.714 1.904 1.991 2.106 2.286 
2.369 2.449 2.658 2.917 2.52 3.103 3.129 2.395 2.061 2.032 
2.106 1.869 1.601 1.244 1.356 1.314 1.275 1.32 1.312 1.206 
1.283 1.393 1.277 1.183 1.258 1.288 1.213 0.979 1.277 1.529 
1.717 1.757 1.782 1.718 1.676 1.525 1.739 1.713 1.348 1.441 
1.323 1.279 1.238 1.466 1.414 1.284 1.157 1.343 1.419 1.494 
1.429 1.922 2.178 2.251 3.154 4.249 6.46 8.802 10.606 14.57 
15.0 15.0 15.0 15.0 
END
