PFRMAT local QA
AUTHOR MASS-CASP14
af2-standard_T1154_5.pdb local_accuracy_only 15.0 12.772 12.27 10.09 11.669 10.77 13.246 11.308 12.622 10.668 12.292 
11.651 10.833 11.68 11.11 10.573 10.291 12.621 13.907 13.782 13.857 
13.773 14.443 14.187 13.274 11.521 9.679 9.458 8.546 8.382 6.165 
5.752 4.707 2.862 2.402 1.919 1.522 1.223 1.089 1.245 1.191 
1.248 1.361 1.514 1.957 2.595 3.046 3.243 2.902 3.082 2.646 
2.232 1.686 1.27 1.2 1.152 1.157 1.096 1.014 1.157 1.156 
1.766 2.304 2.578 4.057 5.097 6.635 10.183 10.822 10.91 8.349 
8.111 6.895 5.028 4.2 4.304 4.772 4.645 4.639 5.316 6.14 
6.158 7.116 8.17 11.497 11.207 9.991 10.482 14.323 15.0 15.0 
15.0 15.0 15.0 15.0 8.756 6.669 3.75 2.266 1.803 1.359 
1.356 1.351 1.416 1.635 2.566 3.027 3.085 2.692 2.959 2.484 
2.568 2.636 2.937 3.784 3.619 2.746 2.067 1.656 1.403 1.405 
1.491 1.29 1.296 1.362 1.36 1.911 2.125 3.265 4.247 5.381 
5.53 4.953 3.693 2.99 2.669 2.234 2.133 2.062 2.595 2.41 
2.18 3.206 3.947 4.414 4.767 6.874 7.805 7.001 7.513 9.204 
10.698 10.08 9.544 8.568 11.55 12.42 12.615 13.558 14.433 13.553 
11.365 9.685 7.483 5.365 4.417 3.871 3.661 3.005 2.71 2.919 
2.052 1.562 1.585 1.844 2.192 3.033 3.398 3.356 3.413 3.163 
3.076 3.914 4.7 4.536 3.99 4.189 4.297 4.85 5.458 6.071 
5.662 5.928 5.083 5.533 6.185 8.701 10.325 9.826 12.55 14.828 
14.17 12.01 9.437 7.809 6.25 5.58 4.578 4.948 4.659 3.739 
3.508 3.323 3.187 2.691 3.282 3.081 4.293 4.723 4.756 4.803 
4.28 5.632 4.997 4.736 4.968 4.797 5.419 4.344 3.791 3.86 
4.534 5.194 6.529 8.39 8.561 10.85 12.303 13.51 13.021 14.333 
14.996 15.0 14.369 13.771 15.0 15.0 14.587 13.608 13.859 14.918 
15.0 14.479 15.0 14.559 15.0 15.0 15.0 15.0 15.0 15.0 
15.0 15.0 15.0 15.0 15.0 14.148 15.0 15.0 14.641 12.028 
11.764 12.516 11.047 10.453 8.515 7.807 8.175 8.351 8.511 9.596 
9.267 11.125 10.921 10.761 9.723 7.163 4.405 3.213 2.716 2.158 
2.244 2.26 2.471 2.694 3.817 4.022 4.905 4.925 5.411 4.99 
5.082 5.3 4.395 5.233 5.6 6.025 5.991 4.595 4.217 3.289 
2.839 2.863 3.079 3.138 3.639 4.267 4.22 4.797 4.413 4.086 
3.634 3.499 3.697 3.699 4.489 4.54 4.977 4.793 5.393 4.579 
3.997 3.367 2.788 1.702 1.55 1.293 1.263 1.17 1.219 1.497 
2.338 3.502 4.13 3.454 3.192 3.467 4.307 4.668 5.087 4.371 
4.258 4.05 3.831 3.43 2.834 2.686 2.137 2.02 2.277 2.252 
2.922 3.566 2.966 2.27 1.615 1.439 1.17 1.196 1.244 1.327 
1.569 1.751 2.28 3.127 3.605 3.791 4.146 4.252 3.878 3.694 
3.247 2.823 2.407 2.341 2.103 2.079 1.539 1.491 1.308 1.657 
1.734 2.223 3.076 4.743 5.185 5.228 5.539 4.495 3.654 3.454 
3.175 3.058 2.955 2.638 2.923 3.445 4.251 4.277 3.49 2.64 
2.269 1.928 1.516 1.313 1.033 0.998 1.004 0.826 0.935 1.236 
1.304 1.255 1.137 1.163 1.245 1.154 1.205 1.172 1.217 1.475 
2.078 2.701 3.942 4.466 3.579 2.996 2.283 2.052 1.754 1.591 
1.514 1.708 1.763 2.311 3.187 4.312 5.057 5.199 5.548 6.011 
5.09 4.849 4.717 4.762 5.187 5.634 5.25 6.337 6.989 7.369 
6.989 8.153 9.349 10.226 10.486 10.203 9.779 14.366 12.955 15.0 
12.981 15.0 13.225 12.816 10.564 11.667 10.779 11.282 9.823 10.094 
10.548 9.504 8.763 9.074 8.222 7.163 7.496 5.926 5.949 5.105 
5.516 5.633 6.764 7.82 8.302 8.084 10.018 9.569 11.139 9.659 
10.308 11.618 11.878 13.214 11.912 10.461 10.334 9.933 9.661 8.43 
8.517 6.9 7.577 8.455 7.468 7.643 7.126 5.527 5.298 5.03 
5.122 5.083 4.874 4.567 4.701 4.742 5.804 6.926 6.019 6.596 
5.423 5.038 4.036 3.789 3.744 4.124 5.483 6.855 8.212 9.094 
8.826 9.875 9.416 10.894 12.003 11.559 10.927 9.309 8.067 4.887 
3.707 3.399 3.378 3.548 3.991 4.356 4.308 4.707 5.698 5.633 
6.237 5.063 4.762 5.197 4.369 4.968 5.063 5.689 6.644 8.247 
9.949 9.44 10.85 10.384 11.356 11.763 14.242 15.0 15.0 15.0 
15.0 15.0 15.0 15.0 15.0 15.0 15.0 15.0 15.0 15.0 
15.0 15.0 15.0 15.0 15.0 15.0 15.0 15.0 15.0 15.0 
15.0 15.0 15.0 15.0 15.0 15.0 13.725 15.0 14.112 14.55 
14.728 14.589 13.921 15.0 14.194 14.96 15.0 13.07 11.859 10.834 
9.649 9.286 8.2 7.829 8.89 9.288 9.478 10.438 10.716 10.941 
13.26 13.733 15.0 14.164 13.118 13.204 12.774 12.305 13.008 12.889 
12.963 12.53 12.966 14.887 14.272 14.21 14.119 13.233 11.585 14.107 
12.274 12.794 12.849 11.124 11.437 9.454 7.216 5.405 4.47 4.068 
3.808 3.706 3.082 2.669 2.634 2.791 2.329 2.995 2.567 3.361 
3.605 4.055 3.866 3.163 2.239 2.015 2.602 2.939 1.972 2.004 
1.772 1.441 1.458 1.406 1.481 1.62 2.071 2.566 3.447 3.802 
4.53 5.225 6.448 7.746 9.963 12.323 13.172 13.239 12.326 12.703 
13.764 12.694 13.606 14.573 14.425 14.975 14.18 15.0 15.0 15.0 
15.0 15.0 15.0 15.0 15.0 15.0 15.0 15.0 15.0 15.0 
15.0 15.0 15.0 15.0 15.0 15.0 15.0 15.0 15.0 15.0 
15.0 15.0 15.0 15.0 15.0 15.0 15.0 15.0 15.0 15.0 
15.0 15.0 15.0 15.0 15.0 15.0 15.0 15.0 15.0 15.0 
15.0 15.0 15.0 15.0 15.0 15.0 15.0 15.0 15.0 15.0 
15.0 15.0 15.0 15.0 15.0 15.0 15.0 15.0 15.0 15.0 
15.0 15.0 15.0 15.0 15.0 15.0 15.0 15.0 15.0 15.0 
15.0 15.0 15.0 15.0 15.0 15.0 15.0 15.0 15.0 15.0 
15.0 15.0 15.0 15.0 15.0 15.0 15.0 15.0 15.0 15.0 
15.0 15.0 15.0 15.0 15.0 15.0 15.0 15.0 15.0 15.0 
14.723 10.871 8.923 7.169 5.763 5.481 4.905 5.019 5.228 6.312 
6.357 7.913 7.146 7.816 7.046 6.047 6.015 6.377 6.159 6.549 
5.809 8.396 8.256 8.75 9.015 6.89 5.084 4.185 3.543 3.121 
2.589 2.537 2.439 2.608 2.943 2.762 2.534 2.966 3.143 3.241 
3.786 4.13 4.918 5.174 4.967 4.615 4.334 4.636 4.426 4.14 
4.699 4.381 5.499 6.985 8.17 5.229 3.238 2.773 2.258 2.041 
2.186 2.161 2.91 2.928 3.65 3.366 2.987 2.872 3.059 2.876 
3.269 2.842 3.071 3.078 2.844 3.26 3.297 3.96 4.027 3.838 
3.925 3.961 4.412 4.499 5.784 6.718 7.041 7.405 7.661 7.083 
5.902 4.654 3.729 3.44 3.18 2.851 2.773 2.492 2.481 2.929 
3.242 3.759 3.849 5.005 5.826 5.682 5.49 5.429 5.823 5.824 
6.776 8.219 9.549 9.913 9.86 10.262 10.838 9.918 11.281 9.941 
9.08 8.778 9.532 8.605 8.811 9.769 9.739 9.699 8.381 8.358 
8.502 7.529 6.537 6.251 4.944 4.642 3.174 2.846 2.582 2.299 
2.444 2.481 2.986 3.658 4.734 5.993 6.354 8.226 8.743 9.189 
9.255 10.225 8.46 8.362 9.017 8.845 8.677 9.745 10.788 10.632 
9.866 9.618 8.902 6.019 4.649 3.789 2.85 2.616 2.086 1.87 
1.634 1.42 1.415 1.25 1.566 1.708 2.118 2.209 2.109 1.827 
1.704 1.775 1.845 1.673 2.194 2.366 3.106 3.847 4.265 3.351 
2.821 2.946 2.648 2.432 2.785 3.368 4.299 3.951 4.402 5.095 
5.455 5.254 5.33 5.882 5.841 5.634 4.905 5.22 5.791 5.209 
4.93 4.749 4.001 3.189 3.449 3.48 3.685 3.513 2.759 2.826 
2.773 2.748 2.427 2.681 2.499 2.759 2.842 2.816 2.547 1.98 
2.285 2.007 1.554 1.367 1.048 1.164 1.121 1.059 1.102 1.205 
1.114 1.448 1.69 1.78 2.152 1.98 2.049 2.173 2.549 2.823 
2.982 3.338 3.282 3.764 4.249 5.039 6.546 7.129 7.36 7.731 
7.725 9.455 8.923 9.577 9.318 10.007 10.309 11.399 12.242 12.294 
12.506 13.78 12.988 14.316 12.142 14.433 13.859 14.524 13.535 15.0 
12.29 13.149 12.513 12.069 12.036 13.847 11.362 8.992 9.187 7.135 
5.9 4.919 4.962 4.308 3.136 2.84 2.546 2.427 2.323 2.25 
2.017 1.939 2.427 2.222 2.27 2.527 2.954 2.922 3.273 3.704 
4.646 4.927 6.125 6.001 5.518 4.339 3.294 2.646 2.343 2.261 
2.028 1.848 1.577 1.361 1.37 1.492 1.472 1.887 2.027 1.952 
1.606 1.508 1.261 0.779 0.321 0.623 1.232 1.56 2.16 2.666 
2.129 1.807 1.389 1.148 1.055 1.035 1.3 1.56 1.622 2.253 
2.807 2.927 3.712 3.158 3.496 3.313 3.725 4.582 4.383 4.854 
4.388 4.228 4.851 4.42 4.474 4.264 4.557 4.467 4.393 4.012 
3.147 2.206 1.785 1.406 1.25 1.171 1.3 1.501 1.343 1.169 
1.136 1.261 1.418 1.549 2.408 2.887 4.475 4.933 5.497 5.745 
7.125 6.721 8.405 8.836 9.294 9.587 8.693 7.888 6.763 6.202 
5.508 4.307 3.247 2.648 2.555 2.225 1.58 1.27 1.187 1.088 
1.059 1.279 1.569 2.295 2.404 2.173 1.722 1.522 1.683 1.468 
1.769 2.11 2.167 2.594 2.7 2.918 3.352 4.502 5.645 5.32 
5.74 6.524 6.839 8.087 7.501 6.747 6.327 5.329 4.618 4.088 
3.259 2.277 1.564 1.293 1.181 1.054 1.107 1.196 1.516 1.957 
2.64 3.592 3.269 3.275 2.77 2.225 2.037 1.983 1.648 1.718 
1.844 2.126 3.196 3.364 4.281 3.832 2.805 2.091 1.608 1.665 
1.729 1.87 2.189 2.434 3.205 3.386 3.951 4.781 5.388 6.437 
6.646 7.184 10.086 10.009 9.461 7.259 5.565 4.322 2.818 2.682 
2.45 2.631 2.81 2.984 2.181 1.609 1.556 1.519 1.686 2.821 
3.101 2.882 2.012 1.662 1.475 1.449 1.258 1.217 1.351 1.374 
1.9 2.163 2.71 3.197 3.114 3.401 2.922 1.961 1.417 1.211 
1.107 1.038 1.125 1.044 0.961 1.046 1.451 1.639 2.063 1.933 
1.456 1.934 2.129 2.771 2.667 2.542 3.045 3.053 3.765 3.92 
3.856 3.156 2.697 2.277 2.119 2.016 2.052 2.251 2.447 2.599 
3.705 5.001 5.982 8.367 7.533 9.95 9.212 11.545 11.162 10.433 
10.867 10.913 8.962 6.596 6.112 5.403 5.075 5.594 5.382 4.88 
4.479 4.99 3.79 3.158 3.57 3.909 3.648 4.169 3.888 2.936 
1.648 1.409 1.186 1.065 1.024 1.011 1.071 0.997 1.009 1.255 
1.463 1.988 2.333 2.015 2.279 2.101 2.26 2.902 3.559 3.0 
2.435 2.075 1.814 1.318 1.254 1.185 1.48 1.4 1.275 1.359 
1.465 1.855 3.004 
END
