PFRMAT local QA
AUTHOR LAW-CASP14
af2-standard_T1154_5.pdb local_accuracy_only 15.0 15.0 15.0 15.0 15.0 15.0 15.0 15.0 15.0 15.0 15.0 
15.0 15.0 15.0 15.0 15.0 15.0 15.0 15.0 15.0 15.0 
15.0 15.0 15.0 15.0 15.0 15.0 15.0 14.296 9.606 7.313 
4.919 2.981 1.402 1.291 1.407 1.477 1.391 1.389 1.045 1.231 
0.955 1.105 1.132 1.502 2.012 2.187 2.305 1.855 1.976 1.574 
1.574 1.208 1.107 0.913 0.985 0.99 1.042 1.076 1.127 1.35 
1.789 2.149 3.036 4.691 8.311 13.28 14.921 15.0 15.0 10.318 
11.14 11.107 9.006 4.263 10.729 8.427 5.569 6.8 8.162 5.624 
5.375 5.34 3.975 4.445 2.813 2.936 3.567 3.655 8.493 8.659 
13.942 9.349 10.405 11.95 4.372 3.957 4.291 4.654 2.491 2.922 
3.314 4.244 4.298 2.875 9.627 3.727 2.603 2.338 1.86 1.776 
1.991 2.217 2.609 4.439 5.09 2.52 1.801 1.415 1.413 1.186 
1.258 1.137 1.049 1.254 1.225 1.678 2.326 2.343 2.734 2.622 
2.902 2.557 2.32 1.855 1.848 1.756 1.68 1.886 2.295 1.917 
1.943 2.455 2.226 2.487 2.377 2.944 4.597 3.946 4.217 5.891 
5.954 5.24 3.831 6.265 6.053 9.126 10.761 10.909 7.128 5.21 
3.641 2.537 1.807 1.696 1.821 1.739 1.606 1.766 1.652 3.129 
2.722 2.326 3.478 2.717 3.402 4.183 3.389 3.383 3.563 2.793 
2.685 4.005 3.419 2.916 3.206 2.905 2.82 2.387 3.97 5.09 
6.798 9.68 9.118 8.18 10.66 11.563 12.259 10.565 12.928 14.511 
13.106 9.856 7.989 4.392 2.891 2.155 2.334 3.534 4.223 4.954 
4.296 5.374 5.47 4.866 6.269 4.957 5.252 5.933 4.555 5.024 
3.896 4.803 4.487 4.747 4.228 3.516 2.39 1.792 2.3 2.085 
3.331 7.287 8.559 9.511 11.66 15.0 13.664 15.0 15.0 15.0 
15.0 15.0 15.0 15.0 15.0 15.0 15.0 13.51 14.478 15.0 
15.0 15.0 15.0 15.0 15.0 15.0 15.0 15.0 15.0 15.0 
15.0 15.0 15.0 15.0 15.0 15.0 15.0 15.0 15.0 11.419 
7.5 5.171 3.164 2.11 1.862 2.01 2.034 2.648 3.144 4.427 
6.021 6.404 6.452 6.588 6.673 4.861 3.683 2.408 1.635 1.354 
1.219 1.214 1.381 1.491 2.741 4.953 7.1 10.433 15.0 15.0 
8.648 9.216 6.856 7.575 6.251 5.848 3.448 4.52 3.764 3.525 
2.28 2.258 1.788 1.73 1.596 1.874 1.595 1.391 1.508 1.415 
1.231 1.28 1.188 1.601 1.72 2.775 3.229 4.246 5.002 5.977 
3.864 3.168 2.209 2.576 1.634 1.765 1.798 1.666 1.444 1.363 
1.382 1.516 1.591 1.853 1.541 1.633 1.416 1.581 2.215 2.079 
2.124 1.655 1.863 1.223 1.121 1.005 1.001 1.007 1.233 1.317 
1.852 1.673 1.347 1.054 1.045 0.987 1.04 1.141 1.116 1.038 
1.013 0.989 0.969 1.074 1.087 1.156 1.304 1.435 1.476 1.264 
1.307 1.385 1.309 1.18 1.337 1.34 1.188 1.13 1.121 1.404 
1.933 5.476 10.386 14.962 15.0 15.0 15.0 14.393 9.784 4.444 
1.935 1.286 1.328 1.096 1.402 1.436 1.65 1.944 1.999 1.84 
1.621 1.413 1.169 1.068 1.005 1.029 1.021 1.004 0.966 0.987 
0.985 1.072 1.099 1.035 1.056 1.055 1.261 1.213 1.408 1.55 
1.856 1.808 2.289 2.781 2.089 1.84 1.432 1.439 1.175 1.238 
1.09 1.139 1.042 1.346 1.682 3.348 4.914 9.18 15.0 15.0 
15.0 15.0 15.0 15.0 15.0 15.0 15.0 15.0 15.0 15.0 
15.0 15.0 15.0 15.0 15.0 15.0 15.0 15.0 15.0 15.0 
15.0 15.0 15.0 15.0 15.0 15.0 15.0 15.0 15.0 15.0 
15.0 15.0 15.0 15.0 15.0 15.0 15.0 15.0 15.0 15.0 
15.0 15.0 15.0 15.0 15.0 15.0 15.0 15.0 15.0 15.0 
15.0 15.0 15.0 15.0 15.0 15.0 15.0 15.0 15.0 15.0 
15.0 15.0 15.0 15.0 15.0 15.0 15.0 15.0 15.0 15.0 
15.0 15.0 15.0 15.0 15.0 15.0 15.0 15.0 15.0 15.0 
15.0 15.0 15.0 15.0 15.0 15.0 15.0 15.0 15.0 15.0 
15.0 15.0 15.0 15.0 15.0 15.0 15.0 15.0 15.0 15.0 
15.0 15.0 15.0 15.0 15.0 15.0 15.0 15.0 15.0 15.0 
15.0 15.0 15.0 15.0 15.0 15.0 15.0 15.0 15.0 15.0 
15.0 15.0 15.0 15.0 15.0 15.0 15.0 15.0 15.0 15.0 
15.0 15.0 15.0 15.0 15.0 15.0 15.0 15.0 15.0 15.0 
15.0 15.0 15.0 15.0 15.0 15.0 15.0 15.0 15.0 15.0 
15.0 15.0 15.0 15.0 15.0 15.0 15.0 15.0 15.0 15.0 
15.0 15.0 15.0 15.0 15.0 15.0 15.0 15.0 15.0 15.0 
15.0 15.0 15.0 15.0 15.0 15.0 15.0 15.0 15.0 15.0 
15.0 15.0 15.0 15.0 11.586 9.281 6.701 5.928 4.587 4.499 
6.523 7.6 9.145 11.177 10.537 8.253 7.054 5.412 4.592 5.078 
5.571 4.429 5.705 7.766 9.011 9.304 7.193 5.313 3.408 2.296 
2.041 1.441 1.53 1.097 1.157 1.091 1.061 1.499 1.607 2.064 
1.98 1.984 1.458 1.538 1.371 1.303 1.213 1.238 1.07 1.099 
1.03 1.009 0.915 0.883 0.929 0.969 1.18 1.391 1.639 1.687 
2.259 2.252 2.471 5.243 3.216 3.258 10.85 10.382 11.122 14.736 
15.0 15.0 15.0 15.0 15.0 15.0 15.0 15.0 15.0 15.0 
15.0 15.0 15.0 15.0 15.0 15.0 15.0 15.0 15.0 15.0 
14.463 12.033 15.0 14.707 10.45 15.0 15.0 13.946 15.0 15.0 
15.0 15.0 15.0 15.0 15.0 15.0 15.0 15.0 15.0 15.0 
15.0 15.0 15.0 15.0 15.0 15.0 15.0 15.0 15.0 15.0 
15.0 15.0 15.0 15.0 15.0 15.0 15.0 15.0 15.0 15.0 
15.0 15.0 15.0 15.0 15.0 15.0 15.0 15.0 15.0 15.0 
15.0 15.0 15.0 15.0 15.0 15.0 15.0 15.0 15.0 15.0 
15.0 15.0 15.0 15.0 15.0 15.0 15.0 15.0 15.0 15.0 
15.0 15.0 15.0 12.001 14.497 15.0 15.0 15.0 15.0 15.0 
15.0 15.0 15.0 15.0 15.0 15.0 15.0 15.0 15.0 15.0 
15.0 15.0 9.164 9.816 6.179 6.522 3.512 3.463 3.215 3.164 
5.225 4.209 5.032 4.383 5.053 4.532 4.075 4.585 6.188 4.182 
4.42 4.527 4.801 3.705 2.558 3.0 3.988 3.073 2.809 3.871 
2.839 3.144 3.224 3.048 3.311 3.454 3.941 4.809 7.251 9.415 
15.0 15.0 15.0 15.0 15.0 12.166 9.271 7.387 4.906 3.612 
3.774 4.866 4.757 6.569 10.345 7.121 4.042 3.457 4.577 4.082 
2.687 2.483 2.282 2.218 1.92 1.66 1.372 1.631 1.408 1.269 
1.181 1.109 1.208 1.1 1.158 1.065 1.084 1.442 1.401 1.706 
2.139 2.741 2.135 2.097 2.447 2.461 2.398 2.572 2.652 2.845 
2.505 2.482 1.852 1.872 1.716 1.737 1.652 1.523 1.304 1.46 
1.438 1.748 1.915 2.249 3.118 2.913 3.969 3.137 2.661 2.321 
2.309 4.194 5.396 7.124 5.542 5.064 8.096 9.953 7.708 8.96 
10.031 12.134 9.806 7.596 6.447 3.75 4.514 5.829 6.358 7.403 
7.335 9.76 8.299 8.006 6.646 4.714 3.317 3.237 2.617 2.915 
2.862 3.769 4.497 8.57 10.442 12.196 15.0 15.0 15.0 15.0 
15.0 15.0 15.0 12.462 11.493 8.188 8.029 7.542 11.994 4.485 
5.631 3.746 3.957 2.52 2.449 1.712 1.367 1.354 0.946 0.818 
0.919 0.798 0.829 0.78 0.932 1.083 1.406 1.517 1.403 1.252 
1.016 0.988 0.971 1.075 1.143 1.574 1.886 2.453 2.585 1.852 
2.305 3.085 2.584 2.671 4.188 4.708 5.744 3.961 4.982 5.221 
5.625 3.208 4.962 2.587 1.854 1.437 1.914 1.918 4.266 5.447 
6.499 7.471 6.84 4.606 3.696 2.949 2.815 2.811 2.326 2.143 
2.208 1.89 1.768 1.95 1.822 1.785 2.073 1.91 1.494 1.676 
1.843 1.468 1.187 0.967 0.843 0.779 0.778 0.876 0.959 1.114 
1.375 1.505 1.431 1.82 1.83 2.454 2.01 1.745 1.262 1.128 
1.132 1.348 2.038 3.391 6.796 9.96 15.0 15.0 15.0 15.0 
15.0 15.0 15.0 15.0 15.0 15.0 15.0 15.0 15.0 15.0 
15.0 15.0 15.0 13.463 15.0 15.0 10.815 15.0 15.0 12.938 
15.0 15.0 15.0 15.0 15.0 15.0 15.0 15.0 15.0 14.987 
10.84 6.607 3.034 2.071 1.759 1.882 1.749 1.77 1.36 1.864 
1.815 1.797 1.463 1.494 1.254 1.496 1.267 1.32 1.374 1.441 
1.529 1.869 2.091 2.887 2.598 2.682 2.046 2.67 1.75 2.204 
1.635 1.181 1.026 0.908 0.852 0.93 1.024 1.596 1.758 2.137 
1.426 1.324 1.006 1.066 0.91 0.989 1.311 1.231 1.795 2.424 
2.055 1.984 1.356 1.236 1.066 1.091 1.57 1.626 1.659 1.794 
2.107 3.262 2.843 2.478 1.873 1.841 1.527 2.248 1.901 2.222 
2.588 2.317 4.792 4.185 3.166 2.251 1.903 1.82 1.876 2.036 
1.925 1.651 1.385 1.425 1.476 1.621 2.487 3.025 1.801 1.319 
1.082 0.992 1.194 1.126 2.049 4.336 8.583 11.562 15.0 15.0 
15.0 15.0 15.0 15.0 15.0 15.0 15.0 15.0 15.0 15.0 
15.0 15.0 15.0 15.0 10.316 5.913 1.621 1.262 0.958 0.844 
0.937 1.009 1.401 1.792 1.659 1.341 1.154 1.059 1.327 1.086 
1.277 1.454 1.599 7.582 2.02 1.944 2.729 8.13 8.34 11.056 
12.856 15.0 15.0 15.0 15.0 15.0 14.59 11.682 9.383 5.306 
3.01 1.315 1.146 0.937 0.877 0.937 0.985 1.074 1.192 1.356 
1.398 1.343 1.367 1.157 1.071 0.977 0.935 1.019 1.06 1.281 
1.298 1.725 2.422 2.871 6.454 4.842 2.246 1.529 1.2 1.233 
0.965 1.006 1.001 1.263 1.398 1.315 1.611 1.585 3.139 3.419 
4.039 3.856 3.608 3.188 2.361 2.119 2.288 1.702 1.398 1.106 
1.133 1.047 1.356 1.572 1.473 1.299 1.199 1.098 1.243 1.302 
1.437 1.35 1.458 1.366 1.319 1.219 1.093 1.05 1.032 1.072 
1.306 1.302 1.528 1.562 1.387 1.506 1.22 1.061 0.818 0.762 
0.704 0.764 0.793 0.856 0.793 0.939 1.017 1.059 1.54 1.309 
1.373 1.892 1.925 2.309 2.442 1.776 2.022 1.472 1.677 1.401 
1.295 1.039 0.979 0.957 0.951 1.317 1.182 1.26 1.085 0.954 
1.333 1.489 2.378 2.343 2.829 3.728 3.586 4.146 2.931 2.691 
1.971 1.752 1.467 1.366 1.264 1.336 1.169 1.568 1.227 2.077 
1.386 2.32 1.94 1.612 1.762 1.806 1.514 1.551 1.282 1.127 
1.006 0.915 0.86 0.857 0.786 0.708 0.806 0.725 0.795 0.84 
0.901 1.023 1.242 1.099 1.028 0.966 1.12 1.426 1.96 1.67 
1.302 1.134 0.979 0.908 0.917 1.052 1.041 1.116 1.018 1.058 
1.069 1.064 1.373 
END
