PFRMAT local QA
AUTHOR MASS-CASP14
af2-standard_T1150_2.pdb local_accuracy_only 5.189 3.818 2.717 2.172 2.604 2.795 2.554 2.458 2.369 2.828 2.309 
2.726 2.634 2.496 2.667 3.627 3.862 3.855 3.66 3.743 3.313 
2.687 2.613 2.556 2.08 1.533 1.635 1.587 1.41 1.208 1.402 
1.28 1.038 1.173 1.306 1.025 0.993 1.036 1.092 0.91 1.003 
1.083 1.183 1.101 1.163 1.119 1.119 1.105 1.266 1.306 1.271 
1.285 1.601 1.752 1.62 1.545 1.94 1.921 1.525 1.623 1.951 
1.647 1.4 1.228 1.075 0.978 1.01 0.918 1.156 1.291 1.003 
1.077 1.038 1.269 1.228 1.009 1.122 1.045 1.129 1.583 2.446 
3.817 3.714 2.818 1.755 1.429 1.128 0.991 0.923 0.886 1.118 
1.13 1.095 1.414 1.453 1.343 1.597 1.466 1.477 1.268 1.285 
1.265 1.186 1.087 1.021 1.128 1.059 1.046 1.038 0.966 0.927 
0.991 0.946 0.896 1.002 1.287 1.562 1.671 1.622 1.321 1.379 
1.522 1.588 1.378 1.504 1.404 1.209 1.089 0.989 1.14 1.1 
0.934 0.977 1.147 1.125 1.064 1.155 1.358 1.308 1.375 1.741 
2.21 2.732 2.953 3.819 4.062 4.782 4.759 5.532 5.955 6.115 
5.43 4.473 5.006 3.952 3.411 4.001 4.104 3.997 4.328 4.173 
4.34 4.185 4.284 3.416 3.412 3.123 3.007 2.582 2.315 2.233 
2.671 2.67 2.588 2.223 2.727 2.432 2.916 2.857 3.378 3.252 
2.881 2.583 2.258 2.14 2.186 2.414 1.905 1.974 2.009 1.956 
1.953 2.127 2.07 2.098 2.347 3.336 4.253 5.044 5.031 4.026 
3.382 2.542 2.215 1.829 1.8 1.627 1.769 1.874 1.662 1.751 
1.44 1.332 1.338 1.183 1.247 1.254 1.631 1.355 1.597 1.992 
2.084 2.079 2.396 2.97 3.578 5.697 7.864 8.074 8.039 8.369 
7.984 9.324 8.796 6.817 6.165 4.895 4.253 3.758 4.131 3.253 
2.863 3.06 2.313 2.356 2.741 3.459 3.427 3.223 3.747 4.036 
4.001 4.538 4.172 4.043 3.477 2.757 2.631 2.227 1.949 1.905 
2.246 2.591 2.469 2.25 2.252 2.014 2.144 2.19 2.163 2.026 
1.696 1.918 2.122 2.322 2.718 1.71 1.445 1.24 1.132 1.171 
1.156 1.137 1.021 1.239 1.43 1.325 1.636 1.539 1.413 1.511 
1.637 2.08 2.586 2.336 3.455 3.461 4.149 2.897 2.336 1.823 
1.727 1.461 1.423 1.295 1.314 1.228 1.16 1.035 1.109 1.135 
0.985 1.053 1.111 1.135 1.184 1.321 1.507 1.526 1.793 2.19 
1.616 1.837 2.011 1.997 1.773 1.799 2.12 2.673 2.639 2.765 
3.139 2.807 2.235 1.906 2.032 1.191 1.008 1.073 1.15 1.049 
1.036 0.993 1.227 1.187 1.236 1.42 1.43 1.178 1.147 1.277 
1.157 1.063 1.295 1.167 1.063 1.323 1.604 1.8 1.937 2.543 
2.525 3.639 6.037 7.434 10.805 12.429 14.857 15.0 15.0 
END
