PFRMAT local QA
AUTHOR LAW-CASP14
af2-standard_T1150_2.pdb local_accuracy_only 10.973 9.068 1.597 1.299 1.593 2.187 1.532 1.563 2.284 2.159 1.723 
2.389 2.623 2.331 2.153 2.548 2.695 2.147 1.793 2.147 1.738 
1.441 1.509 1.403 1.335 1.249 1.279 1.192 1.029 1.101 1.11 
0.952 0.862 0.953 0.983 0.847 0.768 0.704 0.817 0.777 0.715 
0.744 0.81 0.836 0.812 1.087 1.045 0.886 1.048 1.143 1.093 
1.052 1.327 1.359 1.153 1.235 1.557 1.843 1.257 1.362 1.655 
1.248 1.079 0.929 0.764 0.763 0.696 0.683 0.696 0.717 0.688 
0.65 0.698 0.846 0.756 0.71 0.755 0.859 0.984 1.374 1.636 
2.626 2.11 1.889 1.704 1.121 1.155 0.884 0.778 0.642 0.7 
0.744 0.746 0.802 0.798 0.775 0.849 0.829 0.776 0.968 0.77 
0.813 0.741 0.654 0.637 0.633 0.616 0.617 0.627 0.603 0.603 
0.655 0.678 0.672 0.783 0.993 0.922 0.985 1.189 1.237 1.043 
1.477 1.238 1.33 1.043 1.306 1.17 0.839 0.909 1.029 0.821 
0.666 0.721 0.74 0.669 0.639 0.749 0.763 0.774 0.817 1.131 
1.345 1.433 1.588 3.683 3.736 5.392 5.516 5.302 5.787 5.421 
4.836 3.659 3.778 2.674 1.768 2.475 2.83 2.395 1.556 2.87 
3.194 3.465 2.974 2.518 3.073 2.714 3.041 2.863 2.47 2.671 
2.677 2.207 1.867 1.94 1.958 1.676 1.464 1.546 1.405 1.89 
1.822 1.651 1.458 1.387 1.399 1.458 1.134 1.222 1.257 1.135 
1.06 1.367 1.3 1.224 1.608 2.293 3.24 3.218 4.562 4.183 
4.631 3.493 2.371 1.445 1.385 1.354 1.308 1.376 1.296 1.235 
0.993 0.949 1.11 1.233 1.292 1.295 1.3 1.12 1.123 1.174 
1.2 1.448 2.247 3.429 3.379 4.978 4.694 3.731 2.798 1.779 
1.371 1.146 1.143 1.11 1.087 1.391 1.188 1.576 1.533 1.048 
1.189 1.207 1.82 1.652 1.398 1.956 2.423 2.839 4.321 4.167 
3.23 2.616 2.033 1.299 1.042 0.901 1.381 1.319 0.983 1.522 
1.726 1.402 1.506 2.436 4.164 3.852 3.815 2.431 3.63 2.334 
2.498 2.295 2.177 2.226 2.702 2.197 1.233 1.2 1.083 1.137 
1.19 1.228 1.394 1.523 1.277 1.056 1.24 0.931 1.003 1.279 
1.206 1.659 2.033 1.944 4.117 5.7 5.332 2.043 1.122 1.07 
0.951 0.871 0.798 0.723 0.714 0.669 0.632 0.633 0.67 0.672 
0.612 0.665 0.868 0.793 0.725 1.014 1.03 1.024 1.485 1.817 
1.334 1.422 1.86 1.584 1.376 1.339 1.983 1.64 1.571 1.707 
2.043 1.573 1.581 1.309 1.384 1.237 0.857 1.02 1.001 0.852 
0.685 0.771 0.884 0.768 0.707 0.82 0.822 0.737 0.807 0.844 
0.861 0.838 0.992 1.067 1.075 1.124 1.247 1.31 1.32 1.866 
3.193 9.151 12.834 15.0 15.0 15.0 15.0 15.0 15.0 
END
