PFRMAT local QA
AUTHOR LAW-CASP14
af2-standard_T1187_2.pdb local_accuracy_only 10.416 10.436 8.704 1.366 1.066 0.981 0.988 1.181 1.154 1.446 1.17 
1.063 1.098 1.094 1.252 1.586 1.581 2.05 2.024 2.154 2.589 
2.209 2.262 2.481 2.742 3.151 4.411 4.587 6.307 6.503 6.633 
5.278 4.54 1.998 3.617 2.614 4.205 3.442 4.191 3.661 4.004 
3.115 2.072 1.305 1.027 1.038 1.04 1.126 1.201 1.487 1.444 
1.92 1.642 1.54 1.785 1.502 1.288 1.026 0.912 0.845 0.847 
0.809 0.796 0.829 0.869 0.987 1.098 1.669 1.852 2.354 2.525 
2.226 3.077 3.409 2.905 2.363 2.036 1.393 1.657 1.207 1.592 
1.268 1.682 1.862 1.837 2.445 2.889 4.097 7.082 8.032 8.688 
7.394 6.417 4.445 3.484 2.289 1.369 1.445 1.097 1.287 1.288 
1.999 2.04 3.921 5.137 3.965 7.502 7.302 6.627 4.452 2.635 
1.37 1.136 1.23 1.168 1.151 1.321 1.32 1.624 1.533 1.418 
1.164 1.06 0.938 0.904 0.845 0.894 0.911 0.893 0.877 0.943 
1.077 1.435 1.715 1.725 1.961 1.768 1.708 1.327 1.216 1.128 
0.979 0.973 1.003 1.071 1.403 2.068 2.842 3.246 3.527 3.556 
3.042 2.388 2.283 1.686 1.338 1.309 1.04 1.112 0.929 0.864 
0.842 0.879 1.005 1.044 0.894 
END
