PFRMAT local QA
AUTHOR MASS-CASP14
af2-standard_T1187_2.pdb local_accuracy_only 6.692 4.748 3.006 2.105 1.539 1.129 1.149 1.185 1.227 1.516 1.469 
1.287 1.262 1.191 1.324 1.49 1.507 1.809 1.606 1.986 1.817 
1.703 1.575 1.668 1.769 1.944 2.433 3.188 4.623 6.172 7.804 
7.207 7.93 7.755 8.486 9.178 8.791 7.883 7.035 5.85 5.052 
3.412 2.624 2.12 1.614 1.669 1.833 1.95 1.765 1.994 2.554 
2.901 3.378 2.754 3.093 2.657 2.105 1.524 1.256 1.018 1.047 
1.029 1.017 1.032 1.044 1.043 1.42 1.933 2.976 4.036 4.52 
4.853 5.25 5.925 5.988 5.987 5.344 4.753 3.791 3.509 3.292 
2.6 2.711 2.54 2.916 3.422 3.973 4.446 5.392 6.654 7.499 
7.44 8.256 6.586 5.075 3.943 2.792 2.279 2.064 1.953 2.15 
2.505 3.04 3.675 3.77 3.781 3.834 4.612 5.003 4.405 3.93 
3.244 2.606 2.203 1.95 1.729 1.661 1.793 2.318 2.04 1.726 
1.126 0.06 0.0 0.0 0.0 0.0 0.0 1.202 1.136 1.395 
1.648 2.185 2.39 2.696 2.783 2.41 1.944 1.502 0.734 0.009 
0.099 0.135 1.067 1.205 1.414 1.745 2.831 3.911 4.931 4.902 
4.658 4.406 3.631 2.663 2.109 2.076 1.601 1.585 1.373 1.152 
1.083 1.039 1.323 1.613 2.243 
END
