PFRMAT local QA
AUTHOR MASS-CASP14
af2-standard_T1157s1_2.pdb local_accuracy_only 4.586 3.22 2.419 2.333 2.377 2.0 2.027 2.169 2.058 1.603 1.666 
1.762 1.474 1.201 1.462 1.477 1.436 1.334 1.604 1.374 1.311 
1.388 1.596 1.229 1.221 1.084 1.155 1.143 1.084 1.071 1.096 
1.312 1.937 1.848 1.581 1.4 1.498 1.97 2.114 2.779 3.158 
3.697 5.025 5.31 5.035 4.868 4.539 3.769 3.658 3.826 3.261 
3.171 2.852 2.381 2.519 2.723 2.832 1.969 1.766 1.549 1.433 
1.52 1.423 1.618 1.462 1.357 1.455 1.479 1.374 1.727 1.657 
1.711 2.475 3.143 4.019 4.57 5.846 7.031 7.221 9.095 7.893 
6.584 4.565 3.302 2.459 1.782 1.632 1.828 1.707 1.336 1.54 
1.59 1.426 1.274 1.546 1.633 1.396 1.576 2.007 2.115 2.014 
2.18 2.354 2.632 2.897 3.113 3.397 3.558 3.778 4.104 4.247 
4.133 4.062 3.912 3.632 3.286 2.516 1.852 1.874 1.908 2.212 
1.945 1.822 1.525 1.771 1.777 1.506 1.638 1.493 1.379 1.335 
1.468 1.434 1.274 1.231 1.19 1.235 1.113 1.147 1.245 1.237 
1.082 1.077 1.371 1.678 1.823 1.651 1.508 1.988 2.327 3.496 
4.474 4.404 5.01 6.091 8.014 10.172 10.749 11.397 10.913 10.48 
10.214 9.249 6.933 6.157 4.994 4.316 3.667 3.873 4.381 5.285 
5.265 3.891 3.415 2.276 2.119 2.02 1.842 1.518 1.298 1.214 
1.412 1.434 1.138 1.121 1.18 1.14 1.25 1.417 1.349 1.267 
1.381 1.337 1.29 1.307 1.577 1.731 1.853 1.696 1.648 1.232 
1.192 1.129 1.364 1.111 1.164 1.238 1.286 1.636 1.931 1.659 
1.782 2.224 2.406 2.885 3.526 3.766 3.332 4.429 4.106 4.393 
5.105 5.217 5.023 5.416 6.488 7.508 7.776 6.492 6.105 5.045 
4.396 3.843 3.468 2.964 2.467 2.354 2.058 1.769 1.359 1.365 
1.386 1.346 1.348 1.333 1.3 1.225 1.284 1.304 1.341 1.238 
1.356 1.417 1.248 1.372 1.423 1.437 1.292 1.597 1.606 1.484 
1.258 1.141 1.195 1.335 1.339 1.177 1.286 1.398 1.341 1.349 
1.424 1.613 1.497 1.533 1.771 1.764 2.05 2.35 2.714 2.479 
2.485 2.059 1.617 1.606 1.604 1.199 1.098 1.195 1.366 1.769 
1.663 1.503 1.469 1.329 1.499 2.0 1.652 1.642 1.47 1.491 
1.306 1.326 1.502 1.222 1.212 1.353 1.358 1.367 1.442 1.495 
1.617 1.611 1.424 1.405 1.56 1.72 1.511 1.451 1.805 2.312 
2.732 2.818 3.146 3.265 4.244 6.029 6.928 8.628 10.162 11.14 
11.749 12.486 12.979 12.835 11.204 10.483 8.399 6.861 5.114 5.218 
4.529 3.73 4.257 4.739 5.398 5.487 7.687 7.045 6.913 6.358 
5.601 5.043 3.786 3.004 2.298 2.237 2.238 1.698 1.534 1.576 
1.87 1.619 1.511 1.902 1.833 1.57 1.606 1.621 1.479 1.296 
1.614 1.907 2.181 2.281 2.851 3.834 4.682 5.086 4.724 3.586 
3.07 2.72 2.255 2.587 2.184 2.165 2.349 2.645 3.356 3.491 
2.833 3.02 2.241 2.351 2.448 2.604 2.416 2.515 2.89 3.042 
3.371 3.451 3.901 3.795 3.372 3.062 2.703 2.315 1.908 1.863 
1.886 1.898 1.845 1.897 1.53 1.705 1.529 1.291 1.372 1.676 
1.582 1.686 1.88 1.632 1.922 1.949 2.002 1.646 1.631 1.935 
1.831 1.815 1.357 1.243 1.227 1.13 1.101 1.21 1.351 1.692 
1.883 2.996 3.764 3.823 3.685 3.662 4.403 4.606 4.522 3.159 
2.419 1.964 1.816 1.726 1.628 1.588 1.622 1.537 1.614 1.501 
1.573 1.704 1.833 1.927 1.932 1.529 1.547 1.747 1.602 1.717 
1.781 1.701 1.54 1.361 1.433 1.56 1.528 1.385 1.359 1.494 
1.513 1.264 1.062 1.382 1.332 1.172 1.403 1.625 1.425 1.07 
1.095 1.348 1.584 1.23 1.136 1.089 0.971 1.022 0.98 1.215 
1.182 1.252 1.837 1.847 1.596 1.291 1.245 1.272 1.248 1.283 
1.357 1.651 1.599 1.413 1.42 1.27 1.248 1.229 1.154 1.192 
1.318 1.416 1.421 1.498 1.768 1.663 1.648 1.832 2.45 2.536 
2.303 2.581 2.323 2.273 2.565 2.505 2.753 2.84 2.317 1.772 
1.308 1.215 1.273 1.374 1.313 1.202 1.131 0.995 0.865 1.083 
1.327 1.688 2.587 3.423 4.901 6.599 11.502 13.271 15.0 15.0 
15.0 15.0 15.0 15.0 15.0 15.0 14.494 15.0 10.764 10.642 
8.27 8.631 7.644 6.967 7.3 7.937 8.556 8.014 5.885 5.334 
4.522 3.834 3.65 3.107 3.615 3.975 5.128 6.013 6.911 6.882 
7.269 7.493 6.992 6.39 5.846 5.331 4.252 5.234 4.805 3.732 
3.369 2.583 2.151 2.019 2.325 2.134 2.467 2.731 2.731 2.35 
2.634 2.851 3.192 3.551 4.708 4.962 6.694 7.723 9.998 13.453 
15.0 15.0 15.0 15.0 15.0 15.0 15.0 15.0 15.0 15.0 
15.0 15.0 15.0 15.0 15.0 14.043 9.267 7.458 4.95 3.723 
3.001 2.526 2.852 3.107 3.629 4.19 4.925 3.922 3.782 4.721 
5.912 5.833 4.863 4.253 3.911 3.579 3.83 3.14 2.806 2.495 
2.009 1.744 1.541 1.556 1.337 1.501 1.428 1.57 1.654 2.264 
3.009 3.982 5.478 7.193 9.233 10.459 11.581 10.992 9.907 10.267 
9.92 8.444 8.136 7.461 7.161 6.242 6.28 6.249 3.959 3.341 
3.144 3.039 3.238 3.657 3.782 3.357 2.333 1.613 1.672 1.63 
1.97 2.068 1.883 1.784 1.718 1.343 1.184 1.184 1.213 1.199 
1.244 1.241 1.385 2.258 3.284 3.823 3.036 2.629 1.625 1.235 
1.17 1.074 1.074 1.044 1.12 1.303 1.682 1.683 1.587 1.489 
2.316 3.105 2.946 2.466 1.818 1.58 1.552 1.602 1.829 2.231 
2.694 2.451 2.258 2.815 2.895 2.86 3.022 2.623 2.68 2.345 
2.247 2.281 2.118 2.43 3.088 3.48 4.406 4.447 4.884 5.502 
4.451 4.245 4.084 4.268 4.527 5.721 6.481 7.481 7.721 9.698 
15.0 14.103 15.0 15.0 15.0 13.488 15.0 14.347 15.0 11.99 
15.0 13.062 15.0 15.0 15.0 15.0 15.0 14.313 15.0 12.491 
15.0 14.695 13.354 15.0 14.273 15.0 15.0 15.0 14.418 12.244 
9.689 7.98 7.663 7.753 8.133 9.523 10.443 14.26 12.988 15.0 
11.861 10.823 7.749 6.372 5.096 4.666 4.79 5.104 5.767 5.785 
5.888 5.839 6.812 6.712 7.413 7.226 8.513 8.643 9.749 10.897 
13.698 12.531 13.947 15.0 15.0 14.486 14.057 12.186 11.552 11.576 
10.573 8.843 7.617 6.989 7.678 7.326 6.893 6.911 6.993 6.056 
5.293 4.273 3.843 4.628 5.145 4.887 5.864 4.926 3.738 3.748 
3.343 3.932 2.856 3.711 4.67 5.524 6.586 7.281 8.436 8.887 
10.051 9.745 9.999 10.235 9.524 8.026 8.172 7.76 6.087 6.483 
6.925 6.753 6.099 4.89 4.327 3.172 2.657 2.364 2.079 2.07 
1.78 1.467 1.507 1.663 1.646 2.001 2.463 2.602 3.001 4.621 
3.958 3.304 2.751 3.199 3.75 5.314 5.083 6.573 6.936 6.889 
4.662 2.015 1.825 1.469 1.23 1.219 1.23 1.351 1.663 1.873 
1.615 1.488 1.529 1.745 1.746 1.611 1.304 1.687 1.506 1.423 
1.76 1.834 1.804 2.175 2.402 2.268 2.449 2.396 1.475 1.234 
1.201 1.017 0.886 0.928 0.857 0.954 1.171 1.871 2.742 3.766 
4.674 5.262 5.795 5.937 4.468 3.399 2.481 2.463 2.278 2.172 
2.323 2.275 2.912 3.543 3.175 2.677 2.818 3.681 4.332 5.011 
4.576 3.922 3.139 2.557 2.056 1.954 1.531 1.324 1.338 1.415 
1.509 1.409 1.509 2.17 2.397 2.715 3.267 3.594 2.942 2.95 
3.16 3.224 2.943 3.716 4.13 4.574 3.313 2.156 1.732 1.69 
1.652 1.826 1.984 1.711 1.868 1.742 1.591 1.808 2.404 2.489 
2.382 1.771 1.462 1.355 1.369 1.419 1.231 1.451 1.68 2.084 
3.061 3.903 5.421 7.819 10.765 10.965 12.427 13.163 
END
