PFRMAT local QA
AUTHOR LAW-CASP14
af2-standard_T1157s1_2.pdb local_accuracy_only 1.621 1.462 1.073 1.093 1.279 0.945 0.888 1.035 0.976 0.776 0.858 
0.909 0.849 0.769 0.87 0.877 0.809 0.779 0.917 0.881 0.74 
0.843 0.915 0.919 0.745 0.757 0.777 0.763 0.729 0.645 0.716 
0.799 0.825 1.042 1.176 1.069 0.908 0.851 0.798 1.385 2.65 
3.937 6.287 6.68 4.936 3.447 2.403 1.924 1.636 1.426 1.414 
1.359 0.96 1.055 1.061 1.511 1.243 0.89 0.768 0.692 0.621 
0.702 0.657 0.628 0.636 0.631 0.616 0.595 0.721 0.69 0.736 
0.845 1.083 1.074 1.332 2.341 4.161 5.065 3.028 4.469 3.332 
1.534 1.954 1.531 1.425 1.011 0.956 1.03 0.944 0.799 0.963 
0.953 0.821 0.77 0.915 0.877 0.82 0.863 0.943 0.974 1.122 
1.219 0.954 1.024 1.145 1.466 1.601 1.648 1.381 1.403 1.48 
1.185 1.285 1.323 1.301 1.381 1.075 0.782 0.966 0.876 0.828 
0.822 0.779 0.676 0.616 0.548 0.535 0.611 0.586 0.516 0.557 
0.563 0.546 0.505 0.526 0.549 0.507 0.485 0.5 0.509 0.528 
0.577 0.646 0.667 0.747 0.939 0.853 0.839 0.966 1.026 1.267 
1.604 1.296 1.612 1.186 2.417 2.877 3.673 4.528 4.905 4.515 
5.933 4.449 3.831 2.508 2.112 1.511 1.524 1.732 1.762 2.384 
2.125 2.431 1.904 1.621 1.058 1.175 0.74 0.723 0.583 0.539 
0.661 0.584 0.48 0.524 0.581 0.535 0.49 0.579 0.593 0.576 
0.71 0.834 0.652 0.687 1.131 0.815 1.2 0.872 0.713 0.62 
0.632 0.7 0.645 0.637 0.623 0.679 0.67 0.767 0.778 0.763 
0.944 1.368 1.591 1.944 2.307 2.503 1.607 2.364 1.697 2.423 
4.125 6.188 10.008 11.067 15.0 14.534 13.876 14.395 13.443 10.517 
8.751 4.966 2.631 2.058 1.45 1.139 0.942 0.753 0.656 0.616 
0.548 0.584 0.533 0.518 0.518 0.541 0.544 0.57 0.546 0.496 
0.543 0.567 0.536 0.582 0.683 0.644 0.654 0.743 0.659 0.713 
0.708 0.529 0.54 0.655 0.588 0.478 0.512 0.533 0.483 0.472 
0.537 0.565 0.518 0.561 0.645 0.654 0.711 0.785 0.888 0.925 
0.702 0.741 0.698 0.961 0.878 0.921 0.858 1.051 0.875 1.145 
1.176 0.932 1.077 1.141 1.172 1.52 1.473 1.493 0.953 0.919 
0.837 0.833 0.805 0.704 0.631 0.651 0.537 0.508 0.506 0.544 
0.573 0.517 0.574 0.556 0.604 0.606 0.668 0.709 0.883 0.948 
1.617 1.801 3.665 5.423 6.854 9.496 9.011 10.836 10.357 8.705 
13.184 14.752 15.0 13.493 13.599 11.78 8.921 8.222 4.303 5.922 
2.833 2.255 2.647 4.335 3.337 4.289 4.109 3.689 2.771 2.865 
2.924 2.172 1.02 1.13 0.929 0.765 0.819 0.76 0.594 0.601 
0.729 0.515 0.519 0.652 0.577 0.524 0.529 0.6 0.595 0.624 
0.672 0.68 0.731 0.805 0.84 1.06 1.175 1.382 1.305 1.017 
0.927 0.881 0.958 1.148 1.232 1.135 1.399 1.143 1.385 1.529 
1.103 1.236 1.558 1.876 1.885 2.059 1.573 1.26 1.11 1.057 
1.053 0.912 0.792 0.758 0.778 0.737 0.731 0.812 0.839 0.771 
0.904 1.025 1.149 0.999 0.803 0.789 0.743 0.671 0.653 0.677 
0.666 0.619 0.676 0.72 0.673 0.768 0.831 0.798 0.781 0.973 
0.929 0.985 0.899 0.92 1.057 1.374 1.51 1.568 1.551 1.92 
1.689 2.095 2.262 1.684 1.756 2.173 2.244 2.871 2.886 2.242 
1.962 1.378 1.087 0.825 0.724 0.68 0.57 0.641 0.615 0.563 
0.58 0.585 0.612 0.579 0.593 0.609 0.645 0.639 0.709 0.818 
0.846 0.877 0.884 0.831 0.679 0.756 0.878 0.802 0.696 0.796 
0.823 0.71 0.736 0.819 0.785 0.807 0.876 0.881 0.933 0.847 
0.864 0.878 0.977 0.921 0.831 0.818 0.82 0.852 1.034 1.246 
1.648 1.375 1.952 2.015 1.478 1.296 1.067 0.878 0.785 0.696 
0.645 0.611 0.587 0.588 0.576 0.633 0.567 0.569 0.62 0.674 
0.635 0.616 0.634 0.72 0.703 0.695 0.812 0.897 1.022 1.296 
1.057 1.203 1.181 1.099 1.615 2.371 3.19 2.399 1.296 0.925 
0.689 0.649 0.603 0.6 0.554 0.593 0.558 0.672 0.591 0.894 
0.883 1.335 2.795 10.852 15.0 15.0 15.0 15.0 15.0 15.0 
15.0 15.0 15.0 15.0 15.0 15.0 15.0 15.0 15.0 14.415 
10.848 11.223 8.992 8.632 10.476 11.056 12.466 10.726 10.779 2.136 
2.504 1.923 1.747 1.367 1.588 1.294 1.646 2.103 1.9 2.076 
3.489 3.631 4.012 2.46 1.492 1.443 1.124 1.545 1.715 1.377 
1.554 1.391 1.174 1.199 1.14 0.949 1.107 1.222 1.228 1.074 
1.509 1.373 2.362 3.476 5.634 10.389 11.537 15.0 15.0 15.0 
15.0 15.0 15.0 15.0 15.0 15.0 15.0 15.0 15.0 15.0 
15.0 15.0 8.955 6.48 3.793 3.274 2.614 1.875 1.939 1.436 
1.099 1.654 1.395 1.441 3.142 4.031 5.953 2.767 4.358 3.831 
6.649 6.087 3.406 2.236 1.581 1.632 1.651 1.544 1.518 1.693 
1.148 1.087 0.931 0.96 1.054 1.112 1.447 1.731 2.595 3.676 
5.647 9.799 11.586 14.724 15.0 15.0 15.0 15.0 15.0 15.0 
15.0 15.0 14.068 12.892 10.989 8.507 6.462 4.085 2.709 2.326 
2.161 2.197 2.189 2.35 2.467 1.851 1.534 1.417 1.434 1.398 
1.591 1.822 1.607 2.454 2.112 1.571 1.307 1.07 0.962 0.848 
0.807 0.846 1.019 1.633 2.462 2.862 2.257 1.32 0.818 0.731 
0.787 0.803 0.897 1.065 1.07 1.286 1.257 1.177 1.161 1.021 
1.039 0.904 1.194 1.129 1.065 1.015 1.185 1.248 1.349 1.381 
1.468 1.347 1.264 1.501 1.58 1.446 1.619 1.458 1.43 1.309 
1.231 1.145 1.224 1.163 2.936 2.804 4.088 3.9 3.009 2.875 
2.93 2.842 3.092 2.564 3.122 3.246 6.241 7.314 11.349 11.511 
8.83 10.05 9.718 11.173 13.455 15.0 15.0 15.0 15.0 15.0 
15.0 15.0 15.0 15.0 15.0 15.0 15.0 15.0 15.0 15.0 
15.0 15.0 15.0 15.0 15.0 15.0 15.0 15.0 15.0 15.0 
15.0 15.0 15.0 15.0 15.0 15.0 15.0 15.0 15.0 12.433 
11.676 11.222 9.785 9.153 8.251 7.599 6.899 8.352 9.391 7.384 
5.703 8.337 8.829 8.774 8.108 10.001 7.311 5.876 7.21 8.698 
6.373 7.912 10.563 11.588 11.703 10.828 13.561 12.292 12.119 14.303 
15.0 12.608 10.638 10.38 9.614 7.925 6.418 6.257 6.161 8.936 
8.038 10.538 6.506 9.329 2.724 1.923 1.753 1.725 1.397 1.82 
1.919 2.065 2.124 1.846 2.971 3.147 3.053 3.226 4.39 3.956 
3.717 2.358 1.995 3.018 3.734 6.377 11.26 11.334 13.103 12.771 
10.982 8.516 6.552 5.114 4.259 4.731 3.073 2.556 1.409 1.737 
1.289 1.202 1.127 1.573 1.359 1.721 1.202 1.266 0.965 1.298 
1.16 1.113 1.077 1.045 1.224 1.136 0.996 0.95 1.094 1.011 
0.947 1.019 0.826 0.882 1.087 0.969 1.287 0.977 0.99 0.957 
0.828 0.808 0.884 0.963 0.825 0.84 0.862 1.039 0.908 0.937 
1.0 1.21 1.175 1.367 1.349 1.27 1.034 0.992 0.99 0.916 
0.898 0.909 0.752 0.76 0.791 0.954 1.07 1.28 1.76 1.923 
6.719 8.93 9.955 10.732 9.865 8.624 6.679 3.522 2.659 1.779 
1.875 1.513 1.585 1.42 1.359 1.099 1.271 1.203 1.242 1.766 
1.558 1.458 1.287 1.217 1.417 1.31 1.277 1.029 1.254 1.17 
0.955 1.205 1.043 1.642 1.263 1.41 1.459 1.651 1.505 1.454 
1.958 2.115 1.833 1.858 2.519 2.235 2.433 2.165 2.326 2.64 
3.201 3.04 3.145 2.122 1.285 0.971 0.843 0.93 0.885 1.27 
1.241 0.821 0.77 0.728 0.823 0.92 0.906 1.053 1.169 1.43 
1.669 1.794 2.526 4.592 14.382 14.755 15.0 15.0 
END
