PFRMAT local QA
AUTHOR MASS-CASP14
af2-standard_T1170_1.pdb local_accuracy_only 8.047 5.616 3.978 2.692 2.207 1.799 1.547 1.425 1.352 1.404 1.586 
1.551 1.208 1.187 1.268 1.336 1.401 1.401 1.103 1.286 1.513 
1.51 1.458 1.658 1.71 1.52 1.435 1.576 1.641 1.685 1.678 
1.818 2.25 2.495 1.988 1.694 1.603 1.396 1.025 0.894 0.742 
0.584 0.498 0.831 1.078 1.088 1.042 0.934 1.05 1.016 1.05 
1.034 0.857 0.896 0.997 1.03 0.952 1.039 1.173 1.363 1.379 
1.542 1.34 1.271 1.017 1.154 1.036 1.032 1.073 0.988 1.282 
1.355 1.107 1.353 1.438 1.343 1.69 1.269 1.087 1.159 1.374 
1.215 1.167 1.478 1.581 1.576 1.91 1.949 1.75 1.119 0.002 
0.0 0.0 0.0 0.0 0.005 0.753 1.107 1.252 1.247 1.391 
1.615 1.741 1.316 1.278 1.518 1.285 1.133 1.202 1.351 1.343 
1.36 1.707 1.897 1.864 1.499 1.631 2.05 2.313 2.755 3.777 
5.338 6.687 7.711 8.694 6.691 5.251 4.119 2.743 2.047 1.64 
1.573 1.526 1.453 1.523 1.453 1.129 0.892 0.79 0.794 1.045 
0.888 0.883 1.11 1.525 1.656 2.283 1.792 1.602 1.706 2.073 
1.76 1.387 1.468 1.676 1.483 1.39 1.378 1.244 1.347 1.566 
1.666 1.593 1.763 1.317 1.335 1.3 1.553 1.664 1.344 1.177 
1.437 1.528 1.395 1.22 1.405 1.428 1.395 1.647 1.876 1.898 
2.17 2.325 1.642 1.389 1.252 1.178 1.194 1.313 1.138 1.099 
1.117 1.175 1.066 1.063 1.268 1.188 1.184 1.296 1.349 1.045 
1.06 1.109 1.061 1.006 1.18 1.186 1.121 1.084 1.288 1.275 
1.247 1.471 1.488 1.453 1.581 1.988 2.568 2.822 3.6 3.065 
2.608 1.82 1.682 1.96 1.924 1.774 1.563 1.549 1.815 1.622 
1.453 1.304 1.549 1.717 1.768 1.551 1.317 1.485 1.671 1.538 
1.444 1.316 1.453 1.409 1.408 1.358 1.291 1.222 1.098 1.011 
1.065 1.157 1.11 1.109 1.412 1.588 1.664 1.88 1.806 1.683 
1.548 1.362 1.399 1.418 1.504 1.207 1.125 1.101 1.23 1.386 
1.434 1.673 1.783 1.713 1.615 1.878 1.856 1.712 1.82 1.966 
1.645 1.534 1.325 1.349 1.288 1.183 1.186 1.32 1.262 1.384 
1.177 1.107 1.304 1.73 2.134 2.176 2.02 1.819 1.305 1.228 
1.221 1.111 1.114 1.105 1.004 1.032 1.284 1.319 1.173 1.381 
1.505 1.751 2.062 2.947 3.754 5.198 6.164 
END
