PFRMAT local QA
AUTHOR LAW-CASP14
af2-standard_T1170_1.pdb local_accuracy_only 8.367 7.762 3.582 1.741 1.685 1.404 1.194 1.095 0.967 1.106 1.205 
1.18 1.095 0.869 0.9 0.899 1.257 1.306 0.953 1.176 1.356 
1.266 1.063 1.273 1.359 1.263 1.071 1.451 1.532 1.456 1.448 
1.959 2.014 1.998 1.565 1.166 0.989 0.845 0.611 0.602 0.575 
0.599 0.681 0.775 0.875 0.972 0.858 0.799 0.923 0.675 0.754 
0.826 0.695 0.606 0.699 0.71 0.67 0.636 0.746 0.776 0.756 
0.781 0.713 0.766 0.703 0.762 0.812 0.834 0.872 0.832 1.018 
1.168 1.069 1.254 1.222 1.207 1.259 1.207 1.04 1.068 1.123 
1.053 0.832 1.009 1.043 0.854 0.98 0.995 0.899 0.735 0.589 
0.63 0.618 0.613 0.741 0.735 0.663 0.754 0.809 0.855 1.033 
1.058 1.169 1.023 0.953 0.979 0.993 0.857 0.89 0.918 0.871 
0.736 0.913 0.994 1.037 1.064 1.034 1.58 1.878 4.051 4.344 
7.192 8.558 9.084 9.105 8.259 6.397 4.432 2.753 2.325 1.525 
1.164 1.13 0.911 0.979 0.887 0.776 0.623 0.539 0.481 0.519 
0.576 0.63 0.806 0.857 0.868 1.05 1.038 0.951 1.371 1.424 
1.467 1.072 1.024 1.22 0.937 0.771 0.887 0.72 0.73 0.669 
0.773 0.733 0.846 0.811 0.771 0.822 0.792 0.796 0.735 0.751 
0.708 0.706 0.702 0.712 0.75 0.726 0.783 0.823 0.897 1.008 
0.911 0.972 0.953 1.041 0.921 1.02 0.907 0.968 0.915 0.804 
0.828 0.849 0.759 0.745 0.805 0.788 0.768 0.765 0.809 0.765 
0.791 0.914 0.827 0.803 0.951 0.949 0.836 0.807 0.919 0.954 
0.911 0.938 1.072 1.16 1.266 1.824 2.342 2.53 2.131 2.402 
1.562 1.308 1.009 1.075 1.077 1.117 1.118 0.983 1.116 1.154 
1.074 1.003 1.145 1.186 1.113 0.995 0.92 0.889 0.892 0.875 
0.833 0.846 0.837 0.833 0.753 0.723 0.751 0.744 0.729 0.653 
0.721 0.733 0.749 0.786 0.888 0.876 0.921 0.993 0.876 0.929 
1.016 0.915 1.128 0.999 1.186 1.056 0.86 0.98 1.098 0.978 
0.824 1.121 1.049 1.243 1.159 1.389 1.223 1.09 1.188 1.128 
1.141 0.935 0.934 0.957 0.857 0.759 0.749 0.778 0.715 0.669 
0.639 0.648 0.66 0.824 0.987 1.244 1.162 1.047 0.814 0.763 
0.651 0.65 0.729 0.666 0.633 0.779 0.934 0.796 0.761 1.124 
1.184 1.6 1.45 3.242 4.976 6.991 9.243 
END
