PFRMAT local QA
AUTHOR MASS-CASP14
af2-standard_T1151s2_1.pdb local_accuracy_only 15.0 15.0 15.0 15.0 15.0 15.0 15.0 15.0 15.0 15.0 15.0 
15.0 15.0 15.0 15.0 15.0 14.583 15.0 14.396 11.245 8.619 
7.456 6.684 6.411 5.214 5.553 4.134 4.067 3.439 3.808 3.57 
3.529 3.094 2.703 2.971 3.441 3.222 3.607 3.898 3.091 2.428 
3.048 3.452 3.378 3.074 2.621 2.135 1.958 1.684 1.583 1.556 
1.519 1.278 1.331 1.459 1.436 1.411 1.321 1.192 1.183 1.214 
1.188 1.159 1.328 1.361 1.368 1.202 1.628 2.054 2.601 2.578 
1.856 1.499 1.191 1.077 1.068 1.121 1.321 1.367 1.296 1.354 
1.775 2.494 2.733 2.648 2.559 2.263 2.226 2.268 2.417 2.337 
2.436 2.84 2.407 2.688 2.447 2.355 2.267 2.735 2.581 2.912 
2.643 2.504 1.888 1.895 1.682 2.23 2.813 2.98 3.944 4.949 
6.756 8.042 9.546 12.513 13.73 
END
