PFRMAT local QA
AUTHOR LAW-CASP14
af2-standard_T1151s2_1.pdb local_accuracy_only 15.0 15.0 15.0 15.0 15.0 15.0 15.0 15.0 15.0 15.0 15.0 
15.0 15.0 15.0 15.0 15.0 15.0 15.0 15.0 15.0 15.0 
15.0 15.0 15.0 15.0 15.0 13.851 7.725 6.194 4.632 3.591 
2.229 2.297 1.989 2.355 2.46 2.504 1.994 2.178 1.841 1.301 
1.481 1.701 1.753 1.198 1.379 1.129 1.079 0.946 0.831 0.921 
0.895 0.819 0.841 0.938 0.942 1.025 0.796 0.747 0.705 0.645 
0.619 0.649 0.65 0.69 0.665 0.745 0.851 0.831 0.878 1.152 
0.808 0.907 0.813 0.73 0.675 0.696 0.748 0.701 0.794 0.774 
1.007 1.257 1.424 1.318 1.324 1.075 1.032 1.049 1.001 0.835 
0.774 0.895 0.823 0.707 0.767 0.844 0.785 0.787 0.905 0.916 
0.861 1.012 0.83 0.955 0.853 1.178 1.463 2.276 3.604 4.086 
3.896 5.874 7.56 8.309 9.922 
END
