PFRMAT local QA
AUTHOR LAW-CASP14
af2-standard_T1155_4.pdb local_accuracy_only 6.906 6.976 4.344 4.996 4.542 4.107 3.923 3.507 3.341 3.007 2.52 
2.383 2.284 2.134 1.977 2.037 2.003 1.98 1.9 2.17 2.068 
2.115 2.299 2.419 2.09 2.098 2.209 1.856 1.873 2.018 1.952 
1.917 2.767 1.919 1.952 1.972 2.176 2.171 2.25 2.451 2.615 
2.694 2.977 3.533 3.649 3.151 3.377 3.025 2.988 2.695 2.522 
2.284 2.174 1.965 1.958 2.001 1.984 1.905 2.021 2.239 2.163 
2.605 2.731 2.782 3.002 4.886 6.373 7.591 6.64 6.928 4.962 
5.712 6.02 7.656 9.056 9.701 8.781 8.06 6.758 6.131 7.784 
7.958 8.337 6.55 6.236 5.481 4.517 3.916 3.844 2.671 2.609 
2.208 2.0 1.904 2.058 1.8 1.744 1.901 2.088 1.951 1.916 
2.054 2.045 1.991 2.114 2.578 2.74 4.033 5.391 7.227 8.638 
10.612 12.291 14.365 15.0 15.0 
END
