PFRMAT local QA
AUTHOR MASS-CASP14
af2-standard_T1155_4.pdb local_accuracy_only 4.256 3.303 2.67 2.972 3.291 4.013 3.615 3.268 3.882 4.005 3.741 
3.228 2.929 2.488 2.017 2.161 2.24 1.843 2.138 2.999 2.895 
3.608 4.073 4.681 4.389 4.033 3.394 3.295 2.584 3.222 2.372 
2.141 2.053 1.686 1.5 1.522 1.714 1.524 1.676 1.995 1.792 
1.582 1.682 2.101 1.875 1.514 1.525 1.9 2.206 2.216 2.051 
2.175 1.625 1.519 1.801 1.904 1.466 1.549 1.903 2.361 2.541 
3.406 4.48 5.05 4.278 4.379 4.358 5.644 7.209 8.29 9.551 
10.954 13.499 14.146 15.0 15.0 15.0 15.0 10.704 8.525 6.99 
5.331 4.606 3.339 2.891 2.384 2.412 2.255 1.844 1.799 1.856 
1.725 1.648 1.83 1.865 1.646 1.469 1.858 1.779 1.591 1.647 
1.785 1.65 1.591 1.741 2.02 2.208 2.787 4.015 6.037 8.634 
10.66 14.093 15.0 15.0 15.0 
END
