PFRMAT local QA
AUTHOR MASS-CASP14
af2-standard_T1176_3.pdb local_accuracy_only 3.012 2.38 1.801 1.605 1.576 1.987 2.017 2.28 2.427 2.484 2.35 
2.402 2.791 2.514 2.735 2.503 2.852 2.665 3.175 2.923 2.893 
2.505 3.67 3.648 3.594 2.142 1.838 1.455 1.327 1.424 1.553 
1.925 2.574 3.759 5.158 6.68 7.981 7.693 5.642 3.307 2.112 
1.686 1.427 1.253 1.241 1.527 1.781 1.847 2.206 2.213 2.15 
1.895 2.241 2.615 2.073 2.202 1.658 1.435 1.206 1.214 1.313 
1.173 1.488 1.706 2.189 2.609 2.881 2.872 2.66 2.045 1.638 
1.548 1.4 1.618 1.551 1.662 1.985 2.841 2.957 3.646 2.93 
2.404 1.544 1.213 1.022 0.969 1.117 1.342 1.362 1.383 1.556 
1.476 1.587 1.652 2.063 2.985 3.89 4.023 4.036 2.904 2.563 
2.554 2.736 2.579 2.226 2.526 2.481 2.277 1.317 1.34 1.306 
1.349 1.437 1.463 1.647 1.344 1.264 1.217 1.082 0.988 0.987 
0.984 1.241 1.25 1.518 1.254 1.21 1.845 2.248 3.74 5.451 
5.221 5.151 4.551 3.976 3.94 3.159 3.653 3.273 2.777 2.036 
2.22 2.358 1.945 1.88 1.589 1.342 1.216 1.151 1.099 1.111 
1.384 2.029 2.961 5.117 6.304 5.385 5.178 3.732 2.454 1.778 
1.564 1.381 1.469 1.398 1.11 1.014 1.1 1.408 2.157 
END
