PFRMAT local QA
AUTHOR LAW-CASP14
af2-standard_T1176_3.pdb local_accuracy_only 1.701 1.58 1.459 1.512 1.42 2.16 2.892 5.27 5.651 5.971 5.499 
5.653 5.138 5.722 5.7 4.161 3.997 2.919 1.93 2.111 2.212 
3.469 3.71 5.277 3.628 2.393 1.939 1.582 1.393 1.614 1.893 
2.82 3.488 5.381 6.855 8.036 8.524 7.489 6.607 5.553 5.429 
5.779 5.793 4.941 5.357 7.216 8.022 8.072 6.633 4.798 4.957 
2.454 2.913 3.013 1.67 1.351 1.294 1.056 1.061 1.033 1.106 
1.06 1.027 0.977 1.202 1.16 1.54 1.335 1.145 0.988 1.048 
0.968 1.03 1.124 1.262 1.503 1.797 2.458 2.866 3.579 2.935 
2.277 1.623 1.249 1.179 1.043 1.139 1.317 1.45 1.152 1.323 
1.031 1.364 1.511 2.423 2.7 4.068 4.693 4.427 3.424 2.99 
2.255 1.607 1.516 1.212 1.343 1.289 1.126 1.015 0.995 0.967 
0.906 0.978 1.099 1.118 1.033 1.138 1.213 1.16 1.03 0.989 
0.993 1.044 1.096 1.22 1.108 1.082 1.331 1.622 2.786 3.929 
3.846 2.897 2.092 1.393 1.271 1.627 2.401 2.628 2.265 2.002 
2.817 2.807 2.195 2.95 2.87 1.735 1.751 1.304 1.37 1.218 
1.365 1.928 1.593 2.544 2.285 3.696 2.649 1.683 1.293 1.08 
1.179 1.126 1.232 1.197 1.105 1.082 1.198 1.247 1.554 
END
