PFRMAT local QA
AUTHOR MASS-CASP14
af2-standard_T1174_4.pdb local_accuracy_only 13.196 10.985 9.151 9.947 11.949 14.128 15.0 15.0 15.0 15.0 14.364 
11.543 10.259 9.242 8.293 9.318 9.006 9.135 10.676 12.721 15.0 
15.0 15.0 15.0 15.0 15.0 15.0 15.0 12.963 9.385 7.378 
7.206 7.355 8.166 9.802 10.103 9.288 7.539 5.304 4.11 2.976 
2.671 2.783 2.594 2.869 3.743 4.536 6.271 7.723 9.762 14.4 
14.214 13.764 13.604 15.0 15.0 15.0 15.0 15.0 15.0 15.0 
15.0 15.0 15.0 15.0 15.0 15.0 15.0 15.0 15.0 15.0 
15.0 14.394 11.176 9.003 7.337 7.531 8.681 10.988 13.121 10.722 
6.839 5.365 3.97 3.9 3.549 4.682 6.326 6.961 6.364 5.301 
4.596 4.712 4.772 3.73 2.538 2.002 1.788 1.593 1.484 2.105 
2.604 2.513 2.042 1.495 1.292 1.213 1.178 1.335 1.322 1.54 
1.72 1.682 1.976 2.089 1.848 1.486 1.224 1.397 1.551 2.165 
2.993 4.242 5.861 8.565 11.367 12.691 15.0 15.0 15.0 15.0 
15.0 15.0 15.0 15.0 15.0 15.0 15.0 15.0 15.0 15.0 
15.0 15.0 15.0 15.0 15.0 15.0 15.0 13.482 14.642 14.576 
12.487 11.135 9.842 9.923 8.656 8.932 8.948 8.984 9.906 10.105 
11.438 12.48 14.96 12.168 10.923 8.834 5.925 4.07 3.167 3.324 
3.228 4.543 6.012 5.071 3.333 2.345 1.687 1.562 1.421 1.652 
1.811 2.146 2.27 2.135 2.405 2.483 1.956 1.891 1.774 1.825 
2.18 3.127 3.71 5.329 5.705 6.484 7.967 9.058 8.018 7.941 
7.906 8.209 8.944 9.39 8.882 7.991 8.12 8.562 8.69 9.515 
10.529 12.466 12.182 12.192 11.988 10.875 9.687 8.389 8.398 8.549 
8.767 8.454 9.068 7.596 7.726 6.89 6.308 6.509 6.249 5.987 
7.237 6.757 6.547 8.094 8.494 7.464 5.536 4.735 4.568 4.218 
4.076 3.96 5.137 6.854 7.356 7.28 5.751 6.369 4.718 2.674 
1.857 1.344 1.19 1.152 1.245 1.235 1.347 1.497 1.893 2.538 
3.983 5.254 8.641 8.27 7.85 7.545 7.164 5.598 3.83 3.053 
3.086 2.635 2.23 2.22 2.454 3.116 3.927 4.998 6.378 8.301 
8.641 10.106 11.429 10.418 9.375 9.683 9.412 8.785 9.076 10.009 
11.129 13.168 13.374 12.446 11.749 11.112 11.039 10.799 10.831 8.934 
9.221 9.374 7.834 6.371 5.205 5.687 6.324 5.688 4.327 3.1 
2.525 2.047 1.518 1.279 1.323 1.453 1.408 1.683 1.99 2.302 
2.523 2.996 3.251 3.51 3.537 3.476 3.298 2.672 2.099 1.767 
1.384 1.315 1.354 1.475 1.661 1.84 2.371 
END
