PFRMAT local QA
AUTHOR LAW-CASP14
af2-standard_T1174_4.pdb local_accuracy_only 15.0 14.357 15.0 15.0 10.848 12.096 9.488 8.653 6.735 4.58 3.57 
3.029 3.342 2.662 3.096 2.623 3.026 3.224 3.959 4.641 6.222 
7.411 8.825 8.922 6.963 5.725 5.685 4.694 3.808 3.177 2.884 
2.417 2.762 2.908 2.759 2.816 3.222 3.092 2.832 2.758 2.377 
2.376 2.469 3.036 3.8 4.663 5.247 5.85 4.141 4.377 3.893 
3.788 4.274 3.848 4.462 3.932 3.572 4.98 4.541 4.068 3.889 
3.591 3.882 4.21 5.191 5.819 7.877 8.952 9.682 7.918 6.989 
4.916 4.135 3.3 2.753 2.734 2.691 3.487 3.479 4.522 3.722 
2.932 2.093 1.884 1.666 1.688 2.008 2.614 4.75 4.873 3.599 
3.416 3.204 2.584 1.595 1.469 1.375 1.271 1.348 1.448 1.569 
1.935 1.798 1.597 1.524 1.324 1.266 1.267 1.348 1.324 1.344 
1.604 1.329 1.882 1.573 1.607 1.426 1.436 1.557 1.498 2.195 
2.629 3.53 3.841 5.342 5.9 6.274 7.444 6.915 6.171 5.977 
6.392 6.349 7.155 7.253 8.714 10.054 13.951 9.143 7.93 10.392 
10.512 6.231 6.745 6.048 5.584 5.709 5.307 4.511 4.117 4.212 
3.586 2.93 3.121 2.726 2.767 3.234 3.879 4.977 5.915 7.911 
6.089 5.81 6.121 5.4 4.212 3.336 2.369 2.269 1.949 1.829 
1.885 1.97 2.361 2.067 1.769 1.695 1.592 2.039 1.953 2.284 
2.09 2.013 2.188 1.691 1.98 1.86 1.75 1.822 1.939 3.115 
3.319 5.544 6.958 8.958 12.446 15.0 15.0 15.0 15.0 15.0 
15.0 15.0 15.0 15.0 15.0 15.0 15.0 15.0 15.0 15.0 
15.0 15.0 15.0 15.0 15.0 15.0 15.0 15.0 14.775 14.344 
14.799 15.0 13.851 11.609 11.955 10.742 9.529 9.216 6.233 5.911 
4.772 3.998 4.301 3.154 3.125 2.531 2.607 2.678 3.452 3.767 
4.458 4.314 4.554 4.751 4.499 3.836 4.195 3.969 3.198 3.064 
2.8 2.959 2.825 3.469 3.996 4.521 5.299 5.531 5.697 6.095 
6.167 7.258 8.564 9.35 10.856 12.235 10.549 10.846 5.132 4.973 
2.832 3.232 2.654 3.535 4.555 5.198 6.554 7.197 6.906 6.477 
6.387 6.74 7.4 11.101 11.703 12.677 11.889 10.655 8.941 9.408 
8.099 6.198 6.07 7.578 8.713 7.026 7.066 6.455 6.507 6.682 
8.274 6.61 5.308 4.489 3.191 3.453 4.111 4.102 5.613 6.181 
5.104 4.025 4.278 3.551 2.679 2.721 2.403 3.041 3.482 5.297 
6.092 7.01 8.069 7.051 5.94 5.338 5.741 5.154 5.108 5.167 
4.409 3.96 3.36 3.12 3.23 3.121 2.903 
END
