PFRMAT local QA
AUTHOR MASS-CASP14
af2-standard_T1106s2_4.pdb local_accuracy_only 9.77 6.395 4.297 3.132 2.821 2.728 2.639 2.598 2.335 2.102 2.067 
2.014 1.821 1.821 1.924 2.045 1.891 1.636 1.749 1.91 1.648 
2.111 2.119 2.028 1.882 1.75 1.927 1.93 1.864 1.825 2.032 
1.791 1.721 2.022 2.014 1.681 1.929 2.334 2.35 2.094 2.217 
2.014 1.75 1.63 1.668 1.581 1.457 1.496 1.397 1.432 1.403 
1.324 1.303 1.25 1.413 1.842 1.944 1.838 1.621 1.647 1.617 
1.464 1.192 1.436 1.472 1.436 1.299 1.515 1.47 1.395 1.557 
1.722 1.985 1.997 2.304 2.303 2.079 1.901 2.132 1.739 1.527 
1.607 1.474 1.4 1.501 1.625 1.666 1.692 1.837 1.84 1.869 
1.871 1.83 1.905 2.129 2.031 1.89 1.892 1.944 1.697 1.694 
1.678 1.706 1.628 1.795 2.139 2.227 2.914 4.268 5.542 5.93 
6.438 9.801 11.952 
END
