PFRMAT local QA
AUTHOR LAW-CASP14
af2-standard_T1106s2_4.pdb local_accuracy_only 11.071 10.247 4.95 3.386 2.314 2.452 2.48 2.496 2.353 2.134 2.463 
2.363 1.985 1.91 2.315 1.989 1.872 2.009 2.176 1.94 1.921 
2.153 2.403 2.144 1.934 1.697 1.635 1.759 1.673 1.567 1.697 
1.666 1.56 1.617 1.771 1.66 1.657 1.859 2.074 1.779 1.771 
1.677 1.584 1.588 1.65 1.571 1.442 1.458 1.565 1.442 1.472 
1.521 1.508 1.506 1.589 1.601 1.585 1.699 1.615 1.717 1.691 
1.589 1.568 1.669 1.609 1.562 1.623 1.668 1.7 1.621 1.876 
1.935 2.006 2.102 2.23 2.407 2.19 2.214 2.135 1.899 1.875 
1.878 1.823 1.764 1.919 1.866 1.766 1.86 1.946 1.91 1.871 
2.019 1.988 2.064 2.17 1.976 1.926 1.935 1.921 1.815 1.942 
1.988 1.985 2.001 2.343 2.603 2.561 3.114 3.959 4.478 5.321 
7.042 7.749 8.905 
END
