PFRMAT local QA
AUTHOR MASS-CASP14
af2-standard_T1137s6_3.pdb local_accuracy_only 14.8 11.702 7.9 6.549 6.061 5.684 4.688 4.769 4.839 4.586 4.624 
4.871 4.469 4.75 5.209 5.14 6.203 5.933 5.737 5.717 5.027 
5.349 5.034 5.256 5.242 5.391 6.382 7.45 7.369 7.273 7.814 
8.199 8.398 8.513 9.187 8.176 7.566 5.543 4.137 2.99 2.259 
1.535 1.274 1.094 1.098 1.05 0.987 1.168 1.444 1.271 1.324 
1.339 1.185 1.716 1.895 2.134 2.098 2.08 1.401 1.388 1.716 
2.124 2.647 2.067 1.612 1.325 1.06 0.969 0.988 1.216 1.256 
1.069 1.103 1.305 1.765 2.35 2.808 2.268 1.533 1.309 1.263 
1.137 1.174 1.052 1.001 1.227 1.486 1.896 2.148 2.03 1.575 
1.937 2.259 2.031 1.613 1.545 1.405 1.3 1.239 1.441 1.373 
1.506 1.464 1.824 1.69 1.65 1.572 1.334 1.171 0.988 0.586 
0.916 1.372 1.855 2.745 4.187 7.612 8.225 10.655 7.16 7.027 
5.536 5.941 4.9 5.281 3.725 3.057 3.034 3.503 4.018 3.16 
2.648 2.465 2.479 2.541 2.726 3.022 3.301 3.764 3.237 3.985 
4.304 4.434 4.208 4.091 4.729 4.637 4.33 5.101 5.467 5.629 
5.376 5.447 5.48 4.34 3.753 4.118 4.173 4.061 4.623 4.258 
4.902 4.947 5.033 5.811 5.93 6.13 6.08 7.082 6.048 6.92 
7.254 7.201 5.798 6.452 5.832 5.801 5.93 6.765 6.1 6.465 
5.964 6.155 5.443 6.174 6.105 6.829 5.973 7.685 6.936 7.657 
6.981 6.966 7.102 6.292 6.229 6.562 6.437 6.957 7.566 7.428 
7.807 7.406 7.55 7.079 6.592 6.169 7.73 8.422 8.064 8.458 
8.651 9.014 9.9 9.489 8.5 9.678 9.756 9.026 10.111 10.545 
9.609 9.642 8.842 7.848 7.326 7.313 7.899 7.383 7.166 6.872 
7.984 7.627 7.754 7.176 7.205 7.095 7.065 6.548 7.448 7.608 
8.582 8.207 7.895 6.939 6.445 6.493 5.823 5.649 7.062 5.979 
6.491 6.693 6.814 5.939 7.571 7.698 6.511 6.783 6.316 5.595 
4.027 3.998 3.895 3.814 3.947 4.057 3.863 4.432 4.249 4.84 
4.741 5.228 4.564 5.086 4.809 5.353 5.712 6.459 6.243 7.528 
6.802 7.013 7.29 8.287 8.509 8.733 10.352 11.048 12.051 10.834 
11.443 13.025 11.404 12.96 14.798 13.427 15.0 14.655 14.945 15.0 
15.0 15.0 14.55 12.799 13.462 12.364 13.21 12.11 12.691 13.371 
14.514 14.614 14.573 13.148 11.441 10.629 8.533 7.858 7.032 6.788 
6.198 6.794 7.029 6.835 6.344 6.976 6.92 8.482 7.854 7.855 
8.281 9.281 10.474 11.483 12.139 11.249 11.317 11.186 11.711 12.139 
12.095 10.307 7.853 5.441 3.739 2.969 2.277 2.412 2.53 2.97 
4.061 4.882 4.964 4.999 5.535 6.626 5.955 6.482 6.075 5.689 
7.167 7.616 8.142 8.623 8.375 10.32 12.663 9.285 10.889 9.064 
8.05 7.942 8.014 7.883 6.575 6.229 6.631 6.603 5.933 7.033 
7.843 8.982 9.957 10.681 9.636 10.127 9.406 8.146 7.123 5.267 
4.314 4.025 3.543 3.729 3.446 3.344 4.034 3.757 3.975 3.264 
4.524 3.969 4.244 4.727 5.428 5.851 7.233 7.604 7.133 6.058 
6.352 5.637 6.234 5.518 5.262 5.98 5.848 6.871 6.845 7.581 
7.569 7.607 7.086 6.491 6.96 6.298 7.456 7.477 7.183 6.292 
6.767 5.904 5.607 5.638 5.626 6.301 6.406 7.801 8.726 9.801 
9.889 9.505 10.214 9.694 8.364 7.502 7.949 7.7 7.883 8.04 
10.092 10.546 10.281 10.729 10.316 10.975 10.151 11.372 12.029 13.796 
11.94 12.882 11.022 11.236 11.283 9.502 7.765 9.475 9.002 10.101 
8.374 8.961 8.779 9.256 9.312 8.898 7.688 5.551 4.223 3.687 
2.965 3.207 3.371 3.379 2.519 1.925 1.494 1.397 1.368 1.574 
1.923 2.381 1.921 1.842 1.706 1.675 1.945 1.927 2.317 3.136 
4.695 4.797 6.074 7.102 7.831 8.709 7.543 6.983 5.345 5.768 
5.739 5.394 5.715 6.76 7.879 10.683 10.589 
END
