PFRMAT local QA
AUTHOR LAW-CASP14
af2-standard_T1137s6_3.pdb local_accuracy_only 9.656 8.019 7.057 9.325 9.5 5.579 2.273 1.993 1.951 1.923 1.922 
1.676 1.677 1.946 1.846 1.867 1.856 1.908 1.974 1.863 1.827 
1.892 1.86 2.047 1.944 2.025 2.213 2.297 2.295 2.462 2.552 
2.638 2.747 2.896 3.039 3.063 2.456 2.849 1.893 1.466 1.031 
0.804 0.688 0.638 0.642 0.847 0.804 0.932 0.953 0.845 0.909 
0.932 0.768 0.899 0.899 1.071 0.834 0.975 0.691 0.834 0.865 
0.937 1.175 1.067 1.184 0.908 0.863 0.914 0.716 0.852 0.835 
0.756 0.886 1.136 1.335 1.804 1.479 1.248 0.935 0.806 0.642 
0.671 0.672 0.856 0.848 1.081 1.278 1.275 1.063 1.194 0.938 
1.343 1.134 1.324 0.84 0.791 0.626 0.646 0.658 0.722 0.91 
0.97 1.142 1.224 1.472 1.134 1.014 0.835 0.775 0.689 0.714 
0.709 0.804 1.297 1.689 2.493 2.572 2.483 1.924 1.415 1.128 
0.996 0.878 0.86 0.841 0.793 0.803 0.785 0.94 0.849 0.761 
0.797 0.858 0.982 1.656 2.391 3.023 5.026 5.108 3.807 5.643 
8.213 12.359 11.916 15.0 11.319 8.44 8.194 12.029 12.595 7.43 
8.089 10.84 10.371 15.0 11.934 15.0 10.937 7.884 10.123 15.0 
15.0 9.239 10.068 10.281 11.373 5.588 6.172 2.627 2.338 2.451 
2.291 2.046 1.969 2.098 2.332 2.336 2.237 2.32 2.242 2.015 
2.225 2.44 2.355 2.27 2.451 2.404 2.572 2.588 3.135 3.4 
3.7 4.072 4.965 4.865 7.537 9.465 9.433 9.554 10.554 11.989 
11.34 11.092 7.784 8.096 9.192 7.967 6.07 4.97 4.642 4.611 
3.636 3.225 2.668 2.416 2.209 2.096 2.114 1.997 1.979 2.267 
2.291 1.962 2.302 2.179 1.869 1.768 2.027 1.751 1.891 1.901 
1.873 1.942 1.943 2.125 2.254 2.018 2.145 2.252 2.277 2.158 
2.285 2.304 2.316 2.348 2.6 2.458 2.428 2.641 2.546 2.439 
2.428 2.474 2.235 2.289 2.414 2.407 2.175 2.365 2.526 2.399 
2.24 2.446 2.432 2.547 2.256 2.582 2.471 2.396 2.412 2.501 
2.37 2.492 2.516 2.487 2.684 2.614 2.923 3.164 2.914 3.155 
2.961 2.855 3.241 3.284 2.953 3.036 3.428 3.588 4.222 5.187 
7.046 8.04 9.18 11.783 13.38 13.487 14.599 15.0 15.0 15.0 
15.0 15.0 15.0 15.0 15.0 15.0 15.0 15.0 15.0 15.0 
15.0 15.0 15.0 15.0 15.0 15.0 15.0 15.0 13.822 11.234 
14.284 12.446 13.211 13.858 15.0 15.0 15.0 15.0 15.0 15.0 
15.0 15.0 10.97 13.691 9.301 15.0 15.0 9.444 15.0 15.0 
8.13 15.0 15.0 9.149 14.501 10.82 8.993 11.476 13.899 14.717 
8.658 15.0 14.04 8.827 13.387 7.834 6.518 4.546 4.153 3.711 
4.886 3.893 3.076 2.724 2.413 2.875 2.657 2.651 2.725 2.233 
2.177 2.638 3.2 3.3 3.251 2.638 2.816 2.975 2.616 3.008 
3.589 5.094 8.989 13.199 9.585 15.0 15.0 15.0 15.0 15.0 
15.0 15.0 12.826 15.0 8.124 15.0 15.0 11.191 12.107 15.0 
15.0 15.0 15.0 15.0 15.0 15.0 15.0 15.0 15.0 15.0 
15.0 15.0 15.0 15.0 13.712 15.0 15.0 15.0 15.0 15.0 
15.0 15.0 15.0 15.0 15.0 15.0 15.0 15.0 15.0 15.0 
15.0 15.0 15.0 15.0 15.0 15.0 15.0 15.0 15.0 15.0 
15.0 15.0 15.0 15.0 15.0 15.0 15.0 15.0 15.0 15.0 
15.0 15.0 15.0 15.0 15.0 15.0 15.0 15.0 15.0 15.0 
15.0 15.0 15.0 15.0 15.0 15.0 15.0 15.0 15.0 15.0 
15.0 15.0 15.0 15.0 15.0 15.0 15.0 15.0 13.192 9.218 
9.268 9.482 11.598 5.223 8.835 8.707 12.385 11.701 12.676 10.576 
5.871 8.461 14.319 12.448 11.19 11.567 13.201 12.716 10.959 12.239 
15.0 15.0 15.0 15.0 15.0 15.0 15.0 15.0 15.0 15.0 
15.0 15.0 15.0 15.0 14.212 14.877 7.248 
END
