PFRMAT local QA
AUTHOR LAW-CASP14
af2-standard_T1137s9_2.pdb local_accuracy_only 15.0 15.0 15.0 15.0 15.0 15.0 15.0 15.0 15.0 15.0 15.0 
15.0 15.0 15.0 15.0 15.0 15.0 15.0 15.0 15.0 15.0 
15.0 15.0 15.0 13.429 13.779 13.347 11.057 8.095 5.554 4.33 
3.522 3.378 2.961 2.342 2.346 2.295 1.893 1.985 2.181 2.069 
1.729 1.933 2.573 1.931 2.025 3.279 3.074 2.1 2.782 3.395 
3.165 1.925 2.018 1.481 1.315 1.139 1.133 1.124 0.98 0.949 
1.237 1.318 1.224 1.554 2.609 4.595 6.388 7.637 8.496 7.927 
6.28 7.169 7.057 5.085 4.903 2.457 2.951 2.753 1.804 1.053 
1.218 1.297 1.07 1.067 1.283 1.376 1.13 1.238 1.427 1.585 
1.448 1.643 1.897 1.944 1.642 1.99 2.208 2.503 2.154 2.796 
3.039 3.338 3.132 2.342 2.164 2.0 1.751 1.691 1.718 1.734 
1.682 1.473 1.516 1.512 1.252 1.191 1.143 1.159 1.08 0.938 
0.92 0.935 0.826 0.798 0.801 0.732 0.685 0.773 0.746 0.722 
0.73 0.804 0.786 0.76 0.792 0.811 0.836 0.94 1.034 1.07 
1.099 1.328 1.436 1.647 1.615 2.013 2.047 2.24 2.169 2.171 
2.338 2.575 2.317 2.396 2.608 2.899 2.461 2.143 1.973 1.625 
1.428 1.653 1.384 1.136 1.074 1.207 1.178 0.909 0.922 0.958 
0.873 0.844 0.853 0.847 0.935 0.923 0.973 1.013 1.02 0.97 
1.175 1.118 1.004 1.108 1.238 1.256 1.219 1.454 1.675 1.636 
1.737 2.156 2.464 2.348 2.427 2.882 3.162 3.118 3.068 3.334 
2.929 2.699 2.495 2.212 2.26 1.897 1.969 1.955 1.855 1.705 
1.946 1.944 1.924 1.744 1.477 1.319 1.186 1.192 1.13 1.113 
1.121 1.086 1.047 1.103 1.203 0.962 1.009 1.011 0.918 0.842 
0.943 0.935 0.824 0.817 0.992 0.89 0.834 0.903 1.07 1.126 
1.119 1.142 1.437 1.516 2.055 2.38 2.468 2.143 2.229 2.051 
1.522 1.639 1.557 1.277 1.079 1.171 1.097 0.922 0.817 0.934 
0.892 0.808 0.823 0.872 0.887 0.829 0.963 0.976 1.034 1.243 
1.176 1.178 1.308 1.365 1.576 1.516 1.782 1.896 2.023 2.161 
2.611 2.781 3.45 3.739 8.272 9.775 11.372 11.523 
END
