PFRMAT local QA
AUTHOR MASS-CASP14
af2-standard_T1137s9_2.pdb local_accuracy_only 15.0 15.0 15.0 15.0 15.0 13.72 12.675 12.162 11.068 10.106 9.342 
8.259 8.242 8.36 7.919 7.623 7.505 7.226 7.322 7.045 7.228 
7.27 6.061 6.144 6.306 5.535 5.231 5.021 4.666 4.701 4.022 
3.732 3.727 3.46 3.028 2.975 2.825 2.388 2.214 2.501 2.546 
2.403 2.473 2.74 2.854 3.126 3.743 3.546 3.588 3.471 3.701 
3.651 2.96 2.633 2.684 2.204 2.009 2.0 2.016 1.755 1.74 
2.085 2.098 1.898 2.28 2.593 3.189 3.939 4.538 4.835 5.012 
5.412 5.189 4.74 3.714 2.95 2.331 2.137 1.947 1.709 1.512 
1.729 1.64 1.486 1.35 1.342 1.274 1.28 1.276 1.392 1.258 
1.314 1.372 1.486 1.637 1.612 1.445 1.776 1.737 1.7 2.033 
2.572 2.955 2.66 2.055 2.293 2.38 1.835 1.986 1.847 1.89 
1.785 1.549 1.588 1.476 1.47 1.452 1.593 1.751 1.629 1.321 
1.315 1.232 1.388 1.171 1.171 1.164 1.105 1.026 0.912 0.968 
1.067 0.961 0.89 0.892 0.959 1.045 1.045 1.003 1.066 1.141 
0.958 1.267 1.25 1.239 1.283 1.598 1.74 1.969 1.964 1.678 
1.852 1.985 1.829 1.931 1.971 1.728 1.845 1.708 1.784 1.558 
1.78 1.941 1.756 1.465 1.265 1.231 1.251 1.196 1.097 1.262 
1.16 1.27 1.295 1.173 1.06 1.123 1.301 1.303 1.272 1.29 
1.397 1.431 1.416 1.304 1.469 1.407 1.636 1.496 1.74 1.744 
1.847 1.949 2.413 2.315 2.924 3.686 4.122 4.008 3.301 3.235 
2.651 2.153 1.83 1.729 1.52 1.244 1.367 1.316 1.236 1.18 
1.38 1.502 1.374 1.367 1.505 1.666 1.729 1.528 1.397 1.445 
1.467 1.567 1.474 1.561 1.598 1.423 1.597 1.518 1.473 1.491 
1.649 1.454 1.43 1.394 1.472 1.386 1.205 1.15 1.302 1.391 
1.419 1.394 1.63 1.957 3.307 4.289 4.041 4.094 4.465 3.315 
2.238 2.393 2.192 1.811 1.564 1.558 1.609 1.359 1.465 1.479 
1.711 1.585 1.659 1.912 1.859 1.919 2.135 2.087 2.063 2.155 
2.339 2.54 2.301 2.433 2.607 2.928 2.687 3.124 3.341 3.735 
3.912 4.537 5.956 7.067 7.656 7.752 9.484 10.445 
END
