PFRMAT local QA
AUTHOR LAW-CASP14
af2-standard_T1114s3_2.pdb local_accuracy_only 5.07 3.603 2.189 1.409 1.169 1.149 1.103 1.113 1.28 1.362 1.36 
1.921 1.767 1.613 1.563 1.481 1.549 1.311 1.174 1.082 0.986 
0.956 1.105 1.158 1.675 2.606 1.616 1.319 1.094 1.117 1.018 
1.028 1.027 1.118 1.286 1.272 1.355 1.617 1.739 1.876 1.559 
1.178 1.111 1.401 1.316 1.169 1.271 1.358 1.33 1.455 1.292 
1.156 1.201 0.987 1.012 1.179 1.068 0.915 0.973 0.985 1.004 
1.058 1.12 1.159 0.857 0.94 0.861 0.72 0.728 0.829 0.668 
0.648 0.693 0.708 0.696 0.666 0.729 0.747 0.83 0.821 0.939 
1.03 0.949 0.975 0.906 0.951 1.073 1.143 0.862 0.885 0.901 
0.801 0.718 0.784 0.815 0.826 0.732 0.865 0.912 0.9 0.897 
1.042 1.097 1.067 1.114 1.329 1.467 1.408 1.49 1.703 1.715 
1.675 1.6 1.768 1.978 1.786 1.779 2.004 2.298 3.175 5.215 
2.486 4.623 5.921 4.08 5.349 2.544 2.205 2.315 1.982 1.891 
1.874 2.063 1.885 1.875 1.978 2.072 2.833 2.694 2.293 2.554 
2.309 2.039 3.022 2.336 2.627 2.339 2.812 1.734 2.118 1.851 
1.551 1.29 1.27 1.427 1.291 1.104 1.396 1.449 1.265 1.328 
1.538 1.529 1.503 1.426 1.269 1.435 1.327 1.335 0.938 0.984 
0.879 0.903 0.915 0.957 1.179 1.388 1.674 2.106 2.361 2.62 
2.546 2.001 1.918 1.942 1.665 1.459 1.444 1.399 1.303 1.215 
1.151 1.124 1.08 1.014 1.085 1.056 1.093 1.089 1.184 1.21 
1.257 1.224 1.658 1.713 2.045 2.186 2.103 3.425 3.5 3.133 
3.67 5.459 6.008 6.683 6.507 6.781 7.954 7.805 7.447 7.299 
7.166 5.814 4.613 5.625 5.655 5.093 5.699 4.324 3.762 4.356 
5.421 2.009 2.888 2.119 2.711 2.658 2.177 1.967 2.024 1.963 
1.431 1.547 1.835 1.649 1.316 1.2 1.253 1.188 1.258 1.285 
1.379 1.154 1.174 1.174 1.08 0.857 0.899 0.859 0.905 0.948 
1.004 1.06 1.454 1.715 1.802 2.334 2.106 2.04 2.055 2.209 
1.161 1.48 1.068 1.408 1.306 1.211 1.089 1.176 1.213 1.061 
1.054 1.008 0.943 1.015 1.115 1.159 1.241 1.759 2.112 2.838 
2.676 2.221 1.852 1.957 1.355 4.281 4.855 5.503 3.187 2.471 
1.508 1.401 1.419 1.589 1.967 1.506 1.314 1.683 1.946 2.58 
2.157 2.051 1.827 1.485 1.412 1.474 1.079 1.053 1.422 1.428 
1.991 2.282 3.266 3.585 3.899 4.773 4.395 5.208 4.879 3.253 
3.372 3.66 3.527 2.34 1.796 1.452 1.21 1.316 1.211 1.132 
1.259 1.123 1.35 1.743 2.912 2.907 4.818 5.412 4.289 3.581 
2.739 1.994 1.231 1.0 0.857 0.766 0.775 0.804 0.845 0.758 
0.779 1.111 1.042 0.981 1.306 2.192 2.205 3.594 4.197 4.286 
4.229 4.253 2.665 2.552 4.018 4.665 5.05 4.939 4.693 3.879 
4.321 5.409 3.719 3.645 4.287 4.432 3.098 2.463 1.418 1.266 
1.252 1.181 1.262 1.068 1.204 1.224 1.084 1.02 1.296 1.504 
1.35 1.368 1.724 1.603 1.305 1.213 1.441 1.356 1.082 1.398 
1.599 1.274 1.321 1.692 1.583 1.489 2.274 2.369 3.172 2.293 
1.547 1.167 1.129 1.169 1.369 1.2 1.486 1.622 1.632 2.029 
1.768 1.201 0.995 0.749 0.763 0.688 0.726 0.738 0.744 0.769 
0.834 0.879 0.739 0.778 0.732 0.735 0.706 0.792 0.825 1.054 
1.275 1.679 2.074 1.854 1.597 1.27 1.234 1.03 0.967 0.861 
0.795 0.787 0.854 0.867 1.088 0.995 0.937 1.023 1.157 1.14 
1.246 2.552 2.047 3.803 5.658 4.654 3.449 1.711 1.266 1.102 
1.185 1.134 1.228 1.222 1.191 1.181 1.27 1.293 1.46 1.744 
3.104 3.702 3.137 4.534 4.025 2.486 2.016 1.618 1.58 1.697 
1.587 1.392 1.512 1.496 1.4 1.209 1.358 1.316 1.287 1.385 
1.525 1.255 1.395 1.532 2.051 2.702 3.667 8.925 14.158 14.742 
15.0 15.0 15.0 15.0 15.0 15.0 15.0 15.0 15.0 15.0 
15.0 15.0 15.0 15.0 
END
