PFRMAT local QA
AUTHOR MASS-CASP14
af2-standard_T1114s3_2.pdb local_accuracy_only 4.84 3.244 2.422 1.972 1.519 1.287 1.171 1.201 1.292 1.305 1.176 
1.251 1.185 1.375 1.505 1.577 1.535 1.235 0.965 0.93 0.887 
0.924 0.921 1.053 1.202 1.503 1.487 1.197 0.986 1.256 1.124 
0.997 1.046 1.181 1.171 1.237 1.646 1.773 1.83 2.214 2.313 
2.081 2.103 2.007 1.792 1.381 1.517 1.617 1.43 1.45 1.45 
1.46 1.475 1.453 1.35 1.582 1.471 1.43 1.712 1.63 1.567 
1.48 1.958 1.772 1.455 1.273 1.35 1.057 0.941 0.98 0.995 
0.997 1.105 1.254 1.192 1.101 1.183 1.346 1.326 1.363 1.515 
1.882 2.009 2.199 2.076 2.199 2.015 1.944 1.615 1.466 1.417 
1.418 1.394 1.406 1.418 1.222 1.373 1.333 1.293 1.318 1.335 
1.305 1.477 1.564 1.59 1.616 1.842 1.956 1.758 1.891 2.135 
2.056 2.039 1.804 2.097 2.192 2.0 2.462 3.07 3.865 4.187 
4.416 4.636 5.064 4.477 4.264 2.948 2.538 3.205 2.968 2.405 
1.957 2.207 1.968 1.996 2.072 2.528 3.53 3.491 2.747 2.533 
2.444 2.16 2.329 3.015 3.542 3.259 3.598 3.44 4.057 3.931 
3.405 2.838 2.205 1.996 1.676 1.441 1.664 1.741 1.535 1.781 
2.201 2.26 1.88 2.399 2.498 2.165 1.96 1.595 1.31 1.295 
1.34 1.314 1.252 1.46 1.664 1.996 2.185 2.097 1.952 2.123 
2.118 1.932 1.553 1.767 1.819 1.56 1.659 1.65 1.679 1.518 
1.704 1.782 1.492 1.742 1.793 1.791 1.573 1.597 1.727 2.036 
1.802 1.584 1.788 2.289 2.316 2.273 2.064 2.304 2.541 2.046 
2.27 2.771 2.772 2.429 2.351 1.798 2.13 2.322 1.901 2.06 
2.237 2.025 2.18 2.888 3.212 3.442 4.731 5.477 4.74 4.937 
4.241 4.015 3.319 2.809 2.524 2.426 2.035 1.885 1.918 1.816 
1.683 2.079 2.436 2.259 2.032 1.86 2.411 2.559 2.306 2.715 
3.016 3.432 2.764 2.919 2.694 2.495 2.916 3.401 3.414 3.675 
3.636 3.224 3.169 3.811 4.134 4.28 3.928 3.098 3.288 2.896 
2.863 3.353 3.154 3.778 3.614 3.574 3.452 3.056 2.352 2.016 
1.933 2.254 2.48 2.385 2.233 1.69 1.878 2.029 2.723 3.36 
3.074 2.802 2.815 3.352 3.693 3.446 3.65 3.798 3.107 2.532 
2.639 2.804 2.924 2.511 2.644 2.527 2.496 2.245 2.395 2.951 
2.868 3.154 2.388 2.005 1.688 2.048 1.979 1.957 2.28 2.598 
3.012 3.141 3.325 3.697 4.102 4.716 5.206 7.211 6.908 6.447 
6.216 5.697 6.391 5.708 4.075 2.999 2.69 2.578 2.674 2.666 
2.323 2.162 2.312 2.398 2.62 3.231 3.702 4.193 3.668 3.132 
2.436 1.816 1.472 1.295 1.171 1.163 1.138 1.339 1.331 1.32 
1.484 1.807 1.797 1.9 2.259 2.422 2.601 2.959 3.464 3.769 
4.198 4.818 4.272 3.586 3.658 3.909 3.962 3.681 2.911 2.76 
2.95 2.841 2.291 2.352 2.521 2.769 2.74 2.38 2.069 1.783 
1.515 1.385 1.408 1.411 1.505 1.487 1.44 1.419 1.408 1.522 
1.539 1.444 1.529 1.451 1.247 1.327 1.418 1.268 1.176 1.473 
1.584 1.424 1.486 1.907 1.995 1.946 2.269 2.682 3.121 2.992 
2.616 1.876 1.916 2.004 1.952 2.276 2.2 2.119 1.867 1.774 
1.688 1.43 1.146 0.873 0.215 0.902 1.031 1.114 1.217 1.231 
1.14 0.934 0.021 0.0 0.0 0.0 0.0 0.022 0.92 1.117 
1.348 1.647 2.113 1.991 1.425 1.094 1.112 0.229 0.111 0.095 
0.135 0.215 1.079 1.186 1.382 1.376 1.324 1.203 1.227 1.558 
1.459 1.554 1.718 1.868 2.23 1.956 1.458 1.318 0.427 0.242 
0.139 1.204 1.528 1.423 1.278 1.297 1.313 1.334 1.39 1.441 
1.743 1.952 1.927 1.99 1.576 1.494 1.44 1.404 1.346 1.412 
1.364 1.112 1.376 1.439 1.472 1.432 1.717 1.667 1.448 1.395 
1.394 1.209 1.293 1.336 1.31 1.563 1.758 2.093 2.47 3.392 
4.714 7.052 7.731 7.976 7.835 8.441 9.05 8.937 10.497 9.957 
10.711 11.409 13.268 14.112 
END
