PFRMAT local QA
AUTHOR MASS-CASP14
af2-standard_T1179_3.pdb local_accuracy_only 15.0 13.711 9.131 5.986 5.721 5.194 4.783 5.416 6.514 8.117 7.467 
8.252 8.868 8.899 10.66 11.428 11.567 12.066 10.448 10.107 8.292 
5.474 3.943 3.232 2.745 2.628 2.891 3.263 4.467 5.421 7.184 
9.317 9.807 9.848 15.0 11.725 10.63 9.421 6.012 3.856 2.498 
2.13 2.132 2.298 2.867 4.068 4.783 5.132 3.952 3.137 2.415 
1.875 1.449 1.323 1.331 1.33 1.329 1.294 1.507 1.476 2.425 
3.408 3.327 3.03 3.416 4.209 4.552 5.14 5.119 4.71 4.393 
5.662 6.593 7.511 9.608 10.67 12.159 12.139 11.37 11.119 11.77 
13.792 14.484 15.0 15.0 13.207 12.918 14.25 15.0 15.0 15.0 
15.0 15.0 15.0 15.0 15.0 15.0 15.0 15.0 14.359 13.282 
11.766 15.0 15.0 15.0 15.0 15.0 15.0 15.0 15.0 15.0 
14.663 9.508 5.517 2.951 2.092 1.521 1.319 1.31 1.22 1.273 
1.269 1.199 1.25 1.59 2.232 2.991 4.872 6.513 7.86 9.26 
9.375 9.659 10.28 11.933 10.924 10.455 11.24 11.383 11.938 11.709 
10.463 9.237 8.258 8.441 7.974 8.987 11.157 11.901 15.0 15.0 
15.0 15.0 15.0 15.0 15.0 15.0 15.0 15.0 14.289 12.094 
10.984 9.682 8.725 8.671 7.222 9.134 9.634 11.218 11.535 10.91 
11.561 9.801 6.443 4.837 4.941 5.076 4.388 3.662 3.421 2.454 
2.02 2.297 2.691 2.272 1.478 1.224 1.167 1.336 1.303 1.373 
1.282 1.319 1.541 1.984 2.554 3.95 4.917 4.498 3.756 3.406 
3.604 4.606 6.122 6.819 4.481 3.76 3.625 3.127 3.399 3.242 
3.127 4.443 5.862 5.744 6.966 6.782 7.71 7.098 8.347 7.426 
7.53 6.691 6.799 5.701 6.457 6.71 6.666 7.198 7.376 6.585 
6.03 6.558 6.032 6.482 6.414 5.856 6.835 6.735 6.238 5.064 
4.561 3.484 2.644 3.048 3.262 3.77 4.495 4.636 5.779 6.335 
9.887 12.519 15.0 15.0 15.0 15.0 15.0 15.0 15.0 15.0 

END
