PFRMAT local QA
AUTHOR LAW-CASP14
af2-standard_T1179_3.pdb local_accuracy_only 5.592 4.047 3.49 2.523 2.275 2.012 2.005 2.309 2.732 2.577 2.463 
2.246 2.767 2.914 6.583 5.997 7.496 9.0 8.323 9.348 7.068 
6.66 3.461 2.367 2.28 1.921 3.283 2.783 4.183 4.5 6.014 
8.037 7.448 10.373 9.036 9.205 6.963 4.081 3.77 2.337 1.752 
1.74 1.801 2.269 4.014 4.496 5.199 5.053 4.853 4.686 3.571 
2.184 1.843 1.499 1.55 1.562 1.515 1.541 1.636 1.571 2.156 
2.526 2.578 2.432 2.698 3.374 4.241 4.897 4.539 4.011 3.546 
3.643 3.134 4.38 4.016 4.148 4.522 5.283 5.713 6.546 6.384 
5.185 2.091 2.223 1.913 2.16 2.464 3.743 3.845 3.625 3.233 
2.831 2.351 2.233 2.282 2.543 2.098 6.764 6.674 5.814 2.009 
2.106 1.655 3.592 2.059 2.303 2.519 5.24 5.67 7.139 7.154 
7.642 6.579 6.42 3.082 2.437 1.879 1.699 1.437 1.413 1.199 
1.226 1.235 1.386 1.791 1.872 2.778 3.039 4.042 4.756 5.981 
6.464 7.895 7.89 9.256 9.221 8.443 7.332 5.995 6.181 4.53 
3.985 4.165 4.515 4.156 4.068 4.047 4.689 6.207 7.278 7.845 
10.374 13.581 15.0 15.0 15.0 15.0 15.0 14.725 12.979 10.187 
8.343 6.97 5.709 5.692 4.691 4.589 4.896 5.16 5.416 5.933 
6.84 7.252 7.545 8.471 8.255 9.225 7.999 6.968 5.736 5.471 
3.414 3.121 2.858 2.15 1.701 1.327 1.196 1.128 1.148 1.218 
1.404 1.502 1.842 2.415 2.678 2.917 3.854 4.034 3.912 3.758 
3.798 3.586 3.675 3.795 3.539 3.763 3.201 3.446 2.473 2.532 
2.916 3.635 3.444 3.964 6.083 6.508 7.916 8.723 6.799 6.793 
5.844 6.269 6.51 6.076 6.827 4.587 3.62 3.567 2.854 2.906 
3.243 2.644 2.426 3.502 3.439 3.644 3.311 3.461 3.032 2.484 
2.107 2.251 1.584 2.594 3.541 4.17 4.484 4.977 5.61 9.627 
13.097 12.849 15.0 15.0 15.0 15.0 15.0 15.0 15.0 15.0 

END
