PFRMAT local QA
AUTHOR LAW-CASP14
af2-standard_T1174_2.pdb local_accuracy_only 15.0 15.0 15.0 15.0 15.0 14.08 15.0 15.0 13.732 13.677 14.19 
11.189 9.226 9.155 7.257 5.704 4.896 6.303 7.957 11.438 13.771 
12.804 13.198 12.91 10.194 8.667 8.766 5.718 3.987 2.734 2.371 
2.151 2.266 2.686 2.923 3.789 3.881 3.464 3.037 2.46 2.061 
1.93 1.878 2.394 3.103 3.981 5.787 4.77 4.216 5.369 4.748 
4.676 4.325 4.016 3.303 3.867 3.833 3.831 3.244 2.662 2.288 
2.013 2.209 2.782 3.082 3.602 4.782 5.592 5.971 5.777 4.631 
3.672 3.0 2.325 2.024 2.022 2.158 3.046 3.138 4.339 3.733 
2.932 1.944 1.773 1.57 1.56 1.705 2.198 3.369 4.023 3.301 
3.535 3.165 2.399 1.535 1.389 1.374 1.263 1.36 1.418 1.604 
1.942 1.944 1.618 1.517 1.351 1.287 1.289 1.373 1.352 1.376 
1.689 1.363 1.866 1.599 1.614 1.448 1.454 1.657 1.592 2.48 
3.054 4.107 4.478 5.385 4.879 4.684 4.696 4.536 4.773 4.537 
5.475 5.819 6.763 6.749 7.929 10.832 10.702 8.423 8.587 9.076 
8.259 6.282 6.379 5.951 5.487 5.55 4.928 4.309 4.038 4.285 
3.601 3.007 3.215 2.807 2.905 3.349 3.839 4.897 5.704 7.188 
5.885 5.715 5.86 5.175 4.18 3.318 2.444 2.244 1.997 1.862 
1.912 1.977 2.361 2.038 1.791 1.72 1.614 2.035 1.973 2.301 
2.107 2.043 2.231 1.732 2.037 1.9 1.783 1.84 1.968 3.027 
3.22 5.224 6.495 8.207 11.363 15.0 15.0 15.0 15.0 15.0 
15.0 15.0 15.0 15.0 15.0 15.0 15.0 15.0 15.0 15.0 
15.0 15.0 15.0 15.0 15.0 13.463 11.35 9.502 9.009 8.67 
10.195 6.267 9.02 7.87 8.06 8.212 10.814 11.942 7.271 7.555 
6.144 5.978 5.34 3.432 2.986 3.047 2.492 2.577 3.24 3.688 
3.997 4.212 4.972 5.263 5.015 4.345 4.466 4.591 4.137 4.238 
3.917 3.764 3.809 4.104 4.447 4.657 5.552 5.598 5.37 6.466 
7.517 7.454 7.352 7.802 8.14 7.515 7.092 6.787 4.391 5.013 
3.066 3.408 2.932 3.474 3.866 3.836 4.305 4.2 4.177 4.083 
4.464 5.0 5.352 8.695 9.673 11.138 10.742 9.559 8.54 7.7 
8.878 8.788 6.533 6.574 7.03 6.8 6.972 6.585 6.594 6.179 
5.684 5.919 5.379 4.975 4.465 4.002 4.298 4.265 4.412 4.77 
3.691 3.723 3.697 3.245 2.592 2.677 2.254 2.71 3.038 5.234 
5.4 6.115 7.28 6.624 6.023 5.295 6.153 6.968 8.281 6.668 
5.026 5.506 3.969 3.882 4.216 4.076 3.815 
END
