PFRMAT local QA
AUTHOR MASS-CASP14
af2-standard_T1174_2.pdb local_accuracy_only 15.0 15.0 13.786 12.563 15.0 15.0 15.0 15.0 15.0 15.0 15.0 
15.0 15.0 15.0 15.0 15.0 15.0 15.0 15.0 15.0 15.0 
15.0 15.0 15.0 15.0 15.0 15.0 13.776 11.602 9.439 7.027 
6.191 6.579 7.141 8.053 10.85 9.428 7.547 5.055 3.961 2.834 
2.686 2.703 2.789 3.004 3.867 4.067 6.088 6.575 7.732 15.0 
7.464 5.651 5.516 4.97 4.332 4.482 4.372 4.548 3.574 3.402 
3.892 3.738 5.085 6.562 8.915 10.2 11.897 12.15 12.813 13.64 
14.813 8.72 5.897 4.577 3.783 3.389 4.133 5.266 5.945 5.836 
4.19 3.383 2.406 2.181 1.905 2.506 3.329 4.024 4.815 4.301 
4.153 4.727 4.751 3.644 2.523 1.964 1.779 1.57 1.44 2.049 
2.642 2.557 2.087 1.539 1.32 1.234 1.212 1.354 1.331 1.563 
1.787 1.769 2.103 2.23 1.924 1.513 1.3 1.485 1.675 2.315 
3.167 4.347 6.14 8.396 11.016 11.533 14.442 14.597 14.297 13.697 
14.426 15.0 12.706 12.609 14.562 13.271 15.0 14.507 15.0 14.256 
15.0 15.0 15.0 15.0 15.0 15.0 15.0 13.049 14.177 14.921 
13.438 11.231 9.859 9.968 8.93 9.078 9.249 9.228 10.287 10.194 
11.354 12.054 14.215 11.936 10.943 8.661 5.721 3.916 3.034 3.087 
3.007 4.065 5.208 4.352 3.106 2.207 1.61 1.497 1.369 1.617 
1.767 2.105 2.247 2.11 2.365 2.453 1.935 1.857 1.736 1.784 
2.128 3.054 3.607 5.164 5.592 6.479 8.158 9.553 8.619 8.981 
8.616 8.964 9.496 9.806 8.995 7.922 7.888 8.182 8.564 9.172 
10.485 12.497 12.492 12.304 12.263 11.116 9.728 7.87 7.584 7.372 
7.32 6.936 7.996 7.387 8.57 8.4 9.321 9.961 9.767 9.35 
10.151 9.104 9.428 10.193 10.129 9.482 7.478 6.245 6.029 5.631 
5.565 5.076 6.627 8.625 8.745 8.632 6.841 7.846 5.423 2.961 
1.991 1.541 1.358 1.34 1.463 1.553 1.869 2.299 3.189 4.245 
6.699 6.756 9.394 10.875 11.155 10.002 9.326 6.718 5.018 3.78 
4.096 3.986 3.431 3.406 3.808 4.672 5.84 6.641 8.017 9.05 
8.675 9.333 10.494 8.724 7.169 8.094 7.378 7.557 7.848 8.733 
9.389 10.187 8.848 9.102 8.354 8.674 8.579 8.376 9.04 8.322 
7.767 6.569 5.68 4.64 4.246 4.589 5.179 5.1 4.067 3.012 
2.606 2.153 1.551 1.272 1.346 1.504 1.401 1.497 1.571 1.845 
1.979 2.514 2.916 3.183 3.353 3.205 3.058 2.466 1.949 1.629 
1.264 1.219 1.223 1.309 1.479 1.654 2.117 
END
