PFRMAT local QA
AUTHOR LAW-CASP14
af2-standard_T1137s5_2.pdb local_accuracy_only 15.0 15.0 15.0 15.0 15.0 15.0 15.0 11.712 9.085 5.045 4.066 
3.194 2.891 3.071 3.475 2.975 2.874 3.042 2.966 4.342 5.957 
6.648 6.683 6.033 7.872 11.613 14.433 14.057 12.005 12.274 14.137 
15.0 15.0 15.0 15.0 13.672 10.05 8.381 8.482 5.982 6.66 
7.115 6.016 6.2 6.304 5.819 4.414 1.513 1.113 1.597 1.717 
2.042 1.608 1.197 0.964 0.879 0.829 0.858 0.788 0.894 0.906 
1.084 1.19 0.976 1.495 1.549 1.036 1.097 1.047 1.248 0.844 
0.892 0.655 0.825 0.84 1.044 1.196 0.988 1.152 0.772 0.823 
0.799 0.759 0.94 0.881 0.858 0.908 1.084 1.101 1.417 1.208 
1.005 0.847 0.838 0.754 0.77 0.724 0.829 0.788 0.988 1.135 
1.19 0.955 1.239 1.031 1.302 1.416 1.178 0.972 0.969 0.837 
0.977 0.936 1.028 1.493 1.391 1.618 1.821 1.861 1.723 1.357 
1.181 0.864 0.723 0.809 0.788 0.909 1.16 1.251 1.992 2.257 
1.775 2.091 2.184 1.686 1.493 1.199 1.111 1.067 1.115 1.042 
0.982 0.999 1.185 1.351 2.353 1.513 1.45 1.384 1.476 1.71 
2.139 2.177 2.145 2.406 2.326 2.262 2.645 3.012 3.357 3.443 
4.27 4.52 4.711 5.45 7.125 6.171 7.17 8.102 9.719 15.0 
15.0 15.0 15.0 15.0 15.0 15.0 15.0 15.0 11.168 9.034 
8.256 5.324 3.315 3.676 2.449 2.581 2.355 2.461 2.251 2.104 
2.095 2.229 2.326 2.356 2.898 2.932 2.862 3.034 3.57 4.013 
3.958 3.752 3.278 3.327 2.93 2.931 2.341 2.191 1.993 1.766 
1.68 1.703 1.639 1.571 1.642 1.91 1.944 1.924 2.068 2.191 
2.11 2.099 2.232 2.215 2.254 2.294 2.384 2.513 2.743 2.987 
2.932 2.875 3.677 5.465 5.917 7.998 10.939 11.564 13.369 15.0 
15.0 15.0 15.0 15.0 15.0 15.0 15.0 15.0 15.0 15.0 
15.0 15.0 15.0 15.0 13.891 12.539 13.738 13.863 8.037 6.695 
7.93 9.942 8.62 7.716 8.19 6.206 5.863 6.694 8.266 6.787 
6.733 7.545 7.579 8.669 8.133 7.909 7.516 6.927 7.761 8.818 
6.801 5.549 5.868 5.386 5.128 5.1 4.822 3.945 3.886 3.876 
3.907 3.428 3.565 3.604 3.244 3.273 3.259 3.002 2.881 2.881 
2.732 2.495 2.463 2.491 2.455 2.361 2.445 2.602 2.613 2.604 
2.741 2.609 2.557 2.846 2.87 2.839 3.115 3.365 3.651 4.206 
5.215 4.916 6.574 5.606 4.863 6.138 8.209 11.36 15.0 15.0 
15.0 15.0 15.0 15.0 15.0 15.0 15.0 15.0 15.0 15.0 
15.0 15.0 15.0 15.0 15.0 15.0 15.0 15.0 15.0 15.0 
15.0 15.0 15.0 15.0 15.0 15.0 15.0 15.0 15.0 15.0 
15.0 15.0 15.0 15.0 15.0 15.0 15.0 15.0 15.0 15.0 
15.0 15.0 15.0 15.0 15.0 15.0 15.0 15.0 15.0 15.0 
15.0 15.0 15.0 15.0 15.0 15.0 15.0 15.0 15.0 
END
