PFRMAT local QA
AUTHOR MASS-CASP14
af2-standard_T1137s5_2.pdb local_accuracy_only 15.0 15.0 15.0 15.0 15.0 15.0 15.0 15.0 15.0 15.0 15.0 
11.129 9.558 7.205 7.556 6.809 6.768 5.998 6.415 6.355 6.149 
6.084 6.312 6.458 5.798 6.077 5.985 6.214 6.24 6.266 6.472 
6.096 6.431 7.083 7.078 7.935 8.652 8.525 9.088 10.706 11.031 
12.748 14.364 14.631 15.0 15.0 15.0 15.0 12.749 10.057 8.025 
7.884 5.279 2.84 1.882 1.444 1.113 0.985 1.015 1.07 1.105 
1.266 1.531 1.37 1.62 1.771 1.294 1.82 1.664 1.666 1.317 
1.228 1.014 1.304 1.693 2.124 2.373 1.917 1.632 1.363 1.154 
1.11 1.086 1.304 1.305 1.099 1.203 1.532 2.152 2.509 2.481 
1.676 1.294 1.042 1.027 0.431 0.559 0.185 0.712 1.06 1.446 
1.536 1.434 1.696 1.376 1.565 1.768 1.604 1.494 1.241 1.224 
1.144 1.122 1.259 1.555 1.53 1.595 2.401 2.594 2.155 1.644 
1.702 1.31 1.041 0.962 0.968 1.247 1.659 3.708 6.017 8.674 
10.571 12.295 12.97 9.905 7.094 5.388 5.673 4.489 4.641 3.483 
3.386 3.22 3.989 5.785 6.779 6.296 6.68 7.126 6.763 7.375 
7.533 6.258 4.727 5.023 4.739 3.743 3.974 4.215 4.199 3.847 
4.257 5.909 6.406 6.55 7.816 9.324 9.527 8.209 8.427 7.809 
7.017 5.412 5.501 4.632 4.502 4.207 4.533 4.216 4.159 4.133 
3.896 4.102 4.437 5.263 6.029 6.748 6.83 6.444 5.571 4.884 
4.538 4.963 4.706 5.26 5.756 5.296 4.958 4.456 4.216 4.083 
3.608 3.533 3.757 3.77 4.04 4.645 3.863 3.602 3.606 3.183 
2.825 2.807 2.776 2.637 2.334 2.518 2.617 2.779 2.513 2.795 
2.588 2.799 2.831 3.179 3.116 3.624 4.65 4.572 3.901 3.898 
3.954 3.541 4.014 4.583 4.769 5.291 6.31 6.81 6.481 6.954 
8.116 7.722 7.738 7.157 7.814 7.319 7.64 8.22 8.223 8.28 
7.552 7.292 6.733 6.942 7.647 7.452 8.019 9.663 8.31 7.808 
9.161 9.517 8.211 9.624 10.128 9.418 8.06 7.862 7.459 7.127 
6.67 7.234 9.407 8.91 9.548 8.837 8.009 7.81 7.959 7.452 
7.892 7.887 7.315 6.537 6.051 5.316 5.156 4.922 4.665 4.581 
4.784 4.71 5.503 5.996 5.732 6.011 5.603 5.667 4.57 5.204 
5.631 5.376 5.826 6.07 5.746 6.723 5.991 6.062 5.519 6.297 
4.798 4.018 3.751 4.438 4.477 4.148 5.649 6.243 7.628 7.368 
8.1 9.551 9.399 9.856 9.158 11.431 14.309 15.0 13.298 15.0 
15.0 15.0 15.0 15.0 13.285 12.822 13.23 12.183 12.984 13.007 
15.0 15.0 15.0 15.0 15.0 15.0 15.0 15.0 15.0 15.0 
15.0 14.544 11.496 11.392 10.695 11.956 12.363 13.278 13.05 15.0 
15.0 15.0 15.0 15.0 15.0 15.0 15.0 15.0 15.0 13.808 
14.505 11.796 11.195 10.033 10.724 10.3 10.451 10.074 11.147 11.454 
11.947 14.999 14.194 15.0 14.992 15.0 15.0 15.0 15.0 
END
