PFRMAT local QA
AUTHOR MASS-CASP14
af2-standard_T1175_3.pdb local_accuracy_only 9.588 9.177 8.218 8.027 7.646 6.088 5.823 5.716 5.3 4.178 3.474 
2.253 1.997 1.376 1.21 1.103 1.012 1.124 1.227 1.492 1.6 
1.54 1.246 1.197 1.139 1.171 1.23 1.483 1.648 2.277 2.619 
2.767 2.305 1.694 1.443 1.355 1.327 1.402 1.624 2.036 2.382 
2.504 2.606 2.201 1.812 1.849 1.746 1.752 1.725 1.955 2.095 
2.793 3.291 3.072 3.38 3.71 3.95 3.87 4.06 4.049 3.991 
4.29 4.298 5.261 6.485 6.777 6.719 5.798 4.173 3.249 2.702 
2.841 2.882 2.724 3.136 2.909 2.694 2.768 3.079 3.635 4.456 
5.478 6.077 6.723 6.893 8.447 8.64 7.18 5.263 3.362 2.432 
1.491 1.247 1.026 0.831 0.823 0.893 1.142 1.574 1.485 1.266 
1.132 1.148 1.273 1.232 1.385 1.524 1.639 2.215 2.343 2.587 
2.593 2.776 2.287 2.556 3.155 3.598 4.093 4.66 5.045 5.88 
5.903 5.348 6.789 7.381 7.431 6.948 7.446 7.859 7.313 6.182 
4.817 4.834 4.661 4.92 4.286 5.103 6.322 7.155 6.415 4.586 
5.335 6.509 6.939 7.011 5.533 4.47 3.804 3.447 3.323 4.057 
4.154 4.404 3.467 3.447 3.52 2.984 3.389 3.9 3.686 3.481 
3.258 3.334 3.072 2.356 2.289 1.838 1.651 1.352 1.392 1.71 
2.017 1.95 1.81 1.469 1.464 1.585 2.188 2.709 3.27 3.834 
3.817 3.845 3.468 3.543 3.354 3.26 3.371 2.804 3.106 2.944 
2.544 2.385 2.611 2.535 2.397 2.014 1.794 1.704 1.978 2.312 
2.489 2.99 3.48 3.575 3.988 4.106 4.206 3.777 3.081 2.654 
1.713 1.416 1.474 1.493 1.539 1.903 1.986 2.228 1.959 2.001 
1.73 1.76 1.427 1.378 1.266 1.145 1.54 1.52 2.511 2.914 
3.222 3.003 2.474 2.359 2.359 2.429 2.367 2.402 2.619 3.109 
2.748 2.762 2.512 2.28 2.449 2.456 2.183 1.722 1.993 2.575 
2.758 3.509 3.445 3.624 4.356 4.959 6.684 7.259 7.759 9.782 
11.665 15.0 15.0 15.0 15.0 15.0 15.0 15.0 15.0 15.0 
15.0 15.0 15.0 15.0 15.0 12.549 9.053 8.728 8.282 7.007 
5.627 4.327 4.049 3.34 2.741 2.43 2.277 2.442 2.751 2.806 
3.197 4.311 5.543 5.632 5.97 6.531 5.9 4.92 3.661 2.523 
1.989 1.422 1.285 1.317 1.212 1.444 1.644 1.845 1.735 2.027 
3.16 
END
