PFRMAT local QA
AUTHOR LAW-CASP14
af2-standard_T1175_3.pdb local_accuracy_only 7.018 4.906 4.217 2.724 2.092 1.827 2.952 3.495 4.311 3.93 3.096 
1.535 1.615 1.335 1.245 1.204 1.162 1.276 1.262 1.788 1.468 
1.322 1.225 1.077 1.176 1.139 1.338 1.9 3.147 4.326 5.166 
4.395 3.77 1.618 1.437 1.21 1.517 1.88 2.197 4.132 3.477 
2.561 2.761 2.768 1.902 1.939 1.413 1.326 1.389 1.361 1.679 
1.741 2.273 1.814 1.561 1.361 1.301 1.19 1.237 1.376 1.557 
2.427 2.712 6.877 7.166 9.072 8.781 8.438 5.629 4.34 2.779 
2.932 2.496 1.971 2.339 2.542 2.209 2.275 2.904 3.726 4.054 
5.522 5.988 6.766 6.735 8.731 8.285 8.082 6.136 4.979 2.66 
1.477 1.182 1.111 1.015 1.179 1.295 2.685 1.752 1.848 1.404 
1.513 1.305 1.253 1.259 1.317 1.528 1.733 2.175 1.359 1.253 
1.161 1.307 1.529 2.196 3.376 3.665 2.604 3.512 3.277 3.748 
2.914 2.037 2.023 1.69 2.184 2.177 3.322 2.664 1.72 1.355 
1.324 1.424 1.816 2.079 3.625 4.485 5.69 5.161 6.275 3.505 
3.455 2.951 3.206 3.624 3.06 2.667 2.42 2.271 2.416 2.886 
3.364 2.809 1.942 1.401 1.31 1.372 2.11 1.8 2.482 1.814 
1.946 1.871 2.058 2.106 2.191 2.248 2.11 2.5 2.353 2.722 
2.079 2.534 1.722 1.333 1.232 1.345 1.546 2.08 4.049 7.401 
7.924 8.152 6.889 7.199 4.453 3.864 3.42 2.828 2.215 2.243 
1.89 1.682 1.615 1.738 1.85 1.977 2.783 3.465 3.802 3.428 
5.312 10.431 8.91 13.041 12.877 10.607 9.978 7.689 5.232 3.332 
1.791 1.447 1.453 1.319 1.442 1.372 1.552 1.389 1.368 1.337 
1.547 1.597 1.856 2.038 3.002 4.786 5.91 4.69 6.154 4.236 
3.254 2.439 2.155 1.616 1.841 1.562 1.665 1.491 2.036 2.061 
1.9 1.973 2.761 2.481 2.73 3.28 4.216 5.327 8.032 7.066 
7.957 8.619 7.532 7.083 6.969 10.698 11.677 15.0 15.0 15.0 
15.0 15.0 15.0 15.0 15.0 15.0 15.0 15.0 15.0 15.0 
15.0 15.0 15.0 15.0 15.0 15.0 15.0 15.0 15.0 15.0 
15.0 15.0 14.285 12.764 12.841 12.83 11.327 7.759 9.911 8.172 
9.546 11.657 13.107 13.465 12.746 15.0 13.068 13.393 8.082 3.814 
1.824 2.403 2.711 3.601 5.73 6.965 4.86 5.42 4.356 3.522 
3.198 
END
