PFRMAT local QA
AUTHOR MASS-CASP14
af2-standard_T1146_1.pdb local_accuracy_only 15.0 15.0 15.0 15.0 15.0 15.0 15.0 15.0 15.0 15.0 15.0 
15.0 15.0 15.0 15.0 14.66 14.402 14.411 13.276 14.459 13.439 
13.266 13.202 10.33 10.871 8.591 7.932 6.269 5.716 4.895 4.183 
3.642 3.797 3.395 2.757 3.113 3.138 2.497 2.761 2.813 3.73 
4.365 3.641 3.48 3.286 3.486 2.712 2.755 2.831 2.487 1.824 
1.726 1.64 1.681 1.541 1.329 1.392 1.325 1.187 1.214 1.388 
1.462 1.399 1.432 1.403 1.391 1.334 1.276 1.459 2.105 2.281 
1.792 1.647 2.047 2.569 2.802 3.275 2.877 2.931 2.288 2.335 
2.112 2.546 2.103 1.904 1.718 1.696 1.78 1.527 1.555 1.298 
1.024 0.943 0.98 1.012 1.086 0.992 1.021 1.028 1.051 1.073 
1.082 1.101 0.977 1.116 1.112 1.244 1.27 1.439 1.686 1.621 
1.331 1.097 1.207 1.319 1.197 1.12 1.209 1.322 1.319 1.311 
1.218 1.441 1.791 1.963 1.82 1.587 1.639 1.583 1.88 1.521 
1.472 1.562 1.415 1.256 1.545 1.668 1.808 1.533 1.539 2.063 
2.609 2.647 2.557 2.106 2.098 1.916 1.831 1.575 1.435 1.479 
1.496 1.305 1.339 1.563 2.139 1.937 2.617 3.486 4.357 4.023 
3.173 3.148 2.955 3.406 3.321 3.102 2.846 2.611 2.753 2.802 
2.845 3.003 2.507 2.666 3.195 4.149 4.635 5.509 7.292 8.246 
7.651 7.299 5.95 4.925 4.212 3.849 3.445 3.058 2.741 3.147 
2.858 2.825 3.443 3.717 3.366 4.077 4.505 4.723 4.152 4.35 
4.339 4.033 4.08 3.41 2.919 2.144 1.91 1.832 1.415 1.464 
1.265 1.178 1.367 1.509 1.733 1.681 1.568 2.431 2.729 3.114 
3.112 3.42 2.541 2.334 2.598 2.224 1.594 1.626 1.601 1.372 
1.117 0.996 1.103 1.125 1.084 1.157 1.415 2.452 3.598 4.071 
4.547 4.491 4.761 5.72 5.327 4.964 5.833 5.775 4.205 2.482 
1.895 1.602 1.272 1.297 1.223 1.312 1.204 1.294 1.525 1.928 
2.563 3.286 3.116 2.12 1.32 1.12 1.143 1.068 1.123 1.242 
1.359 1.869 2.547 3.624 5.354 5.944 4.719 3.672 2.966 2.577 
2.333 2.382 1.981 1.655 2.093 2.243 2.558 2.365 3.468 4.724 
4.619 5.293 5.24 5.075 3.973 2.115 1.463 1.504 1.288 1.01 
1.075 0.985 0.979 1.013 1.11 1.428 2.1 2.941 3.972 
END
