PFRMAT local QA
AUTHOR LAW-CASP14
af2-standard_T1146_1.pdb local_accuracy_only 15.0 15.0 15.0 15.0 15.0 15.0 15.0 15.0 15.0 15.0 15.0 
15.0 15.0 15.0 15.0 15.0 15.0 15.0 15.0 15.0 15.0 
15.0 15.0 15.0 15.0 14.115 12.447 10.139 9.601 8.791 2.243 
5.827 6.52 3.881 3.649 4.397 5.006 4.638 3.326 5.545 5.715 
6.634 5.492 3.979 6.363 5.456 3.805 4.419 4.703 2.488 1.838 
1.238 1.138 1.236 1.189 0.846 0.969 1.05 0.897 0.843 1.044 
1.108 0.942 0.954 0.861 0.769 0.797 0.779 0.934 1.059 1.106 
0.842 0.86 1.159 1.294 1.489 3.655 3.739 3.35 5.817 5.29 
4.622 4.958 1.047 1.146 0.966 0.994 1.041 1.118 0.972 0.827 
0.697 0.705 0.566 0.531 0.538 0.532 0.535 0.612 0.635 0.617 
0.658 0.713 0.737 0.794 0.872 0.872 1.321 1.39 1.372 1.156 
1.024 0.876 0.925 1.003 0.862 0.808 0.946 1.027 0.885 0.878 
0.979 1.065 1.189 1.091 1.156 1.009 1.236 1.236 1.788 1.123 
1.058 1.1 1.19 1.244 1.183 1.296 1.445 1.214 1.136 1.129 
1.275 1.154 1.06 1.061 1.204 1.152 1.245 1.219 0.996 0.955 
0.854 0.878 1.007 1.214 1.324 1.277 1.579 2.172 2.882 1.951 
1.688 1.647 2.035 2.201 2.771 2.572 2.861 2.491 4.174 4.77 
7.279 8.382 6.197 7.306 8.522 8.325 9.243 10.095 9.125 7.204 
6.291 8.891 6.815 7.425 10.368 13.166 15.0 13.97 14.828 15.0 
11.721 11.866 14.537 14.944 9.707 11.29 10.951 9.375 8.287 9.451 
9.489 5.288 7.841 4.159 3.028 2.691 2.192 2.278 1.602 1.334 
1.034 1.089 1.072 1.055 1.351 1.31 1.206 1.321 1.423 1.413 
1.377 1.552 1.358 1.362 1.499 1.303 1.099 0.825 0.885 0.792 
0.669 0.573 0.589 0.619 0.693 0.8 1.031 1.672 2.209 2.136 
4.313 3.96 4.663 6.197 6.774 5.1 5.843 4.319 3.033 1.66 
1.495 0.792 0.76 0.591 0.577 0.558 0.588 0.666 0.819 1.248 
1.594 3.016 2.288 1.829 1.054 0.946 0.744 0.731 0.618 0.683 
0.865 1.404 3.576 4.324 4.934 2.621 1.911 0.825 0.808 0.916 
0.94 0.984 1.03 0.871 1.084 1.052 0.991 1.076 1.141 1.199 
1.253 1.478 2.041 1.947 2.126 1.844 1.17 1.076 0.905 0.765 
0.787 0.693 0.726 0.784 0.919 1.358 1.578 1.848 2.128 
END
