PFRMAT local QA
AUTHOR MASS-CASP14
af2-standard_T1154_1.pdb local_accuracy_only 14.498 11.277 11.453 9.761 11.396 10.491 13.011 11.057 11.876 10.315 11.651 
11.021 10.64 11.074 10.49 10.095 9.788 12.399 13.337 13.157 13.314 
14.342 15.0 15.0 15.0 13.927 11.825 11.189 10.634 10.127 7.027 
5.869 4.237 2.466 2.084 1.739 1.362 1.131 1.013 1.223 1.14 
1.172 1.289 1.449 1.883 2.332 2.664 2.729 2.457 2.691 2.501 
2.165 1.742 1.312 1.244 1.18 1.173 1.106 0.997 1.138 1.132 
1.643 2.051 2.265 3.554 4.673 6.088 9.613 10.306 10.746 8.311 
8.272 7.094 5.384 4.616 4.821 5.445 5.169 5.273 6.233 7.35 
7.429 8.902 10.208 14.056 14.875 15.0 15.0 15.0 15.0 15.0 
15.0 15.0 15.0 15.0 9.764 6.706 3.889 2.123 1.724 1.336 
1.332 1.326 1.383 1.623 2.517 2.998 3.103 2.71 3.005 2.533 
2.679 2.826 3.089 4.154 4.008 3.156 2.284 1.783 1.392 1.373 
1.38 1.16 1.086 1.105 1.114 1.431 1.52 2.113 1.947 2.464 
2.51 3.083 2.456 2.169 2.241 1.806 1.945 1.98 2.339 2.167 
2.04 3.007 3.698 4.036 4.438 6.363 7.149 6.479 7.196 8.692 
10.098 9.596 9.209 8.065 10.648 11.679 11.976 12.596 13.754 14.316 
12.494 11.192 9.635 6.749 5.744 4.842 4.944 3.837 3.28 3.653 
2.332 1.799 1.857 2.039 2.275 2.946 3.072 2.991 3.069 2.837 
2.488 3.367 4.502 3.713 3.71 3.625 3.576 3.824 4.522 5.193 
5.263 5.414 4.879 5.64 6.576 8.752 10.057 9.953 12.181 13.806 
14.105 10.802 11.111 10.544 8.213 7.47 6.248 6.795 6.139 4.667 
4.619 4.237 3.862 3.46 3.99 3.749 4.997 5.1 4.814 3.975 
3.485 3.883 3.22 2.826 2.877 2.869 2.965 2.315 2.053 2.011 
2.263 2.492 2.798 3.509 3.047 2.974 2.422 2.941 2.486 2.758 
2.921 3.102 3.298 3.564 3.739 3.657 4.002 3.965 4.783 5.153 
5.875 5.975 7.197 7.945 10.03 10.434 10.458 12.32 10.58 9.893 
9.051 9.039 7.551 8.218 6.698 5.761 6.306 6.308 5.532 5.369 
4.801 5.16 4.8 4.674 5.533 6.51 8.011 8.281 9.396 10.878 
11.49 13.671 12.312 10.976 9.218 7.06 4.173 3.154 2.423 1.858 
1.874 1.647 1.702 1.751 2.005 2.473 3.449 4.494 6.732 7.634 
7.881 10.237 10.085 12.67 11.74 11.39 11.148 9.067 8.368 5.946 
5.577 4.905 5.172 5.042 6.554 7.279 7.686 7.788 6.286 4.89 
4.105 3.341 3.146 2.766 2.899 2.908 2.709 2.501 2.752 2.676 
2.489 1.924 1.996 1.201 1.228 1.047 1.056 1.072 1.062 1.398 
2.085 3.38 4.002 3.487 3.347 3.664 4.397 4.755 4.77 4.275 
4.121 3.755 3.65 3.302 2.712 2.617 2.022 1.939 2.148 2.074 
2.865 3.804 3.124 2.237 1.6 1.489 1.277 1.192 1.226 1.225 
1.427 1.576 2.03 2.721 3.119 3.244 3.583 3.667 3.486 3.124 
2.9 2.235 2.166 2.077 2.187 2.307 2.17 2.148 1.839 2.219 
2.472 2.358 2.85 4.052 3.771 2.814 2.311 2.389 2.028 2.303 
2.56 2.555 2.603 2.349 2.677 3.202 4.233 4.392 3.733 2.809 
2.276 1.818 1.443 1.214 0.989 0.984 1.051 0.897 0.97 1.27 
1.367 1.323 1.256 1.256 1.278 1.195 1.237 1.223 1.331 1.594 
2.173 2.771 4.094 4.441 3.984 3.342 2.48 2.172 1.824 1.632 
1.52 1.764 1.789 2.241 3.196 3.893 4.247 3.704 3.364 3.313 
2.994 3.008 2.936 3.01 3.349 3.509 2.655 2.549 2.284 1.976 
1.787 1.917 2.014 2.319 2.727 2.945 3.565 4.491 6.243 6.821 
6.496 7.105 6.79 6.612 5.504 5.157 5.436 5.265 4.298 3.628 
3.629 3.585 3.185 2.913 2.401 2.488 2.111 1.402 1.19 1.176 
1.206 1.519 2.136 2.681 2.601 2.458 2.636 2.758 3.002 2.733 
2.797 2.826 3.679 5.178 6.41 6.227 5.979 6.562 6.184 5.462 
5.218 4.286 4.72 4.821 5.176 5.462 4.897 4.101 3.674 3.723 
3.811 3.856 3.698 2.919 2.879 2.671 2.381 2.014 1.569 1.229 
1.132 1.286 1.065 1.054 1.042 1.017 1.204 1.542 1.75 1.911 
2.219 2.44 2.263 2.387 2.169 2.317 2.002 1.74 1.654 1.517 
1.359 1.441 1.328 1.52 1.522 1.687 1.783 2.436 3.423 4.243 
4.43 3.081 1.996 1.622 1.354 1.428 1.314 1.57 2.09 2.526 
3.317 3.802 4.747 4.513 4.407 4.387 4.9 6.562 5.955 5.678 
5.392 6.166 6.853 6.221 6.043 6.321 6.174 5.645 4.0 3.484 
3.105 2.827 2.652 2.766 3.209 3.575 4.588 5.499 5.396 5.962 
5.998 6.515 7.613 7.116 7.43 6.818 6.806 7.007 6.055 6.045 
5.196 4.914 4.374 4.595 5.078 6.03 7.154 6.176 5.134 3.735 
3.161 2.285 2.006 1.638 1.917 1.917 1.57 1.795 1.447 1.589 
1.846 2.57 2.592 1.958 1.58 1.292 1.098 1.016 0.997 0.978 
1.033 1.246 1.486 2.324 2.617 3.1 3.064 3.291 3.711 4.74 
4.818 4.819 4.442 3.689 2.846 2.875 2.241 2.0 1.856 1.91 
1.923 1.689 1.366 1.206 1.38 1.517 1.536 1.998 1.823 2.131 
2.089 2.453 2.095 1.622 1.679 1.553 2.229 2.573 2.738 2.757 
2.258 1.744 1.752 1.546 1.461 1.479 1.983 2.195 2.717 2.832 
3.162 3.186 3.721 4.625 6.127 7.006 7.949 9.546 8.646 9.233 
9.088 8.761 8.178 7.746 6.739 6.814 6.736 8.424 9.165 10.567 
11.786 12.013 12.066 13.306 15.0 14.188 14.649 13.946 15.0 15.0 
15.0 15.0 15.0 15.0 15.0 12.416 15.0 14.73 15.0 15.0 
15.0 15.0 15.0 15.0 15.0 15.0 15.0 15.0 15.0 15.0 
15.0 15.0 15.0 15.0 15.0 15.0 15.0 15.0 15.0 15.0 
15.0 15.0 15.0 15.0 15.0 15.0 15.0 15.0 15.0 15.0 
15.0 15.0 15.0 15.0 15.0 15.0 15.0 15.0 15.0 15.0 
15.0 15.0 15.0 15.0 15.0 15.0 15.0 15.0 15.0 15.0 
15.0 15.0 15.0 14.559 15.0 15.0 15.0 15.0 14.503 12.677 
12.638 10.051 8.09 5.733 4.927 4.419 4.273 4.544 5.149 6.709 
8.171 9.662 11.282 12.531 12.09 15.0 14.157 15.0 15.0 14.531 
13.966 13.293 13.041 13.116 12.626 13.077 12.273 12.806 11.333 12.104 
10.193 11.445 9.062 8.928 7.674 6.463 7.21 8.069 7.95 8.522 
7.93 10.942 9.235 7.72 7.667 5.431 3.875 2.826 2.353 2.089 
1.786 1.849 1.819 1.972 2.804 3.146 3.773 4.928 5.142 5.175 
4.901 4.616 4.26 4.383 3.78 3.216 2.966 2.682 2.225 1.8 
2.067 2.001 2.583 3.388 4.029 3.634 2.672 2.398 2.297 2.178 
2.631 2.56 3.451 3.15 3.407 2.746 2.409 1.994 1.822 1.739 
1.711 1.495 1.598 1.57 1.558 1.794 2.134 2.453 2.734 2.524 
2.249 2.342 2.119 2.796 3.24 3.436 3.518 4.252 4.986 4.806 
4.128 3.025 2.655 2.411 2.181 2.078 1.974 1.819 1.833 2.005 
2.014 2.426 2.756 2.802 2.765 2.294 1.93 1.686 1.817 1.851 
2.407 3.07 3.557 4.17 4.986 5.75 5.609 7.137 7.694 7.471 
7.675 6.708 7.246 5.53 5.188 4.836 4.949 5.489 4.842 3.869 
3.311 3.041 2.697 2.814 2.8 2.65 2.064 1.663 1.653 1.639 
1.472 1.555 1.501 1.969 2.266 2.673 2.866 3.111 4.054 4.798 
5.891 6.864 5.695 5.55 5.587 6.234 6.592 7.16 8.057 8.451 
9.479 10.054 10.058 7.014 5.033 3.701 2.926 2.608 2.091 1.847 
1.682 1.489 1.479 1.296 1.595 1.765 2.169 2.32 2.285 2.032 
1.894 1.938 1.992 1.773 2.425 2.442 3.369 4.208 4.849 3.942 
3.415 3.686 3.546 3.065 3.642 4.165 4.982 4.418 4.515 4.847 
4.891 4.626 4.267 4.223 4.078 3.324 2.817 2.903 2.61 2.674 
2.162 2.151 1.914 1.77 1.939 2.064 2.229 2.477 1.989 2.228 
2.184 2.286 2.085 2.413 2.233 2.434 2.446 2.392 2.304 1.799 
2.074 1.918 1.487 1.295 1.002 1.113 1.055 0.997 1.033 1.144 
1.029 1.285 1.486 1.555 1.871 1.734 1.755 1.579 2.18 2.218 
2.303 2.502 2.324 2.751 2.885 3.62 4.988 6.248 5.827 4.718 
4.454 4.18 4.717 4.259 4.326 4.17 2.762 2.358 1.886 1.678 
1.576 1.335 1.38 1.325 1.432 1.878 2.281 2.968 3.579 4.939 
4.38 4.415 3.843 3.574 3.06 2.803 2.543 2.147 1.994 1.864 
1.872 1.936 2.65 2.705 2.304 2.059 1.883 1.625 1.565 1.518 
1.383 1.297 1.42 1.473 1.553 1.939 2.496 2.412 3.023 3.384 
4.447 4.996 5.94 5.846 5.188 3.859 3.0 2.395 2.045 2.022 
1.869 1.766 1.492 1.27 1.359 1.408 1.374 1.67 1.719 1.7 
1.518 1.568 1.314 0.998 0.936 0.972 1.348 1.599 2.151 2.591 
2.074 1.727 1.387 1.172 1.084 1.024 1.281 1.536 1.64 2.28 
2.918 3.051 3.766 3.076 3.441 3.237 3.616 4.364 4.189 4.572 
4.252 4.008 4.482 3.955 4.006 3.662 3.822 3.582 3.409 3.041 
2.352 1.934 1.701 1.384 1.306 1.224 1.373 1.53 1.454 1.172 
1.117 1.285 1.447 1.639 2.489 3.053 4.058 4.394 4.523 4.845 
5.692 5.011 6.494 6.92 7.63 7.046 6.295 6.282 5.013 3.821 
2.695 2.087 1.484 1.166 1.378 1.453 1.393 1.145 1.142 1.047 
1.096 1.39 1.802 2.515 2.825 2.464 1.823 1.583 1.656 1.427 
1.661 1.898 1.873 2.038 1.962 1.953 2.289 2.759 3.526 3.556 
3.746 4.212 4.545 5.567 5.851 5.093 4.572 3.53 3.318 3.379 
2.957 2.248 1.565 1.312 1.178 1.089 1.138 1.208 1.56 1.937 
2.78 4.182 4.135 4.824 4.522 3.911 3.436 3.048 2.292 2.169 
2.05 2.472 2.928 2.78 2.609 1.574 1.582 1.431 1.261 1.433 
1.512 1.886 2.252 2.618 3.604 3.8 4.424 4.985 5.088 4.422 
4.579 3.947 5.409 5.405 4.648 3.697 3.248 3.373 2.483 2.386 
2.315 2.557 2.767 3.07 2.351 1.746 1.733 1.711 1.853 3.23 
3.588 3.286 2.244 1.816 1.537 1.507 1.198 1.093 1.12 1.058 
1.223 1.231 1.427 1.495 1.539 1.988 2.097 1.628 1.291 1.283 
1.193 1.24 1.35 1.257 1.171 1.329 1.733 1.939 2.437 2.282 
1.769 2.18 2.499 3.144 2.92 2.71 3.206 3.139 3.795 3.916 
3.73 3.165 2.597 2.284 2.056 1.795 1.716 1.825 1.828 1.829 
2.44 3.008 3.06 3.214 2.242 2.192 2.4 2.913 3.524 3.618 
4.418 4.232 4.527 3.899 3.883 3.451 3.485 3.815 3.95 3.676 
3.606 4.177 3.518 2.894 3.459 3.857 3.698 4.148 3.724 2.796 
1.442 1.26 1.116 0.988 0.975 1.006 1.07 1.001 1.011 1.265 
1.391 2.116 2.521 2.34 2.415 2.285 2.601 3.132 3.908 2.665 
2.102 1.747 1.618 1.237 1.2 1.092 1.445 1.299 1.196 1.269 
1.421 1.808 2.956 
END
