PFRMAT local QA
AUTHOR LAW-CASP14
af2-standard_T1154_1.pdb local_accuracy_only 15.0 15.0 15.0 15.0 15.0 15.0 15.0 15.0 15.0 15.0 15.0 
15.0 15.0 15.0 15.0 15.0 15.0 15.0 15.0 15.0 15.0 
15.0 15.0 15.0 15.0 15.0 15.0 15.0 15.0 12.87 9.092 
4.931 3.698 1.688 1.672 1.768 1.786 1.664 1.545 1.347 1.417 
1.278 1.455 1.462 1.768 2.498 2.466 2.768 2.347 2.748 2.297 
2.149 1.437 1.423 1.251 1.5 1.379 1.389 1.338 1.498 1.72 
2.293 2.499 3.808 5.661 8.676 11.577 14.05 14.484 12.878 9.764 
11.125 10.364 8.4 4.557 9.644 7.92 5.437 6.167 6.603 6.937 
5.579 6.312 4.873 5.648 2.414 2.399 2.401 2.544 3.08 3.273 
3.794 3.809 4.145 3.413 2.674 2.558 2.452 2.562 2.031 2.6 
2.847 3.481 3.885 3.055 5.705 3.376 3.173 2.887 2.496 2.306 
2.531 2.801 3.208 6.072 7.043 3.489 2.315 1.765 1.956 1.57 
1.732 1.584 1.399 1.681 1.556 1.768 2.258 1.957 2.045 1.969 
2.419 2.167 2.601 2.458 2.835 2.741 2.691 2.747 3.268 2.808 
2.779 3.349 3.159 3.41 3.341 4.034 6.134 4.926 5.007 7.09 
7.346 6.468 5.558 7.331 8.026 10.45 11.182 10.472 8.431 6.618 
5.564 4.028 3.023 2.568 3.192 3.433 2.472 2.104 2.162 2.807 
2.805 2.49 2.861 2.65 3.001 3.454 3.048 3.007 2.99 2.654 
2.737 3.23 3.212 2.987 2.994 2.584 2.517 2.359 3.143 3.847 
5.067 8.404 7.708 6.049 9.561 10.777 10.231 10.249 11.723 11.773 
11.522 8.487 9.665 7.758 2.268 2.03 2.14 3.907 4.881 4.977 
4.451 5.699 5.715 5.636 6.623 5.929 6.307 6.771 5.553 6.157 
4.453 5.362 4.619 4.282 3.952 2.519 1.989 1.588 2.053 1.884 
2.624 3.519 3.712 5.031 4.917 5.302 4.309 4.253 4.364 4.527 
4.592 4.849 4.588 4.726 4.978 5.588 8.491 5.137 9.253 8.439 
9.651 10.162 10.634 10.568 9.063 9.135 8.885 9.943 12.419 14.907 
15.0 15.0 15.0 15.0 11.827 8.026 8.593 4.078 3.673 2.843 
2.922 2.735 2.814 2.53 3.328 3.972 5.05 5.534 7.294 9.412 
11.037 8.09 6.773 5.458 4.633 3.467 2.457 2.028 1.705 1.256 
1.101 0.96 1.062 1.062 1.403 2.928 4.003 6.113 5.809 5.261 
4.821 6.942 6.145 6.849 6.499 5.79 4.459 1.898 1.671 1.705 
1.318 1.457 1.215 1.579 1.547 1.327 1.577 1.542 1.894 1.902 
1.582 1.635 1.344 2.062 1.612 2.436 2.217 2.083 2.531 2.712 
2.187 2.119 1.716 1.664 1.283 1.298 1.452 1.309 1.211 1.335 
1.486 1.661 1.763 2.188 1.96 2.078 1.782 1.92 2.661 2.562 
2.538 1.916 2.081 1.338 1.221 1.133 1.112 1.142 1.362 1.416 
2.005 1.785 1.48 1.183 1.137 1.092 1.123 1.202 1.149 1.115 
1.056 1.081 1.133 1.214 1.256 1.335 1.389 1.58 1.436 1.291 
1.426 1.59 1.4 1.427 1.694 1.556 1.618 1.442 1.275 1.306 
1.122 1.352 2.874 2.12 4.713 5.681 4.252 4.416 2.295 1.77 
1.778 1.399 1.454 1.28 1.547 1.692 2.318 3.071 2.601 2.498 
1.709 1.611 1.233 1.155 1.094 1.168 1.189 1.16 1.156 1.21 
1.287 1.329 1.354 1.288 1.367 1.343 1.654 1.647 1.955 2.037 
2.466 2.204 3.029 3.655 2.931 2.608 1.994 2.135 1.652 1.673 
1.403 1.514 1.288 1.821 2.51 4.358 3.799 5.972 6.352 6.673 
6.951 6.849 8.041 6.811 6.114 3.785 3.802 2.164 1.508 1.251 
1.14 1.282 1.464 1.397 2.379 1.981 3.607 2.982 5.971 7.231 
11.086 12.061 10.719 8.046 5.938 5.533 3.742 3.332 2.503 1.952 
2.3 2.542 2.656 2.827 1.977 2.358 2.185 1.625 1.335 1.301 
1.577 2.15 3.931 5.106 7.258 6.614 7.252 5.673 4.363 2.951 
3.207 3.149 5.763 7.212 6.392 3.102 2.152 2.4 2.866 3.793 
4.343 7.343 7.743 9.482 8.899 8.144 6.934 5.226 2.817 2.225 
1.575 2.095 1.996 1.404 1.676 1.839 1.51 1.381 1.128 1.125 
1.073 1.143 1.118 1.188 1.124 1.166 1.309 1.465 1.929 1.843 
1.833 1.812 1.758 1.655 1.582 1.796 1.704 1.355 1.455 1.398 
1.316 1.304 1.095 1.114 1.023 1.194 1.349 1.488 1.896 2.279 
3.413 2.208 1.852 1.542 1.447 1.354 1.134 1.497 1.478 2.402 
10.089 11.961 9.184 7.197 5.979 4.448 4.91 5.376 3.81 3.51 
4.164 4.055 8.981 11.722 12.991 14.289 13.095 10.705 3.953 3.033 
3.426 2.272 2.163 1.895 2.062 2.114 3.52 3.586 4.058 5.079 
3.321 4.552 3.366 7.099 6.844 7.662 6.797 5.895 5.341 6.287 
5.324 2.973 1.589 2.674 1.958 3.016 2.932 3.754 2.248 2.243 
2.138 1.975 1.898 1.854 1.987 1.974 2.091 2.626 1.962 2.198 
2.807 2.826 5.005 2.611 5.475 1.443 1.472 1.024 1.242 1.127 
1.188 1.494 1.639 1.954 1.997 2.031 2.153 2.071 2.905 3.122 
5.481 3.756 5.13 5.876 5.876 5.332 4.349 2.542 1.716 1.38 
1.396 1.274 1.686 1.378 1.615 1.672 1.926 2.513 2.223 2.079 
1.875 1.891 1.927 1.773 1.563 1.734 1.705 2.181 2.026 2.426 
2.036 1.813 1.518 1.39 1.451 1.424 1.473 1.368 1.853 1.755 
2.109 2.394 3.272 3.632 6.416 6.177 13.143 11.962 10.427 9.729 
11.821 10.662 6.482 6.367 7.791 8.582 6.479 8.566 8.125 8.406 
8.166 8.415 7.436 6.175 7.491 7.802 6.836 7.47 6.925 7.497 
6.887 8.203 8.204 9.822 9.161 11.618 12.886 10.198 11.523 11.022 
9.641 10.981 12.701 12.847 13.46 11.939 12.221 11.411 10.036 12.087 
11.799 10.067 8.949 15.0 10.514 10.035 12.401 10.911 12.822 14.602 
15.0 15.0 15.0 12.314 15.0 15.0 15.0 15.0 15.0 15.0 
15.0 15.0 15.0 15.0 15.0 15.0 15.0 15.0 15.0 15.0 
15.0 15.0 15.0 15.0 15.0 15.0 15.0 15.0 15.0 15.0 
15.0 15.0 15.0 15.0 15.0 15.0 15.0 15.0 15.0 15.0 
15.0 12.992 6.21 5.235 2.316 2.045 1.762 1.95 2.817 3.33 
5.023 6.492 9.512 10.013 14.746 15.0 15.0 15.0 15.0 15.0 
15.0 15.0 15.0 15.0 15.0 15.0 15.0 15.0 15.0 15.0 
15.0 15.0 15.0 15.0 15.0 14.845 13.869 15.0 13.488 12.068 
10.642 9.003 5.306 3.198 2.808 2.277 2.273 2.551 2.592 2.123 
1.757 1.607 1.489 1.63 2.716 3.683 6.213 7.305 9.162 10.227 
11.032 8.886 7.995 5.511 5.469 3.859 3.808 4.957 2.905 2.686 
2.075 2.153 2.055 2.629 2.908 2.394 2.267 2.073 1.992 2.313 
2.562 2.66 2.161 1.937 1.825 2.15 1.869 1.832 1.829 1.933 
1.791 1.707 1.716 1.586 1.444 1.283 1.326 1.464 2.296 2.018 
2.003 1.958 1.665 1.852 1.833 2.015 1.882 2.25 2.916 2.757 
2.154 1.662 1.413 1.427 1.373 1.561 1.485 1.616 1.474 1.585 
1.542 1.866 1.954 2.008 1.951 1.357 1.394 1.271 1.261 1.708 
2.659 2.608 2.005 2.226 2.103 2.835 2.261 4.142 5.874 6.13 
7.705 4.722 4.88 3.018 2.306 2.307 1.817 1.561 1.511 1.418 
1.38 1.543 1.568 1.839 1.832 1.897 1.952 1.711 1.678 2.034 
1.713 1.97 1.835 1.785 2.881 2.832 3.402 2.993 3.244 5.299 
6.557 8.755 11.66 10.979 11.74 11.967 13.928 13.784 12.275 13.538 
11.372 10.27 7.038 6.905 2.396 1.955 1.3 1.297 1.13 1.066 
1.142 1.009 1.098 1.005 1.172 1.309 1.646 2.121 1.93 1.667 
1.333 1.233 1.242 1.237 1.286 1.498 1.881 2.466 2.718 1.909 
2.364 3.243 2.457 2.362 2.985 3.689 3.503 3.087 2.117 1.988 
2.132 1.858 2.816 1.808 1.999 1.481 1.664 1.495 1.738 1.65 
2.723 2.616 3.915 2.61 2.499 2.258 2.112 1.978 1.833 1.815 
1.786 1.689 1.505 1.837 1.751 1.898 2.095 1.996 1.728 1.549 
1.513 1.261 1.069 0.969 0.923 0.933 0.944 1.004 1.033 1.059 
1.13 1.319 1.405 1.443 1.317 1.293 1.394 1.165 1.161 1.048 
1.113 1.291 1.252 1.453 1.722 3.077 4.468 5.712 4.999 3.592 
2.415 1.934 2.028 2.421 2.437 4.168 5.14 3.882 3.774 3.904 
3.903 4.303 3.536 2.565 2.57 2.393 3.126 5.98 8.921 10.902 
12.667 14.282 12.063 11.347 9.001 7.655 3.475 2.631 3.376 4.448 
4.048 4.235 3.646 3.203 3.368 4.286 4.217 3.901 2.343 3.292 
1.882 2.047 1.759 2.152 2.293 3.618 2.835 2.726 2.922 3.262 
3.992 4.463 4.395 6.465 6.129 5.081 5.234 6.469 4.306 5.742 
5.143 2.248 1.38 1.195 1.113 1.297 1.381 1.959 2.344 2.268 
1.845 1.684 1.391 1.373 1.229 1.405 2.088 1.812 2.748 3.4 
3.107 3.186 2.113 1.804 1.494 1.452 2.212 2.169 2.106 2.442 
2.724 5.356 6.286 5.935 6.084 5.494 2.843 4.495 3.551 4.163 
4.086 5.158 7.627 7.832 8.202 4.797 3.553 3.661 3.494 3.981 
3.367 3.355 2.666 3.159 2.961 2.822 5.399 7.472 4.662 2.095 
1.847 1.75 2.723 3.926 6.648 8.192 10.393 10.153 14.361 14.116 
15.0 15.0 15.0 15.0 15.0 15.0 15.0 15.0 15.0 15.0 
15.0 15.0 7.423 4.786 5.923 5.463 4.108 3.071 2.101 1.613 
1.533 1.531 2.007 2.219 2.086 1.727 1.789 1.504 2.391 1.729 
2.12 3.135 3.027 4.157 2.66 2.438 3.089 4.608 4.434 5.804 
4.782 5.083 2.08 6.271 6.566 7.515 6.172 5.661 5.438 3.83 
3.689 1.695 1.418 1.144 1.121 1.188 1.329 1.599 2.001 2.373 
2.358 2.17 2.43 1.738 1.595 1.257 1.202 1.278 1.45 2.225 
2.113 3.06 4.28 4.286 5.825 3.719 4.853 2.424 1.628 1.754 
1.373 1.565 1.524 2.078 2.533 2.611 3.082 2.807 2.721 2.137 
1.833 1.999 2.217 2.117 1.707 1.615 1.589 1.619 1.45 1.368 
1.4 1.363 1.725 1.926 1.789 1.566 1.46 1.352 1.549 1.536 
1.662 1.563 1.715 1.747 1.638 1.62 1.502 1.638 1.522 1.699 
1.968 2.01 2.274 1.99 1.773 1.856 1.501 1.333 1.009 1.01 
0.974 1.019 1.061 1.097 1.044 1.208 1.262 1.336 1.927 1.658 
1.751 2.709 3.06 3.861 3.751 2.483 3.055 1.891 2.229 1.713 
1.612 1.298 1.262 1.252 1.272 2.016 1.74 1.819 1.522 1.294 
1.67 2.013 3.015 3.226 2.546 2.11 1.981 2.405 2.639 2.251 
2.998 2.404 2.094 1.979 1.707 1.753 1.493 1.898 1.55 2.802 
1.775 2.818 2.273 1.947 2.067 2.192 1.804 1.817 1.515 1.356 
1.247 1.174 1.119 1.117 0.994 0.936 0.992 0.923 0.922 1.036 
1.165 1.272 1.422 1.302 1.226 1.136 1.205 1.629 1.977 1.622 
1.49 1.279 1.221 1.168 1.194 1.383 1.386 1.396 1.268 1.295 
1.325 1.33 1.575 
END
