PFRMAT local QA
AUTHOR LAW-CASP14
af2-standard_T1197_5.pdb local_accuracy_only 15.0 15.0 15.0 15.0 15.0 15.0 15.0 11.903 11.651 10.118 9.774 
7.765 4.871 3.133 4.354 0.817 0.877 0.672 0.801 0.753 0.926 
0.907 0.811 0.829 0.636 0.65 0.61 0.649 0.663 0.756 1.07 
1.14 1.71 1.086 0.906 0.728 0.615 0.574 0.531 0.565 0.709 
0.767 0.965 1.013 0.932 0.783 0.596 0.475 0.475 0.465 0.535 
0.604 0.82 0.918 1.042 1.529 1.466 1.598 1.687 1.198 1.554 
1.627 1.332 1.311 1.332 1.246 1.076 1.083 0.988 0.832 0.834 
0.924 0.726 0.816 0.669 0.664 0.528 0.59 0.513 0.585 0.472 
0.449 0.469 0.496 0.604 0.848 0.856 0.798 0.78 0.668 0.55 
0.427 0.407 0.424 0.47 0.512 0.552 0.668 0.572 0.578 0.506 
0.462 0.517 0.616 0.59 0.592 0.683 0.782 0.863 0.858 0.777 
0.831 1.029 0.831 0.868 0.756 0.779 0.716 0.612 0.601 0.593 
0.508 0.475 0.509 0.477 0.449 0.512 0.51 0.505 0.469 0.551 
0.533 0.515 0.58 0.597 0.61 0.598 0.531 0.496 0.504 0.52 
0.574 0.466 0.492 0.448 0.514 0.512 0.431 0.491 0.522 0.634 
0.744 0.827 0.655 0.587 0.451 0.484 0.495 0.564 0.804 0.776 
0.995 1.15 1.113 1.703 1.778 2.772 3.081 3.785 5.417 5.475 
6.751 9.677 10.266 9.82 10.001 7.154 5.151 2.163 1.098 0.699 
0.697 0.653 0.548 0.587 0.54 0.706 0.644 0.639 0.697 0.738 
0.752 0.717 0.69 0.532 0.511 0.499 0.45 0.472 0.468 0.444 
0.456 0.502 0.447 0.447 0.471 0.475 0.479 0.507 0.545 0.48 
0.609 0.597 0.602 0.575 0.667 0.687 0.592 0.745 0.873 1.285 
1.035 1.267 0.94 1.247 1.111 0.878 0.945 1.01 0.926 0.808 
0.904 0.91 0.741 0.738 0.522 0.586 0.558 0.622 0.634 0.708 
0.744 0.666 0.717 0.663 0.698 0.574 0.533 0.52 0.49 0.427 
0.431 0.41 0.409 0.429 0.432 0.513 0.485 0.47 0.466 0.467 
0.42 0.491 0.556 0.575 0.65 0.663 0.592 0.568 0.655 0.668 
0.568 0.614 0.764 0.762 1.329 1.429 1.206 1.663 3.215 8.175 
11.74 15.0 15.0 15.0 15.0 15.0 15.0 15.0 
END
