PFRMAT local QA
AUTHOR MASS-CASP14
af2-standard_T1197_5.pdb local_accuracy_only 14.435 13.616 15.0 13.476 15.0 13.542 15.0 13.326 15.0 9.951 10.467 
7.312 4.811 3.369 1.91 1.463 1.337 1.299 1.187 1.306 1.398 
1.26 1.128 1.434 1.385 1.412 1.337 1.292 1.238 1.432 1.764 
1.943 1.806 1.637 1.582 1.364 1.102 0.923 0.98 1.009 1.053 
1.139 1.391 1.797 1.814 1.671 1.395 1.227 0.984 0.902 1.007 
1.015 0.984 1.266 1.606 1.995 2.029 1.92 2.034 2.016 2.13 
2.041 1.79 1.875 2.006 2.07 1.727 1.776 1.505 1.319 1.439 
1.444 1.431 1.524 1.415 1.592 1.359 1.183 1.304 1.225 1.076 
1.084 1.033 0.993 1.065 1.621 2.041 2.123 1.57 1.165 0.918 
0.051 0.0 0.0 0.0 0.0 0.0 0.004 0.025 0.0 0.003 
0.0 1.051 1.315 1.167 1.261 1.51 1.892 2.331 2.259 2.006 
1.905 1.651 1.376 1.358 1.327 1.351 1.237 0.919 0.052 0.0 
0.0 0.0 0.0 0.0 0.0 0.0 0.0 0.0 0.0 0.0 
0.0 0.535 1.17 1.455 1.612 1.626 1.369 1.313 1.385 1.502 
1.269 1.078 0.996 0.911 1.071 1.071 0.916 0.879 1.007 1.265 
1.709 2.165 2.086 1.603 1.299 1.076 1.078 1.492 2.032 2.022 
2.774 2.971 4.385 5.104 5.575 6.453 7.343 9.793 9.692 10.961 
11.385 11.453 12.062 12.278 12.456 11.627 9.254 7.321 4.181 3.059 
2.188 1.964 1.667 1.688 1.392 1.356 1.329 1.193 1.479 1.488 
1.533 1.661 1.421 1.249 1.006 0.998 1.11 1.012 0.02 0.0 
0.0 0.0 0.0 0.968 1.034 1.071 1.108 1.304 1.341 1.15 
1.335 1.475 1.516 1.489 1.648 1.834 1.872 1.706 2.144 2.584 
1.986 1.945 1.974 2.057 1.818 1.439 1.577 1.886 1.701 1.562 
1.696 1.792 1.745 1.458 1.457 1.528 1.768 1.57 1.655 2.122 
2.301 1.99 1.89 2.113 1.74 1.401 1.443 1.454 1.102 1.11 
1.194 1.251 1.054 1.065 1.357 1.691 1.685 1.677 2.047 1.888 
1.599 1.558 1.326 1.205 1.34 1.327 1.228 1.355 1.303 1.209 
1.074 1.529 1.631 1.474 1.534 1.654 1.772 1.908 2.5 3.064 
4.883 5.734 7.646 8.211 10.17 11.613 13.017 12.703 
END
