PFRMAT local QA
AUTHOR LAW-CASP14
af2-standard_T1195_5.pdb local_accuracy_only 7.291 5.825 2.37 1.672 1.782 0.803 0.796 0.685 0.929 1.027 1.124 
0.97 0.892 0.911 0.755 0.835 0.823 0.826 0.87 1.003 1.392 
1.734 2.147 1.414 0.878 0.821 0.668 0.666 0.65 0.681 0.862 
0.882 1.238 0.948 0.705 0.55 0.535 0.507 0.528 0.591 0.673 
1.016 1.39 2.042 3.213 3.318 3.595 3.568 3.314 2.366 2.579 
2.176 1.643 1.431 1.483 1.311 1.054 0.863 1.363 1.042 0.947 
1.049 1.331 0.806 0.959 0.736 0.715 0.544 0.629 0.6 0.731 
0.627 0.632 0.526 0.554 0.608 0.706 0.908 0.915 0.919 0.699 
0.518 0.497 0.507 0.507 0.563 0.587 0.711 0.892 0.773 0.674 
0.525 0.502 0.587 0.713 0.886 0.804 0.865 1.25 1.742 2.574 
2.237 2.034 1.135 1.003 0.803 0.829 0.749 0.62 0.66 0.636 
0.55 0.511 0.586 0.523 0.484 0.51 0.543 0.54 0.507 0.61 
0.662 0.595 0.632 0.784 0.762 0.722 0.654 0.562 0.499 0.555 
0.553 0.482 0.484 0.459 0.477 0.475 0.48 0.541 0.617 0.757 
0.984 1.032 0.806 0.708 0.518 0.552 0.5 0.544 0.581 0.587 
0.7 0.874 0.8 1.362 1.387 1.74 3.492 3.122 2.883 4.688 
6.125 6.777 6.857 5.491 5.13 4.093 3.249 2.113 2.439 2.094 
0.768 0.842 0.646 0.526 0.585 0.555 0.728 0.679 0.647 0.68 
0.746 1.057 1.125 1.435 1.92 1.194 0.878 0.596 0.595 0.534 
0.533 0.526 0.492 0.481 0.467 0.503 0.449 0.474 0.457 0.463 
0.451 0.497 0.512 0.525 0.532 0.568 0.618 0.644 0.656 0.59 
0.725 0.907 1.173 1.095 1.418 1.193 1.138 1.107 1.052 0.89 
0.872 0.908 0.843 0.776 0.8 0.909 0.832 0.825 0.767 0.716 
0.578 0.687 0.669 0.749 0.703 0.654 0.741 0.961 1.014 0.765 
0.844 0.775 0.746 0.678 0.69 0.693 0.613 0.511 0.616 0.585 
0.492 0.531 0.572 0.668 0.66 0.609 0.633 0.662 0.532 0.568 
0.545 0.549 0.612 0.6 0.564 0.602 0.677 0.672 0.662 0.773 
0.887 0.836 0.911 1.152 1.27 1.224 1.544 1.673 
END
