PFRMAT local QA
AUTHOR MASS-CASP14
af2-standard_T1195_5.pdb local_accuracy_only 8.269 4.765 3.254 2.912 2.097 1.786 1.719 1.533 1.795 2.334 2.458 
1.843 1.534 1.506 1.434 1.642 1.631 1.592 1.511 1.819 2.069 
2.422 2.439 1.904 1.702 1.528 1.189 1.069 1.129 1.259 1.299 
1.695 2.263 2.178 1.636 1.235 1.11 0.99 0.995 1.015 0.965 
1.176 1.42 1.923 2.192 2.026 2.173 2.376 2.333 1.986 1.788 
2.042 1.763 1.498 1.628 1.753 1.649 1.302 1.624 1.578 1.288 
1.499 1.584 1.61 1.8 1.471 1.376 1.076 1.041 1.049 1.115 
1.001 1.129 1.059 1.138 1.225 1.642 2.189 2.575 1.721 1.256 
1.107 0.996 0.806 0.858 0.929 1.078 1.277 1.811 1.91 1.424 
1.175 1.1 1.388 1.408 1.371 1.379 1.746 2.109 2.31 2.738 
2.868 2.619 2.072 1.78 1.527 1.677 1.508 1.242 1.351 1.415 
1.18 1.202 1.267 1.225 1.135 1.136 1.28 1.11 1.069 1.201 
1.094 1.016 1.185 1.32 1.216 1.27 1.148 1.194 1.208 1.475 
1.512 1.252 1.078 1.3 1.369 1.304 1.108 1.257 1.301 1.881 
2.94 3.165 2.724 1.893 1.422 1.19 1.284 1.328 1.55 1.298 
1.544 1.569 2.149 2.82 3.08 3.825 4.585 5.078 4.896 6.026 
7.298 8.443 7.628 7.088 6.821 5.764 5.079 4.143 4.798 3.997 
2.736 2.062 1.624 1.518 1.494 1.326 1.456 1.511 1.419 1.42 
1.759 2.034 2.746 3.468 3.902 2.977 2.266 1.587 1.418 1.376 
1.36 1.167 0.785 0.002 0.0 0.0 0.0 0.0 0.0 0.0 
0.0 0.0 0.118 0.965 1.307 1.626 1.872 1.808 1.682 1.641 
1.73 1.997 2.32 2.238 2.674 2.119 2.059 1.853 1.752 1.363 
1.539 1.534 1.38 1.336 1.557 1.576 1.838 1.563 1.428 1.568 
1.571 1.55 1.381 1.702 1.519 1.245 1.383 1.716 1.72 1.431 
1.541 1.601 1.571 1.511 1.537 1.516 1.287 1.298 1.45 1.422 
1.15 1.11 1.404 1.681 1.704 2.002 2.187 1.961 1.796 1.726 
1.893 1.58 1.882 1.895 1.704 1.802 1.966 1.983 1.688 1.992 
1.999 1.916 2.302 2.482 2.669 2.46 2.729 3.955 
END
