PFRMAT local QA
AUTHOR MASS-CASP14
af2-standard_T1120_4.pdb local_accuracy_only 15.0 15.0 15.0 15.0 14.543 14.095 10.886 7.944 5.212 3.996 3.042 
3.045 2.903 2.933 3.259 3.442 2.564 2.329 1.814 1.811 1.732 
2.034 2.785 2.227 1.823 1.232 1.063 1.041 1.146 1.246 1.074 
0.944 1.109 1.336 1.433 1.452 1.875 2.39 3.382 3.451 2.696 
2.356 2.454 2.783 2.408 2.566 2.825 3.06 2.969 3.121 2.925 
2.867 3.457 3.2 3.123 3.52 4.27 4.423 6.283 6.982 5.74 
3.617 2.715 2.134 1.959 1.729 2.167 2.377 2.436 2.109 1.97 
2.31 2.395 2.432 2.779 3.408 3.242 2.79 3.014 3.197 3.862 
3.289 2.952 3.383 3.176 2.732 2.589 2.769 2.877 2.749 2.985 
2.921 3.282 3.459 3.713 3.509 3.821 4.397 4.466 4.176 3.872 
3.546 3.924 3.321 3.414 3.391 3.056 3.176 3.39 3.521 3.181 
3.04 3.174 2.739 2.575 2.888 2.859 2.776 2.609 2.128 2.163 
2.264 2.004 1.649 1.645 1.639 1.428 1.637 1.614 1.622 1.63 
1.779 1.942 1.569 1.755 1.807 1.55 1.547 1.651 1.87 1.661 
1.827 2.017 2.489 2.927 3.378 2.525 2.685 3.284 2.897 2.584 
3.016 2.905 2.842 3.081 2.525 2.955 3.167 2.568 2.632 3.243 
3.481 2.89 2.749 2.745 2.338 1.825 1.991 2.126 2.285 2.293 
2.452 2.464 2.777 2.872 2.491 3.034 3.041 2.401 2.053 2.022 
2.117 1.92 1.592 1.271 1.387 1.339 1.272 1.321 1.302 1.215 
1.272 1.391 1.27 1.19 1.263 1.307 1.22 0.984 1.281 1.543 
1.739 1.782 1.806 1.747 1.687 1.548 1.731 1.705 1.323 1.441 
1.3 1.275 1.223 1.448 1.395 1.31 1.145 1.349 1.403 1.521 
1.462 1.98 2.127 2.155 3.056 3.98 6.291 8.453 10.401 14.285 
15.0 15.0 15.0 15.0 
END
