PFRMAT local QA
AUTHOR LAW-CASP14
af2-standard_T1120_4.pdb local_accuracy_only 15.0 15.0 15.0 15.0 15.0 15.0 13.354 12.337 11.347 8.481 9.968 
8.922 11.038 11.703 12.277 11.941 10.462 9.866 2.443 2.328 1.963 
1.975 1.898 1.818 1.751 1.675 1.574 1.681 1.61 1.638 1.617 
1.518 1.613 1.673 1.64 1.66 1.947 1.946 2.604 2.347 2.35 
1.867 2.404 2.493 2.364 2.643 3.115 3.183 2.731 3.644 3.25 
3.61 3.044 3.547 3.868 4.7 6.67 9.667 11.925 9.858 8.955 
6.587 3.196 3.043 2.082 1.741 1.791 1.774 1.915 1.942 1.707 
1.863 1.968 1.817 1.853 2.09 2.191 1.896 2.259 1.96 2.392 
1.972 1.937 2.041 2.194 2.107 2.377 2.48 2.445 2.68 2.618 
2.416 2.399 2.537 2.301 2.239 2.278 2.337 2.416 2.31 2.214 
2.176 2.245 2.116 2.215 2.245 2.221 2.285 2.399 2.22 2.283 
2.409 2.641 2.515 2.285 2.447 2.496 2.269 2.028 2.343 1.95 
1.847 1.855 1.803 1.899 1.722 1.657 1.688 1.806 1.706 1.597 
1.623 1.781 1.61 1.577 1.676 1.739 1.589 1.783 1.773 1.565 
1.828 2.025 2.545 3.075 3.463 2.881 2.852 3.397 3.234 3.096 
3.209 3.192 3.179 2.761 2.456 2.412 2.527 1.955 2.139 2.357 
2.404 2.487 2.791 2.947 3.076 3.033 3.093 3.007 2.932 3.136 
3.96 3.375 3.595 3.476 3.276 2.808 3.042 3.596 2.358 2.764 
2.063 2.077 1.879 1.775 1.694 1.787 1.726 1.708 1.771 2.142 
1.841 2.029 2.274 2.216 1.92 1.974 2.276 1.629 1.669 1.62 
1.578 1.64 1.603 1.698 1.827 2.076 2.485 2.258 1.942 2.917 
3.405 3.195 3.123 3.577 4.274 3.553 3.258 3.138 3.462 2.811 
3.123 3.182 3.248 3.086 3.373 3.711 4.555 5.219 6.074 8.056 
8.47 9.068 10.13 10.531 
END
