PFRMAT local QA
AUTHOR LAW-CASP14
af2-standard_T1150_1.pdb local_accuracy_only 10.184 7.943 1.572 1.387 1.66 2.268 1.642 1.83 2.343 2.243 1.836 
2.411 2.661 2.456 2.242 2.531 2.683 2.216 1.891 2.138 1.794 
1.482 1.478 1.401 1.359 1.253 1.257 1.202 1.074 1.115 1.137 
0.988 0.89 0.985 1.005 0.874 0.796 0.753 0.843 0.808 0.747 
0.794 0.86 0.866 0.877 1.18 1.145 0.963 1.133 1.228 1.134 
1.084 1.336 1.341 1.144 1.239 1.542 1.821 1.303 1.373 1.733 
1.36 1.148 1.011 0.839 0.822 0.742 0.738 0.747 0.767 0.765 
0.724 0.762 0.907 0.835 0.781 0.857 1.019 1.163 1.61 1.854 
2.881 2.253 2.027 1.824 1.242 1.27 0.976 0.857 0.707 0.783 
0.817 0.852 0.94 0.873 0.868 0.916 0.866 0.805 1.021 0.802 
0.844 0.771 0.69 0.652 0.656 0.646 0.647 0.658 0.633 0.637 
0.694 0.72 0.715 0.829 1.057 1.003 1.03 1.297 1.341 1.118 
1.601 1.304 1.37 1.077 1.326 1.214 0.876 0.937 1.058 0.858 
0.697 0.741 0.768 0.695 0.674 0.775 0.79 0.798 0.83 1.146 
1.38 1.46 1.719 4.248 4.06 5.922 5.699 5.474 5.723 5.423 
5.113 3.583 3.677 2.299 1.616 2.325 2.403 1.805 1.522 2.778 
2.652 3.552 2.848 2.558 3.07 2.815 3.089 3.106 2.726 2.883 
2.741 2.397 2.057 2.137 2.195 1.911 1.671 1.799 1.66 2.229 
2.088 1.884 1.686 1.616 1.615 1.777 1.37 1.451 1.501 1.42 
1.301 1.628 1.584 1.599 2.102 3.029 5.203 5.604 6.778 6.02 
5.552 3.844 2.693 1.729 1.687 1.729 1.698 1.773 1.69 1.65 
1.127 1.083 1.28 1.457 1.36 1.438 1.465 1.339 1.364 1.452 
1.431 1.711 2.587 3.845 3.899 5.279 5.015 4.052 3.169 2.287 
1.73 1.44 1.418 1.386 1.298 1.545 1.348 1.779 1.488 1.124 
1.247 1.271 1.999 1.752 1.508 2.063 2.455 2.786 3.118 3.785 
3.461 4.337 3.085 1.897 1.413 1.16 1.911 1.798 1.147 1.708 
2.215 1.638 1.777 2.937 4.735 3.804 4.212 3.17 4.606 3.474 
3.869 2.763 2.731 2.303 2.793 2.392 1.421 1.396 1.292 1.403 
1.461 1.545 1.64 1.77 1.401 1.287 1.416 1.016 1.065 1.306 
1.328 1.724 1.738 1.864 3.214 6.194 5.994 1.984 1.198 1.143 
1.013 0.923 0.844 0.766 0.747 0.703 0.682 0.667 0.7 0.706 
0.648 0.698 0.909 0.845 0.766 1.086 1.121 1.164 1.616 2.055 
1.472 1.58 2.136 1.799 1.473 1.515 2.35 1.866 1.798 2.004 
2.439 1.75 1.797 1.358 1.422 1.281 0.961 1.041 1.034 0.883 
0.717 0.803 0.914 0.8 0.741 0.853 0.856 0.77 0.842 0.883 
0.892 0.879 1.025 1.141 1.114 1.157 1.299 1.367 1.358 1.923 
3.602 8.927 12.263 15.0 15.0 15.0 15.0 15.0 15.0 
END
