PFRMAT local QA
AUTHOR MASS-CASP14
af2-standard_T1150_1.pdb local_accuracy_only 5.601 4.144 2.976 2.425 2.846 3.02 2.726 2.664 2.594 3.042 2.477 
2.842 2.8 2.75 2.965 3.951 4.128 4.024 3.712 3.838 3.394 
2.691 2.623 2.597 2.069 1.564 1.649 1.618 1.379 1.172 1.355 
1.253 1.032 1.176 1.297 1.004 1.0 1.01 1.06 0.689 0.975 
1.056 1.171 1.118 1.183 1.162 1.139 1.129 1.295 1.33 1.291 
1.268 1.579 1.784 1.589 1.444 1.807 1.842 1.437 1.541 1.855 
1.588 1.357 1.201 1.031 0.961 0.975 0.903 1.179 1.325 1.071 
1.158 1.126 1.387 1.337 1.122 1.246 1.163 1.236 1.746 2.623 
3.832 3.657 2.828 1.779 1.419 1.143 1.032 0.985 0.97 1.233 
1.249 1.16 1.495 1.499 1.378 1.606 1.49 1.471 1.263 1.269 
1.275 1.185 1.099 1.041 1.152 1.089 1.071 1.044 0.982 0.955 
1.016 0.968 0.92 1.024 1.304 1.586 1.686 1.639 1.375 1.378 
1.527 1.582 1.391 1.507 1.4 1.227 1.108 1.006 1.16 1.126 
0.949 0.979 1.153 1.144 1.097 1.183 1.371 1.323 1.413 1.791 
2.256 2.721 2.95 3.766 4.17 4.947 4.929 5.869 6.25 6.2 
5.522 4.644 5.381 4.329 3.753 4.291 4.681 4.331 4.604 4.458 
4.307 3.958 4.051 3.153 3.077 2.862 2.901 2.466 2.216 2.178 
2.618 2.584 2.521 2.203 2.657 2.384 2.826 2.833 3.276 3.285 
3.013 2.794 2.357 2.283 2.396 2.712 2.107 2.199 2.264 2.253 
2.233 2.425 2.422 2.758 3.045 4.307 5.364 6.195 6.347 5.321 
4.624 3.771 3.372 2.774 2.91 2.491 2.708 2.892 2.799 2.555 
1.945 1.755 1.678 1.384 1.59 1.521 1.918 1.621 1.998 2.541 
2.509 2.505 2.893 3.416 4.014 6.268 8.154 8.344 8.168 8.536 
8.31 9.619 9.156 7.18 6.615 5.278 4.358 3.733 3.977 3.104 
2.839 3.084 2.353 2.219 2.704 3.386 3.249 3.012 3.4 3.776 
4.065 4.863 4.411 4.164 3.68 2.961 2.828 2.356 1.979 2.033 
2.329 2.609 2.408 2.254 2.261 2.104 2.259 2.319 2.248 1.998 
1.838 2.007 2.165 2.469 2.808 1.792 1.484 1.311 1.152 1.162 
1.174 1.161 1.051 1.257 1.448 1.301 1.616 1.501 1.422 1.548 
1.679 2.132 2.664 2.384 3.548 3.622 4.467 3.039 2.404 1.849 
1.741 1.452 1.421 1.287 1.315 1.221 1.165 1.041 1.115 1.142 
1.009 1.082 1.122 1.151 1.187 1.327 1.493 1.502 1.777 2.147 
1.655 1.803 2.022 1.958 1.743 1.775 2.006 2.392 2.371 2.531 
2.906 2.663 2.176 1.867 2.016 1.207 1.017 1.08 1.159 1.059 
1.042 1.011 1.236 1.196 1.254 1.426 1.429 1.198 1.142 1.246 
1.116 1.035 1.274 1.137 1.036 1.288 1.594 1.791 2.02 2.72 
2.62 3.969 6.525 8.148 11.126 13.006 14.861 15.0 15.0 
END
