PFRMAT local QA
AUTHOR MASS-CASP14
af2-standard_T1175_5.pdb local_accuracy_only 9.823 9.465 8.409 8.227 7.793 6.312 5.98 5.979 5.581 4.31 3.551 
2.28 2.031 1.402 1.226 1.124 1.046 1.146 1.238 1.49 1.577 
1.541 1.254 1.211 1.15 1.172 1.239 1.482 1.668 2.294 2.636 
2.765 2.343 1.784 1.537 1.461 1.413 1.508 1.857 2.298 2.566 
2.576 2.661 2.217 1.857 1.843 1.755 1.733 1.718 1.87 2.042 
2.651 3.065 2.717 2.871 3.011 2.971 2.874 3.211 3.046 3.004 
3.393 3.427 4.1 4.936 5.381 4.857 4.277 4.209 3.888 3.436 
4.189 4.363 4.511 4.65 4.505 4.739 4.745 4.865 5.029 6.452 
7.504 8.078 8.399 8.997 9.808 9.583 7.682 5.509 3.362 2.445 
1.506 1.259 1.042 0.839 0.811 0.866 1.14 1.568 1.497 1.284 
1.123 1.148 1.286 1.257 1.394 1.489 1.605 2.104 2.162 2.094 
1.928 1.9 1.63 1.751 2.226 2.599 3.084 3.653 4.104 4.879 
5.24 4.896 6.121 6.839 7.051 6.723 7.029 7.431 6.828 5.66 
4.534 4.476 4.371 4.788 4.049 4.885 6.093 6.991 6.226 4.346 
5.094 5.974 6.18 6.172 4.831 3.833 3.303 2.946 2.84 3.409 
3.631 3.957 3.448 3.639 3.76 3.286 3.84 4.289 3.959 3.74 
3.84 3.537 3.457 2.852 2.637 2.113 1.853 1.555 1.541 1.9 
2.282 2.215 2.031 1.668 1.704 1.826 2.531 3.009 3.543 3.769 
3.451 3.884 3.782 3.943 3.51 3.788 3.927 3.183 3.544 3.471 
3.071 2.806 3.122 2.925 2.707 2.288 2.041 1.94 2.256 2.61 
2.74 3.514 3.87 4.038 4.491 5.11 5.047 4.156 3.529 2.969 
1.944 1.568 1.622 1.68 1.732 2.095 2.166 2.362 2.047 2.086 
1.841 1.988 1.608 1.6 1.477 1.402 1.916 2.006 3.393 4.029 
4.496 4.32 3.663 3.574 3.512 3.495 3.363 3.414 3.841 4.189 
3.601 3.618 3.37 2.789 3.135 3.059 2.667 2.022 2.143 2.653 
2.809 3.525 3.657 3.64 4.191 4.957 7.287 7.874 8.544 10.857 
12.266 15.0 15.0 15.0 15.0 15.0 15.0 15.0 15.0 15.0 
15.0 15.0 15.0 14.142 13.591 9.814 7.719 6.499 6.24 5.066 
4.615 3.81 3.738 3.21 2.925 2.515 2.476 2.638 3.095 3.028 
3.361 4.48 5.72 5.877 5.971 6.591 6.076 4.995 3.562 2.578 
2.035 1.432 1.267 1.273 1.174 1.391 1.474 1.734 1.56 1.75 
2.712 
END
