PFRMAT local QA
AUTHOR LAW-CASP14
af2-standard_T1175_5.pdb local_accuracy_only 7.711 5.386 4.943 3.018 2.266 1.931 3.132 3.535 4.26 3.801 2.875 
1.615 1.632 1.348 1.266 1.242 1.21 1.304 1.33 1.668 1.564 
1.41 1.267 1.123 1.165 1.102 1.27 1.721 2.981 4.283 5.134 
4.379 3.66 1.628 1.462 1.22 1.577 1.931 2.159 2.737 3.217 
2.377 2.653 2.783 1.813 1.806 1.428 1.346 1.364 1.384 1.686 
1.757 2.234 1.828 1.57 1.379 1.329 1.218 1.272 1.381 1.49 
2.332 2.54 4.768 5.985 8.486 9.677 8.67 8.688 9.183 6.503 
6.167 5.436 5.1 4.573 4.898 4.382 3.593 5.379 5.877 6.378 
7.416 7.433 7.94 8.684 9.866 9.091 8.31 5.843 4.232 2.268 
1.488 1.204 1.125 1.022 1.176 1.277 2.749 1.694 1.822 1.379 
1.51 1.328 1.29 1.323 1.416 1.889 1.948 2.419 1.546 1.355 
1.232 1.276 1.388 1.631 2.239 2.509 1.866 2.776 3.093 3.537 
2.68 2.054 2.08 1.893 2.559 2.543 4.402 2.794 1.948 1.625 
1.42 1.525 1.585 1.809 2.702 3.093 3.891 4.043 4.21 2.559 
3.006 2.829 3.025 3.483 2.85 2.475 2.356 2.078 2.384 2.444 
2.952 2.365 1.897 1.503 1.435 1.468 2.315 1.763 2.179 1.806 
1.969 1.891 2.118 2.198 2.359 2.35 2.155 2.388 2.279 2.446 
2.039 2.171 1.818 1.441 1.317 1.447 1.715 2.414 4.334 6.527 
6.089 6.817 4.737 5.628 4.58 4.245 3.741 3.207 2.447 2.676 
2.1 1.881 1.796 1.92 2.064 2.157 2.919 3.283 3.719 3.503 
4.446 9.947 8.65 12.372 12.403 10.986 10.994 8.837 5.511 3.386 
2.017 1.635 1.635 1.5 1.625 1.596 1.786 1.63 1.536 1.468 
1.756 1.808 2.117 2.295 3.747 5.508 6.682 5.222 6.991 4.507 
3.846 3.03 2.749 1.892 2.045 1.82 1.8 1.683 2.283 2.286 
2.114 2.207 3.09 2.845 3.307 4.246 5.768 7.341 9.576 8.476 
9.701 8.967 9.721 8.549 9.162 13.676 14.155 15.0 15.0 15.0 
15.0 15.0 15.0 15.0 15.0 15.0 15.0 15.0 15.0 15.0 
15.0 15.0 15.0 15.0 15.0 15.0 15.0 15.0 15.0 13.627 
14.108 13.991 14.168 12.565 12.692 12.446 10.968 8.852 9.645 9.35 
8.186 11.453 12.559 12.426 12.286 15.0 12.494 13.25 7.076 4.183 
2.065 2.806 3.311 4.621 7.213 7.947 5.845 5.746 5.643 4.824 
3.802 
END
