PFRMAT local QA
AUTHOR LAW-CASP14
af2-standard_T1129s2_3.pdb local_accuracy_only 4.47 4.131 1.15 1.007 1.029 1.059 1.419 1.504 1.932 1.849 1.593 
1.297 0.952 0.806 0.766 0.803 0.933 1.164 3.677 5.436 5.686 
4.814 4.008 2.289 2.077 2.789 1.193 1.931 2.616 1.508 3.338 
2.596 1.596 0.904 0.782 0.722 0.698 0.767 0.983 0.857 1.244 
0.901 0.835 0.877 0.994 1.299 1.231 1.418 1.342 1.703 1.216 
1.813 1.217 1.646 1.685 2.361 3.531 2.716 1.756 3.387 1.274 
1.093 1.036 1.043 1.102 1.089 1.099 1.269 1.338 1.397 1.287 
1.383 1.66 1.461 1.745 1.775 1.758 1.555 1.425 1.086 0.901 
0.754 0.781 0.72 0.691 0.632 0.612 0.654 0.766 0.949 0.963 
0.961 0.848 0.758 0.669 0.624 0.675 0.804 0.8 0.799 0.796 
0.813 0.925 0.958 1.18 1.371 2.022 2.265 2.648 3.398 3.144 
5.804 7.012 6.513 7.553 7.416 5.854 4.245 2.418 2.373 1.995 
1.802 1.56 1.125 0.906 0.863 0.796 0.749 0.692 0.683 0.68 
0.765 0.901 0.752 0.716 0.698 0.752 0.871 0.913 1.266 1.466 
3.189 2.52 2.508 1.921 1.489 1.419 1.32 1.19 1.172 0.908 
0.881 1.093 0.968 0.813 0.806 0.836 0.809 0.858 0.936 1.144 
1.51 1.861 2.174 2.338 3.16 3.812 6.158 5.441 4.157 2.687 
2.758 2.696 2.31 2.255 2.931 2.747 2.408 2.465 3.397 2.419 
2.411 2.795 4.545 5.128 7.251 5.906 8.667 9.019 7.942 7.439 
7.318 6.547 6.036 6.857 5.741 6.192 6.414 4.822 6.035 5.298 
7.884 7.948 8.361 7.404 6.843 9.459 7.541 7.932 6.656 6.487 
6.746 5.584 6.459 4.833 3.351 1.431 1.219 1.061 0.976 0.839 
0.816 0.817 1.082 1.036 1.028 0.8 1.053 0.996 1.19 1.318 
1.523 1.909 5.352 6.693 6.103 4.533 6.858 7.426 8.374 6.963 
6.551 3.867 3.945 2.059 2.259 1.861 1.767 1.965 2.949 3.039 
4.835 5.189 5.934 6.518 5.751 5.945 6.836 9.033 10.382 11.583 
9.686 9.422 7.191 6.464 3.187 4.029 2.682 2.7 2.233 2.068 
1.53 1.314 1.102 1.094 1.275 1.088 3.422 2.942 2.231 1.856 
2.181 2.556 3.162 5.641 5.658 6.968 6.906 3.906 7.403 7.66 
7.153 6.481 3.961 2.929 1.784 1.649 1.431 1.399 1.381 1.424 
2.544 2.787 3.45 2.967 1.599 1.171 0.853 0.985 0.925 0.807 
0.912 0.963 0.934 0.9 0.825 0.847 0.83 0.922 1.007 1.288 
1.426 1.343 1.277 1.152 1.167 1.104 1.342 2.216 2.715 2.749 
1.508 2.564 1.593 1.614 1.291 1.152 1.306 1.329 1.438 1.536 
2.001 1.513 1.395 1.365 1.214 1.501 1.548 1.607 1.675 1.654 
2.346 2.457 2.213 2.184 1.473 1.29 1.091 0.931 1.097 0.963 
1.769 2.973 3.014 4.385 3.802 3.952 2.999 3.624 2.637 1.769 
1.54 1.41 1.41 1.153 1.187 0.864 0.994 0.804 0.788 0.888 
0.828 1.181 1.714 1.99 1.466 2.058 1.566 2.349 1.554 1.463 
1.136 1.228 1.641 1.781 2.651 4.421 4.274 1.263 9.221 5.566 
7.677 4.647 6.173 3.877 6.106 6.187 9.126 8.449 7.16 5.062 
3.946 5.315 3.019 3.244 2.569 1.611 1.008 1.133 0.871 0.98 
0.89 1.003 1.009 1.048 1.356 1.777 3.061 3.221 3.741 2.763 
2.426 1.556 1.661 2.415 3.733 4.704 5.427 6.105 3.372 2.219 
1.278 1.461 1.681 2.631 2.333 1.833 1.292 1.115 1.021 1.212 
1.227 1.562 1.353 1.03 0.853 0.855 1.292 1.582 3.659 4.313 
4.202 2.222 1.875 1.172 1.23 1.262 1.576 4.923 6.15 8.8 
7.738 10.202 8.503 9.506 9.693 8.654 2.053 2.11 1.221 1.116 
1.031 1.049 1.178 1.126 2.194 2.177 2.46 2.059 2.458 3.334 
2.918 2.877 2.024 0.914 0.708 0.647 0.69 0.708 0.829 0.919 
1.029 1.341 1.661 1.741 2.147 1.986 1.629 1.862 2.832 2.68 
3.223 3.267 3.123 1.952 1.73 1.693 2.64 2.453 3.343 5.025 
9.073 9.52 11.834 10.447 10.108 10.228 10.615 9.497 7.345 4.096 
4.31 2.868 2.487 2.614 2.685 5.396 5.99 5.924 5.888 3.8 
2.665 1.691 1.422 1.108 0.847 0.805 0.753 0.767 0.769 0.769 
1.141 1.218 1.204 1.029 0.86 0.744 0.811 0.865 0.884 0.878 
0.898 0.964 1.112 1.256 1.54 2.114 7.353 8.566 9.858 9.046 
15.0 15.0 15.0 15.0 15.0 15.0 15.0 9.226 13.583 9.752 
8.564 4.408 4.072 6.494 12.954 15.0 15.0 15.0 15.0 11.631 
8.09 6.418 2.491 1.727 1.281 1.157 1.003 0.896 0.939 0.835 
0.829 0.732 0.813 0.894 1.122 1.827 1.561 1.433 1.397 0.905 
0.901 0.814 0.901 0.904 0.959 1.045 1.099 1.154 1.221 2.095 
1.823 3.784 3.003 2.35 2.157 1.806 2.223 1.691 1.635 1.303 
1.03 0.928 0.808 0.813 0.727 0.863 0.905 0.72 0.864 
END
