PFRMAT local QA
AUTHOR MASS-CASP14
af2-standard_T1129s2_3.pdb local_accuracy_only 3.464 2.033 1.59 1.433 1.457 1.613 2.292 2.512 3.071 3.083 2.032 
1.471 1.14 1.086 1.006 0.963 1.142 1.524 2.062 2.986 3.634 
4.418 4.743 4.905 5.335 4.336 3.47 2.764 3.314 3.203 2.419 
2.168 1.904 1.401 1.098 1.146 1.245 1.18 1.483 1.306 1.213 
1.163 1.125 1.068 1.175 1.304 1.572 1.533 1.747 1.903 2.092 
2.18 2.058 2.191 2.59 3.398 4.202 4.74 4.26 4.253 3.297 
1.932 1.467 1.207 1.352 1.681 1.757 2.351 2.346 2.176 1.721 
1.784 1.916 1.6 1.913 2.073 2.363 1.991 2.205 1.743 1.386 
1.24 1.266 1.151 1.115 1.107 1.087 1.082 1.065 1.685 2.061 
2.047 2.055 2.453 2.596 2.761 3.291 3.828 4.135 4.998 5.533 
6.999 7.717 9.445 11.449 11.81 12.635 13.505 12.575 13.747 15.0 
15.0 15.0 15.0 15.0 15.0 15.0 14.246 14.582 11.073 10.787 
10.213 9.214 6.701 5.768 4.606 4.679 4.012 3.219 3.647 3.018 
3.112 2.201 2.15 1.485 1.433 1.441 1.644 2.074 2.704 4.493 
6.816 6.621 7.103 6.929 5.205 3.432 2.956 2.429 1.977 1.863 
2.299 2.416 2.42 2.277 2.514 2.37 2.406 2.825 2.72 3.063 
3.373 3.908 4.736 5.535 5.775 5.917 5.977 6.201 5.023 3.982 
3.393 3.157 2.785 2.321 2.775 3.19 3.352 3.149 3.533 3.195 
2.8 3.782 3.75 4.702 5.106 6.64 8.08 10.001 10.94 12.282 
10.934 10.178 9.724 10.192 10.714 10.546 8.882 6.288 6.584 7.129 
6.72 7.998 9.23 10.65 9.104 8.78 10.335 12.281 13.657 14.725 
11.947 9.974 8.114 6.099 3.787 2.559 2.026 1.532 1.188 1.141 
1.085 1.202 1.371 1.356 1.33 1.368 1.449 1.292 1.281 1.261 
1.457 1.923 2.348 3.209 3.434 4.337 4.627 4.498 4.589 3.883 
3.539 2.871 2.611 2.022 2.428 2.224 2.582 3.043 3.78 4.117 
4.518 5.142 4.767 4.773 5.578 6.085 6.177 6.137 8.187 8.598 
8.96 9.805 8.724 7.44 5.634 4.114 3.13 2.032 1.8 1.552 
1.356 1.449 1.318 1.326 1.636 1.701 2.216 2.156 2.49 2.349 
2.49 2.256 2.719 3.462 3.39 4.044 3.81 4.631 4.786 5.65 
5.818 6.835 7.047 5.914 3.961 3.192 2.574 2.084 2.053 2.295 
2.242 2.321 2.272 2.276 1.812 1.942 1.993 1.896 1.543 1.302 
1.388 1.182 1.159 1.249 1.183 1.226 1.3 1.454 1.546 1.95 
2.414 1.926 1.864 1.375 1.394 1.342 1.809 2.374 2.593 2.231 
1.998 1.969 2.086 1.973 1.617 1.288 1.201 1.295 1.561 1.919 
2.109 2.152 1.719 1.593 1.447 1.753 2.034 1.939 2.242 2.19 
3.143 3.573 3.451 3.128 2.509 2.199 1.759 1.658 1.723 1.672 
1.762 2.243 2.451 3.093 2.99 2.953 2.83 2.728 2.78 2.507 
2.457 1.909 1.393 1.457 1.447 1.357 1.4 1.526 1.658 1.601 
1.778 2.231 3.232 3.286 4.077 4.636 6.0 6.062 5.396 4.771 
4.214 3.32 2.762 2.275 2.313 2.418 2.15 2.686 2.739 2.298 
2.831 2.642 2.908 2.624 2.754 2.491 1.901 1.468 1.685 2.013 
1.935 1.971 1.862 2.011 1.858 1.387 1.259 1.352 1.221 1.17 
1.259 1.266 1.357 1.638 1.818 1.875 2.415 3.02 2.951 2.622 
2.139 1.668 1.619 1.643 1.847 2.567 3.205 3.257 2.702 2.296 
1.683 2.058 2.227 2.716 2.579 2.11 1.756 1.381 1.361 1.53 
1.663 1.611 1.265 1.275 1.233 1.103 1.221 1.226 1.34 1.832 
2.464 2.534 2.153 2.232 1.993 1.782 1.858 2.284 2.68 2.509 
2.357 2.159 2.125 2.548 2.881 2.769 1.9 1.746 1.442 1.372 
1.295 1.473 1.574 1.769 1.774 1.952 2.191 2.188 2.833 3.006 
3.611 3.255 2.633 2.059 1.676 1.435 1.344 1.272 1.326 1.316 
1.425 1.545 1.72 2.084 2.55 2.519 2.134 2.342 2.211 2.047 
1.965 1.809 1.444 1.698 1.425 1.472 1.416 1.582 1.762 1.839 
2.178 2.539 3.397 4.201 4.451 4.151 4.261 4.254 4.086 3.188 
2.76 2.029 1.977 1.761 1.795 2.088 2.69 3.596 3.883 3.606 
3.156 2.206 1.764 1.539 1.362 1.244 1.125 1.157 1.313 1.436 
1.758 1.99 2.267 1.857 1.454 1.41 1.368 1.203 1.125 1.093 
1.087 1.373 1.371 1.577 1.909 2.04 2.659 3.396 3.884 5.599 
7.04 7.948 7.802 7.509 7.45 5.825 5.343 5.272 4.964 4.924 
4.426 4.78 4.485 5.396 6.956 6.893 7.573 7.317 10.217 10.226 
8.929 6.89 5.026 3.524 3.04 2.414 1.67 1.44 1.156 1.028 
0.899 0.831 0.879 1.184 1.193 1.382 1.446 1.346 1.213 1.071 
0.985 0.961 0.982 1.082 1.195 1.435 1.692 1.926 2.031 2.499 
2.055 2.33 2.081 1.814 1.622 1.293 1.3 1.252 1.33 1.193 
0.955 1.018 0.896 0.994 0.912 0.985 1.025 1.069 1.662 
END
