PFRMAT local QA
AUTHOR LAW-CASP14
af2-standard_T1163_1.pdb local_accuracy_only 15.0 15.0 15.0 15.0 15.0 15.0 13.193 4.175 3.213 3.322 2.509 
2.529 1.576 1.808 1.177 1.207 1.515 1.076 0.956 1.177 1.238 
1.059 1.107 1.217 1.463 1.432 1.389 1.476 1.534 1.311 1.092 
1.118 1.253 1.763 3.145 3.536 3.311 2.161 1.551 2.422 1.422 
3.185 2.828 6.204 6.279 10.482 9.455 7.824 5.184 3.06 2.81 
1.893 1.71 1.687 1.495 1.228 0.994 1.043 1.09 1.061 0.986 
1.116 1.19 1.351 1.289 1.081 1.172 2.628 3.768 5.007 5.121 
4.774 4.025 2.032 1.314 1.151 1.009 0.942 0.911 0.813 0.745 
0.863 0.936 1.608 1.907 2.812 1.97 1.179 0.915 0.801 0.847 
0.824 0.737 0.781 0.83 0.809 0.83 0.839 1.014 1.061 1.082 
1.334 1.291 1.472 1.812 1.969 2.052 1.784 1.872 1.98 1.95 
2.837 4.048 4.955 4.157 4.017 2.783 2.914 3.481 2.369 2.076 
1.496 1.621 1.309 1.261 1.136 1.307 1.127 0.947 1.198 1.326 
1.649 1.843 2.246 1.608 1.289 1.111 0.946 1.114 0.914 0.958 
1.033 0.995 1.299 1.25 2.045 2.074 5.823 7.571 7.947 9.553 
9.216 8.258 6.913 4.125 2.799 1.648 1.184 1.061 0.89 0.739 
0.767 0.808 0.919 1.004 1.094 1.187 1.197 1.254 1.357 1.841 
2.066 2.136 1.889 1.931 1.578 1.69 1.863 1.95 2.23 1.797 
1.744 1.819 1.703 1.679 1.818 1.899 1.744 1.846 2.333 2.712 

END
