PFRMAT local QA
AUTHOR MASS-CASP14
af2-standard_T1163_1.pdb local_accuracy_only 11.014 11.469 10.425 10.101 10.958 10.253 9.526 8.893 8.842 7.275 6.169 
4.83 3.823 2.518 1.958 1.756 1.664 1.608 1.256 1.475 1.331 
1.024 0.993 1.195 1.359 1.186 1.258 1.022 1.403 1.505 1.267 
1.557 1.822 2.561 3.536 4.71 5.66 6.067 6.22 7.766 6.783 
6.801 7.136 6.918 7.029 8.294 8.167 4.879 3.872 3.441 3.687 
3.184 2.797 2.417 2.74 2.347 1.976 1.718 2.139 2.405 2.568 
3.188 4.298 5.762 6.576 6.18 8.109 9.427 8.383 9.551 8.078 
6.295 3.704 2.491 1.666 1.492 1.242 1.121 1.057 1.015 1.15 
1.484 1.927 2.899 3.813 3.448 2.93 2.007 1.469 1.203 1.241 
1.238 1.042 1.075 1.231 1.219 1.144 1.332 1.53 1.529 1.403 
1.624 1.629 1.654 1.823 1.762 1.565 1.338 1.536 1.67 1.847 
2.478 3.36 4.824 4.396 4.497 4.603 4.929 5.816 6.355 5.998 
5.012 3.914 3.973 3.085 2.553 2.118 2.091 1.711 1.493 1.588 
1.991 2.066 2.36 1.962 1.496 1.135 1.047 0.927 1.039 0.961 
0.974 0.905 1.057 1.178 1.58 2.411 2.625 4.228 5.202 7.776 
9.725 9.321 8.968 5.542 4.615 3.375 2.32 1.857 1.589 1.311 
1.224 1.252 1.218 1.537 1.586 2.041 2.262 2.315 2.361 3.129 
3.335 2.452 1.959 2.02 1.8 1.498 1.668 1.659 1.554 1.259 
0.908 1.246 1.217 1.189 1.245 1.547 1.731 1.688 2.187 3.185 

END
