PFRMAT local QA
AUTHOR LAW-CASP14
af2-standard_T1158v2_3.pdb local_accuracy_only 15.0 15.0 15.0 15.0 11.585 10.542 7.085 3.088 1.346 1.609 1.381 
3.364 5.847 6.266 9.192 8.276 9.055 8.088 6.209 7.196 2.605 
1.437 1.059 0.897 1.09 1.597 0.832 1.074 1.196 1.168 0.974 
1.459 1.409 1.251 1.383 2.057 1.604 1.391 1.031 1.069 0.996 
1.179 1.091 0.821 1.012 0.999 0.824 1.269 1.189 1.198 0.955 
0.914 0.716 0.795 1.025 0.742 0.69 0.843 0.962 0.832 0.877 
1.121 1.197 1.194 1.441 1.704 1.88 2.204 2.553 2.807 3.13 
3.613 4.699 4.838 5.591 4.294 3.95 2.516 1.893 1.329 1.672 
1.734 1.385 1.336 1.718 1.722 1.421 1.953 2.329 2.896 3.129 
2.289 4.08 4.479 2.509 4.034 5.605 2.934 2.793 3.775 3.149 
2.342 2.057 2.076 1.942 1.413 1.186 1.389 1.458 1.1 1.307 
1.417 1.13 1.004 1.241 1.19 0.896 0.952 1.129 0.869 0.884 
1.091 1.244 2.501 3.307 4.736 3.727 3.825 3.471 2.681 2.623 
2.682 2.67 2.089 2.188 2.227 1.831 1.716 2.358 2.205 1.897 
1.724 2.181 1.85 1.553 1.518 1.67 1.455 0.936 1.029 1.175 
1.1 0.718 0.872 1.0 0.773 0.613 0.739 0.743 0.663 0.577 
0.663 0.659 0.569 0.589 0.556 0.569 0.528 0.562 0.525 0.489 
0.516 0.518 0.522 0.465 0.542 0.549 0.506 0.531 0.582 0.626 
0.739 0.857 1.15 0.95 1.077 1.443 1.661 1.399 1.48 1.053 
1.288 1.224 0.93 0.911 1.09 1.007 0.79 0.985 1.016 0.994 
0.757 0.862 0.879 0.714 0.737 0.838 0.879 0.802 0.843 1.139 
1.046 1.453 1.482 1.565 1.541 1.809 1.601 1.44 1.222 1.22 
1.028 0.907 0.86 0.792 0.759 0.783 0.82 0.762 0.825 0.947 
0.961 0.809 0.862 0.809 0.83 0.752 0.82 0.841 0.926 0.88 
1.068 1.093 1.272 1.349 1.577 1.769 1.863 1.73 2.173 1.774 
1.618 1.403 1.447 1.193 1.133 1.024 0.976 0.992 0.981 0.844 
0.901 0.941 0.918 0.784 0.855 0.854 0.779 0.771 0.823 0.755 
0.73 0.721 0.772 0.748 0.689 0.791 0.839 0.74 0.763 0.875 
0.872 0.737 0.786 0.777 0.718 0.72 0.653 0.644 0.729 0.784 
0.848 0.982 0.955 0.872 0.88 0.886 0.795 0.737 0.796 0.795 
0.737 0.714 0.754 0.735 0.684 0.65 0.712 0.748 0.728 0.737 
0.802 0.842 0.927 0.965 1.056 1.113 1.166 1.299 1.388 1.445 
1.471 1.562 1.718 1.732 1.495 1.35 1.276 1.754 1.385 1.045 
1.036 1.278 1.031 0.981 1.039 1.4 1.003 0.998 1.162 1.271 
1.17 1.286 1.296 1.377 1.211 1.246 0.97 0.956 0.939 1.033 
0.948 0.999 0.866 1.009 0.993 0.894 0.95 1.11 1.139 1.123 
1.603 1.718 1.857 2.104 2.468 2.804 2.187 2.311 2.975 2.587 
1.662 2.375 2.073 1.283 1.327 1.561 1.225 1.015 1.334 1.362 
1.067 1.165 1.299 1.145 0.91 1.101 1.021 0.855 0.779 0.945 
0.831 0.845 0.799 0.971 2.163 7.861 8.352 10.216 10.601 7.138 
10.83 9.45 6.577 7.98 5.135 3.494 1.343 1.141 1.101 1.168 
1.245 1.399 1.469 1.336 1.37 1.215 1.383 1.215 1.683 2.201 
3.441 2.487 2.843 2.045 1.443 1.372 1.308 1.387 1.542 1.323 
1.304 1.135 1.119 0.869 0.968 0.883 0.888 0.873 0.775 0.77 
0.755 0.68 0.817 1.249 1.796 6.075 2.712 1.683 1.313 0.893 
0.845 1.005 0.928 0.761 0.875 0.943 0.949 0.805 1.149 0.837 
0.983 1.091 1.257 1.359 1.463 1.674 1.489 1.306 1.387 1.293 
1.555 1.063 0.833 0.668 0.714 0.757 0.798 1.197 1.253 1.737 
1.265 0.892 0.792 0.71 0.877 0.795 0.812 0.806 0.841 0.923 
0.827 0.888 1.067 1.099 1.43 1.338 1.963 1.892 2.265 1.948 
1.693 1.33 1.277 1.179 1.109 0.968 0.99 0.991 0.984 0.922 
1.021 0.971 1.07 1.155 1.082 1.081 1.293 1.363 1.113 1.281 
1.004 1.134 0.865 0.888 0.928 0.899 0.892 1.039 1.109 1.308 
1.111 1.074 1.239 1.277 1.969 1.768 1.77 1.236 1.089 1.228 
1.052 0.903 0.944 0.937 0.943 0.983 0.815 0.887 0.928 0.903 
0.81 0.703 0.672 0.561 0.579 0.594 0.725 0.77 0.901 1.093 
1.092 1.7 1.672 1.428 1.509 1.347 1.334 1.176 1.129 1.149 
1.077 0.939 0.966 1.107 0.999 1.003 0.937 1.057 1.232 1.054 
0.907 1.04 0.91 0.7 0.682 0.646 0.545 0.638 0.682 0.962 
1.456 2.363 2.307 2.849 2.305 2.0 2.376 2.092 1.373 1.157 
1.012 0.976 0.962 1.051 1.184 1.544 1.766 1.48 1.572 1.595 
1.527 1.323 1.345 1.451 1.642 1.954 6.387 5.69 7.283 10.572 
10.364 11.899 14.098 14.176 14.95 15.0 15.0 15.0 15.0 15.0 
15.0 15.0 15.0 15.0 15.0 15.0 15.0 15.0 15.0 15.0 
15.0 15.0 15.0 15.0 15.0 15.0 15.0 15.0 15.0 15.0 
15.0 15.0 15.0 15.0 15.0 15.0 15.0 15.0 15.0 12.466 
11.435 10.016 12.761 13.156 15.0 15.0 15.0 15.0 15.0 15.0 
15.0 15.0 15.0 15.0 15.0 15.0 15.0 15.0 15.0 14.557 
11.99 9.718 7.57 7.139 6.831 9.642 10.252 12.757 11.595 10.674 
10.497 8.725 5.27 5.39 3.109 2.448 1.787 1.464 1.337 1.199 
1.181 1.08 0.837 0.945 1.105 0.812 0.87 1.268 2.197 2.899 
4.388 3.575 3.316 5.126 5.072 3.484 4.726 4.989 3.324 3.205 
2.963 3.522 2.547 1.808 2.847 3.068 2.564 2.575 3.501 3.089 
2.777 2.807 2.727 2.242 1.799 2.317 2.814 1.692 4.951 5.015 
6.735 9.392 10.493 11.52 11.605 13.269 14.974 15.0 15.0 15.0 
15.0 15.0 15.0 15.0 15.0 15.0 15.0 13.024 14.182 13.419 
11.94 10.426 8.459 7.093 8.557 7.252 5.688 5.91 4.395 4.522 
2.638 4.825 4.917 2.998 2.548 2.825 2.546 1.97 1.688 2.296 
2.109 1.395 1.224 1.304 1.073 0.914 0.875 0.857 0.779 0.708 
0.726 0.707 0.67 0.629 0.637 0.638 0.594 0.621 0.629 0.634 
0.626 0.681 0.742 0.641 0.622 0.744 0.768 0.806 0.776 1.022 
0.904 0.919 1.135 1.123 1.01 1.011 0.875 0.876 0.89 0.809 
0.729 0.764 0.819 0.716 0.749 0.769 0.806 0.767 0.824 0.863 
0.829 0.803 0.874 0.869 0.859 0.81 0.788 0.77 0.677 0.726 
0.655 0.647 0.606 0.758 0.619 0.616 0.771 0.782 0.676 0.789 
1.027 0.862 0.898 1.056 1.064 1.127 1.396 1.303 1.031 1.615 
1.755 4.898 3.59 5.816 6.871 5.888 5.538 5.73 3.941 2.285 
2.161 1.869 1.464 1.164 1.286 1.165 0.915 0.934 1.007 0.902 
0.753 0.868 0.94 0.859 0.735 0.822 0.8 0.629 0.745 0.805 
0.748 0.724 0.913 0.902 0.737 0.793 0.857 0.761 0.63 0.676 
0.694 0.589 0.562 0.672 0.64 0.599 0.56 0.686 0.597 0.564 
0.617 0.687 0.62 0.676 0.672 0.671 0.805 0.81 0.815 1.045 
1.045 0.894 0.832 0.933 0.851 0.592 0.692 0.684 0.642 0.605 
0.616 0.605 0.572 0.545 0.595 0.558 0.525 0.485 0.525 0.554 
0.521 0.553 0.574 0.57 0.562 0.608 0.599 0.614 0.639 0.627 
0.663 0.74 0.754 0.864 0.797 0.948 1.048 1.258 1.159 1.411 
1.754 1.419 1.628 1.848 1.823 1.454 1.598 1.579 1.314 1.119 
1.259 1.097 0.96 0.849 0.842 0.99 0.936 0.848 0.903 1.073 
0.916 1.041 1.033 0.98 0.942 0.996 0.945 0.806 0.83 0.827 
0.73 0.688 0.772 0.734 0.643 0.788 0.918 0.774 0.966 1.348 
1.303 1.087 2.051 2.272 1.44 1.727 2.55 1.595 1.193 1.835 
1.302 0.936 0.998 1.239 0.926 0.856 1.215 1.168 1.137 1.127 
1.029 1.288 1.313 1.215 1.875 4.386 6.738 5.576 3.754 2.267 
2.34 1.935 1.46 1.08 0.783 0.81 0.728 0.647 0.648 0.651 
0.689 0.749 0.799 0.992 0.903 1.177 1.112 1.596 1.6 3.829 
6.909 6.625 4.886 3.082 1.71 1.393 1.136 1.173 1.197 1.003 
0.916 0.771 0.755 0.618 0.677 0.662 0.67 0.562 0.54 0.54 
0.618 0.589 0.694 0.962 1.589 2.441 1.629 1.184 0.977 0.809 
0.901 1.05 0.843 0.735 0.775 0.812 0.726 0.662 0.78 0.764 
0.937 0.913 0.964 0.979 0.968 0.838 0.768 0.747 0.761 0.773 
0.895 0.982 1.087 1.063 2.298 2.249 2.672 2.644 1.012 0.843 
1.106 0.781 0.653 0.651 0.678 0.611 0.646 0.594 0.676 0.825 
1.049 1.588 1.366 1.391 1.372 1.115 1.219 1.692 1.795 2.137 
1.581 1.543 1.497 1.262 1.416 1.118 1.47 1.719 2.036 1.571 
1.735 1.367 1.332 1.254 1.182 1.157 1.134 1.066 1.065 1.148 
1.15 1.112 1.225 1.271 1.271 1.584 1.956 1.714 2.027 2.48 
2.784 3.084 2.615 2.44 2.334 2.62 2.377 2.325 1.669 1.737 
1.291 1.347 1.583 2.316 3.545 2.83 3.135 2.652 2.129 1.519 
1.439 1.139 1.102 1.049 0.906 0.925 0.979 0.979 0.795 0.984 
0.99 0.91 0.921 0.75 0.694 0.544 0.558 0.512 0.567 0.659 
0.85 1.035 1.472 1.717 2.383 2.486 2.614 2.889 2.338 2.067 
1.793 1.712 1.403 1.184 1.254 1.254 1.153 1.134 1.161 1.186 
1.177 0.821 1.046 0.872 0.632 0.576 0.48 0.502 0.56 0.592 
0.816 1.232 1.649 1.46 1.803 1.459 0.891 1.435 1.644 0.835 
0.743 0.673 0.71 0.696 0.777 0.814 0.927 1.05 1.017 1.027 
0.923 0.913 0.944 0.867 0.91 1.067 1.219 2.337 1.632 1.521 
2.293 2.671 3.039 4.065 4.026 2.67 2.414 2.36 3.421 4.289 
4.201 3.969 5.515 6.126 7.414 10.078 10.808 10.142 9.017 8.458 
9.943 9.609 4.77 5.76 8.18 5.201 3.818 7.35 9.224 6.59 
5.077 9.398 9.468 9.52 10.373 12.621 13.428 15.0 15.0 15.0 
15.0 15.0 15.0 15.0 15.0 15.0 15.0 15.0 15.0 15.0 
15.0 15.0 15.0 15.0 15.0 15.0 15.0 15.0 15.0 15.0 
15.0 15.0 15.0 15.0 15.0 15.0 15.0 15.0 15.0 15.0 
15.0 15.0 15.0 15.0 15.0 15.0 15.0 15.0 15.0 
END
