PFRMAT local QA
AUTHOR MASS-CASP14
af2-standard_T1158v2_3.pdb local_accuracy_only 12.152 11.613 9.331 6.91 5.715 5.628 3.721 2.612 1.896 1.912 1.64 
1.973 1.938 2.972 3.368 4.33 4.465 4.543 4.756 4.377 4.006 
3.54 3.512 3.165 3.053 2.69 2.672 2.898 3.002 2.53 2.534 
2.801 3.31 3.682 4.842 4.605 4.908 4.532 4.007 4.594 4.873 
4.633 3.779 3.356 3.264 3.415 3.335 3.421 5.136 5.286 5.888 
4.326 3.398 3.1 2.303 1.762 1.667 1.867 1.993 1.811 2.159 
2.469 2.468 2.259 2.578 2.863 3.119 2.835 3.111 3.426 3.589 
4.168 4.353 5.322 5.174 4.783 4.561 3.814 2.998 2.564 2.614 
2.378 2.592 2.298 2.602 3.094 3.076 3.572 4.507 5.279 5.209 
4.337 5.19 4.386 4.867 4.945 5.208 4.649 4.801 4.858 4.8 
4.433 4.005 3.015 2.609 2.55 2.254 1.744 1.59 1.618 1.418 
1.256 1.382 1.444 1.679 1.449 1.447 1.829 1.909 2.024 2.3 
2.73 2.726 3.36 3.41 3.821 3.419 3.282 3.133 2.796 2.553 
2.926 2.843 2.565 2.867 2.799 2.648 2.707 2.935 2.989 2.535 
2.571 2.667 2.521 2.48 2.455 2.532 2.577 2.466 2.342 2.189 
2.347 2.458 2.027 2.233 2.272 2.195 1.913 1.685 1.605 1.497 
1.522 1.325 1.422 1.389 1.313 1.287 1.232 1.261 1.093 1.089 
1.171 1.297 1.099 1.226 1.535 1.397 1.271 1.292 1.228 1.181 
1.265 1.655 1.901 2.271 2.462 4.092 4.654 4.993 5.443 5.462 
5.093 3.588 2.707 3.103 2.879 2.335 2.205 2.324 2.888 2.41 
2.129 2.551 2.681 2.323 3.11 3.12 2.948 3.413 3.351 4.111 
4.323 3.865 3.727 3.685 3.737 3.646 3.277 3.153 2.794 2.381 
2.493 2.603 2.315 2.44 2.369 2.813 2.661 2.361 2.457 3.126 
3.091 3.134 3.518 4.317 3.857 4.352 4.273 5.474 4.627 5.242 
4.965 5.096 5.151 5.665 5.631 6.32 6.154 6.322 5.842 5.75 
4.938 4.648 3.89 3.998 3.396 3.336 3.226 3.654 3.7 3.06 
3.16 4.861 4.564 4.326 4.23 4.612 3.796 3.825 3.281 2.725 
2.558 2.138 2.226 2.636 2.306 2.566 2.447 2.219 2.071 2.524 
2.606 1.997 2.26 2.078 2.111 2.287 2.411 2.891 3.13 2.928 
2.832 2.72 2.068 1.83 2.062 2.182 2.348 1.995 2.73 3.174 
2.694 2.455 2.505 2.622 2.414 1.864 1.952 2.516 2.218 1.795 
2.077 2.588 2.523 2.441 2.133 2.504 3.165 3.08 2.819 2.937 
3.18 3.116 3.636 3.798 3.375 3.561 3.745 3.679 3.502 3.491 
4.023 4.317 4.331 4.075 3.919 4.039 3.688 4.022 4.398 4.317 
3.999 3.193 3.32 3.145 2.648 2.661 2.62 2.308 2.075 1.779 
1.92 1.919 1.959 2.18 1.922 1.93 2.332 2.785 3.26 2.72 
2.685 2.758 3.001 2.925 3.467 3.736 3.622 3.534 4.038 3.411 
2.84 2.829 2.784 2.653 2.3 2.333 2.601 2.241 2.621 2.274 
2.267 2.376 2.28 2.202 1.778 1.971 1.996 1.805 1.773 1.822 
2.007 2.235 2.373 2.609 3.476 4.529 5.059 5.155 5.976 7.527 
8.472 8.441 8.136 8.913 6.979 4.754 3.243 2.174 1.601 1.268 
1.416 1.544 1.601 1.558 1.818 1.873 2.538 3.02 3.823 4.715 
4.878 4.132 4.619 3.821 3.097 2.499 2.232 2.296 2.06 2.026 
1.75 1.568 1.426 1.3 1.387 1.702 1.599 1.449 1.261 1.127 
1.106 1.057 1.025 1.246 1.614 1.909 2.198 2.126 2.109 1.94 
2.166 2.069 1.758 1.594 1.664 1.816 1.837 1.592 1.848 1.949 
1.901 2.213 2.525 2.567 2.536 2.228 1.918 1.628 1.483 1.563 
1.492 1.508 1.37 1.357 1.379 1.577 1.851 2.394 3.083 3.354 
2.81 2.419 2.109 1.919 1.692 1.374 1.24 1.09 1.227 1.338 
1.452 1.499 1.632 1.828 2.275 3.023 3.371 3.209 3.242 3.278 
3.232 2.412 2.357 2.385 2.217 2.01 1.742 1.966 2.352 2.094 
2.471 2.62 3.268 3.589 3.382 2.862 2.926 3.068 2.926 3.261 
2.958 2.604 2.344 2.009 1.871 1.743 1.706 1.987 2.362 2.576 
2.342 1.969 2.089 1.85 1.785 2.086 2.221 2.254 2.012 2.087 
2.096 1.823 1.787 1.878 2.021 1.995 2.088 2.021 1.921 2.371 
2.019 1.804 1.431 1.129 1.03 1.059 1.138 1.4 1.482 1.801 
1.838 2.29 2.839 2.446 2.392 2.646 2.507 1.997 2.019 2.282 
1.927 1.808 1.79 2.182 2.116 2.139 2.252 2.29 2.523 2.429 
2.055 2.184 2.291 1.914 1.619 1.552 1.507 1.516 1.746 2.231 
2.721 2.849 3.059 2.969 2.817 2.587 2.643 2.8 2.214 2.015 
1.627 1.498 1.375 1.315 1.402 1.793 1.904 1.691 1.821 1.652 
1.707 1.65 1.832 1.623 1.704 1.881 2.648 2.764 2.577 2.656 
3.0 2.713 2.828 2.64 2.12 2.128 2.19 2.17 2.309 2.336 
3.311 4.706 6.325 6.476 7.661 8.044 7.581 9.043 8.365 7.705 
9.841 10.913 10.904 10.407 11.17 11.746 10.915 11.377 15.0 13.955 
13.758 12.808 15.0 13.519 15.0 10.676 10.734 7.698 8.053 6.633 
7.765 7.996 11.525 13.039 13.094 11.048 10.678 13.851 15.0 15.0 
15.0 15.0 15.0 15.0 15.0 15.0 15.0 15.0 15.0 15.0 
15.0 15.0 9.714 8.856 10.418 9.693 10.853 11.937 12.397 12.088 
11.357 8.952 6.88 5.662 3.428 2.898 2.823 2.253 1.862 1.761 
2.179 2.327 2.392 2.997 3.486 4.374 6.284 6.896 7.122 8.064 
8.536 7.961 6.578 7.076 7.076 7.261 6.239 6.163 5.749 4.785 
4.312 3.961 3.783 3.142 2.525 2.155 2.381 2.004 2.028 2.195 
2.238 2.3 2.078 2.373 2.218 2.599 1.996 2.394 2.661 3.654 
3.928 4.673 5.69 6.248 7.753 10.602 13.855 15.0 15.0 15.0 
15.0 15.0 15.0 9.61 6.379 4.964 4.052 3.405 2.615 3.032 
2.473 2.432 1.897 2.369 2.342 2.424 2.378 2.594 2.922 2.574 
2.748 2.833 3.002 3.095 2.789 2.74 3.297 3.809 3.696 3.427 
3.409 3.388 3.565 3.611 3.297 3.467 3.705 3.04 2.7 3.085 
2.71 2.244 1.86 1.921 1.585 1.357 1.313 1.648 1.64 1.461 
1.429 1.691 1.624 1.546 1.688 1.99 2.451 2.394 2.281 2.246 
2.312 2.194 2.114 2.277 2.591 2.257 1.861 2.13 1.92 1.576 
1.607 1.84 1.826 1.862 1.666 1.946 1.915 1.536 1.948 1.944 
1.649 2.044 2.127 1.857 1.698 1.855 1.816 1.573 1.457 1.771 
1.775 1.604 1.755 1.676 1.661 1.612 1.766 1.851 1.885 1.793 
2.341 2.272 2.465 2.697 2.954 2.94 2.994 3.068 3.227 3.142 
4.027 4.163 4.18 4.781 5.06 5.303 5.153 5.09 4.773 3.897 
4.72 4.25 3.783 4.291 4.835 4.456 3.599 4.036 3.828 3.605 
3.167 3.081 3.16 2.558 2.369 2.416 2.345 1.854 2.042 2.417 
2.516 3.082 4.252 4.638 4.688 4.826 6.173 4.704 3.11 2.607 
2.666 2.369 2.106 2.094 2.609 2.73 2.37 2.5 2.925 2.71 
3.156 2.744 2.43 2.501 2.729 2.742 2.733 2.253 2.425 2.622 
2.265 1.952 2.219 2.393 2.149 2.089 2.688 2.547 2.654 2.65 
2.527 2.169 2.126 2.271 2.61 2.654 2.815 3.05 3.085 3.113 
3.033 3.057 2.801 2.942 2.634 2.468 2.2 2.503 2.363 2.035 
1.961 1.949 1.878 1.979 2.011 2.235 2.401 2.402 2.42 2.372 
2.557 2.492 2.251 2.24 2.364 2.382 2.341 2.619 2.863 3.063 
2.955 2.472 2.209 2.105 2.169 2.647 2.426 2.037 2.399 2.326 
2.584 2.21 2.105 2.24 2.136 1.984 2.282 2.125 2.238 2.587 
2.063 1.994 2.021 2.084 1.994 1.891 2.305 2.447 2.565 2.79 
2.692 2.212 2.618 3.033 2.932 2.987 3.002 3.674 3.453 3.849 
3.613 3.278 3.178 3.213 3.293 3.78 4.133 3.69 3.966 3.195 
3.264 3.224 3.141 2.945 2.916 3.246 3.555 3.58 3.296 2.885 
2.758 3.023 2.716 2.475 2.331 2.505 2.131 1.845 1.512 1.246 
1.213 1.199 1.46 1.533 1.708 1.578 1.789 2.177 2.96 3.029 
3.936 4.116 4.622 4.427 3.653 3.491 2.988 2.868 2.501 2.399 
2.356 2.355 2.494 2.223 2.392 3.138 3.078 2.658 2.1 2.191 
2.028 2.191 1.975 2.103 2.293 2.828 2.739 2.508 2.289 2.031 
1.987 1.785 1.578 1.336 1.502 1.828 1.773 1.654 1.544 1.627 
1.817 1.894 1.699 1.695 1.687 1.522 1.218 1.319 1.292 1.509 
2.079 2.094 2.039 2.44 3.189 4.248 3.189 2.856 2.388 2.611 
2.393 2.241 2.093 2.019 1.802 1.542 1.395 1.396 1.326 1.775 
2.294 2.955 2.88 2.539 2.295 2.448 2.414 2.247 1.995 1.682 
1.497 1.641 1.263 1.03 1.198 1.495 1.802 2.166 2.69 2.53 
2.508 2.314 2.489 2.209 1.717 1.864 1.97 2.108 1.899 2.094 
2.234 2.173 2.239 2.331 2.649 3.082 3.278 2.738 3.027 3.714 
4.104 4.248 4.29 4.644 4.337 4.642 4.841 5.018 3.748 4.388 
4.531 4.655 4.017 3.899 3.618 2.772 2.276 2.255 2.34 2.113 
1.96 2.164 2.067 1.932 1.993 2.139 2.213 2.332 2.605 2.343 
2.466 2.996 3.162 2.588 2.293 1.804 1.429 1.512 1.592 1.839 
2.008 2.283 2.658 2.811 3.102 2.568 2.422 2.862 3.062 2.864 
2.484 2.788 2.228 2.006 2.029 2.252 2.295 1.804 2.36 3.136 
3.028 2.868 3.266 3.313 2.511 2.021 1.87 1.682 1.624 1.585 
2.022 2.142 2.197 2.073 2.009 2.1 1.822 1.907 2.074 2.006 
1.769 1.333 1.2 1.201 1.229 1.364 1.827 1.879 1.519 1.499 
1.37 1.448 1.288 1.357 1.591 1.623 1.688 1.848 2.193 1.925 
2.334 3.144 3.299 3.907 3.818 3.08 2.978 2.906 3.018 3.527 
3.638 3.534 4.282 5.303 4.92 5.738 5.813 6.262 4.588 4.413 
4.83 4.413 3.576 3.89 4.14 4.013 3.546 3.79 4.258 4.455 
4.141 5.085 5.414 6.37 6.27 7.33 8.711 8.427 10.637 11.096 
12.747 14.857 15.0 15.0 15.0 15.0 15.0 15.0 15.0 15.0 
15.0 15.0 15.0 15.0 15.0 15.0 15.0 15.0 15.0 15.0 
15.0 15.0 15.0 15.0 14.886 15.0 13.878 11.283 11.513 11.733 
12.105 15.0 15.0 15.0 15.0 15.0 15.0 15.0 15.0 
END
