PFRMAT local QA
AUTHOR MASS-CASP14
af2-standard_T1187_3.pdb local_accuracy_only 6.735 4.648 3.036 2.181 1.605 1.17 1.175 1.218 1.263 1.557 1.492 
1.299 1.267 1.194 1.329 1.512 1.576 1.879 1.672 2.1 1.954 
1.874 1.724 1.911 2.028 2.191 2.707 3.618 4.97 6.504 7.878 
7.22 7.748 7.549 8.199 8.822 8.699 7.817 6.929 5.681 4.791 
3.293 2.545 1.951 1.49 1.56 1.69 1.752 1.59 1.812 2.408 
2.791 3.161 2.74 3.012 2.583 2.036 1.518 1.277 1.056 1.097 
1.075 1.073 1.079 1.101 1.132 1.523 2.102 3.357 4.466 5.102 
5.558 6.17 6.815 6.772 6.766 6.521 6.182 5.095 4.778 4.522 
3.625 3.797 3.248 3.727 4.064 4.479 4.915 5.745 6.947 7.897 
7.727 8.659 6.669 5.633 4.465 3.315 2.676 2.412 2.261 2.478 
2.879 3.599 3.99 4.108 4.601 4.683 5.599 5.742 4.969 4.306 
3.637 2.784 2.429 2.049 1.843 1.803 1.936 2.477 2.143 1.803 
1.098 0.01 0.0 0.0 0.0 0.0 0.0 1.045 1.088 1.406 
1.608 1.901 2.172 2.549 2.586 1.894 1.742 0.67 0.0 0.0 
0.0 0.002 0.979 1.189 1.428 1.777 2.869 3.779 4.374 4.375 
4.162 4.326 3.695 2.902 2.436 2.49 1.945 1.943 1.589 1.319 
1.204 1.183 1.481 1.817 2.56 
END
