PFRMAT local QA
AUTHOR LAW-CASP14
af2-standard_T1187_3.pdb local_accuracy_only 9.635 8.772 6.977 1.558 1.234 1.065 1.059 1.243 1.212 1.499 1.209 
1.098 1.106 1.135 1.297 1.744 1.86 2.204 2.341 2.52 3.051 
2.625 2.689 3.094 3.277 3.657 5.039 5.237 6.662 6.939 6.991 
5.205 4.83 2.17 4.037 3.126 4.831 3.861 4.865 3.971 4.185 
3.472 2.091 1.343 1.055 1.057 1.066 1.119 1.193 1.346 1.296 
1.623 1.516 1.338 1.511 1.264 1.159 1.009 0.925 0.859 0.861 
0.837 0.829 0.874 0.949 1.065 1.192 1.85 2.256 2.937 3.214 
2.935 4.14 4.452 3.764 3.621 2.493 1.748 2.001 1.403 2.107 
1.607 1.964 2.1 2.219 2.971 3.654 5.021 7.981 9.046 9.994 
8.324 7.2 5.221 4.005 2.695 1.643 1.591 1.228 1.473 1.52 
2.44 1.888 4.588 5.925 7.787 8.563 8.821 7.375 6.16 3.251 
1.641 1.265 1.419 1.33 1.28 1.426 1.421 1.678 1.576 1.475 
1.241 1.133 1.006 0.967 0.873 0.942 0.948 0.9 0.898 0.922 
1.011 1.163 1.377 1.399 1.585 1.371 1.47 1.229 1.195 1.161 
1.024 1.018 1.009 1.104 1.533 2.185 3.456 3.567 3.764 3.679 
3.448 2.748 2.695 1.879 1.467 1.417 1.125 1.29 1.002 0.922 
0.919 0.925 1.066 1.153 0.921 
END
