PFRMAT local QA
AUTHOR MASS-CASP14
af2-standard_T1191_4.pdb local_accuracy_only 15.0 15.0 15.0 15.0 15.0 15.0 15.0 15.0 15.0 15.0 15.0 
15.0 15.0 15.0 15.0 15.0 15.0 15.0 12.877 8.048 5.575 
4.064 4.099 3.852 3.745 3.391 2.301 1.849 1.791 1.684 1.845 
1.858 1.783 1.727 1.794 1.933 2.081 2.435 2.57 3.379 4.452 
6.97 7.887 8.406 7.638 5.97 3.63 2.874 2.027 1.613 1.446 
1.358 1.274 1.117 1.069 1.057 1.016 0.949 0.978 1.115 1.409 
1.469 1.697 1.447 1.223 1.152 1.179 1.226 1.357 1.374 1.396 
1.721 1.652 2.054 2.319 2.951 3.858 4.741 4.951 5.752 6.68 
6.84 7.895 9.758 7.88 6.761 6.278 6.244 5.588 4.971 5.118 
5.641 6.558 5.772 4.869 5.208 4.32 4.229 3.367 3.041 2.877 
2.949 2.943 3.459 2.611 2.176 1.686 1.562 1.428 1.416 1.487 
1.773 1.897 1.728 1.714 1.518 1.766 1.652 1.329 1.279 1.282 
1.507 1.69 1.668 1.236 1.22 1.23 1.28 1.307 1.212 1.129 
1.194 1.034 1.159 1.206 1.281 1.237 1.505 1.686 1.656 1.528 
1.506 1.865 2.272 3.036 3.453 4.21 4.455 5.648 6.694 7.78 
9.121 11.073 10.577 12.179 12.715 13.651 12.835 15.0 15.0 15.0 
12.905 10.405 6.924 4.442 2.793 1.768 1.885 1.898 1.737 1.896 
1.824 1.898 1.86 1.953 2.131 2.207 2.463 2.961 3.412 2.953 
3.181 3.063 2.793 2.992 2.961 2.686 3.422 4.309 6.535 6.756 
5.629 7.463 7.926 7.176 8.538 7.486 6.571 5.778 6.86 6.994 
7.749 8.748 8.113 8.947 11.994 15.0 11.257 7.201 4.758 4.393 
3.538 2.93 2.486 2.108 2.319 2.788 2.744 3.014 5.369 5.756 
6.524 8.548 8.932 8.446 7.76 7.783 6.381 6.96 5.517 5.816 
6.021 7.522 7.512 6.85 5.946 4.86 5.297 4.502 5.303 6.266 
6.287 6.859 7.441 8.436 10.521 9.339 5.446 4.405 4.824 4.665 
4.916 4.94 5.554 5.275 5.139 5.812 5.004 4.871 5.669 6.415 
6.176 6.662 6.064 4.898 3.976 4.328 4.186 5.158 5.432 5.793 
7.285 7.967 9.421 8.014 7.818 7.402 5.316 4.826 4.397 5.966 
6.178 7.448 6.954 7.031 5.567 4.496 2.679 1.823 1.241 1.082 
1.026 0.988 1.014 1.059 1.006 0.98 1.062 1.273 1.312 1.748 
2.123 3.051 3.828 4.601 6.354 6.601 7.348 6.246 6.452 6.295 
6.597 6.766 6.377 5.55 6.055 6.322 6.681 7.545 7.214 7.519 
7.263 5.801 7.203 6.642 7.672 8.489 8.126 9.248 10.595 11.496 
9.263 7.82 7.827 7.578 6.552 5.916 5.979 5.765 6.254 8.243 
7.508 9.229 8.653 10.112 8.782 9.491 9.114 9.099 9.883 12.681 
14.444 15.0 15.0 14.876 14.756 15.0 15.0 15.0 15.0 15.0 
15.0 15.0 15.0 15.0 15.0 15.0 15.0 13.905 14.009 13.811 
13.774 12.292 11.581 11.189 10.512 10.099 9.253 9.512 9.589 8.096 
7.56 7.034 5.473 4.186 2.812 2.572 2.348 2.607 2.907 3.096 
3.499 3.356 3.894 3.882 3.549 3.404 3.553 4.289 5.022 3.576 
4.146 4.85 4.822 4.098 4.676 6.899 7.312 7.775 7.737 9.15 
9.268 8.337 11.398 12.5 11.207 10.685 7.899 4.935 3.181 2.168 
2.016 1.631 1.728 1.547 1.602 1.714 1.665 1.723 1.798 1.897 
2.004 2.244 2.209 2.623 2.187 3.449 4.73 6.429 7.293 7.789 
8.323 8.982 9.455 9.042 7.033 4.303 3.223 2.881 2.164 1.761 
1.808 1.812 1.591 1.32 1.497 1.472 1.274 1.379 1.638 1.659 
1.596 1.728 1.856 1.637 1.438 1.862 1.667 1.392 1.617 1.898 
1.999 1.985 2.095 2.653 3.459 4.384 5.525 7.263 6.827 9.104 
10.564 12.695 11.314 11.425 9.829 7.568 5.416 4.773 3.47 3.472 
2.337 2.002 1.852 1.831 1.695 1.248 1.355 1.28 1.199 1.055 
1.22 1.307 1.23 1.296 1.348 1.894 1.949 1.456 1.237 1.545 
1.415 1.253 1.325 1.494 1.53 1.561 1.906 2.365 2.78 3.026 
2.608 2.276 2.262 2.154 1.681 1.391 1.532 1.651 1.432 1.213 
1.374 1.628 1.657 1.9 1.928 1.828 1.753 1.835 2.235 1.963 
1.82 2.029 2.068 1.834 1.56 1.925 1.854 1.589 1.46 1.751 
1.48 1.442 1.664 1.746 2.174 2.073 2.019 2.482 2.564 2.546 
2.612 2.173 1.55 1.665 1.507 1.351 1.302 1.177 1.099 1.141 
1.059 1.101 1.18 1.242 1.146 1.484 2.04 2.52 2.7 2.911 
3.485 4.214 5.99 6.691 7.044 8.602 8.049 7.518 7.393 6.086 
4.698 4.249 3.226 2.94 3.011 3.032 2.793 3.541 3.535 4.195 
4.42 4.239 3.6 2.685 2.336 2.388 2.754 2.353 1.674 1.769 
2.221 2.012 1.844 1.94 2.062 1.896 1.585 1.886 2.227 2.284 
2.516 2.802 3.067 2.886 2.356 2.553 2.394 2.046 1.741 1.943 
1.938 1.577 1.466 1.563 1.462 1.248 1.431 1.549 1.445 1.817 
1.957 2.037 1.808 1.387 1.678 1.674 1.691 1.523 1.725 1.71 
1.437 1.747 2.185 2.54 2.356 2.079 2.021 1.895 1.589 1.624 
1.353 1.204 1.099 1.116 1.127 1.048 1.066 1.269 1.279 1.5 
1.746 1.593 1.483 2.045 2.72 2.964 2.528 2.406 2.513 2.125 
1.64 1.595 1.644 1.431 1.295 1.344 1.373 1.309 1.33 1.483 
1.768 2.188 2.316 1.888 1.615 1.491 1.388 1.237 1.128 1.171 
1.176 1.144 1.158 1.286 1.333 1.387 1.383 1.538 1.719 1.849 
1.757 1.552 1.565 1.649 1.465 1.252 1.45 1.446 1.294 1.319 
1.478 1.366 1.556 1.752 2.084 1.565 1.641 1.48 1.567 1.184 
1.084 1.242 1.379 1.167 1.041 1.146 1.256 1.21 1.157 1.253 
1.208 1.199 1.278 1.55 1.634 1.787 1.946 2.134 1.782 1.507 
1.673 1.599 1.37 1.413 1.464 1.345 1.303 1.376 1.493 1.29 
1.411 1.671 1.476 1.36 1.77 2.388 2.673 2.754 2.553 3.426 
4.046 4.45 4.255 4.218 4.875 4.745 4.502 3.533 3.628 3.21 
3.222 3.329 3.483 4.847 5.573 4.912 5.267 4.368 4.858 5.022 
5.346 4.761 4.461 4.488 4.581 4.29 5.022 5.144 6.761 8.035 
7.952 8.534 9.354 7.157 7.066 5.63 6.075 5.778 6.271 6.425 
7.359 6.644 6.774 6.062 6.305 4.977 5.914 5.654 5.154 6.051 
6.98 7.769 8.539 8.413 8.74 7.442 7.095 6.335 6.126 6.155 
6.302 5.155 4.87 5.953 6.031 6.309 6.514 7.821 8.183 8.558 
9.646 10.475 12.344 13.372 13.852 11.511 12.884 11.186 8.979 6.345 
4.442 3.035 2.417 2.235 2.281 2.051 1.913 2.069 2.431 2.381 
2.028 2.394 2.474 3.13 4.103 4.984 5.838 5.128 6.689 6.746 
6.17 7.11 5.184 5.721 4.405 4.929 4.478 4.806 5.16 5.436 
4.585 3.715 2.774 1.982 1.793 1.988 1.778 1.725 1.964 2.129 
2.659 2.647 2.261 3.11 3.248 3.203 3.326 3.112 3.051 3.164 
3.169 3.36 3.577 4.166 4.294 4.516 4.15 4.714 5.145 5.049 
5.684 5.869 6.507 6.867 7.859 7.993 7.199 7.966 8.814 9.338 
11.248 10.954 7.424 7.276 6.759 5.572 4.442 4.548 4.206 4.93 
5.022 4.805 4.514 5.497 4.199 5.6 5.563 6.293 6.205 6.103 
6.899 7.897 8.288 10.603 12.595 13.933 11.701 12.838 12.676 14.074 
11.533 12.594 10.089 10.152 7.874 8.995 7.939 7.896 5.651 3.669 
2.859 2.638 2.096 1.847 1.915 2.125 2.098 2.29 2.806 2.828 
3.113 3.06 3.288 3.077 3.692 3.707 3.295 2.841 3.203 2.67 
2.666 2.939 3.282 4.647 5.801 5.981 7.389 6.832 6.616 5.396 
5.276 5.34 5.295 5.012 6.02 6.021 5.312 5.602 6.37 5.362 
6.309 6.273 5.711 5.244 5.766 5.645 5.579 5.707 5.559 5.804 
5.859 7.33 7.352 8.484 7.596 7.839 6.741 6.709 6.042 5.44 
5.338 4.57 5.416 5.867 6.53 6.324 6.362 6.188 6.813 5.134 
3.429 2.292 1.905 1.642 1.465 1.461 1.253 1.391 1.54 1.458 
1.639 1.799 1.926 2.652 2.819 3.311 4.297 4.394 4.232 5.422 
5.213 5.32 5.51 6.557 7.168 7.218 6.908 5.47 5.553 5.521 
5.932 5.584 6.172 6.969 7.58 7.003 7.027 7.315 7.474 7.39 
6.051 6.538 6.779 5.367 5.128 4.521 2.886 2.256 1.838 1.666 
1.439 1.469 1.698 1.858 2.492 3.351 3.553 4.418 5.193 5.096 
4.978 4.698 5.381 4.887 5.037 4.9 5.227 5.331 5.328 5.321 
6.24 5.641 4.956 4.903 4.531 4.108 3.837 3.595 4.039 4.094 
4.24 3.564 2.87 2.352 1.945 1.757 1.416 1.453 1.359 1.327 
1.292 1.499 1.638 1.868 2.833 3.987 4.619 6.606 6.91 6.348 
4.943 5.099 4.008 3.872 3.99 4.221 4.585 5.237 5.914 6.541 
8.627 8.58 9.827 11.471 12.414 13.439 13.775 14.156 11.953 11.755 
9.538 7.3 6.217 5.805 5.276 4.623 4.373 4.415 3.732 3.536 
3.729 3.615 4.762 5.635 6.23 6.395 6.683 6.797 6.838 6.431 
5.345 4.243 4.126 3.943 3.533 3.338 3.351 3.554 3.422 3.577 
3.934 4.162 5.082 5.261 6.081 5.467 3.786 2.959 2.055 1.805 
1.69 1.832 1.767 1.703 1.77 1.661 1.783 2.09 2.987 4.088 
5.13 5.695 5.11 4.605 3.879 4.035 3.629 4.209 3.6 4.044 
3.649 3.468 3.936 4.182 5.262 6.855 9.297 9.316 8.936 8.514 
7.138 6.037 5.826 5.556 5.611 5.63 5.576 5.81 5.999 6.343 
6.753 7.866 8.209 10.177 10.386 9.82 8.46 6.722 6.764 7.267 
7.516 8.232 8.595 8.857 9.398 9.692 10.653 10.523 10.948 12.271 
12.418 11.7 9.835 9.206 9.621 9.201 10.821 12.014 12.099 13.904 
15.0 15.0 12.397 8.22 5.962 4.159 3.307 2.672 2.336 2.217 
1.944 1.661 1.785 2.167 2.398 3.844 3.723 4.427 5.001 6.571 
6.542 5.727 3.827 3.242 3.175 2.931 2.873 2.949 2.555 2.463 
2.813 3.177 3.864 3.789 3.79 3.34 3.717 4.898 5.845 5.795 
6.685 8.309 8.65 7.782 7.619 7.0 6.746 6.922 5.884 6.201 
6.063 7.191 6.701 9.38 9.495 8.522 6.562 6.19 5.76 5.089 
5.342 4.777 4.277 4.4 3.872 3.992 3.68 3.714 3.671 4.083 
4.136 4.066 4.05 4.065 3.571 3.815 3.036 3.175 2.45 2.655 
2.345 2.563 3.09 3.005 3.258 3.224 2.524 2.343 3.072 3.09 
3.184 3.405 3.563 3.374 3.248 3.262 3.118 3.189 3.914 4.38 
3.994 4.746 5.258 4.085 3.697 3.001 3.697 3.573 3.787 4.91 
5.474 4.824 5.254 5.398 4.953 4.68 4.011 2.918 2.12 1.668 
1.555 1.401 1.373 1.212 1.257 1.249 1.368 1.597 2.429 2.472 
2.469 2.566 2.101 2.06 1.989 1.869 1.827 1.775 2.014 2.214 
3.018 3.735 3.543 3.112 3.151 2.895 3.106 3.267 3.369 3.44 
3.755 4.092 5.24 6.967 8.567 9.977 9.649 9.539 10.887 12.023 
13.404 10.024 11.699 11.862 12.938 13.737 15.0 15.0 15.0 12.233 
12.28 10.198 11.178 10.497 9.002 6.346 7.234 8.03 6.664 4.692 
3.06 2.035 1.703 1.602 1.775 1.738 2.092 1.662 1.18 1.151 
1.136 1.2 1.191 1.219 1.545 1.668 1.704 1.432 1.666 1.595 
2.053 1.786 2.294 2.741 2.565 2.302 2.725 2.658 2.312 2.271 
2.398 2.806 3.115 3.973 4.767 6.317 6.934 8.263 9.243 11.263 
10.778 12.39 10.02 9.109 7.412 7.503 6.598 6.204 8.797 9.202 
7.377 5.289 4.936 5.269 4.521 3.958 4.192 3.873 3.994 3.971 
5.37 5.085 4.263 3.062 2.563 1.857 1.482 1.455 1.349 1.25 
1.391 1.766 2.212 1.95 1.652 1.663 1.586 1.467 1.798 2.504 
2.987 4.336 4.069 3.425 2.272 1.724 1.4 1.137 1.19 1.443 
2.171 2.224 2.406 2.562 2.554 3.266 3.653 3.477 4.088 4.404 
4.077 3.169 3.192 2.785 2.947 2.529 3.317 3.729 3.781 3.004 
2.305 1.724 1.63 1.443 1.215 1.213 1.644 1.853 2.482 2.244 
1.862 1.412 1.283 1.109 0.922 1.141 1.341 1.597 1.962 1.913 
1.521 1.265 1.058 0.237 0.26 0.585 1.203 1.795 2.094 1.937 
1.607 1.77 1.755 2.25 2.903 3.311 4.445 4.573 4.483 5.313 
5.191 3.927 2.344 2.012 1.754 1.438 1.28 1.498 1.931 1.902 
2.299 2.605 2.998 3.585 4.009 4.025 3.756 2.959 3.094 3.802 
4.245 4.776 4.573 3.897 3.432 3.375 3.367 2.494 2.112 2.389 
1.94 1.762 1.605 1.676 1.476 1.424 1.546 1.675 2.318 2.978 
4.282 5.545 5.937 6.076 5.724 4.866 4.508 4.139 3.83 3.985 
4.096 4.371 5.326 5.515 7.127 7.749 9.506 9.462 9.04 8.399 
9.637 9.277 8.833 7.32 5.902 5.384 4.994 4.496 4.219 3.412 
2.783 3.226 4.31 4.582 4.036 4.065 5.018 4.716 6.291 7.689 
9.551 12.377 13.544 13.932 15.0 15.0 15.0 15.0 15.0 10.806 
10.323 6.911 5.345 3.149 2.403 1.709 1.531 1.512 1.559 1.563 
1.607 1.656 1.727 1.723 2.114 2.386 2.783 2.369 1.671 1.316 
1.094 1.119 1.23 1.354 1.707 1.504 1.288 1.367 1.376 1.362 
1.841 2.991 3.107 3.01 3.548 4.018 3.878 3.607 2.663 2.437 
2.642 2.169 1.784 1.762 1.436 1.249 1.391 1.507 2.034 2.748 
3.076 3.452 3.558 3.011 2.462 2.741 2.475 2.178 2.065 2.138 
2.082 1.797 2.059 2.942 2.993 2.767 3.007 2.92 3.324 3.093 
3.738 4.368 4.207 3.901 3.019 2.601 1.95 1.756 1.713 1.6 
1.561 1.679 1.574 1.629 1.776 1.571 1.467 1.833 2.867 
END
