PFRMAT local QA
AUTHOR LAW-CASP14
af2-standard_T1191_4.pdb local_accuracy_only 15.0 15.0 15.0 15.0 15.0 15.0 15.0 15.0 15.0 15.0 15.0 
15.0 15.0 15.0 15.0 15.0 15.0 15.0 9.284 7.839 5.643 
4.451 2.027 1.602 1.469 1.317 1.079 0.921 0.896 0.86 0.916 
0.885 0.945 0.903 0.904 0.843 0.884 0.86 1.067 1.284 1.74 
2.454 2.275 2.434 2.533 1.975 1.3 1.078 0.989 1.051 1.026 
1.043 0.979 0.974 0.913 0.863 0.833 0.845 0.992 1.213 1.272 
1.388 2.051 1.381 1.122 0.964 0.959 0.849 0.937 1.007 1.155 
1.151 1.257 1.273 1.328 1.575 1.359 1.225 1.626 1.753 2.712 
2.12 2.937 2.388 2.319 1.688 2.427 2.473 3.709 5.379 6.808 
7.147 7.662 6.474 3.246 2.662 2.011 1.836 1.852 1.541 2.26 
1.512 2.014 1.321 1.123 1.041 0.871 0.919 0.877 1.014 1.111 
1.203 1.738 1.243 1.132 1.067 1.113 1.095 0.976 1.001 0.953 
1.165 1.286 1.175 0.91 0.839 0.97 0.725 0.643 0.668 0.644 
0.632 0.64 0.715 0.728 0.783 0.845 0.961 1.004 1.071 1.075 
1.277 1.562 2.027 2.539 1.892 2.092 1.371 1.613 1.64 3.949 
5.186 6.022 5.116 4.021 2.742 2.516 2.449 3.132 3.282 3.362 
3.056 2.093 1.922 1.625 1.559 1.484 1.204 1.097 1.06 0.866 
0.959 0.822 0.796 0.889 0.901 0.937 0.888 0.993 0.963 1.078 
1.066 1.182 1.307 1.484 1.616 1.858 2.118 2.503 2.854 2.499 
2.246 2.703 2.697 2.113 2.192 1.889 1.572 1.756 1.747 1.823 
2.886 3.007 2.696 3.142 3.448 4.303 3.701 2.778 1.752 1.355 
1.313 1.119 1.116 1.075 1.171 1.176 1.122 1.415 1.327 1.101 
1.039 0.98 0.911 1.029 0.972 1.179 1.136 1.357 1.45 1.864 
1.85 2.754 2.26 3.258 2.387 2.362 1.723 1.799 1.381 1.221 
1.589 1.558 1.571 1.693 1.796 2.113 1.7 1.801 1.764 1.677 
1.527 1.445 1.318 1.245 1.27 1.157 1.243 1.316 1.84 2.984 
3.456 2.816 3.304 3.529 1.937 1.863 1.195 1.197 1.216 1.112 
1.218 1.222 1.241 1.145 1.33 1.313 1.418 1.249 1.737 1.242 
1.382 1.496 1.648 1.58 1.753 1.643 1.314 1.027 1.01 0.817 
0.909 0.846 0.912 0.913 0.998 0.943 1.084 1.055 1.077 1.042 
1.243 1.493 2.561 2.398 4.458 3.061 2.425 1.419 1.747 1.918 
1.352 1.8 1.481 1.504 1.403 1.409 1.451 1.523 1.424 1.178 
1.098 0.887 1.478 2.423 3.11 3.512 2.194 3.316 5.015 5.395 
5.961 4.624 4.977 3.278 3.689 2.549 3.325 3.603 4.574 7.774 
8.697 12.057 12.603 15.0 15.0 15.0 15.0 15.0 15.0 15.0 
15.0 15.0 15.0 15.0 15.0 15.0 15.0 15.0 15.0 15.0 
15.0 15.0 15.0 15.0 15.0 15.0 15.0 15.0 15.0 15.0 
15.0 15.0 15.0 15.0 15.0 15.0 15.0 15.0 15.0 15.0 
13.672 11.819 10.872 4.694 4.249 6.479 4.924 4.495 3.338 2.297 
2.476 1.613 1.969 2.004 2.2 2.009 2.888 1.509 1.882 1.174 
1.248 1.299 1.566 1.679 1.529 1.339 1.651 1.247 1.53 1.971 
2.137 2.086 3.176 2.992 3.446 4.053 3.878 2.755 2.377 1.618 
1.449 1.765 1.738 1.355 1.476 1.604 1.402 1.267 1.52 1.586 
1.463 1.552 1.8 2.254 1.874 2.237 2.764 2.968 3.737 3.831 
3.788 6.193 6.946 5.976 5.059 3.463 2.609 2.359 1.86 1.371 
1.59 1.495 1.204 1.084 1.244 1.215 1.038 1.133 1.508 1.126 
1.432 1.19 1.277 1.198 1.121 1.29 1.422 1.424 1.543 1.653 
1.895 1.533 1.914 2.114 3.583 6.002 9.317 6.766 12.326 13.003 
12.784 12.276 8.551 5.325 3.52 3.012 2.388 1.996 1.741 1.765 
1.475 1.352 1.311 1.369 1.231 1.124 1.132 1.314 1.091 0.965 
1.021 1.167 1.002 1.053 1.169 1.626 1.185 0.966 0.982 1.05 
0.995 0.925 1.03 1.082 1.209 1.306 1.345 1.339 1.769 1.817 
1.967 2.21 2.118 1.675 1.672 1.499 1.34 1.305 1.133 1.135 
1.224 1.215 1.125 1.148 1.439 1.279 1.168 1.357 1.564 1.339 
1.605 1.581 1.581 1.402 1.222 1.396 1.391 1.242 1.337 1.503 
1.431 1.447 1.99 1.919 2.967 2.4 1.94 2.344 2.893 2.356 
2.163 1.79 1.559 1.52 1.419 1.267 1.185 1.129 1.11 1.072 
1.058 1.012 1.112 1.021 1.057 1.106 1.276 1.402 1.443 1.412 
1.596 2.762 3.367 4.189 2.35 7.221 7.659 7.732 7.219 7.748 
6.65 2.554 6.392 6.338 8.05 8.562 3.527 2.217 6.736 7.766 
7.081 4.137 2.743 2.179 1.906 1.922 1.856 1.754 1.528 1.405 
1.503 1.438 1.185 1.393 1.354 1.32 1.247 1.462 1.567 1.662 
1.861 2.162 2.199 2.586 2.118 1.947 1.713 1.515 1.348 1.3 
1.351 1.153 1.097 1.164 1.056 1.047 1.149 1.115 1.124 1.241 
1.471 1.495 1.636 1.342 1.462 1.691 1.59 1.34 1.459 1.558 
1.47 1.343 1.616 1.686 1.684 1.702 1.976 1.514 1.433 1.264 
1.353 1.176 1.167 1.174 1.179 1.15 1.237 1.361 1.176 1.239 
1.46 1.331 1.332 1.61 1.647 1.548 1.554 1.526 1.586 1.449 
1.392 1.445 1.345 1.311 1.268 1.25 1.206 1.169 1.124 1.082 
1.092 1.161 1.353 1.214 1.222 1.042 1.122 1.161 1.059 1.191 
1.323 1.363 1.336 1.782 1.558 1.619 1.862 2.059 1.713 1.97 
1.795 1.873 1.712 1.835 1.786 1.445 1.58 1.633 1.461 1.402 
1.58 1.553 1.381 1.57 1.654 1.411 1.54 1.105 1.304 1.137 
1.027 1.025 1.163 1.203 1.165 1.157 1.208 1.406 1.223 1.275 
1.351 1.254 1.197 1.394 1.336 1.421 1.633 1.53 1.54 1.333 
1.418 1.378 1.357 1.267 1.385 1.354 1.248 1.313 1.521 1.407 
1.459 1.71 1.623 1.582 1.818 3.777 4.608 5.74 3.604 4.022 
3.887 2.949 2.494 2.314 3.408 3.681 3.63 2.408 2.944 2.714 
3.332 2.754 2.866 3.098 2.915 2.194 2.237 2.302 2.173 2.465 
2.231 2.308 2.176 2.266 2.422 1.923 1.567 2.02 2.123 1.612 
1.653 2.374 2.424 2.486 2.198 1.993 2.294 2.307 2.402 2.292 
2.476 2.655 2.802 2.661 2.201 1.929 1.836 1.976 2.003 2.547 
2.98 3.703 3.284 2.798 2.498 2.223 2.222 2.179 2.028 1.916 
2.126 2.272 2.371 3.751 4.098 3.408 5.033 5.992 4.341 6.198 
6.896 7.694 9.854 9.135 9.734 9.414 11.725 7.608 5.744 5.22 
2.679 2.06 1.486 1.271 1.492 1.543 1.265 1.421 1.438 1.515 
1.226 1.588 1.714 2.068 2.958 5.789 6.772 5.15 4.018 2.758 
2.314 1.866 1.926 1.917 1.905 1.83 2.01 2.303 2.754 3.398 
2.395 1.78 1.58 1.733 1.607 1.613 1.549 1.58 1.598 1.758 
1.666 1.707 1.69 1.954 2.019 2.167 2.193 2.681 2.858 3.08 
3.455 3.754 3.797 4.257 4.503 4.923 5.75 6.704 6.288 6.296 
5.631 3.76 3.994 2.785 2.828 2.328 2.469 2.036 2.753 2.974 
2.603 2.012 1.691 1.178 1.039 0.937 0.882 0.828 0.799 0.831 
0.756 0.701 0.731 0.831 0.755 0.868 0.862 1.143 1.395 1.82 
2.334 2.304 2.497 2.334 2.544 2.776 3.315 3.488 4.063 5.812 
5.967 7.68 7.727 7.924 7.585 7.105 6.278 6.626 5.497 5.946 
6.842 7.479 7.498 7.472 7.151 6.643 4.477 3.327 2.674 2.514 
2.263 2.202 2.077 1.866 1.602 1.275 1.095 0.976 0.849 0.775 
0.765 0.88 0.961 1.047 1.268 1.3 1.137 1.102 0.997 0.901 
0.934 0.955 1.015 1.194 1.307 1.55 1.739 1.889 2.003 2.16 
2.414 3.31 4.845 7.09 8.103 8.036 8.042 6.441 5.477 4.748 
4.274 4.372 4.381 4.01 3.425 3.635 3.939 4.148 4.786 5.777 
7.81 10.393 10.109 8.512 10.515 10.726 7.701 8.616 4.003 3.207 
2.29 1.936 1.796 1.665 1.597 1.567 1.582 1.631 1.411 1.382 
1.183 1.23 1.163 1.266 1.268 1.411 1.8 1.805 2.063 2.933 
3.103 3.288 4.312 3.856 3.512 3.993 3.089 2.787 2.612 2.233 
2.394 3.257 3.497 4.049 3.953 3.583 3.616 2.764 2.74 2.882 
3.199 3.899 5.235 5.794 6.013 4.686 4.002 3.138 2.644 2.184 
2.105 2.004 2.321 2.874 3.319 4.455 5.38 7.757 10.833 10.717 
10.095 14.293 14.752 15.0 14.667 15.0 14.693 14.13 13.587 14.52 
14.474 13.915 13.678 13.091 12.835 13.663 13.574 13.664 11.159 8.392 
5.828 2.662 1.944 2.073 2.107 1.782 1.673 1.686 1.735 1.843 
2.293 2.838 4.172 7.071 10.534 12.021 11.739 12.433 13.832 11.394 
9.137 5.774 3.884 3.515 3.176 2.672 2.741 2.368 2.197 2.275 
2.305 2.772 3.447 15.0 15.0 15.0 15.0 15.0 15.0 15.0 
15.0 15.0 11.494 10.957 9.503 5.953 3.602 1.662 1.464 1.65 
1.751 2.222 3.024 3.559 3.737 4.866 3.711 3.25 3.903 2.802 
2.97 2.652 1.839 2.332 2.187 1.675 1.7 2.279 2.057 1.609 
2.203 3.438 9.953 3.604 4.405 3.417 3.045 2.24 1.956 1.662 
1.557 1.584 1.574 2.078 2.236 3.234 3.118 5.24 7.674 10.284 
11.764 9.432 6.497 3.403 3.078 1.962 1.859 1.463 1.444 1.312 
1.446 1.498 1.707 2.196 3.743 4.382 3.466 4.494 4.885 2.637 
2.139 1.646 1.473 1.369 1.471 1.512 1.541 1.888 1.976 2.439 
4.796 7.694 10.562 10.029 8.784 6.257 3.072 2.061 1.978 1.647 
1.541 1.51 1.74 1.932 2.547 2.045 2.646 2.864 3.237 3.596 
3.752 3.54 2.636 1.86 2.049 2.135 2.785 3.214 3.232 3.697 
3.88 3.728 3.313 2.751 2.303 1.929 1.921 1.603 1.606 1.487 
1.469 1.468 1.629 1.919 2.17 2.822 2.499 2.225 2.238 2.853 
2.931 2.018 1.722 1.399 1.392 1.339 1.537 1.49 1.619 1.605 
1.775 2.628 3.106 6.852 8.061 5.064 7.125 8.878 8.502 6.491 
6.312 4.82 3.5 2.626 1.786 1.996 2.149 1.773 1.477 1.657 
1.792 1.769 1.789 2.135 2.067 1.98 1.555 1.559 1.202 1.107 
1.088 1.403 1.397 1.549 1.649 1.719 2.034 2.572 2.873 3.671 
3.182 3.038 2.225 1.784 1.578 1.387 1.385 1.364 1.381 1.236 
1.3 1.482 1.586 1.917 1.94 2.525 2.31 1.946 2.725 2.912 
2.81 2.633 3.103 3.174 2.906 3.23 3.523 3.523 3.853 4.152 
4.702 5.116 5.05 3.504 3.501 3.489 4.509 4.403 4.388 4.163 
4.538 3.864 2.081 2.15 1.554 2.056 1.853 1.652 1.484 1.268 
1.185 1.21 1.13 1.233 1.25 1.307 1.577 1.608 2.256 2.028 
1.866 1.992 1.68 1.507 1.374 1.202 1.175 1.141 1.287 1.462 
1.618 2.06 1.904 1.549 1.479 1.345 1.536 1.794 1.748 1.731 
2.404 2.46 6.694 6.198 6.599 7.926 8.726 10.072 10.123 11.681 
11.366 11.658 11.015 12.242 12.722 11.892 10.934 11.269 12.192 12.326 
9.607 8.687 6.934 6.583 6.044 4.861 6.494 5.261 2.692 1.606 
1.268 1.048 0.83 0.82 0.856 0.981 1.22 1.329 1.017 0.851 
0.859 0.873 0.909 0.952 1.057 0.984 0.959 0.898 1.092 1.058 
1.265 1.013 1.191 1.201 1.206 0.932 0.854 0.834 0.813 0.843 
1.028 1.241 1.46 2.448 5.576 5.651 7.631 5.505 5.434 4.869 
6.52 6.634 6.321 6.359 4.493 4.586 2.037 3.319 2.562 2.218 
1.769 1.512 1.078 0.95 0.816 0.816 0.791 0.855 1.098 1.229 
1.715 1.801 1.326 1.121 0.909 0.854 0.818 0.891 0.925 1.192 
1.448 1.885 2.068 1.716 1.332 1.101 0.941 0.876 0.874 0.973 
1.119 1.447 1.381 1.226 1.051 0.955 0.993 0.987 1.141 1.308 
1.71 1.44 1.568 1.277 1.241 1.414 1.602 2.169 2.352 3.837 
2.465 2.027 1.54 1.769 1.894 2.755 3.345 4.76 4.101 3.727 
1.908 1.702 1.298 1.252 1.086 1.318 1.291 1.353 1.581 1.173 
1.119 0.96 0.986 0.905 0.958 0.971 1.122 1.27 1.508 1.3 
1.122 1.009 0.931 0.869 0.823 0.83 0.874 0.882 0.901 0.84 
0.826 0.862 0.893 1.029 1.224 1.36 1.68 1.834 1.235 1.206 
1.099 1.105 1.068 0.97 0.929 0.9 0.829 0.949 1.009 0.941 
1.051 0.949 1.145 1.275 1.752 1.92 1.242 2.067 1.755 1.66 
1.495 2.018 2.338 2.624 3.011 2.289 2.487 2.198 1.476 1.625 
1.848 1.482 1.2 1.34 1.272 0.982 1.118 1.266 2.595 2.924 
3.286 3.587 2.078 2.327 1.875 2.232 1.793 1.913 2.353 2.126 
1.882 2.714 3.211 2.598 3.314 3.843 4.339 5.574 4.77 4.915 
4.45 5.415 5.787 5.982 3.836 3.692 2.301 2.116 2.35 1.672 
1.853 2.41 2.541 3.048 1.885 1.863 2.12 2.591 8.13 10.183 
13.029 15.0 15.0 15.0 15.0 15.0 15.0 15.0 15.0 10.697 
8.851 7.711 8.525 5.002 6.489 6.078 5.033 3.718 2.09 1.639 
1.475 1.249 1.17 1.16 1.477 1.676 2.491 2.209 1.531 1.19 
1.053 1.03 1.146 1.298 1.708 1.49 1.475 2.556 2.852 4.416 
6.727 6.908 7.724 6.227 7.104 7.78 7.703 6.872 5.923 3.847 
2.896 2.254 1.91 1.434 1.455 1.156 1.146 1.191 1.156 1.548 
1.551 1.636 1.716 1.678 1.327 1.415 1.399 1.297 1.186 1.339 
1.392 1.397 1.408 1.544 1.618 1.697 1.866 1.862 2.413 1.848 
2.336 2.989 1.843 2.062 1.451 1.415 1.341 1.557 1.462 2.005 
2.087 3.203 2.712 4.813 6.373 7.748 6.608 7.272 7.851 
END
