PFRMAT local QA
AUTHOR MASS-CASP14
af2-standard_T1182_3.pdb local_accuracy_only 15.0 15.0 15.0 15.0 15.0 15.0 15.0 15.0 15.0 15.0 15.0 
15.0 15.0 15.0 15.0 14.183 15.0 14.106 12.821 11.846 10.705 
10.912 8.425 6.732 4.07 2.965 1.706 1.609 1.263 1.152 1.172 
1.352 1.211 0.897 1.205 1.813 1.939 1.476 1.419 1.376 1.262 
1.298 1.413 1.532 1.358 1.246 1.49 1.626 1.575 1.726 2.145 
2.391 2.035 2.324 2.768 2.562 2.421 2.135 2.303 2.155 1.915 
2.223 2.182 1.759 1.829 2.254 2.705 3.269 3.067 2.606 2.685 
2.532 3.197 3.785 4.56 3.785 3.814 3.779 3.084 2.195 2.3 
2.174 1.943 1.668 1.448 1.364 1.48 1.485 1.325 1.298 1.228 
1.366 1.258 1.372 1.403 1.431 1.234 1.219 1.303 1.485 1.496 
1.336 1.124 1.065 1.192 1.282 1.271 1.47 1.814 2.462 2.829 
3.331 4.419 5.052 6.839 7.823 8.113 9.232 9.477 9.428 7.79 
6.418 5.688 5.82 6.075 8.353 8.776 9.607 10.272 11.685 11.855 
13.685 11.177 10.246 10.315 10.292 9.336 10.183 10.946 11.319 11.549 
9.391 6.04 5.626 4.022 3.384 2.602 2.535 2.282 2.161 2.228 
2.379 2.758 3.062 2.559 3.053 2.91 2.903 2.314 1.968 1.765 
1.922 1.552 1.286 1.401 1.596 1.896 1.929 2.428 3.011 3.575 
4.249 3.917 2.819 2.119 1.881 1.535 1.194 1.239 1.155 1.164 
1.298 1.309 1.432 1.637 1.895 1.502 1.112 1.3 1.411 1.622 
1.14 1.137 1.002 1.12 1.436 2.057 1.949 1.748 1.423 1.345 
1.345 1.362 1.15 1.32 1.493 1.443 1.764 1.919 2.155 1.914 
1.469 1.224 1.159 1.186 1.177 1.202 1.25 1.476 1.836 2.598 
2.667 3.403 3.183 4.094 4.577 5.637 5.206 5.525 7.475 9.067 
11.373 9.321 12.692 11.597 13.053 12.286 14.5 12.519 8.706 5.577 
3.716 2.556 1.855 2.35 2.199 1.81 2.016 2.325 2.475 2.956 
3.426 4.808 5.942 6.533 5.482 6.298 7.873 7.283 4.947 3.568 
2.377 2.091 1.972 2.221 2.37 1.938 1.867 2.033 2.424 3.313 
3.702 4.081 4.059 2.975 2.106 2.45 2.194 1.588 1.561 1.547 
1.719 1.497 1.822 2.272 2.502 2.244 2.527 2.702 3.19 4.083 
5.444 5.096 5.507 5.48 6.48 5.889 5.092 4.161 3.635 4.012 
5.152 6.691 6.761 4.532 3.527 2.788 2.915 2.617 2.83 2.795 
2.776 2.353 2.297 3.168 3.092 2.869 3.505 3.772 4.222 3.185 
2.419 1.939 1.418 1.515 1.507 1.658 1.802 1.592 1.391 1.475 
1.635 1.491 1.397 1.406 1.35 1.301 1.256 1.459 1.389 1.337 
1.437 1.469 1.533 1.582 1.626 1.563 1.506 1.556 1.644 1.523 
1.551 1.805 2.132 2.373 2.217 2.532 2.573 3.06 2.891 2.973 
3.014 2.975 2.53 2.12 2.243 2.616 2.386 1.983 2.051 2.179 
2.164 2.222 2.061 1.603 1.427 1.727 1.605 1.254 1.294 1.344 
1.855 1.867 2.029 1.71 1.632 1.51 1.477 1.394 1.622 1.664 
1.489 1.433 1.456 1.442 1.596 1.81 1.969 1.878 1.824 1.961 
1.964 2.023 2.134 2.279 2.466 2.99 3.615 4.055 3.698 4.115 
4.257 4.213 5.845 6.143 8.34 7.423 6.594 4.94 3.338 3.224 
3.499 3.149 2.547 2.678 2.896 2.937 2.991 3.302 3.671 4.046 
3.903 4.084 4.101 3.504 3.048 2.492 2.365 2.191 2.536 2.712 
3.25 3.66 3.667 3.223 2.715 1.916 1.631 1.396 1.21 1.378 
1.529 1.783 1.68 1.859 1.932 2.103 1.974 1.901 1.692 1.468 
1.131 1.171 1.274 1.309 1.641 1.771 1.571 1.444 1.365 1.128 
1.156 1.192 1.396 1.415 1.924 2.896 3.11 3.46 3.475 3.104 
3.52 2.911 2.433 2.82 2.851 3.138 3.967 2.921 2.626 2.616 
2.381 2.013 1.998 2.287 2.035 2.027 1.867 1.729 1.712 1.845 
2.022 2.24 2.661 3.014 3.351 3.455 3.752 3.634 3.763 3.613 
2.741 2.492 2.222 2.356 2.395 2.851 2.702 2.587 2.734 2.84 
3.217 2.687 3.19 3.734 3.179 3.246 3.787 4.056 4.222 3.903 
3.873 3.532 3.324 3.271 3.258 3.418 3.601 3.75 3.988 4.273 
5.291 5.935 6.373 
END
