PFRMAT local QA
AUTHOR LAW-CASP14
af2-standard_T1182_3.pdb local_accuracy_only 15.0 15.0 15.0 15.0 15.0 15.0 15.0 15.0 15.0 15.0 15.0 
15.0 15.0 15.0 15.0 15.0 15.0 15.0 15.0 15.0 11.497 
9.399 7.055 4.45 2.364 2.5 1.876 1.69 1.36 1.386 1.077 
1.14 1.066 0.937 1.006 1.047 1.143 1.026 1.0 1.146 1.111 
1.005 1.085 1.137 1.201 1.084 1.154 1.358 1.33 1.359 1.393 
1.527 1.312 1.72 1.614 1.645 1.585 1.44 1.264 1.018 0.999 
1.14 1.251 1.305 1.261 1.571 1.692 2.195 1.807 1.687 2.872 
3.328 2.389 4.593 5.506 4.552 2.793 2.848 2.014 1.586 1.474 
1.156 1.106 0.834 0.782 0.722 0.771 0.819 0.725 0.732 0.807 
0.81 0.803 0.782 0.83 0.795 0.819 0.806 0.942 0.875 0.805 
0.934 0.929 1.017 1.201 1.506 1.645 1.768 2.155 2.22 2.037 
2.543 3.824 3.771 4.82 5.418 5.528 5.975 5.285 5.339 3.55 
2.279 1.47 2.523 6.511 6.129 6.574 7.561 7.635 9.645 5.713 
9.647 8.734 7.491 6.749 5.172 5.125 3.5 3.329 5.109 4.979 
5.679 5.069 3.483 2.236 1.975 1.672 1.656 1.5 1.446 1.194 
1.35 1.468 1.521 1.173 1.278 1.668 1.78 1.125 1.211 0.904 
1.353 1.307 1.094 1.271 1.632 2.664 1.984 2.086 3.086 3.27 
4.138 4.783 5.434 2.898 1.78 1.516 1.254 1.35 1.38 1.252 
1.366 1.29 1.351 1.382 1.499 1.297 1.168 1.255 1.053 0.946 
0.958 0.818 0.87 0.936 1.138 1.375 1.319 1.043 0.797 0.734 
0.733 0.773 0.923 1.188 1.279 1.354 1.546 1.641 1.648 1.615 
1.695 1.473 1.629 1.156 0.968 0.883 0.782 0.793 0.856 0.883 
0.896 0.916 0.959 1.253 1.754 1.675 2.607 3.002 4.159 2.871 
3.405 2.148 2.783 2.606 3.915 4.721 5.121 7.509 6.04 4.521 
3.051 1.528 1.103 1.118 1.172 1.178 1.293 1.226 1.249 1.283 
1.582 1.848 2.627 2.544 3.11 2.966 3.15 3.739 3.57 2.642 
2.569 2.127 2.836 3.473 2.69 2.42 1.637 1.703 1.728 1.959 
3.214 2.986 3.621 3.748 2.925 3.467 1.889 1.666 1.428 1.81 
1.711 1.449 2.678 5.543 4.68 9.178 9.857 10.614 10.852 13.206 
13.573 11.173 11.478 9.115 9.717 10.271 9.659 9.769 9.331 9.608 
9.719 11.845 12.328 11.085 10.554 7.706 4.925 3.766 2.75 2.598 
3.006 1.678 1.818 1.939 1.513 1.447 2.027 3.829 4.425 3.82 
2.634 2.608 1.389 1.179 1.018 0.967 0.853 0.858 0.831 0.877 
0.822 0.81 0.845 0.916 0.908 0.812 0.792 0.896 0.752 0.722 
0.711 0.717 0.663 0.713 0.754 0.735 0.709 0.847 0.882 0.912 
0.951 1.037 1.052 1.097 1.09 1.008 1.154 1.169 1.14 1.159 
1.566 1.797 1.91 1.659 1.463 1.627 1.579 1.259 1.641 1.65 
1.544 1.726 1.668 1.359 1.205 1.428 1.255 0.966 1.057 0.853 
1.074 1.39 1.024 1.049 1.736 1.482 1.071 1.492 2.066 1.234 
1.247 1.577 1.518 1.039 1.315 1.374 1.352 1.179 1.462 1.49 
1.418 1.656 1.745 1.791 1.975 2.045 2.251 2.673 2.729 3.871 
3.597 2.526 3.216 2.816 4.613 3.462 3.921 2.557 1.976 1.806 
1.747 1.39 1.138 1.475 1.564 1.27 1.217 1.894 2.049 1.415 
1.584 1.826 1.919 1.258 1.327 0.952 1.145 1.074 1.348 1.273 
1.504 1.896 2.004 1.765 1.492 1.258 1.242 1.194 1.36 1.139 
1.555 1.294 1.236 1.343 1.415 1.045 1.151 1.343 0.928 0.855 
0.793 0.866 0.852 0.905 0.962 0.849 0.963 0.867 0.907 0.819 
0.76 0.814 0.823 0.935 1.388 1.915 2.344 2.675 1.666 1.307 
2.157 1.66 1.133 2.008 1.217 1.538 1.39 1.313 1.096 1.274 
1.443 1.439 1.211 1.656 2.298 2.047 1.957 7.016 7.316 1.762 
4.969 5.316 2.545 2.772 1.984 2.445 1.905 2.789 2.488 2.441 
1.595 1.815 2.476 2.684 2.699 4.22 3.466 5.126 6.998 9.29 
10.715 11.43 12.515 10.994 9.45 11.06 10.17 11.874 9.758 5.095 
2.883 2.091 1.537 1.559 1.365 1.631 1.856 1.783 1.704 2.11 
2.708 2.391 2.492 
END
