PFRMAT local QA
AUTHOR LAW-CASP14
af2-standard_T1194_5.pdb local_accuracy_only 7.157 6.27 5.881 6.672 5.216 5.973 6.72 6.94 4.335 6.211 4.208 
4.058 3.148 2.858 1.802 2.328 2.38 3.1 3.789 4.45 5.366 
6.253 7.268 7.683 6.83 6.997 5.986 5.875 5.826 4.052 2.701 
2.41 2.515 1.929 2.275 1.752 1.672 1.328 1.316 1.154 1.266 
1.281 1.688 1.867 2.101 1.829 1.597 1.366 1.231 1.313 1.251 
1.515 1.493 1.902 1.816 2.006 1.884 2.427 1.499 1.484 1.166 
1.17 1.193 1.22 1.033 1.056 1.007 1.031 1.101 1.469 2.194 
2.613 2.029 2.214 2.773 2.147 4.264 1.82 2.51 2.024 1.915 
1.901 2.279 2.415 1.524 1.496 1.181 1.168 1.117 1.134 1.213 
1.28 1.484 1.442 1.763 2.037 2.435 2.023 2.125 1.85 1.705 
1.5 1.386 1.357 1.339 1.469 2.051 3.071 3.9 4.83 5.005 
5.001 4.716 5.28 5.441 4.931 4.897 3.786 3.09 1.807 2.595 
1.818 2.782 2.3 1.475 1.305 1.131 1.108 1.208 1.328 1.291 
1.355 1.578 2.986 3.172 2.862 2.018 2.301 1.823 1.855 1.342 
1.238 1.202 1.14 1.192 1.287 1.582 1.777 1.846 1.771 1.499 
1.468 1.327 1.472 1.808 1.982 2.144 2.051 2.157 1.715 2.256 
1.312 1.198 1.158 0.975 1.161 1.147 1.437 
END
