PFRMAT local QA
AUTHOR MASS-CASP14
af2-standard_T1194_5.pdb local_accuracy_only 13.514 11.046 9.819 7.468 6.279 6.035 4.542 2.675 2.16 1.996 1.792 
1.724 2.056 1.959 1.622 1.518 1.827 1.664 2.022 1.91 1.855 
1.904 1.906 2.481 2.492 3.56 3.806 3.783 4.356 3.206 2.322 
1.691 1.434 1.345 1.657 1.589 1.458 1.277 1.295 1.502 1.88 
2.539 3.431 4.309 3.453 2.608 2.036 1.715 1.364 1.433 1.229 
1.218 1.085 1.101 1.108 1.268 1.154 1.369 1.473 1.681 1.775 
2.176 2.342 1.807 1.522 1.216 1.09 1.118 1.134 1.54 1.855 
1.4 1.369 1.431 1.431 1.386 1.314 1.178 1.362 1.344 1.753 
2.267 2.5 2.184 1.431 1.08 0.992 1.023 1.055 1.027 1.114 
1.03 0.995 1.126 1.32 1.415 2.194 2.868 4.201 4.887 5.455 
5.275 4.179 2.936 2.817 2.808 2.7 3.119 3.813 5.119 6.952 
7.74 8.868 9.161 7.187 5.845 4.358 3.662 2.992 2.943 3.014 
3.328 3.054 2.777 2.594 2.366 2.559 2.532 2.674 2.702 2.386 
2.601 2.922 2.853 3.322 3.022 3.256 4.067 4.552 4.148 3.532 
3.329 3.406 2.511 2.545 2.269 3.046 3.521 3.944 3.041 2.368 
2.377 2.35 2.341 2.561 2.59 2.347 1.927 2.07 1.753 2.078 
2.054 2.401 2.569 2.804 3.199 4.025 5.164 
END
