PFRMAT local QA
AUTHOR LAW-CASP14
af2-standard_T1162_4.pdb local_accuracy_only 15.0 15.0 15.0 12.292 8.604 5.55 3.183 1.976 1.475 1.303 1.344 
1.086 1.158 1.682 1.269 0.947 1.064 1.091 0.903 0.816 0.948 
0.983 0.862 1.072 1.643 1.406 1.684 1.456 4.125 4.891 3.296 
5.365 4.793 3.08 1.852 1.214 1.304 1.587 2.003 4.883 6.618 
5.847 5.913 8.566 10.013 13.767 13.925 14.386 15.0 15.0 15.0 
15.0 15.0 14.681 11.295 8.323 5.931 4.372 1.922 1.778 1.187 
1.255 1.51 1.412 1.216 1.746 2.129 2.473 2.809 8.461 7.436 
9.785 9.643 8.811 9.303 8.696 9.496 8.183 7.221 7.153 6.326 
3.519 2.982 1.903 2.979 2.904 2.063 1.265 0.892 0.821 0.938 
0.922 1.365 1.341 1.991 2.421 2.955 2.873 2.628 1.908 1.294 
0.957 1.075 1.042 0.988 0.874 1.058 1.034 0.899 0.93 1.075 
1.049 0.963 0.998 1.127 1.084 1.132 1.255 1.294 1.333 1.398 
1.364 1.721 1.421 1.903 2.036 1.84 1.797 1.28 1.541 1.706 
1.656 1.466 1.592 1.164 1.223 1.241 1.13 1.064 0.969 0.943 
0.951 0.811 0.821 0.85 0.83 0.758 0.846 0.905 1.252 1.068 
0.959 1.029 1.059 0.974 1.02 0.894 0.997 1.05 1.391 1.882 
2.966 3.278 5.495 7.246 6.116 2.502 1.604 1.205 0.899 0.821 
0.779 0.859 0.843 0.973 1.044 0.959 1.069 1.336 1.578 1.703 
1.408 1.591 1.023 1.056 1.392 1.356 1.336 1.2 1.172 1.243 
1.263 1.106 1.173 1.219 1.226 
END
