PFRMAT local QA
AUTHOR MASS-CASP14
af2-standard_T1162_4.pdb local_accuracy_only 15.0 15.0 15.0 10.459 8.873 7.882 6.682 4.202 3.778 3.708 3.22 
2.806 2.512 2.307 2.086 1.433 1.422 1.378 1.212 1.124 1.247 
1.224 1.043 1.206 1.57 2.186 2.714 2.712 4.219 5.098 6.075 
5.633 5.789 5.923 5.846 4.462 5.252 4.864 5.882 6.512 7.196 
8.023 9.096 9.83 10.632 10.346 11.48 11.205 12.2 12.374 12.245 
11.649 10.266 8.956 8.011 6.593 6.158 4.429 3.357 2.639 2.227 
2.153 2.092 1.866 2.068 2.306 2.566 2.506 3.301 4.037 5.704 
6.079 6.871 7.894 7.47 7.924 8.496 8.079 8.154 7.932 8.871 
8.999 9.009 9.665 10.501 8.224 7.055 3.815 2.229 1.413 1.271 
1.309 1.287 1.403 1.793 2.053 2.866 3.293 3.129 2.684 1.948 
1.72 1.855 1.719 1.509 1.459 2.008 2.029 1.854 1.913 2.074 
2.315 2.108 1.981 1.989 2.19 1.98 2.346 2.996 2.982 3.133 
3.109 3.417 3.975 4.745 5.723 5.389 4.974 4.551 4.551 5.725 
5.002 4.429 4.158 3.63 2.783 3.269 3.371 3.198 2.63 2.217 
2.54 2.252 1.728 2.045 2.275 2.228 2.32 3.084 4.814 5.852 
5.385 5.421 4.995 5.443 4.047 5.148 4.801 4.691 4.202 4.797 
5.781 6.196 7.032 5.018 2.964 1.864 1.673 1.134 1.096 1.061 
1.046 1.09 1.139 1.245 1.902 2.031 1.896 2.153 2.78 2.394 
1.702 1.739 1.567 1.658 1.953 1.827 2.074 1.547 1.736 2.084 
2.085 1.965 2.352 2.671 2.679 
END
