PFRMAT local QA
AUTHOR MASS-CASP14
af2-standard_T1165_4.pdb local_accuracy_only 13.693 12.974 12.383 12.79 10.954 11.902 12.029 10.736 10.123 9.798 7.722 
6.765 6.579 5.57 4.367 4.022 3.72 3.447 2.35 2.408 2.379 
2.211 1.93 2.093 2.293 2.297 2.541 3.196 3.255 3.275 3.186 
3.173 2.531 1.707 1.569 1.822 1.795 1.649 1.871 2.092 2.196 
2.316 2.359 1.899 1.931 1.698 1.516 1.322 1.194 1.036 1.063 
1.285 1.306 1.089 1.278 1.314 1.118 1.054 1.071 1.029 0.942 
1.178 1.289 1.178 1.157 1.305 1.388 1.266 1.294 1.51 1.612 
1.384 1.351 1.413 1.71 2.167 2.642 3.132 3.378 3.491 5.321 
4.841 5.051 4.136 3.797 3.247 2.8 2.565 2.208 2.224 2.175 
1.73 1.248 1.214 1.322 1.218 1.042 1.185 1.171 1.116 1.084 
1.118 1.076 1.134 1.31 1.316 1.112 1.148 1.444 1.395 1.249 
1.553 1.712 1.845 1.993 1.721 1.556 1.741 1.766 1.9 1.795 
1.219 1.299 1.289 1.42 1.246 1.137 1.034 1.213 1.237 1.193 
1.08 1.231 0.973 0.986 0.953 1.037 1.038 0.967 1.08 1.016 
0.97 0.975 1.126 1.121 1.287 1.301 1.519 1.568 1.687 2.363 
3.463 4.304 5.201 6.216 5.802 6.976 7.334 6.385 5.035 4.106 
3.114 2.892 2.334 2.342 1.91 1.849 1.798 2.052 1.832 1.888 
1.79 2.13 1.992 2.111 2.403 2.677 2.515 3.344 4.071 5.454 
5.843 7.757 8.431 9.952 8.592 8.358 6.003 4.96 3.493 2.872 
2.719 2.665 2.43 2.007 2.638 3.319 3.726 4.694 4.173 3.736 
2.496 2.37 2.265 1.824 1.293 1.534 1.513 1.238 1.289 1.361 
1.219 1.15 1.187 1.484 2.021 2.582 2.888 4.201 4.802 7.171 
8.703 11.386 15.0 15.0 15.0 15.0 15.0 15.0 15.0 9.42 
8.099 7.531 4.912 3.844 2.997 2.702 2.594 2.199 2.551 2.618 
3.082 3.868 4.24 3.82 2.974 4.097 3.859 3.51 2.37 1.964 
2.12 2.047 1.579 1.579 1.987 1.999 2.054 1.973 2.084 1.967 
1.485 1.668 1.588 1.759 1.282 1.013 1.281 1.162 1.026 1.003 
1.1 1.127 1.056 1.23 1.194 1.234 1.433 1.462 1.389 1.831 
2.511 3.444 3.986 4.301 3.395 2.348 2.112 2.052 1.455 1.535 
1.424 1.444 1.34 1.101 1.204 1.186 1.08 1.162 1.126 1.196 
1.196 1.229 1.231 1.222 1.277 1.371 1.549 1.564 2.002 2.453 
2.7 2.233 1.806 1.978 2.925 2.971 2.431 2.453 2.366 2.316 
2.311 1.893 2.146 1.851 1.546 1.72 1.703 1.656 1.64 1.94 
2.036 2.361 3.25 3.683 4.204 3.799 3.265 2.118 1.609 1.528 
1.585 1.453 1.272 1.285 1.47 1.512 1.553 1.374 1.398 1.351 
1.233 1.315 1.228 1.274 1.519 1.996 2.166 2.374 2.085 1.749 
1.4 1.304 1.362 1.049 0.993 1.172 1.272 1.352 1.465 1.524 
1.945 2.382 2.353 2.483 2.16 1.716 1.47 1.711 1.893 1.864 
1.811 2.028 2.164 2.383 2.283 2.722 2.767 2.467 3.028 3.393 
3.593 3.597 3.486 2.94 2.431 2.167 2.341 2.381 2.123 1.922 
1.959 2.055 1.628 1.551 1.759 1.661 1.588 1.721 1.941 2.047 
2.494 3.563 4.064 4.597 4.525 3.386 2.8 2.721 2.355 1.723 
1.679 1.608 1.618 1.576 1.358 1.388 1.873 1.739 1.579 1.606 
1.567 1.681 1.797 2.267 2.549 3.597 4.208 4.076 3.62 3.251 
3.227 2.939 2.575 2.052 2.07 1.877 1.815 1.945 1.89 1.953 
2.08 2.346 2.604 2.909 2.545 3.099 3.794 3.951 3.233 2.628 
2.454 2.024 1.705 1.373 1.466 1.505 1.502 1.632 1.431 1.245 
1.362 1.32 1.243 1.192 1.342 1.604 1.401 1.461 1.546 1.663 
1.405 1.554 1.953 2.11 2.083 2.379 2.297 2.746 3.354 3.513 
3.605 4.078 4.265 4.535 4.634 4.161 4.395 3.956 3.011 2.065 
1.878 1.497 1.597 1.655 1.61 1.781 1.82 1.652 1.784 1.743 
1.493 1.688 1.883 1.977 1.856 2.02 1.857 2.157 1.791 1.848 
1.921 2.048 2.168 2.761 3.701 4.187 4.589 3.862 3.371 2.422 
2.358 2.298 1.741 1.598 1.668 1.609 1.597 1.4 1.382 1.561 
1.523 1.387 1.427 1.353 1.335 1.362 1.73 1.773 1.951 2.055 
1.437 1.355 1.242 1.243 1.38 1.062 1.152 1.221 1.303 1.382 
1.402 1.36 1.306 1.416 1.398 1.347 1.262 1.201 1.505 1.597 
1.89 1.621 1.747 1.605 1.903 2.092 2.12 1.788 1.972 2.169 
2.331 2.272 1.869 2.044 2.064 1.765 1.615 1.486 1.782 1.976 
1.929 2.038 2.065 1.752 1.576 1.472 1.663 1.47 1.346 1.401 
1.352 1.383 1.336 1.339 1.533 1.787 1.612 1.375 1.344 1.204 
1.267 1.117 1.095 1.153 1.316 1.595 1.53 1.418 1.315 1.515 
1.405 1.209 1.53 1.98 1.956 1.878 1.554 1.389 1.696 1.751 
1.454 1.321 1.254 1.306 1.314 1.446 1.601 2.002 1.933 1.727 
1.735 1.771 1.582 1.681 2.204 2.865 3.491 3.02 2.265 1.954 
2.024 1.636 1.36 1.301 1.376 1.417 1.191 1.413 1.528 1.399 
1.543 1.63 1.702 1.541 1.901 1.799 1.573 1.468 1.628 1.566 
1.208 1.29 1.316 1.335 1.253 1.205 1.331 1.386 1.312 1.526 
1.595 1.721 2.022 2.509 2.647 2.716 3.377 3.979 4.567 5.049 
4.755 4.093 3.652 3.562 3.656 3.547 4.4 4.689 4.462 4.353 
3.635 3.038 2.917 2.729 3.109 2.941 3.784 3.739 5.143 6.306 
6.733 9.174 9.188 11.75 13.57 14.721 13.961 13.771 11.241 8.753 
8.432 6.988 6.217 6.119 5.21 3.806 3.004 2.82 2.646 2.332 
1.53 1.865 1.688 1.33 1.085 1.236 1.346 1.201 1.142 1.414 
1.428 1.385 1.529 1.831 2.172 2.691 2.67 2.085 1.852 2.013 
2.058 1.832 2.126 2.053 1.705 1.576 1.515 1.459 1.615 1.496 
1.154 1.217 1.375 1.279 1.185 1.263 1.397 1.76 1.756 1.657 
1.539 1.742 2.023 1.802 2.072 2.013 1.675 1.558 1.48 1.271 
1.408 1.376 1.131 1.36 1.498 1.266 1.275 1.461 1.476 1.459 
1.698 2.376 2.9 2.533 2.574 2.78 2.302 1.963 1.682 2.106 
1.81 1.495 1.406 1.671 1.639 1.39 1.544 1.862 1.843 1.797 
2.172 2.069 1.984 2.112 2.302 1.881 1.802 2.108 3.05 3.537 
3.523 3.948 3.673 2.876 2.8 2.932 3.24 3.84 4.385 3.789 
3.422 2.881 2.234 1.643 1.552 1.62 1.402 1.266 1.213 1.222 
1.162 1.07 1.249 1.176 1.197 1.248 1.325 1.084 1.232 1.152 
1.265 1.238 1.496 1.755 1.811 1.961 2.47 2.774 3.231 3.601 
3.884 3.372 3.32 3.308 2.997 2.334 1.978 2.203 2.006 1.695 
1.752 1.945 1.952 2.167 3.063 3.691 4.088 3.207 2.772 2.301 
1.873 1.529 1.631 1.581 1.323 1.53 1.68 1.632 1.743 1.872 
1.824 1.888 2.088 2.284 2.282 2.237 2.047 2.132 1.797 2.083 
2.22 2.232 2.389 2.734 3.616 3.372 3.868 3.666 5.274 6.031 
6.21 7.108 7.04 7.818 8.578 9.154 10.411 8.984 10.376 8.683 
8.043 6.819 5.418 4.392 3.352 3.399 3.746 3.736 4.064 4.828 
6.06 8.086 9.33 15.0 15.0 15.0 15.0 15.0 15.0 11.599 
8.721 5.287 4.073 3.093 2.317 2.333 2.125 2.359 2.085 2.086 
2.135 1.961 1.735 1.894 1.96 1.594 1.551 1.745 1.715 1.531 
1.512 1.556 1.819 1.722 1.763 1.944 1.962 1.863 1.864 1.901 
1.758 1.62 2.061 2.157 3.019 3.895 5.579 6.469 6.961 6.511 
6.158 5.106 5.041 4.759 4.852 4.496 3.965 3.99 3.569 3.489 
3.055 2.695 2.246 1.912 2.163 2.103 1.668 1.301 1.579 1.882 
1.507 1.639 1.592 1.924 2.093 2.776 2.774 3.053 3.484 3.531 
3.388 3.286 2.488 2.186 1.8 1.539 1.551 1.611 1.553 1.431 
1.674 1.626 1.372 1.579 1.572 1.439 1.345 1.292 1.463 1.821 
2.683 3.522 4.523 6.736 6.481 6.65 5.823 4.447 3.252 2.07 
1.849 1.755 1.653 1.631 1.495 1.365 1.475 1.524 1.382 1.532 
1.695 1.797 1.836 1.437 1.374 1.521 1.414 1.285 1.153 1.243 
1.257 1.206 1.381 1.425 1.228 1.28 1.47 1.522 1.543 1.638 
1.785 2.122 2.491 3.107 3.739 4.471 4.97 5.697 6.201 5.954 
5.825 5.229 5.312 5.08 5.264 5.493 5.615 4.714 4.355 3.553 
2.926 2.479 2.427 2.734 2.253 2.015 2.302 2.244 2.071 1.745 
1.939 1.99 1.981 1.912 2.037 2.416 2.387 2.824 4.008 4.175 
3.598 3.394 3.808 3.693 3.943 3.735 3.605 3.35 3.642 3.569 
2.981 2.899 3.058 3.387 3.03 2.972 3.222 2.818 2.288 2.113 
2.053 2.237 2.045 1.941 1.87 1.822 1.663 1.669 1.422 1.199 
1.284 1.381 1.165 1.185 1.313 1.334 1.158 1.456 1.497 1.643 
2.005 2.104 2.613 2.47 2.527 2.485 2.696 3.139 3.48 3.892 
3.848 3.72 2.992 2.395 1.913 1.995 1.688 1.514 1.274 1.555 
1.443 1.515 1.552 1.527 1.396 1.385 1.471 1.386 1.267 1.42 
1.756 2.477 3.837 4.138 5.111 6.867 6.801 6.491 6.089 5.23 
4.108 4.035 3.938 4.011 4.044 3.746 3.437 3.466 3.174 3.09 
2.624 2.679 2.612 2.401 2.622 2.763 2.704 2.994 3.719 4.336 
4.183 4.23 4.05 3.646 3.692 3.849 3.379 2.625 3.392 3.155 
3.383 3.337 3.843 4.315 4.656 5.466 5.675 6.009 6.175 6.639 
7.053 7.964 7.518 7.482 7.02 6.607 5.998 5.513 5.253 5.494 
5.305 4.124 3.263 3.896 3.66 3.141 3.287 3.734 4.245 4.486 
5.969 7.751 8.687 8.779 8.572 8.377 7.917 8.538 8.886 10.065 
11.137 12.944 14.621 14.55 14.629 13.615 13.104 11.283 6.695 4.416 
3.427 2.623 2.374 2.188 1.691 2.16 2.662 2.097 2.193 2.44 
2.814 2.452 2.746 2.794 2.442 2.213 1.738 1.664 1.765 1.476 
1.39 1.441 1.435 1.244 1.303 1.328 1.23 1.117 1.553 1.597 
1.297 1.381 1.548 1.515 1.488 1.38 1.649 1.361 1.31 1.368 
1.481 1.423 1.72 2.458 3.177 3.986 4.824 5.223 4.726 3.601 
2.836 2.218 1.699 1.611 1.707 1.585 1.241 1.32 1.49 1.496 
1.31 1.499 1.764 1.81 2.138 2.37 2.607 2.084 2.118 1.809 
1.472 1.129 1.135 1.161 1.061 1.119 1.204 1.237 1.21 1.378 
1.434 1.319 1.29 1.696 2.082 2.378 2.329 2.063 2.091 2.572 
2.416 2.157 2.013 1.773 1.461 1.56 1.71 1.612 1.352 1.408 
1.612 1.523 1.498 1.74 2.191 2.567 2.601 3.23 3.998 4.624 
3.074 2.449 1.971 1.633 1.515 1.155 1.174 1.167 1.196 1.103 
1.055 1.042 1.163 1.091 1.238 1.243 1.166 1.157 1.455 1.441 
1.407 1.559 1.496 1.642 2.521 3.554 4.481 5.165 6.503 8.276 
11.005 12.801 12.54 13.328 14.072 13.799 14.193 13.376 11.215 10.573 
10.268 8.52 7.254 6.199 4.1 2.632 2.551 2.057 2.161 2.196 
2.482 2.062 1.671 1.754 1.58 1.582 1.507 1.578 1.679 1.698 
1.616 1.93 2.041 2.307 2.004 1.599 1.802 1.489 1.288 1.288 
1.235 1.178 1.126 1.102 1.141 1.108 1.093 1.014 1.037 1.12 
1.188 1.235 1.408 1.87 1.931 1.887 1.888 1.413 1.381 1.495 
1.394 1.163 1.288 1.771 2.083 2.058 1.601 1.474 1.735 1.525 
1.453 1.388 1.45 1.475 1.604 2.017 2.114 2.004 2.324 2.735 
2.774 2.943 2.311 1.818 2.011 1.659 1.349 1.489 1.578 1.408 
1.303 1.409 1.389 1.41 1.306 1.32 1.489 1.452 1.596 1.954 
2.208 2.105 2.302 1.952 1.394 1.338 1.562 1.304 1.148 1.267 
1.454 1.33 1.061 1.079 1.442 1.64 1.753 1.99 2.933 4.223 
7.23 8.816 10.881 8.202 7.838 6.323 4.9 3.782 2.735 2.602 
2.306 2.134 2.186 2.211 1.824 1.696 2.038 2.536 2.268 2.21 
1.874 1.656 1.478 1.303 1.302 1.3 1.394 1.569 1.614 1.459 
1.612 1.695 1.782 1.684 1.687 1.84 1.905 1.569 1.514 1.571 
2.035 2.197 2.17 3.007 4.234 5.269 5.671 6.36 6.176 7.019 
8.65 6.687 6.77 5.11 6.171 5.762 5.742 5.906 6.844 9.162 
10.202 14.488 15.0 15.0 15.0 15.0 15.0 15.0 15.0 15.0 
15.0 15.0 12.124 10.166 6.763 4.535 3.118 2.342 2.198 1.903 
1.724 1.728 1.797 1.617 1.333 1.235 1.49 1.572 1.461 1.684 
1.973 2.064 1.961 2.225 2.644 2.724 2.728 4.412 4.76 6.343 
6.437 8.332 9.234 9.679 10.694 12.805 15.0 15.0 15.0 15.0 
15.0 15.0 15.0 15.0 12.075 13.159 9.469 9.719 7.407 7.1 
6.079 4.499 3.339 2.522 2.163 1.851 1.718 1.511 1.325 1.373 
1.387 1.461 1.422 1.55 1.685 1.869 1.818 2.234 2.916 3.186 
3.138 3.333 2.612 2.527 2.418 1.932 1.667 1.87 2.3 2.067 
2.843 3.375 4.672 4.538 5.921 6.358 5.968 5.344 5.152 4.617 
4.287 3.594 3.45 3.158 2.754 2.177 1.856 1.457 1.44 1.424 
1.436 1.615 1.669 1.536 1.336 1.691 2.113 2.721 3.195 4.687 
4.92 5.612 5.581 4.628 3.755 2.985 2.771 2.501 2.167 1.684 
1.547 1.572 1.3 1.205 1.298 1.394 1.337 1.328 1.326 1.417 
1.45 1.459 1.363 1.247 1.197 1.19 1.376 1.783 2.053 2.897 
3.697 5.556 6.582 9.187 10.039 12.157 11.053 9.689 7.703 6.418 
5.588 4.719 3.118 2.647 2.078 1.911 1.814 1.879 1.492 1.476 
1.588 1.672 1.659 1.504 1.643 1.706 1.525 1.372 1.543 1.424 
1.165 1.459 1.425 1.642 1.817 2.618 3.395 4.457 5.506 5.92 
5.116 4.514 3.4 2.294 1.726 1.497 1.327 1.245 1.197 1.317 
1.06 1.219 1.273 1.312 1.311 1.614 2.069 2.677 2.626 3.002 
3.8 4.474 4.772 4.087 4.041 3.794 4.393 5.212 5.149 5.848 
6.47 8.138 8.848 8.483 8.528 8.733 8.15 6.983 5.554 4.916 
4.012 3.3 2.86 2.605 2.332 1.835 1.763 1.671 1.744 1.51 
1.383 1.487 1.712 1.833 1.635 1.641 1.898 2.062 1.844 2.032 
1.973 1.616 1.724 1.577 1.731 1.766 1.875 1.708 1.29 1.391 
1.357 1.243 1.235 1.384 1.49 1.4 1.256 1.453 1.281 1.307 
1.383 1.501 1.338 1.55 1.739 2.157 2.327 3.005 4.191 6.337 
7.06 9.328 10.477 11.787 12.8 13.961 15.0 15.0 15.0 15.0 
15.0 15.0 15.0 15.0 15.0 15.0 15.0 15.0 15.0 15.0 
15.0 15.0 15.0 12.575 11.251 9.674 6.458 5.787 3.888 3.59 
3.354 3.982 4.095 4.542 4.962 5.946 7.178 9.812 10.536 10.733 
11.325 11.616 10.284 11.719 10.012 11.373 11.817 13.248 12.484 14.854 
15.0 15.0 15.0 15.0 15.0 15.0 15.0 15.0 15.0 15.0 
15.0 15.0 15.0 15.0 13.369 14.81 14.72 15.0 15.0 15.0 
15.0 15.0 14.869 15.0 12.735 11.752 8.9 7.71 6.314 5.001 
3.663 3.238 2.793 2.369 1.883 1.649 1.379 1.346 1.228 1.21 
1.156 1.036 1.269 1.254 1.219 1.273 1.365 1.365 1.324 1.666 
2.14 2.466 2.495 2.47 1.883 2.094 2.001 1.968 1.595 1.531 
1.668 1.477 1.15 1.245 1.379 1.429 1.326 1.45 2.058 2.1 
2.069 1.811 2.426 2.148 2.583 2.678 3.385 4.092 5.474 7.044 
7.759 9.453 10.339 13.233 14.377 13.683 13.084 10.708 13.496 11.578 
15.0 11.513 14.369 13.351 15.0 14.64 15.0 15.0 15.0 15.0 
15.0 15.0 15.0 15.0 15.0 14.103 14.582 15.0 13.255 14.11 
12.669 14.352 15.0 12.559 15.0 10.883 12.889 9.228 10.341 8.461 
7.277 6.06 5.517 4.582 4.002 3.054 2.516 2.052 1.833 1.779 
1.741 1.867 2.34 2.248 1.809 1.454 1.431 1.48 1.443 1.71 
2.108 1.957 2.192 1.876 2.197 2.321 2.532 2.876 2.677 3.126 
3.594 3.811 4.309 4.486 5.558 4.352 2.987 3.085 3.007 2.589 
2.067 2.634 2.868 3.046 2.971 3.007 3.01 2.807 2.944 3.013 
3.645 3.729 4.4 5.504 7.692 8.674 15.0 13.313 15.0 12.212 
9.251 6.272 5.635 4.834 4.013 3.577 3.55 3.273 3.14 3.07 
3.195 3.53 3.676 3.756 4.224 4.533 4.157 3.675 3.757 4.284 
3.844 4.236 4.026 4.21 4.064 4.202 3.832 4.701 4.364 5.049 
5.218 6.554 6.983 8.566 9.869 10.651 11.221 11.848 11.156 11.429 
13.24 12.834 11.962 11.153 11.642 10.981 9.811 10.622 10.268 9.009 
8.13 10.267 9.326 9.745 8.552 8.507 7.153 7.061 7.446 6.773 
7.711 7.735 9.645 8.765 15.0 9.619 14.549 10.015 12.428 8.902 
10.034 8.106 11.472 9.256 9.638 8.127 7.732 8.482 7.625 6.615 
5.775 4.79 3.2 2.851 2.257 1.725 1.682 1.53 1.339 1.243 
1.121 1.238 1.302 1.276 1.268 1.497 1.762 1.674 1.675 1.977 
2.42 2.861 3.665 5.171 6.382 5.989 5.085 5.335 4.247 2.665 
2.724 2.738 2.175 1.877 2.095 2.298 2.154 2.132 2.451 3.052 
3.125 2.81 2.302 2.051 2.27 2.141 1.63 1.687 1.929 1.808 
1.594 1.581 1.711 1.732 1.635 1.827 1.95 1.889 1.839 1.993 
1.983 1.89 1.883 1.394 1.395 1.698 1.684 1.297 1.315 1.405 
1.426 1.225 1.312 1.644 1.83 2.401 2.968 4.292 4.369 5.55 
5.519 6.081 5.609 5.348 5.152 4.539 3.95 2.871 2.828 2.553 
2.834 2.193 2.262 2.003 2.242 2.196 1.86 1.686 1.791 1.676 
1.412 1.319 1.587 1.691 1.628 1.947 1.881 1.836 1.772 2.292 
2.333 2.26 2.35 2.234 2.075 2.001 2.209 1.884 1.769 1.84 
2.734 3.097 3.339 3.498 3.271 3.04 2.807 3.176 3.204 4.641 
4.936 6.11 7.417 10.953 11.654 12.708 13.209 12.619 11.209 8.496 
5.46 3.976 3.266 2.246 1.957 1.631 1.589 1.579 1.385 1.362 
1.314 1.365 1.286 1.442 1.654 2.124 2.336 2.761 3.268 2.952 
2.811 3.244 4.0 4.305 4.593 4.44 4.157 3.967 3.79 3.191 
2.869 2.723 3.291 3.221 3.037 3.665 4.417 3.651 4.35 4.728 
4.488 3.855 4.53 4.206 4.04 3.91 5.024 6.764 7.273 9.305 
9.916 11.808 11.499 14.789 12.353 12.03 8.798 8.129 6.358 4.969 
3.267 2.925 2.269 1.957 1.756 1.918 1.992 1.782 1.521 1.554 
1.524 1.381 1.468 1.38 1.359 1.351 1.671 1.911 2.201 1.671 
1.287 1.298 1.43 1.614 1.409 1.314 1.486 1.371 1.227 1.218 
1.361 1.285 1.135 1.297 1.439 1.468 1.568 1.976 2.426 2.829 
2.527 1.709 1.564 1.424 1.196 0.99 0.979 1.139 1.038 0.941 
0.998 1.118 1.145 0.992 1.117 1.037 0.976 0.975 1.106 1.136 
1.062 1.232 1.551 1.311 1.236 1.43 1.344 1.17 1.376 1.546 
1.817 1.869 2.704 3.443 3.974 4.793 5.56 5.797 5.096 3.775 
3.291 3.79 3.867 3.617 3.32 2.833 2.765 2.4 2.234 2.009 
2.171 2.256 1.875 1.596 1.621 1.482 1.339 1.267 1.284 1.307 
1.233 1.125 1.15 1.175 1.214 1.319 1.338 1.51 1.575 1.789 
2.386 3.917 5.633 7.959 9.165 8.528 8.784 7.782 6.548 4.826 
3.746 2.747 2.038 1.628 1.764 1.78 1.494 1.467 1.532 1.546 
1.377 1.67 1.492 1.54 1.381 1.134 1.09 1.27 1.251 1.017 
1.101 1.228 1.147 1.207 1.414 1.529 1.567 1.667 2.403 3.032 
4.346 4.823 4.657 3.885 3.492 2.733 2.29 1.988 2.092 1.595 
1.816 1.541 1.404 1.232 1.351 1.22 1.212 1.304 1.471 1.7 
1.897 2.269 2.794 2.866 3.677 3.869 5.666 7.11 6.98 7.738 
8.321 8.304 9.072 9.408 10.086 11.59 12.145 12.722 12.185 13.818 
13.207 11.238 9.084 7.493 7.119 6.398 4.557 3.69 2.661 2.863 
2.787 2.121 1.679 1.908 1.888 1.548 1.832 2.336 2.503 2.123 
1.772 1.983 1.582 1.42 1.559 1.535 1.408 1.148 1.592 1.721 
1.93 2.008 2.029 1.887 1.947 2.376 2.446 2.438 1.914 1.928 
1.67 1.908 2.123 2.658 2.816 2.598 2.618 2.336 1.843 1.652 
1.497 1.719 1.439 1.432 1.52 1.74 1.768 1.763 1.854 1.932 
1.849 1.491 1.938 2.597 3.181 3.23 3.383 2.633 1.838 1.655 
1.156 1.295 1.211 1.054 1.072 1.13 1.289 1.507 1.811 1.465 
1.173 1.123 1.312 1.327 1.158 1.219 1.468 1.519 1.444 1.691 
2.354 2.317 1.784 1.916 1.703 1.445 1.118 1.494 1.446 1.232 
1.216 1.173 1.102 1.18 1.151 1.286 1.574 2.157 2.569 3.26 
3.183 2.481 2.184 2.081 1.743 1.596 1.264 1.197 1.299 1.288 
0.955 1.086 1.19 1.177 1.027 1.12 1.163 1.114 1.044 1.225 
1.529 1.795 1.95 1.678 1.529 1.256 1.19 1.284 1.269 1.161 
1.809 2.395 2.47 2.289 1.926 1.182 0.991 0.991 0.884 0.973 
1.08 1.115 1.111 1.327 1.332 1.394 1.515 1.408 1.138 1.258 
1.194 1.069 1.093 1.15 1.013 1.011 1.06 1.195 1.114 1.17 
1.231 1.249 1.111 1.136 1.499 1.71 1.452 1.527 1.535 1.516 
1.58 1.725 1.604 1.562 1.546 1.906 1.844 1.462 1.425 1.527 
1.458 1.367 1.296 1.475 1.761 2.245 1.819 1.793 1.86 1.925 
1.492 1.34 1.677 1.565 1.518 1.518 1.634 1.757 1.606 1.506 
1.794 1.692 1.56 1.692 1.714 1.73 1.921 2.22 2.572 2.461 
2.04 2.324 2.608 2.313 1.999 1.798 1.983 1.687 1.81 1.959 
2.451 2.868 3.454 3.999 4.83 4.109 4.525 2.979 2.42 1.771 
1.327 1.309 1.298 1.257 1.434 1.861 1.7 1.604 1.665 1.721 
1.451 1.532 1.503 1.771 2.117 2.245 1.805 1.747 1.949 1.766 
1.695 1.613 1.846 1.853 1.563 1.533 1.718 1.851 1.982 1.861 
2.228 2.959 3.02 2.839 2.948 2.736 1.892 1.749 2.0 1.983 
1.849 1.71 1.77 2.052 1.761 1.834 1.931 1.944 2.049 2.186 
2.389 2.483 1.99 1.623 1.865 1.904 1.738 1.845 1.919 2.012 
1.627 1.322 1.329 1.415 1.355 1.33 1.338 1.594 1.615 1.867 
1.881 1.493 1.491 1.441 1.477 1.352 1.233 1.417 1.488 1.592 
1.598 1.496 1.356 1.548 1.481 1.346 1.583 1.635 1.715 1.62 
1.709 1.778 1.512 1.622 1.726 1.484 1.631 1.63 1.77 1.661 
1.722 2.075 2.003 2.11 2.268 2.577 1.995 2.061 1.964 1.871 
1.593 1.653 1.538 1.547 1.4 1.297 1.661 1.63 1.591 1.605 
1.362 1.353 1.651 1.643 1.576 1.46 1.585 1.688 1.704 1.742 
1.837 1.877 1.725 1.828 1.627 1.395 1.124 0.941 0.821 0.826 
0.947 1.237 1.54 2.034 2.329 3.022 2.958 2.786 2.141 1.686 
1.411 1.423 1.499 1.481 1.441 1.338 1.529 1.233 1.089 1.008 
1.071 1.083 1.382 1.758 1.928 2.391 2.089 1.99 2.445 2.121 
1.782 1.964 2.081 2.036 1.703 1.679 1.889 2.095 2.14 2.774 
4.013 5.188 6.228 7.434 7.749 8.297 8.046 9.135 8.824 8.239 
9.548 10.684 9.22 10.501 11.157 10.646 9.898 11.919 11.489 11.698 
10.338 11.852 11.011 
END
