PFRMAT local QA
AUTHOR LAW-CASP14
af2-standard_T1165_4.pdb local_accuracy_only 15.0 15.0 15.0 15.0 15.0 15.0 15.0 15.0 15.0 15.0 15.0 
15.0 15.0 15.0 13.495 11.204 11.091 7.617 3.934 3.507 2.623 
1.939 1.451 1.517 1.423 1.208 1.267 1.276 1.216 1.291 1.259 
1.275 1.238 1.128 1.097 1.239 1.195 1.064 1.269 1.441 1.541 
1.828 2.166 1.643 1.827 1.419 1.265 1.062 1.035 1.028 0.968 
1.169 1.312 1.168 1.24 1.326 1.146 1.091 1.233 1.195 1.036 
1.077 1.129 1.016 0.937 0.977 1.028 0.973 0.907 1.011 1.051 
0.932 1.105 0.852 1.223 2.517 5.584 7.219 8.443 7.866 5.778 
4.265 2.082 1.183 1.023 0.766 0.854 0.846 0.883 1.084 1.062 
1.087 0.971 0.935 0.974 0.954 0.806 0.893 0.982 0.882 0.77 
1.005 0.923 0.849 0.931 0.985 0.851 0.887 0.962 1.038 0.917 
0.986 1.197 1.107 2.101 1.726 1.584 2.159 1.336 1.413 1.26 
0.909 0.732 0.813 0.785 0.625 0.594 0.626 0.616 0.617 0.678 
0.662 0.811 0.658 0.575 0.664 0.747 0.569 0.522 0.697 0.653 
0.611 0.599 0.832 0.78 0.855 0.922 1.058 1.462 1.248 1.382 
1.657 2.331 2.839 4.149 4.216 5.792 5.909 5.564 4.027 2.386 
1.943 3.4 2.078 1.931 1.471 1.295 1.081 1.106 0.912 0.699 
0.675 0.832 0.63 0.594 0.807 0.77 0.8 1.275 1.455 1.867 
2.01 4.212 3.367 5.692 5.162 4.733 4.128 3.236 1.754 1.461 
1.3 1.012 1.362 1.183 1.11 1.437 1.563 1.948 1.576 1.661 
0.997 1.078 0.991 1.022 0.774 0.792 1.167 0.899 1.494 0.99 
1.54 1.216 1.818 1.932 3.097 5.274 8.379 11.446 14.152 15.0 
15.0 15.0 15.0 15.0 15.0 15.0 15.0 15.0 15.0 12.079 
9.047 6.492 3.072 2.462 1.834 1.688 1.534 1.326 1.499 1.368 
1.609 1.336 2.144 1.913 1.162 1.358 2.036 1.532 1.394 0.884 
1.001 1.211 1.03 0.821 0.988 1.111 0.834 0.848 1.002 1.001 
0.832 0.878 0.963 0.821 0.775 0.712 0.627 0.679 0.616 0.568 
0.581 0.612 0.569 0.529 0.562 0.601 0.618 0.593 0.643 0.748 
0.793 1.083 1.422 1.609 1.503 0.906 1.139 1.252 0.889 0.709 
0.816 0.844 0.637 0.628 0.651 0.539 0.564 0.482 0.533 0.499 
0.489 0.515 0.593 0.603 0.658 0.757 0.869 0.89 1.016 1.06 
1.174 1.069 0.937 1.092 1.146 1.087 0.904 1.11 1.161 1.133 
1.196 1.189 1.287 1.095 0.837 0.919 0.991 0.599 0.709 0.824 
0.689 0.662 1.148 1.586 2.717 2.085 2.333 1.844 1.104 1.104 
1.048 0.978 0.775 0.753 0.792 0.645 0.538 0.568 0.602 0.495 
0.504 0.618 0.589 0.59 0.629 0.795 0.832 0.817 0.971 0.795 
0.761 0.892 0.815 0.664 0.783 0.874 0.804 0.748 0.959 0.865 
1.149 1.166 1.102 1.042 0.943 0.953 0.856 0.866 0.962 0.96 
0.849 0.952 1.044 1.003 1.084 1.2 1.569 1.465 1.576 1.729 
2.064 2.274 2.996 2.479 1.928 1.325 1.194 1.053 0.854 0.948 
0.968 0.811 0.707 0.806 0.841 0.668 0.798 0.972 0.83 0.828 
1.09 1.104 1.106 1.593 1.824 1.142 1.323 1.651 1.425 1.146 
1.208 1.328 1.091 0.979 0.879 0.873 0.941 0.841 0.796 0.901 
1.0 0.925 0.939 1.317 1.506 2.227 2.466 2.006 1.964 1.377 
1.274 1.178 1.1 1.013 1.028 0.99 0.87 0.905 1.062 0.975 
0.959 1.315 1.496 1.321 1.55 2.228 2.68 2.807 2.43 2.052 
1.946 1.966 1.6 1.178 1.236 1.411 1.234 1.31 1.076 1.059 
1.23 1.139 0.982 1.078 1.118 1.076 0.939 1.063 0.992 0.922 
0.92 1.022 1.081 1.159 1.2 1.318 1.769 1.823 3.069 3.165 
2.233 2.653 1.776 1.976 2.427 2.737 2.483 2.832 1.728 1.51 
1.445 1.55 1.33 1.618 1.351 1.304 1.128 1.076 1.078 0.992 
0.887 0.932 0.894 0.852 0.828 0.906 0.871 0.854 0.947 1.168 
1.243 1.272 1.746 2.152 2.27 2.25 2.571 2.537 2.44 2.013 
1.864 2.145 1.553 1.654 1.671 1.617 1.43 1.288 1.516 1.4 
1.043 1.038 1.109 1.031 0.934 1.004 1.092 1.183 1.204 1.515 
1.327 1.182 1.334 1.261 1.164 1.004 0.982 1.041 0.971 0.862 
0.808 0.908 0.853 0.816 0.859 1.055 1.008 0.966 1.081 1.234 
1.206 1.158 1.319 1.169 1.224 1.772 1.991 1.963 2.239 2.377 
2.235 2.273 2.028 2.034 2.403 2.465 2.503 2.006 2.442 2.387 
2.21 2.159 2.201 2.197 1.639 1.526 1.39 1.294 1.264 1.162 
1.087 1.085 1.02 0.93 0.872 0.875 0.968 0.772 0.821 0.931 
0.83 0.825 0.835 0.98 0.939 1.035 1.062 0.951 0.916 1.134 
1.221 1.14 1.236 1.497 1.693 1.653 1.529 1.277 1.37 1.526 
1.216 1.255 1.362 1.297 1.181 1.306 1.377 1.297 1.417 1.391 
1.248 1.339 1.481 1.425 1.431 1.822 1.845 1.883 1.327 1.1 
1.01 1.079 0.861 0.818 0.928 0.873 0.792 0.867 0.906 0.899 
0.888 0.983 0.971 0.892 1.04 1.012 0.922 0.967 1.083 1.099 
0.999 1.181 1.192 1.184 1.105 1.323 1.232 1.313 1.3 1.48 
1.622 1.547 1.82 2.392 2.502 2.27 2.611 3.545 3.243 4.009 
3.195 2.284 1.281 1.315 1.998 2.015 3.365 3.468 3.017 2.71 
1.794 1.238 1.021 1.19 1.283 1.401 1.388 2.107 1.75 4.487 
7.185 8.243 7.473 7.871 9.146 14.22 15.0 15.0 15.0 14.771 
10.313 5.555 1.376 2.362 2.617 2.208 1.695 1.542 1.554 1.391 
1.144 1.032 1.015 1.048 0.91 0.871 0.877 0.847 0.806 0.879 
0.926 0.893 1.059 1.199 1.239 1.881 1.658 1.357 1.614 2.141 
2.242 1.969 2.21 2.62 2.266 1.932 2.188 1.556 1.6 1.622 
1.423 1.228 1.444 1.332 1.186 0.875 1.096 0.982 0.951 0.828 
0.923 0.818 1.086 0.866 0.905 1.069 1.0 1.035 0.941 0.966 
1.0 0.917 0.888 0.825 0.951 0.858 0.949 0.937 1.052 1.182 
1.221 1.256 1.475 1.495 1.614 1.479 1.461 1.2 1.063 1.198 
1.045 0.811 0.796 0.85 0.814 0.668 0.808 0.853 0.823 0.789 
0.948 1.147 0.999 1.241 1.406 1.065 0.887 1.298 1.201 1.411 
1.067 1.344 1.269 1.009 1.082 1.05 1.183 1.395 1.555 2.658 
2.682 2.616 1.976 1.6 1.366 1.191 1.096 0.944 0.774 0.83 
0.784 0.643 0.657 0.675 0.568 0.577 0.602 0.587 0.555 0.619 
0.645 0.688 0.753 0.819 0.904 0.919 1.027 1.238 1.73 2.408 
1.406 1.86 2.257 2.961 2.386 1.786 2.182 2.313 1.958 1.893 
2.159 1.993 1.677 1.623 1.843 1.724 1.575 1.366 1.147 1.014 
0.881 0.826 0.836 0.772 0.63 0.623 0.687 0.558 0.561 0.552 
0.591 0.524 0.595 0.642 0.627 0.65 0.718 0.797 0.86 0.866 
0.925 1.129 1.168 1.421 1.581 1.655 1.356 1.338 1.569 1.469 
0.978 1.048 0.905 1.316 2.368 2.387 5.402 5.197 7.371 5.781 
5.632 2.852 1.638 1.072 1.044 1.496 1.81 2.663 3.055 2.718 
3.452 3.62 5.809 11.53 12.056 12.939 13.567 11.206 11.504 11.296 
6.87 1.583 2.225 1.758 1.18 0.968 1.037 0.907 0.791 0.765 
0.79 0.681 0.628 0.674 0.735 0.602 0.581 0.636 0.702 0.555 
0.634 0.745 0.647 0.635 0.771 0.888 0.895 0.968 1.162 1.24 
1.401 1.465 2.057 2.587 5.091 7.696 4.583 8.539 9.625 8.367 
7.46 5.138 4.086 3.227 3.031 2.805 2.64 2.73 2.193 2.462 
2.229 1.973 1.594 1.832 1.756 1.168 1.135 1.363 1.214 0.875 
1.022 1.232 1.108 0.92 1.184 1.335 1.265 1.364 2.003 1.815 
2.403 2.378 1.737 1.717 1.429 1.015 1.398 1.43 1.1 1.21 
1.475 1.303 1.11 1.387 1.549 1.243 1.19 1.895 2.388 5.004 
5.909 8.091 11.372 11.791 9.265 9.836 10.316 9.689 6.459 4.92 
3.585 3.677 4.762 6.039 2.713 3.698 3.702 2.281 1.655 1.748 
1.975 1.677 1.42 1.429 1.37 1.51 1.343 1.358 1.301 1.366 
1.347 1.449 1.457 1.452 1.453 1.463 1.618 1.72 1.822 1.94 
1.988 2.312 3.086 3.692 4.013 6.17 6.139 4.923 4.793 6.736 
5.735 5.775 3.681 2.706 2.738 2.532 2.685 2.326 2.27 2.523 
2.119 1.831 1.896 1.928 1.748 1.745 2.054 1.75 1.746 1.758 
1.904 1.856 2.065 1.811 2.376 2.414 1.97 2.774 3.448 4.108 
3.688 3.432 4.461 5.153 5.866 4.58 5.475 4.203 4.191 5.033 
3.287 3.255 3.187 3.646 3.579 3.38 3.692 7.524 4.675 3.835 
4.916 4.157 3.637 4.309 3.752 2.827 2.844 2.597 2.201 2.185 
1.962 1.698 1.522 1.579 1.755 1.618 1.496 1.595 1.579 1.631 
1.813 1.908 1.906 2.284 2.348 2.679 2.285 2.878 3.155 4.908 
4.951 5.127 3.64 2.52 2.859 2.218 2.166 1.966 1.877 1.594 
1.758 1.532 1.507 1.581 1.644 1.529 1.509 1.792 1.627 1.647 
2.007 4.091 6.71 8.822 7.626 11.299 7.289 7.27 8.049 8.027 
10.919 10.959 8.423 6.748 3.592 6.824 7.274 4.086 3.32 4.097 
6.887 8.795 9.684 8.023 8.137 11.251 11.826 10.86 11.38 14.786 
13.707 14.047 11.549 10.726 9.451 6.117 5.01 5.044 5.408 4.433 
3.892 3.389 3.441 2.723 3.106 3.308 3.401 2.756 3.909 5.833 
5.504 6.106 5.863 6.555 8.546 8.658 8.824 11.885 12.286 12.973 
13.317 14.343 12.745 14.559 15.0 13.666 14.346 14.718 14.59 12.88 
14.888 13.499 12.023 11.85 13.602 13.677 10.207 13.233 11.815 13.974 
12.609 12.647 12.284 10.355 10.451 9.317 9.19 8.923 5.225 3.593 
3.582 4.062 3.743 3.376 2.588 3.148 3.502 2.66 2.592 2.964 
2.924 2.669 2.894 3.228 3.118 2.724 2.764 2.422 2.948 2.518 
2.085 2.085 2.155 1.858 1.381 1.473 1.664 1.369 1.294 1.363 
1.211 1.192 1.17 1.243 1.185 1.146 1.343 1.405 1.336 1.48 
1.711 1.595 1.972 2.239 2.367 2.453 2.947 2.866 2.47 1.921 
1.653 1.762 1.503 1.144 1.239 1.171 0.963 0.975 1.063 1.053 
0.995 1.101 1.177 1.266 1.545 1.593 1.804 1.43 1.263 1.213 
1.208 1.152 1.02 1.103 0.957 0.937 1.007 0.972 0.888 0.96 
1.054 0.958 0.939 1.054 1.075 1.224 1.401 1.225 1.265 1.662 
1.536 1.315 1.348 1.164 1.079 1.038 1.098 1.113 1.021 1.028 
1.16 1.181 1.104 1.186 1.351 1.381 1.189 1.357 1.244 1.425 
1.227 1.162 1.12 1.096 1.021 1.051 0.936 0.839 0.974 0.863 
0.716 0.838 0.81 0.769 0.698 0.831 0.843 0.776 0.837 0.925 
0.938 0.884 0.91 0.922 1.11 1.327 1.6 2.364 2.761 6.338 
9.326 10.383 7.57 8.621 6.67 5.493 10.067 9.863 11.271 6.26 
4.792 2.288 2.527 2.107 1.368 1.286 1.139 1.087 1.223 1.247 
1.232 1.15 1.089 1.097 1.078 0.997 0.909 1.074 1.04 0.994 
1.025 1.227 1.2 1.448 1.248 1.033 1.016 0.963 0.841 0.769 
0.836 0.736 0.671 0.66 0.66 0.565 0.583 0.568 0.579 0.582 
0.615 0.654 0.723 0.792 0.947 0.944 1.088 0.923 0.879 1.011 
1.1 0.866 1.061 1.284 1.172 1.242 1.129 1.027 1.254 1.087 
0.835 0.976 1.077 0.93 0.871 1.008 1.058 1.018 1.027 1.151 
1.135 1.178 1.013 0.946 0.96 0.904 0.715 0.712 0.708 0.61 
0.571 0.61 0.612 0.581 0.628 0.64 0.689 0.733 0.724 0.756 
0.802 0.952 0.941 0.828 0.766 0.723 0.785 0.685 0.583 0.64 
0.821 0.677 0.67 0.847 0.943 0.967 1.198 1.714 2.045 3.78 
4.404 6.946 7.44 7.44 7.8 3.002 1.689 1.642 1.399 1.142 
1.151 0.993 1.026 1.008 0.937 0.832 0.97 0.915 0.749 0.803 
0.671 0.628 0.671 0.701 0.684 0.741 0.737 0.791 0.714 0.642 
0.679 0.699 0.624 0.647 0.732 0.771 0.877 0.876 0.98 1.165 
1.358 1.69 3.082 3.787 6.499 6.831 4.756 5.106 2.559 2.62 
2.246 1.389 1.37 1.153 1.301 1.326 1.308 2.419 6.954 10.989 
14.319 13.967 15.0 15.0 15.0 15.0 15.0 15.0 13.385 14.35 
11.029 8.57 13.187 9.088 6.371 3.575 3.982 2.466 1.296 1.272 
0.992 0.875 1.031 1.158 0.85 0.949 1.119 1.013 0.913 1.25 
1.404 1.2 1.526 1.84 1.858 2.254 1.549 1.809 2.733 4.131 
7.048 10.819 14.919 15.0 15.0 15.0 15.0 15.0 15.0 15.0 
15.0 14.601 9.543 6.949 3.529 2.666 1.513 1.821 1.904 1.535 
1.22 1.276 1.16 1.019 0.831 0.826 0.78 0.722 0.697 0.751 
0.759 0.651 0.722 0.802 0.87 0.723 0.805 1.05 0.898 0.824 
0.948 0.94 0.761 0.902 1.014 1.027 0.916 1.095 1.331 1.078 
1.619 1.925 2.848 2.104 4.111 6.648 7.961 8.836 7.132 3.951 
2.177 1.601 1.326 1.236 1.205 1.034 1.071 1.223 1.13 1.079 
1.146 1.244 1.263 1.154 1.198 1.51 1.857 3.03 4.825 4.386 
5.247 7.243 3.969 3.169 2.984 2.19 2.233 2.237 1.631 1.364 
1.257 1.273 1.146 0.969 1.083 1.091 0.901 0.972 1.035 1.049 
0.905 1.02 1.098 1.055 0.945 1.032 1.321 1.647 1.282 1.292 
1.229 1.076 3.199 2.88 7.569 9.105 9.192 9.803 8.648 7.283 
7.112 3.628 2.461 1.921 1.568 1.269 1.337 1.14 0.962 0.944 
0.979 0.972 0.923 0.911 1.0 1.024 0.995 0.934 1.074 1.035 
1.072 1.29 1.455 1.461 1.707 2.056 2.593 5.814 6.433 8.026 
7.816 6.772 5.968 3.089 1.648 1.894 1.435 1.327 1.32 1.322 
1.316 1.348 1.512 1.517 1.61 1.789 2.119 1.983 2.088 3.014 
4.048 6.643 6.961 6.929 3.871 2.624 5.803 5.245 2.824 5.073 
5.21 9.647 11.352 9.556 8.66 10.701 10.246 7.137 5.301 5.692 
3.035 2.291 1.972 1.626 1.223 1.075 1.039 1.099 1.022 0.99 
0.916 0.895 0.887 0.936 0.904 0.777 0.878 1.031 0.792 0.889 
1.142 0.949 0.965 0.874 1.038 1.02 1.109 1.4 1.054 1.107 
1.323 1.224 0.974 1.227 1.274 1.162 1.178 1.361 1.305 1.17 
1.195 1.553 1.607 1.586 1.979 2.841 2.583 3.418 4.588 5.722 
7.636 7.925 9.455 12.36 15.0 15.0 15.0 15.0 15.0 15.0 
15.0 15.0 15.0 15.0 15.0 15.0 15.0 15.0 15.0 15.0 
15.0 15.0 15.0 12.889 10.965 7.295 3.084 3.098 1.281 2.655 
2.198 3.995 3.582 2.356 4.475 5.253 6.405 8.086 7.954 8.983 
9.601 11.108 12.644 12.796 14.623 15.0 15.0 14.561 14.116 12.872 
11.143 11.858 10.531 9.961 9.927 10.65 15.0 15.0 15.0 15.0 
15.0 15.0 15.0 15.0 15.0 15.0 15.0 15.0 15.0 11.906 
15.0 14.747 13.261 13.607 10.26 9.713 8.073 4.369 3.524 3.052 
2.087 1.615 0.942 1.179 1.091 0.885 0.88 0.677 0.618 0.644 
0.604 0.603 0.652 0.714 0.674 0.704 0.991 0.838 0.859 1.107 
1.371 1.513 1.2 1.138 0.997 0.845 0.916 0.996 0.907 0.896 
1.103 1.068 0.856 1.021 1.254 1.075 0.97 1.243 1.38 1.393 
1.326 1.73 2.113 2.657 2.995 5.745 7.172 10.677 13.716 15.0 
15.0 15.0 15.0 15.0 15.0 15.0 15.0 15.0 15.0 15.0 
15.0 15.0 15.0 15.0 15.0 15.0 15.0 15.0 15.0 15.0 
15.0 15.0 15.0 15.0 15.0 15.0 15.0 15.0 15.0 15.0 
15.0 15.0 15.0 15.0 15.0 15.0 15.0 15.0 15.0 14.645 
11.563 9.891 6.35 4.385 2.842 2.172 1.422 1.282 1.297 1.229 
1.453 1.382 1.734 1.928 1.675 1.348 1.283 1.197 1.372 1.769 
2.151 1.788 1.953 1.777 1.61 1.262 1.572 1.37 1.328 1.355 
1.448 1.304 1.272 1.353 1.554 1.459 1.512 1.619 1.67 1.704 
1.864 3.402 2.911 2.573 3.212 4.571 5.238 6.166 9.582 12.575 
14.253 15.0 15.0 15.0 15.0 15.0 15.0 15.0 15.0 15.0 
15.0 15.0 15.0 15.0 13.97 14.379 14.684 13.763 14.143 13.577 
11.162 11.345 13.621 12.701 15.0 15.0 15.0 15.0 15.0 15.0 
15.0 15.0 15.0 15.0 15.0 15.0 15.0 15.0 15.0 15.0 
15.0 15.0 15.0 15.0 15.0 15.0 15.0 15.0 13.575 13.302 
15.0 15.0 15.0 14.298 15.0 15.0 13.922 15.0 15.0 15.0 
15.0 15.0 15.0 15.0 15.0 15.0 15.0 15.0 15.0 15.0 
15.0 15.0 15.0 15.0 15.0 15.0 15.0 15.0 15.0 15.0 
15.0 15.0 15.0 15.0 15.0 14.642 11.866 9.777 5.767 3.833 
2.595 1.858 1.745 1.159 1.13 0.842 0.88 0.776 0.861 0.747 
0.634 0.628 0.646 0.553 0.509 0.568 0.538 0.586 0.626 0.765 
0.851 1.24 1.465 1.718 1.987 1.758 1.438 1.643 1.428 1.161 
1.06 1.124 1.047 0.814 0.981 0.975 0.931 0.81 1.004 1.113 
1.037 0.948 0.826 0.791 0.754 0.718 0.65 0.647 0.743 0.662 
0.595 0.695 0.756 0.668 0.679 0.834 0.802 0.788 0.898 0.963 
0.911 0.86 0.762 0.784 0.733 0.735 0.698 0.683 0.629 0.842 
0.779 0.65 0.754 1.206 1.015 0.861 1.152 1.522 2.101 2.117 
3.236 2.59 3.138 3.083 2.011 1.487 1.287 0.91 0.976 1.114 
1.035 0.875 0.951 0.875 0.959 0.875 0.731 0.723 0.74 0.742 
0.62 0.673 0.72 0.731 0.666 0.789 0.916 0.886 0.93 1.173 
1.229 1.14 1.232 1.092 0.912 1.021 1.138 0.942 0.864 1.091 
1.197 1.265 1.227 1.601 1.889 1.586 1.708 1.769 2.611 2.776 
3.758 6.178 10.219 10.595 12.934 15.0 15.0 15.0 14.912 12.64 
2.991 1.893 1.704 1.348 1.309 1.182 0.962 0.877 0.8 0.894 
0.777 0.781 0.841 0.942 0.843 0.977 1.096 1.15 1.268 1.372 
1.148 1.239 1.554 1.534 1.414 1.253 0.914 1.05 1.01 0.83 
0.789 0.894 0.974 0.831 0.928 1.108 1.318 1.145 1.62 2.605 
5.377 10.314 9.809 11.871 13.813 13.484 15.0 15.0 15.0 15.0 
15.0 15.0 15.0 15.0 15.0 15.0 15.0 14.75 11.991 9.265 
9.425 1.995 2.737 1.847 1.805 1.448 1.315 1.197 1.027 1.012 
0.986 0.851 0.864 1.048 0.864 0.785 0.958 1.156 1.338 1.471 
1.07 1.311 1.173 1.122 1.012 0.896 1.048 0.997 0.86 0.89 
1.006 0.964 0.877 1.073 1.188 1.175 1.302 1.586 1.935 1.928 
1.646 1.342 1.198 1.172 1.14 0.938 1.031 1.099 1.058 0.901 
1.019 1.146 1.044 0.843 1.146 1.152 0.923 1.017 1.218 1.151 
1.026 1.126 1.229 1.228 1.015 1.157 1.381 1.404 1.278 1.962 
2.158 2.073 2.33 3.241 7.674 12.517 14.169 14.143 14.15 15.0 
12.293 14.607 13.645 12.912 10.709 11.375 10.223 7.374 3.545 7.364 
6.107 3.659 1.24 1.33 1.06 0.87 0.853 0.721 0.686 0.705 
0.676 0.654 0.698 0.802 0.799 0.836 0.881 1.025 0.977 1.113 
1.258 1.62 3.965 7.063 9.042 8.291 8.759 6.644 5.564 3.37 
3.58 2.502 1.908 1.238 1.52 1.358 1.168 1.185 1.329 1.217 
1.098 1.348 1.174 1.792 1.274 1.039 1.057 1.143 0.96 0.867 
0.941 0.984 0.984 1.036 1.185 1.271 1.359 1.486 1.511 1.809 
2.055 2.722 2.354 2.168 2.794 2.794 1.767 2.268 2.282 1.329 
1.396 1.04 0.883 1.115 1.114 0.855 0.989 1.203 0.993 1.18 
1.429 1.623 2.85 2.516 5.215 6.111 10.03 10.494 11.125 12.658 
14.897 15.0 15.0 15.0 15.0 15.0 15.0 15.0 15.0 15.0 
14.817 12.299 7.579 6.822 5.683 5.114 4.117 2.486 1.771 2.344 
2.386 1.919 1.883 2.0 1.953 1.821 1.758 2.015 2.051 1.606 
1.718 1.833 1.779 1.801 1.607 2.18 1.951 1.873 1.981 2.25 
2.413 2.33 2.036 1.808 1.902 2.138 2.12 1.684 1.488 1.598 
1.44 1.411 1.281 1.373 1.527 1.139 1.35 1.394 1.167 1.099 
0.84 1.228 1.29 1.012 1.068 1.264 1.2 1.099 1.303 1.404 
1.322 1.172 1.617 1.772 2.186 2.816 3.541 2.82 1.506 1.089 
0.97 0.834 0.909 0.787 0.993 0.856 1.071 0.961 1.116 0.962 
0.738 0.728 0.893 0.921 0.863 0.819 1.146 1.059 1.123 1.068 
1.504 1.215 1.168 0.931 0.939 0.953 0.885 0.801 0.961 0.873 
0.881 0.753 0.799 0.711 1.046 1.173 1.349 2.93 2.771 4.272 
1.368 1.069 0.827 0.788 0.733 0.767 0.719 0.639 0.629 0.617 
0.56 0.534 0.597 0.584 0.559 0.616 0.72 0.668 0.678 0.794 
0.931 1.041 1.356 1.0 0.982 0.764 0.809 0.809 0.908 0.892 
1.119 1.318 1.143 1.197 0.904 0.746 0.74 0.7 0.742 0.807 
0.932 1.055 0.89 1.068 1.008 1.001 0.959 0.791 0.729 0.668 
0.64 0.617 0.59 0.62 0.576 0.531 0.594 0.586 0.502 0.508 
0.611 0.568 0.551 0.585 0.7 0.638 0.662 0.6 0.672 0.611 
0.774 0.679 0.728 0.564 0.624 0.571 0.547 0.507 0.507 0.522 
0.508 0.537 0.598 0.546 0.541 0.581 0.654 0.813 0.849 0.939 
0.774 0.855 0.943 0.903 0.896 0.971 0.986 0.931 0.875 0.875 
0.906 0.828 0.747 0.894 1.003 0.931 0.902 1.378 1.48 1.45 
1.317 15.0 15.0 1.467 1.23 1.103 0.963 0.856 0.801 0.88 
0.745 0.918 0.909 1.279 1.328 1.714 1.674 1.509 1.169 1.015 
0.903 0.826 0.977 0.761 1.091 1.287 1.307 1.0 1.009 0.971 
0.867 0.864 0.7 0.704 0.798 0.69 0.627 0.643 0.648 0.608 
0.586 0.603 0.698 0.674 0.644 0.75 0.876 0.843 0.92 0.889 
0.995 1.018 0.998 0.874 0.907 0.791 0.691 0.694 0.774 0.676 
0.614 0.671 0.75 0.644 0.607 0.763 0.799 0.736 0.784 0.891 
0.8 0.947 0.875 0.794 0.771 0.859 0.686 0.702 0.624 0.716 
0.675 0.659 0.699 0.761 0.696 0.605 0.782 0.759 0.879 0.903 
0.992 0.826 0.897 0.791 0.819 0.773 0.73 0.713 0.746 0.699 
0.638 0.658 0.759 0.765 0.871 0.776 0.932 0.882 0.9 0.821 
0.786 0.725 0.739 0.762 0.685 0.641 0.697 0.75 0.691 0.668 
0.8 0.812 0.759 0.841 0.794 0.652 0.612 0.599 0.578 0.565 
0.575 0.577 0.595 0.816 0.676 0.738 0.74 0.704 0.635 0.728 
0.806 0.811 0.882 0.953 0.82 0.738 0.892 0.842 0.751 0.88 
0.816 0.818 0.927 0.918 0.896 0.749 0.745 0.599 0.652 0.588 
0.666 0.782 0.832 2.032 3.946 4.341 3.252 8.086 7.782 8.974 
1.07 1.045 0.871 0.844 0.863 0.792 0.758 0.722 0.687 0.733 
0.748 0.757 1.203 1.046 1.074 1.182 1.038 0.812 0.959 1.03 
0.864 0.805 1.156 1.304 1.328 1.32 3.97 2.227 1.567 8.85 
9.894 11.418 13.319 15.0 15.0 15.0 15.0 15.0 15.0 15.0 
15.0 15.0 15.0 15.0 15.0 15.0 15.0 15.0 15.0 15.0 
15.0 15.0 15.0 
END
