PFRMAT local QA
AUTHOR LAW-CASP14
af2-standard_T1146_3.pdb local_accuracy_only 15.0 15.0 15.0 15.0 15.0 15.0 15.0 15.0 15.0 15.0 15.0 
15.0 15.0 15.0 15.0 15.0 15.0 15.0 15.0 15.0 15.0 
15.0 15.0 15.0 15.0 12.257 10.029 8.266 8.663 7.99 2.507 
5.105 5.844 3.545 3.231 3.713 4.219 3.889 2.909 4.701 5.193 
6.356 5.174 3.94 6.531 5.862 4.323 4.98 5.288 2.864 1.983 
1.27 1.198 1.286 1.217 0.875 0.989 1.048 0.881 0.846 1.028 
1.07 0.928 0.948 0.86 0.785 0.818 0.797 0.863 0.926 0.936 
0.808 0.834 1.026 1.213 1.534 4.469 4.413 3.925 6.139 5.748 
5.363 5.679 1.039 1.159 0.974 1.004 1.071 1.151 0.956 0.849 
0.709 0.707 0.555 0.539 0.548 0.552 0.546 0.61 0.631 0.611 
0.643 0.668 0.689 0.743 0.771 0.792 1.195 1.255 1.267 1.09 
0.96 0.81 0.868 0.962 0.814 0.76 0.906 0.987 0.843 0.846 
0.939 1.023 1.111 1.046 1.097 0.959 1.163 1.095 1.568 1.087 
0.991 1.06 1.07 1.146 1.103 1.308 1.341 1.127 1.066 1.078 
1.178 1.041 1.0 1.014 1.1 1.089 1.17 1.16 0.984 0.948 
0.873 0.904 1.036 1.288 1.432 1.339 1.623 2.285 2.911 1.979 
1.698 1.7 2.096 2.408 2.934 2.824 2.731 2.429 2.986 2.903 
4.04 4.928 4.083 4.224 4.879 4.947 5.787 6.805 5.953 5.301 
4.796 7.168 6.316 6.902 8.737 11.124 15.0 11.842 12.164 12.667 
9.817 9.208 10.887 10.115 5.488 7.048 6.708 5.379 4.012 4.285 
4.287 3.553 3.47 3.04 2.515 2.64 2.221 2.378 1.673 1.383 
1.054 1.1 1.075 1.05 1.278 1.277 1.177 1.271 1.364 1.365 
1.328 1.483 1.306 1.288 1.417 1.263 1.024 0.83 0.869 0.804 
0.676 0.584 0.597 0.628 0.713 0.835 1.129 1.944 3.381 2.774 
5.203 4.279 4.659 6.02 6.296 4.5 4.94 4.054 3.405 2.021 
1.74 0.816 0.795 0.598 0.586 0.572 0.604 0.672 0.844 1.127 
1.411 2.391 1.861 1.578 0.994 0.948 0.776 0.794 0.662 0.75 
0.951 2.243 4.32 5.22 5.541 3.662 2.711 0.893 0.822 0.98 
0.995 1.028 1.041 0.873 1.051 1.024 0.983 1.044 1.104 1.142 
1.231 1.453 1.82 2.023 2.51 2.211 1.273 1.135 0.944 0.774 
0.799 0.702 0.741 0.812 0.948 1.268 1.42 1.655 2.064 
END
