PFRMAT local QA
AUTHOR MASS-CASP14
af2-standard_T1146_3.pdb local_accuracy_only 15.0 15.0 15.0 15.0 15.0 15.0 15.0 15.0 15.0 15.0 15.0 
15.0 15.0 15.0 15.0 15.0 15.0 15.0 14.114 15.0 13.768 
13.291 12.546 10.18 10.584 8.335 7.739 6.239 5.657 5.002 4.423 
3.907 3.99 3.446 2.808 3.07 3.054 2.507 2.817 2.943 4.027 
4.936 4.108 3.926 3.678 3.878 2.971 3.026 2.946 2.643 1.915 
1.827 1.703 1.695 1.554 1.325 1.366 1.294 1.156 1.172 1.359 
1.453 1.368 1.337 1.337 1.333 1.251 1.196 1.354 1.959 2.151 
1.768 1.58 2.116 2.581 2.743 3.102 2.697 2.687 2.113 2.172 
1.995 2.395 1.965 1.747 1.615 1.628 1.754 1.524 1.584 1.327 
1.039 0.966 0.995 1.027 1.084 1.007 1.031 1.02 1.049 1.07 
1.071 1.086 0.973 1.105 1.059 1.203 1.25 1.418 1.666 1.579 
1.348 1.098 1.223 1.328 1.219 1.075 1.208 1.343 1.299 1.321 
1.214 1.421 1.754 1.931 1.774 1.514 1.574 1.585 1.831 1.515 
1.434 1.58 1.448 1.323 1.605 1.765 1.919 1.62 1.635 2.164 
2.62 2.578 2.591 2.176 2.192 1.881 1.811 1.564 1.429 1.505 
1.502 1.307 1.373 1.609 2.295 2.057 2.733 3.656 4.418 4.004 
3.126 3.114 2.959 3.492 3.326 3.065 2.841 2.608 2.748 2.811 
2.83 2.998 2.488 2.617 3.22 4.189 4.629 5.527 7.302 8.05 
7.61 7.051 5.435 4.384 3.809 3.508 3.136 2.766 2.48 2.839 
2.477 2.506 2.866 3.035 2.77 3.18 3.628 3.755 3.331 3.456 
3.657 3.373 3.525 3.081 2.702 2.057 1.849 1.804 1.401 1.441 
1.25 1.166 1.358 1.496 1.734 1.642 1.538 2.264 2.613 3.084 
3.005 3.3 2.46 2.245 2.53 2.223 1.573 1.605 1.543 1.315 
1.098 0.982 1.101 1.119 1.081 1.147 1.429 2.434 3.535 3.913 
4.478 4.416 4.827 5.835 5.237 4.857 5.72 5.646 4.291 2.488 
1.843 1.579 1.258 1.284 1.185 1.267 1.161 1.233 1.399 1.721 
2.346 2.994 2.911 1.952 1.223 1.032 1.083 1.008 1.084 1.222 
1.298 1.782 2.401 3.646 5.52 6.785 5.79 4.581 3.993 3.54 
3.128 3.12 2.538 2.032 2.578 2.74 3.027 2.838 4.135 5.403 
5.174 5.918 5.823 5.6 4.407 2.35 1.559 1.605 1.361 1.061 
1.092 1.001 1.022 1.039 1.081 1.328 1.867 2.6 3.509 
END
