PFRMAT local QA
AUTHOR MASS-CASP14
af2-standard_T1146_5.pdb local_accuracy_only 15.0 15.0 15.0 15.0 15.0 15.0 15.0 15.0 15.0 15.0 15.0 
15.0 15.0 14.588 13.476 13.19 13.424 13.389 12.199 13.51 12.335 
12.186 12.313 9.919 10.364 8.299 7.818 6.153 5.632 4.944 4.231 
3.742 3.806 3.344 2.633 2.897 2.964 2.426 2.764 2.873 3.908 
4.731 3.871 3.713 3.516 3.453 2.639 2.686 2.772 2.436 1.789 
1.64 1.631 1.737 1.517 1.333 1.368 1.312 1.158 1.22 1.331 
1.406 1.371 1.428 1.388 1.371 1.366 1.296 1.474 2.125 2.37 
1.928 1.793 2.339 2.907 3.158 3.662 3.061 2.909 2.259 2.189 
1.919 2.29 1.881 1.646 1.533 1.6 1.723 1.508 1.515 1.306 
1.033 0.936 0.98 1.022 1.074 1.001 1.05 1.02 1.052 1.066 
1.045 1.091 0.95 1.038 0.997 1.16 1.235 1.385 1.625 1.555 
1.352 1.113 1.228 1.32 1.196 1.074 1.183 1.313 1.287 1.321 
1.231 1.423 1.751 1.969 1.799 1.599 1.644 1.607 1.861 1.538 
1.497 1.64 1.509 1.363 1.652 1.819 2.019 1.763 1.763 2.391 
2.801 2.809 2.766 2.286 2.191 1.864 1.788 1.602 1.478 1.539 
1.532 1.317 1.387 1.62 2.412 2.263 3.09 4.164 5.153 4.817 
3.822 3.841 3.626 4.246 4.007 3.618 3.391 3.022 3.125 3.131 
3.075 3.222 2.626 2.72 3.309 4.317 4.641 5.592 7.343 8.245 
7.355 6.881 5.658 4.619 3.83 3.588 3.226 2.794 2.572 3.014 
2.646 2.658 3.084 3.25 2.938 3.438 3.846 4.002 3.56 3.733 
3.866 3.574 3.772 3.215 2.815 2.126 1.925 1.85 1.438 1.493 
1.287 1.215 1.391 1.548 1.73 1.686 1.583 2.397 2.666 3.05 
2.976 3.291 2.477 2.206 2.484 2.147 1.601 1.651 1.634 1.427 
1.167 1.03 1.123 1.147 1.119 1.17 1.431 2.434 3.644 4.187 
4.759 4.861 5.176 6.286 6.027 5.764 6.383 6.14 4.154 2.34 
1.781 1.552 1.209 1.259 1.158 1.25 1.136 1.218 1.396 1.734 
2.31 3.0 2.909 1.99 1.251 1.075 1.135 1.047 1.116 1.249 
1.381 1.921 2.592 3.849 5.955 6.904 5.602 4.412 3.478 2.993 
2.71 2.709 2.134 1.782 2.175 2.299 2.523 2.28 3.274 4.416 
4.23 4.813 4.997 4.936 3.94 2.103 1.465 1.53 1.302 1.035 
1.08 0.99 0.999 1.04 1.099 1.283 1.753 2.322 3.068 
END
