PFRMAT local QA
AUTHOR LAW-CASP14
af2-standard_T1146_5.pdb local_accuracy_only 15.0 15.0 15.0 15.0 15.0 15.0 15.0 15.0 15.0 15.0 15.0 
15.0 15.0 15.0 15.0 15.0 15.0 15.0 15.0 15.0 15.0 
15.0 15.0 15.0 15.0 13.908 12.371 10.252 9.256 8.237 2.121 
5.165 5.936 3.378 3.1 3.513 3.992 3.563 2.713 4.017 4.265 
5.062 3.957 3.212 5.09 4.285 3.045 3.702 4.045 2.383 1.89 
1.244 1.283 1.248 1.143 0.839 0.985 1.012 0.843 0.823 1.015 
1.055 0.921 0.953 0.859 0.766 0.813 0.776 0.909 1.014 1.04 
0.815 0.823 1.019 1.202 1.361 2.438 2.939 2.394 3.687 3.145 
2.308 3.094 0.973 1.003 0.888 0.939 0.982 1.072 0.954 0.808 
0.693 0.693 0.561 0.525 0.536 0.532 0.527 0.589 0.604 0.576 
0.596 0.634 0.645 0.684 0.766 0.753 1.157 1.227 1.226 1.073 
0.944 0.781 0.847 0.948 0.818 0.753 0.89 0.964 0.823 0.811 
0.899 0.968 1.073 1.018 1.065 0.945 1.11 1.107 1.091 1.013 
0.934 0.946 0.968 0.988 1.004 1.216 1.314 1.051 1.002 1.038 
1.135 0.992 0.977 0.994 1.059 1.001 1.084 1.093 0.967 0.945 
0.865 0.89 1.027 1.25 1.387 1.358 1.657 2.32 3.115 2.139 
1.77 1.898 2.233 2.367 2.867 2.601 2.687 2.253 3.439 3.52 
5.415 6.576 5.211 6.376 7.324 6.805 7.198 8.233 6.512 5.238 
4.175 5.558 4.522 4.98 7.9 10.383 15.0 11.599 12.179 12.869 
9.344 9.979 12.189 11.936 10.0 10.031 9.69 7.828 6.596 6.706 
6.815 4.271 4.635 3.361 2.64 2.561 2.118 2.302 1.599 1.381 
1.041 1.099 1.075 1.026 1.25 1.298 1.171 1.254 1.381 1.375 
1.314 1.498 1.344 1.294 1.452 1.328 1.102 0.911 0.936 0.821 
0.701 0.581 0.588 0.61 0.68 0.783 1.004 1.512 2.233 2.133 
4.428 4.056 4.76 6.244 6.873 4.99 5.37 4.081 3.012 1.75 
1.476 0.759 0.737 0.576 0.563 0.549 0.581 0.65 0.812 1.12 
1.329 2.144 1.741 1.458 0.973 0.894 0.723 0.722 0.614 0.685 
0.862 1.446 3.948 4.663 5.394 3.053 2.282 0.832 0.812 0.926 
0.945 0.967 0.991 0.836 1.019 1.001 0.949 1.03 1.09 1.16 
1.222 1.491 2.091 2.002 2.235 1.863 1.152 1.06 0.912 0.754 
0.787 0.704 0.754 0.816 0.972 1.205 1.236 1.281 1.197 
END
