PFRMAT local QA
AUTHOR MASS-CASP14
af2-standard_T1150_3.pdb local_accuracy_only 5.43 3.991 2.779 2.209 2.611 2.797 2.553 2.405 2.366 2.736 2.245 
2.622 2.529 2.351 2.495 3.438 3.596 3.592 3.35 3.409 2.949 
2.389 2.374 2.382 1.934 1.449 1.585 1.597 1.366 1.141 1.371 
1.258 1.026 1.179 1.3 1.004 1.002 1.03 1.074 0.849 0.983 
1.061 1.166 1.117 1.132 1.143 1.119 1.135 1.287 1.336 1.287 
1.297 1.644 1.852 1.68 1.57 1.979 2.012 1.592 1.703 2.032 
1.702 1.425 1.255 1.094 1.017 1.048 0.928 1.165 1.318 1.029 
1.107 1.061 1.298 1.267 1.047 1.153 1.063 1.148 1.626 2.466 
3.805 3.698 2.828 1.75 1.44 1.133 0.979 0.912 0.887 1.134 
1.14 1.102 1.4 1.45 1.342 1.623 1.499 1.48 1.285 1.286 
1.299 1.215 1.122 1.058 1.16 1.098 1.079 1.053 0.99 0.955 
1.016 0.975 0.921 1.014 1.288 1.572 1.672 1.613 1.343 1.396 
1.513 1.581 1.401 1.503 1.41 1.246 1.128 1.023 1.184 1.139 
0.97 0.995 1.17 1.163 1.106 1.194 1.429 1.392 1.479 1.848 
2.329 2.853 3.074 4.028 4.3 5.181 5.162 6.029 6.478 6.675 
6.116 4.936 5.574 4.351 3.763 4.312 4.848 4.781 4.982 4.694 
4.888 4.369 4.272 3.339 3.317 2.935 2.998 2.545 2.327 2.319 
2.761 2.802 2.628 2.326 2.748 2.445 2.891 2.802 3.185 3.192 
2.95 2.681 2.351 2.251 2.349 2.69 2.111 2.199 2.22 2.171 
2.201 2.382 2.351 2.478 2.805 3.999 5.205 5.932 6.04 4.745 
3.886 2.99 2.597 2.196 2.25 1.956 2.144 2.234 1.915 1.852 
1.505 1.361 1.326 1.157 1.252 1.207 1.547 1.351 1.609 1.95 
2.075 2.098 2.38 3.022 3.591 5.843 7.952 8.288 8.188 8.527 
8.242 9.662 8.987 7.203 6.495 5.218 4.462 3.89 4.194 3.199 
2.871 3.1 2.347 2.298 2.701 3.407 3.396 3.163 3.649 3.945 
4.061 4.727 4.39 4.175 3.582 2.884 2.764 2.338 1.991 2.009 
2.343 2.638 2.514 2.309 2.296 2.076 2.252 2.294 2.287 2.115 
1.798 2.005 2.188 2.404 2.698 1.753 1.51 1.333 1.18 1.244 
1.286 1.22 1.135 1.293 1.503 1.362 1.734 1.584 1.457 1.589 
1.708 2.22 2.899 2.559 3.718 3.651 4.29 2.939 2.324 1.797 
1.69 1.422 1.393 1.271 1.3 1.21 1.155 1.038 1.115 1.139 
0.999 1.074 1.127 1.152 1.191 1.334 1.512 1.529 1.816 2.214 
1.669 1.84 2.029 1.955 1.727 1.761 2.032 2.425 2.38 2.549 
2.913 2.683 2.189 1.863 2.004 1.212 1.025 1.087 1.177 1.069 
1.061 1.025 1.268 1.218 1.302 1.481 1.486 1.236 1.197 1.302 
1.188 1.101 1.324 1.195 1.079 1.324 1.616 1.79 1.951 2.635 
2.648 3.903 6.291 7.706 10.97 12.788 14.674 15.0 15.0 
END
