PFRMAT local QA
AUTHOR LAW-CASP14
af2-standard_T1150_3.pdb local_accuracy_only 11.295 9.375 1.555 1.41 1.672 2.246 1.622 1.666 2.353 2.23 1.826 
2.425 2.669 2.371 2.174 2.537 2.694 2.133 1.756 1.968 1.717 
1.443 1.53 1.421 1.352 1.28 1.317 1.247 1.074 1.154 1.173 
0.987 0.896 1.005 1.016 0.869 0.788 0.74 0.847 0.806 0.746 
0.781 0.845 0.893 0.865 1.184 1.139 0.953 1.142 1.25 1.169 
1.189 1.459 1.466 1.225 1.302 1.657 1.921 1.28 1.444 1.701 
1.307 1.131 0.991 0.796 0.811 0.73 0.711 0.713 0.735 0.712 
0.694 0.723 0.874 0.786 0.736 0.795 0.915 1.062 1.457 1.692 
2.777 2.113 1.898 1.721 1.166 1.148 0.917 0.809 0.67 0.732 
0.771 0.777 0.899 0.85 0.836 0.927 0.862 0.799 1.004 0.799 
0.851 0.77 0.683 0.662 0.677 0.653 0.648 0.655 0.63 0.629 
0.682 0.707 0.7 0.81 1.035 0.962 0.99 1.234 1.266 1.076 
1.536 1.296 1.399 1.094 1.349 1.223 0.866 0.935 1.051 0.844 
0.683 0.733 0.754 0.681 0.655 0.761 0.777 0.792 0.844 1.168 
1.382 1.458 1.699 3.961 3.708 5.726 5.52 5.404 5.563 5.405 
4.988 3.812 3.817 2.548 1.701 2.395 2.58 2.117 1.634 2.699 
3.175 3.86 3.055 2.781 3.579 3.138 3.47 3.35 2.95 2.909 
2.704 2.246 1.853 1.864 1.803 1.423 1.2 1.257 1.174 1.36 
1.422 1.373 1.355 1.383 1.44 1.526 1.2 1.313 1.368 1.319 
1.167 1.466 1.445 1.479 1.973 2.861 4.503 4.686 6.112 5.22 
4.587 3.157 2.058 1.26 1.17 1.168 1.153 1.314 1.237 1.265 
1.013 0.994 1.104 1.245 1.294 1.271 1.269 1.086 1.072 1.147 
1.216 1.464 2.36 3.578 3.862 5.301 5.069 4.083 3.16 2.127 
1.558 1.298 1.201 1.192 1.133 1.386 1.279 1.703 1.608 1.308 
1.3 1.33 2.114 1.79 1.527 2.131 2.63 3.098 4.492 4.023 
3.358 3.373 2.95 1.893 1.48 1.156 2.208 2.087 1.231 2.503 
2.573 1.903 2.26 3.064 4.548 3.676 4.477 2.696 4.111 2.965 
2.992 3.099 2.671 2.345 2.542 2.2 1.299 1.337 1.217 1.347 
1.468 1.515 1.739 1.942 1.476 1.283 1.457 0.952 1.04 1.288 
1.226 1.588 1.638 1.702 2.996 4.965 4.701 1.891 1.144 1.093 
0.984 0.899 0.821 0.743 0.732 0.69 0.652 0.652 0.689 0.691 
0.636 0.688 0.909 0.851 0.765 1.101 1.163 1.125 1.647 2.101 
1.473 1.615 2.152 1.801 1.471 1.485 2.39 1.872 1.823 2.044 
2.522 1.768 1.814 1.355 1.424 1.289 0.888 1.006 1.029 0.884 
0.716 0.798 0.917 0.803 0.736 0.848 0.857 0.771 0.835 0.877 
0.903 0.87 1.058 1.204 1.174 1.197 1.368 1.44 1.418 1.969 
3.48 8.953 12.764 15.0 15.0 15.0 15.0 15.0 15.0 
END
