PFRMAT local QA
AUTHOR MASS-CASP14
af2-standard_T1157s2_1.pdb local_accuracy_only 4.063 2.45 1.612 1.451 1.528 1.577 1.896 2.385 2.664 2.366 2.126 
2.192 2.328 2.2 2.202 2.471 3.118 3.072 2.824 1.66 1.131 
1.011 1.019 0.98 0.763 0.924 1.035 1.515 1.733 1.577 1.68 
1.523 1.364 1.615 1.696 1.514 1.698 1.799 1.759 1.626 1.858 
1.854 1.764 1.908 1.994 2.071 2.096 2.943 3.853 3.622 2.706 
1.553 1.343 1.063 0.977 1.008 0.879 0.964 0.983 1.213 1.582 
1.612 1.66 1.555 1.365 1.396 1.608 1.613 1.482 1.429 1.283 
1.68 2.013 1.552 1.461 1.14 0.97 1.093 0.91 1.02 1.328 
1.814 2.17 2.464 2.191 1.743 1.924 2.103 2.098 2.786 2.74 
2.633 2.42 1.952 1.981 2.109 1.856 1.587 1.617 1.748 1.628 
1.448 1.576 1.903 1.857 1.91 2.179 2.112 2.188 1.69 1.895 
1.98 1.979 2.47 3.21 3.447 2.669 2.502 2.872 2.987 2.613 
2.984 3.511 3.635 3.274 2.311 1.883 1.675 1.663 1.482 1.526 
1.445 1.588 2.017 2.54 2.618 2.505 2.581 2.536 2.565 2.628 
2.493 2.195 1.996 2.24 1.98 1.788 1.704 2.0 2.127 1.96 
2.196 2.416 2.222 1.728 1.59 1.424 1.464 1.758 1.976 2.48 
2.737 3.109 3.148 2.788 3.112 3.333 3.588 3.253 3.13 2.95 
3.654 3.453 3.43 2.731 2.685 2.497 2.22 2.401 2.622 3.521 
3.651 5.162 5.443 6.192 4.616 4.929 4.079 3.739 4.32 3.791 
3.417 2.691 2.503 2.539 2.593 2.341 1.941 2.315 2.054 1.864 
1.906 2.152 2.11 1.921 1.846 1.882 1.699 1.464 1.279 1.553 
1.489 1.307 1.611 1.953 1.981 1.784 1.562 1.955 1.742 1.448 
1.646 2.038 2.138 1.855 1.463 1.11 0.926 1.006 0.984 0.964 
0.999 1.212 1.598 1.623 1.63 1.701 1.418 1.358 1.719 1.688 
1.531 1.788 1.875 1.808 1.565 1.854 1.84 1.688 1.548 1.642 
1.66 1.762 1.816 2.049 1.733 1.415 1.179 1.042 1.114 1.084 
1.037 1.188 1.186 1.638 1.789 1.596 1.853 1.745 1.566 1.257 
1.736 1.662 1.638 1.571 1.481 1.735 2.112 2.354 1.693 1.234 
1.179 0.944 0.834 0.86 0.838 1.079 1.233 1.584 1.918 2.013 
1.632 1.368 1.211 1.169 1.102 1.294 1.554 1.932 2.361 2.342 
2.447 2.175 2.43 2.384 2.403 1.85 1.583 1.748 1.931 1.645 
1.531 1.671 1.602 1.439 1.721 1.919 2.041 1.927 1.972 1.844 
1.906 2.009 1.982 2.007 2.474 3.05 3.563 4.372 4.634 5.806 
5.418 4.838 4.995 4.319 2.928 1.912 1.728 1.603 1.357 1.313 
1.434 1.688 1.434 1.329 1.778 1.86 1.76 1.473 1.577 1.635 
1.419 1.28 1.26 0.981 0.859 0.842 0.79 0.417 0.473 0.843 
1.099 1.499 1.511 1.408 1.408 1.517 1.209 1.432 1.507 1.353 
1.494 1.728 1.645 1.55 1.656 1.752 1.655 2.164 2.311 2.701 
2.395 3.094 3.512 3.949 3.75 2.935 2.457 2.265 1.661 1.304 
1.055 0.911 0.922 0.852 0.885 0.986 1.153 1.409 1.598 1.784 
1.814 1.878 2.12 2.05 2.12 2.173 2.187 1.781 1.093 0.454 
0.072 0.029 0.012 0.066 0.529 1.038 1.204 1.519 1.458 1.472 
1.538 1.553 1.405 1.177 1.237 1.455 1.723 2.248 2.191 2.204 
1.908 1.569 1.69 1.507 1.357 1.421 1.318 1.24 1.245 1.5 
1.564 1.51 1.557 1.386 1.445 1.555 1.71 1.74 1.545 2.018 
2.378 3.013 3.649 4.356 6.064 8.32 10.283 14.892 15.0 15.0 
15.0 15.0 15.0 15.0 15.0 15.0 15.0 10.312 8.859 9.164 
7.609 7.474 7.453 7.718 8.243 8.505 8.958 9.169 8.226 8.323 
9.26 8.685 10.713 9.031 10.189 8.821 11.093 11.118 13.133 12.693 
13.284 13.482 15.0 15.0 
END
