PFRMAT local QA
AUTHOR LAW-CASP14
af2-standard_T1157s2_1.pdb local_accuracy_only 1.084 1.087 0.85 0.833 0.772 0.847 1.053 1.252 1.489 1.358 1.313 
1.564 1.607 1.479 1.191 1.596 1.547 1.11 1.182 0.848 0.714 
0.707 0.643 0.816 0.739 0.809 0.933 1.085 1.376 0.998 1.267 
0.985 0.932 1.067 1.125 1.053 1.048 1.079 1.1 0.94 1.031 
1.07 0.972 1.01 1.171 1.15 1.02 1.234 1.299 1.196 1.16 
0.959 0.836 0.761 0.688 0.707 0.764 0.865 0.96 1.128 1.182 
1.079 1.262 1.304 1.16 1.098 1.322 1.326 1.255 1.406 1.031 
1.176 0.927 0.851 0.844 0.838 0.755 0.734 0.694 0.816 1.1 
1.44 1.524 1.775 1.404 1.155 0.915 0.933 0.888 1.237 1.272 
1.432 1.179 1.125 1.056 1.047 1.145 1.001 0.982 1.066 0.949 
0.921 0.993 1.028 0.982 1.052 1.141 1.076 0.983 0.848 0.834 
0.861 0.938 1.177 1.45 1.481 1.423 1.282 1.605 1.511 1.075 
1.042 1.367 1.211 1.042 1.1 0.79 0.737 0.595 0.588 0.631 
0.742 0.876 1.129 1.773 2.104 1.513 1.877 1.508 1.22 1.148 
1.34 1.285 1.074 1.09 1.165 1.128 0.948 1.083 1.087 1.031 
0.942 1.024 1.003 0.829 0.836 0.665 0.659 0.713 0.822 1.078 
1.085 1.238 1.525 1.334 1.163 1.469 1.521 1.376 1.359 1.021 
1.045 0.955 0.806 0.763 0.624 0.655 0.718 0.69 0.883 0.97 
1.081 1.051 1.262 1.066 0.965 0.927 0.822 0.824 0.957 1.213 
1.715 1.464 1.67 1.345 1.472 1.412 1.205 1.289 1.252 1.105 
1.101 1.179 1.074 1.03 0.968 0.992 0.914 0.742 0.724 0.767 
0.843 0.88 1.044 1.331 1.382 1.201 1.142 1.219 1.079 0.895 
0.875 1.067 1.012 0.914 0.757 0.609 0.535 0.48 0.447 0.496 
0.537 0.615 0.675 0.778 0.792 0.891 0.792 0.714 0.913 0.921 
0.796 0.869 0.918 0.913 0.845 0.856 0.865 0.879 0.719 0.836 
0.86 0.773 0.778 0.793 0.722 0.637 0.635 0.573 0.58 0.638 
0.618 0.731 0.694 0.792 0.822 0.824 0.817 0.869 0.81 0.735 
0.783 0.743 0.556 0.707 0.626 0.766 0.827 0.827 0.696 0.632 
0.574 0.514 0.467 0.449 0.44 0.489 0.634 0.734 0.857 0.836 
0.721 0.674 0.57 0.552 0.515 0.47 0.641 0.652 0.854 0.845 
0.945 0.758 0.922 0.91 0.984 0.963 0.874 0.957 0.94 0.821 
0.896 0.926 1.04 0.995 1.054 1.124 1.166 1.176 0.981 0.99 
0.789 0.764 1.076 1.095 1.286 1.422 2.01 1.945 2.75 3.419 
3.653 2.45 1.77 1.26 1.053 0.928 0.963 1.002 0.951 1.029 
1.114 1.228 1.169 1.053 1.193 1.22 1.125 0.959 1.023 0.989 
1.006 0.915 0.795 0.835 0.748 0.755 0.712 0.642 0.644 0.558 
0.578 0.594 0.685 0.598 0.777 0.728 0.627 0.748 0.84 0.84 
0.843 0.908 0.965 0.905 0.979 0.943 0.902 0.886 0.981 1.031 
0.959 0.999 1.119 1.222 1.19 1.098 1.026 0.97 0.901 0.84 
0.776 0.751 0.741 0.679 0.664 0.651 0.723 0.698 0.961 0.905 
1.022 1.042 1.298 1.386 1.449 1.002 1.167 0.898 0.695 0.618 
0.756 0.763 0.835 0.898 0.895 0.991 0.948 1.217 1.13 1.108 
1.128 1.106 1.055 1.045 1.018 1.032 1.562 1.362 1.387 1.145 
1.173 1.013 1.092 1.16 1.074 1.112 1.21 1.164 1.202 1.323 
1.377 1.29 1.204 1.358 1.241 1.506 1.321 1.494 1.349 2.37 
2.359 5.399 4.595 10.68 14.341 15.0 15.0 15.0 15.0 15.0 
15.0 15.0 15.0 15.0 15.0 15.0 15.0 15.0 15.0 15.0 
15.0 15.0 15.0 15.0 15.0 15.0 15.0 15.0 15.0 15.0 
15.0 15.0 15.0 15.0 15.0 15.0 15.0 15.0 15.0 15.0 
15.0 15.0 15.0 15.0 
END
