PFRMAT local QA
AUTHOR MASS-CASP14
af2-standard_T1114s2_1.pdb local_accuracy_only 15.0 15.0 15.0 15.0 15.0 15.0 15.0 15.0 15.0 15.0 15.0 
15.0 15.0 15.0 15.0 15.0 15.0 15.0 15.0 15.0 15.0 
15.0 15.0 15.0 15.0 15.0 15.0 15.0 15.0 15.0 15.0 
15.0 15.0 15.0 15.0 15.0 15.0 15.0 15.0 15.0 15.0 
15.0 15.0 15.0 15.0 10.186 4.92 2.077 1.569 1.284 1.088 
0.939 1.026 1.196 1.052 1.169 1.279 1.323 1.463 1.559 1.416 
1.708 1.813 1.665 1.45 1.536 1.873 2.351 2.682 2.643 2.59 
1.902 1.807 1.917 1.715 1.48 1.747 2.388 2.455 2.413 2.237 
2.223 2.036 1.846 1.681 1.54 1.742 2.351 2.659 2.473 3.088 
3.12 3.108 3.138 3.095 3.031 2.504 2.033 2.102 2.079 1.663 
1.408 1.695 1.554 1.65 1.693 2.046 2.316 2.299 2.113 2.11 
1.816 1.343 0.999 0.889 0.734 0.883 1.058 1.169 1.216 1.312 
1.766 2.343 3.732 5.227 6.469 6.945 6.075 5.704 3.473 2.816 
2.811 2.411 2.157 2.581 2.901 1.941 1.783 1.573 1.651 1.705 
1.387 1.33 1.345 1.295 1.233 1.268 1.389 1.488 1.243 1.187 
1.193 1.081 0.986 0.948 0.28 0.871 0.935 1.307 1.407 1.318 
1.636 1.501 1.593 1.783 2.059 2.348 2.691 3.384 4.533 4.216 
5.453 6.224 6.62 7.072 6.357 6.009 5.033 5.396 4.919 5.145 
5.465 6.661 8.102 8.395 7.418 6.463 5.531 4.555 4.414 4.482 
3.924 2.624 2.562 2.354 2.389 2.369 2.513 1.94 1.921 1.456 
1.301 1.423 1.182 1.297 1.219 1.266 1.45 1.629 2.182 2.173 
2.006 1.702 1.391 1.617 1.753 1.742 1.623 1.665 1.68 1.615 
1.982 2.08 2.419 2.602 3.064 3.572 3.551 2.957 2.885 2.908 
3.377 3.412 2.756 2.505 2.298 2.952 3.232 3.501 2.533 2.543 
2.648 2.169 1.797 1.726 1.885 2.18 2.35 1.842 2.146 2.451 
3.097 3.36 3.035 4.252 4.872 6.247 6.956 8.67 10.146 12.737 
12.107 13.738 10.844 14.339 14.627 15.0 11.87 11.545 8.867 6.342 
3.901 3.232 2.943 3.031 2.673 2.182 1.764 1.496 1.435 1.472 
1.699 1.789 1.543 1.727 1.613 1.711 1.548 1.905 2.409 2.668 
2.736 2.732 2.979 2.593 2.254 1.874 1.934 1.843 1.686 2.388 
2.519 2.396 1.974 1.821 1.505 1.5 1.756 1.603 2.162 2.315 
2.564 2.883 2.71 3.337 3.888 5.323 5.239 4.988 6.205 6.023 
5.968 7.013 6.688 6.925 7.889 7.999 10.191 9.765 10.231 10.578 
10.723 9.322 8.706 8.37 9.702 8.837 7.469 7.854 7.982 7.984 
6.284 5.878 5.346 5.145 5.198 5.311 5.357 5.818 5.652 6.707 
7.33 7.549 7.692 8.475 9.632 9.87 11.294 12.853 13.755 12.388 
11.679 12.419 11.527 11.725 12.233 12.341 15.0 14.676 
END
