PFRMAT local QA
AUTHOR LAW-CASP14
af2-standard_T1114s2_1.pdb local_accuracy_only 15.0 15.0 15.0 15.0 15.0 15.0 15.0 15.0 15.0 15.0 15.0 
15.0 15.0 15.0 15.0 15.0 15.0 15.0 15.0 15.0 15.0 
15.0 15.0 15.0 15.0 15.0 15.0 15.0 15.0 15.0 15.0 
15.0 15.0 15.0 15.0 15.0 15.0 14.637 11.878 9.318 8.094 
7.025 8.913 8.18 8.339 5.547 2.274 1.306 1.057 0.878 0.871 
0.979 0.933 1.088 0.97 1.079 1.101 1.184 1.149 1.135 0.974 
1.198 1.127 1.166 1.124 1.288 1.67 2.051 2.899 3.22 1.932 
1.791 1.527 1.579 1.637 1.326 1.524 1.641 1.639 1.578 1.72 
1.239 1.426 1.218 1.32 1.722 1.502 1.907 2.676 3.183 3.483 
4.562 4.344 4.985 4.848 4.207 3.43 2.334 2.294 1.876 1.471 
1.396 1.414 1.39 1.224 1.325 1.381 1.343 1.421 1.297 1.106 
0.918 0.933 0.769 0.777 0.697 0.771 0.831 0.859 0.925 0.972 
1.331 1.685 3.259 4.035 6.755 6.275 5.944 4.474 3.709 2.822 
1.885 4.51 2.692 5.281 5.224 2.02 1.756 1.243 1.221 1.236 
1.189 1.063 1.209 1.184 1.001 0.966 1.234 1.163 0.868 0.877 
0.87 0.77 0.741 0.776 0.775 0.81 0.857 0.873 0.84 0.907 
1.171 1.063 1.098 1.289 1.419 1.469 1.915 3.215 3.626 3.018 
3.842 3.007 2.239 2.149 1.275 1.428 1.123 2.366 2.347 2.208 
1.904 2.836 3.206 3.632 2.832 2.005 1.7 1.936 2.412 3.23 
2.789 2.269 1.762 1.319 1.35 1.394 1.625 1.391 1.326 1.111 
1.094 1.09 0.897 0.934 0.885 0.88 0.927 0.876 1.125 1.276 
1.496 1.141 0.913 1.11 1.075 0.934 0.944 1.09 1.256 1.122 
1.345 1.522 2.03 1.99 2.573 3.609 3.819 3.596 4.314 4.194 
4.291 5.091 4.786 3.421 2.463 2.898 3.271 3.423 2.246 2.075 
1.993 1.784 1.369 1.296 1.368 1.65 1.821 1.667 2.265 2.332 
2.474 3.365 4.804 4.153 4.858 5.668 6.887 7.883 6.85 8.781 
11.127 13.08 12.138 11.994 11.116 7.991 4.487 10.26 9.065 7.489 
3.411 2.252 2.608 4.084 4.176 2.947 2.129 1.378 1.207 1.17 
1.338 1.38 1.056 1.495 1.424 1.652 1.523 1.649 1.662 1.814 
2.27 2.185 2.95 2.814 3.012 2.411 1.839 1.686 1.663 2.192 
2.165 2.342 1.412 1.544 1.083 1.346 1.241 0.978 1.014 1.067 
1.202 1.805 1.404 1.909 3.665 5.627 3.503 8.314 9.927 11.06 
10.823 9.327 9.453 8.108 10.203 10.063 13.86 15.0 15.0 15.0 
15.0 15.0 15.0 14.013 14.802 12.003 9.044 7.365 7.439 8.057 
7.798 7.587 7.681 7.642 7.164 6.907 7.19 6.042 4.993 4.835 
4.815 4.937 4.631 4.865 4.981 5.177 5.599 9.236 10.183 11.305 
9.097 10.542 12.428 12.603 12.332 14.265 12.294 15.0 
END
