PFRMAT local QA
AUTHOR LAW-CASP14
af2-standard_T1134s1_2.pdb local_accuracy_only 7.216 5.473 3.645 3.407 1.873 2.231 2.516 1.914 1.808 1.963 1.897 
1.587 1.485 1.579 1.541 1.171 1.249 1.272 1.202 1.106 1.232 
1.237 1.192 1.238 1.178 1.287 1.229 1.094 1.141 1.34 1.263 
1.134 1.386 1.458 1.351 1.266 0.975 0.994 1.222 1.399 1.71 
1.864 1.864 1.546 1.256 1.07 0.99 0.853 0.977 1.064 1.047 
1.046 1.24 1.341 1.706 1.996 2.924 3.103 2.287 2.261 1.865 
1.494 1.356 1.275 1.06 1.003 0.977 0.856 0.844 0.899 0.888 
0.837 0.945 1.015 0.999 0.896 0.881 0.778 0.799 0.821 0.858 
0.988 1.219 1.296 1.023 1.032 0.822 0.814 0.787 0.731 0.789 
0.837 0.899 0.839 1.147 1.321 1.594 1.302 1.034 0.961 0.914 
0.818 0.833 0.836 0.779 0.827 0.821 0.852 0.873 0.815 0.801 
0.912 0.918 0.8 0.803 0.833 0.897 1.002 0.975 0.945 0.829 
0.811 0.762 0.771 0.84 0.88 0.891 0.888 1.284 1.232 1.768 
1.239 1.014 1.085 1.015 0.799 0.896 0.89 0.878 0.986 0.937 
0.904 1.211 1.027 1.339 1.247 1.288 1.126 0.95 0.906 1.042 
1.046 0.975 0.847 0.831 0.954 0.876 0.799 0.802 0.819 0.804 
0.847 0.94 0.886 0.911 0.867 0.926 0.83 0.844 0.873 0.886 
0.946 0.865 1.01 1.047 1.042 1.035 0.94 0.915 0.959 0.897 
0.91 0.891 0.93 0.952 0.937 0.872 0.817 0.829 0.923 0.917 
0.807 0.874 0.868 0.873 0.906 1.016 1.064 1.305 1.955 5.168 
6.533 5.945 4.714 3.514 2.451 2.164 1.978 1.297 1.046 1.179 
1.14 0.966 0.974 1.053 0.973 0.966 1.096 1.034 0.959 1.099 
1.025 1.289 1.254 1.314 1.195 1.536 1.556 1.299 1.908 
END
