PFRMAT local QA
AUTHOR MASS-CASP14
af2-standard_T1134s1_2.pdb local_accuracy_only 5.394 3.373 2.797 2.432 1.944 2.202 2.065 1.632 1.658 2.157 2.505 
2.203 1.816 1.705 1.678 1.414 1.492 1.573 1.428 1.38 1.695 
1.988 2.063 1.932 1.741 1.988 1.778 1.403 1.592 1.668 1.514 
1.633 2.183 2.471 2.075 1.971 1.753 2.205 2.198 2.52 2.654 
2.797 3.271 3.207 2.392 2.366 2.073 2.187 2.047 2.017 1.791 
1.712 1.777 1.843 1.85 2.207 2.896 3.415 2.796 2.362 2.333 
2.218 2.291 1.834 1.63 1.641 1.391 1.211 1.343 1.298 1.221 
1.288 1.749 2.056 2.025 1.607 1.496 1.419 1.444 1.584 1.478 
1.612 1.814 2.303 2.498 2.238 1.858 1.371 1.324 1.582 1.66 
1.527 1.657 1.69 2.003 2.501 3.113 2.691 2.243 2.072 1.499 
1.365 1.543 1.478 1.259 1.328 1.503 1.743 1.802 1.493 1.68 
1.815 1.946 1.786 1.625 2.022 2.146 2.431 2.469 2.284 1.711 
1.689 1.604 1.43 1.531 1.684 1.632 1.735 2.075 2.538 2.704 
2.475 2.061 1.956 1.851 1.647 1.722 1.623 1.389 1.435 1.898 
2.011 1.951 1.704 1.591 1.481 1.553 1.584 1.644 2.095 2.323 
2.276 2.484 2.252 1.958 1.794 1.636 1.74 1.73 1.548 1.412 
1.627 1.543 1.533 1.478 1.35 1.514 1.392 1.152 1.236 1.28 
1.114 1.263 1.631 1.741 1.634 1.476 1.63 1.75 1.716 1.814 
1.9 1.794 2.038 2.03 1.758 1.339 1.29 1.235 1.442 1.511 
1.309 1.256 1.353 1.55 1.672 1.849 2.145 2.614 3.039 2.891 
2.7 2.542 2.046 1.828 1.827 1.472 1.573 1.532 1.479 1.614 
1.551 1.361 1.426 1.518 1.366 1.247 1.462 1.792 1.862 1.99 
2.097 1.953 1.779 2.048 2.175 2.546 2.872 2.813 4.268 
END
