PFRMAT local QA
AUTHOR MASS-CASP14
af2-standard_T1133_3.pdb local_accuracy_only 12.494 9.299 7.051 5.101 3.367 2.061 1.54 1.218 1.216 1.156 1.072 
1.268 1.553 1.713 1.498 1.221 1.278 1.295 1.394 1.656 1.892 
2.309 2.695 2.72 2.436 2.478 2.947 2.928 2.781 2.522 2.505 
2.585 3.127 3.224 3.812 3.798 3.462 2.783 1.774 1.581 1.292 
1.217 1.129 1.024 1.281 1.752 1.886 1.666 1.432 1.128 1.157 
1.154 1.207 1.557 2.111 2.627 2.466 1.621 1.238 1.235 1.162 
1.02 1.122 1.145 1.541 1.942 1.968 1.784 1.741 1.576 1.575 
1.544 1.539 1.784 2.182 2.811 2.651 2.036 1.649 1.377 0.807 
0.28 0.335 1.353 1.337 1.623 1.647 1.339 1.075 0.98 1.038 
0.88 0.861 1.011 1.157 1.502 2.305 3.298 5.071 6.855 7.519 
8.801 7.819 5.72 4.258 2.511 1.772 1.299 1.025 0.997 0.984 
0.95 1.044 1.088 1.525 1.706 1.759 1.694 1.586 1.466 1.576 
1.468 1.304 1.583 1.918 2.114 2.502 2.323 2.287 2.131 1.523 
1.364 1.358 1.152 0.947 1.257 1.724 1.783 1.62 1.472 1.174 
1.21 1.219 1.486 1.864 2.252 2.809 2.373 1.78 1.217 1.192 
1.113 1.165 1.406 1.593 1.79 1.702 1.593 1.716 1.848 1.581 
1.535 1.458 1.42 1.35 1.683 1.835 2.041 2.069 1.653 1.839 
1.536 1.369 1.248 1.206 1.397 1.474 2.01 2.264 2.112 1.903 
1.447 1.15 0.921 0.96 0.887 0.816 0.932 1.137 1.687 2.375 
3.143 3.202 2.58 2.087 1.61 1.393 1.179 1.127 1.124 1.029 
1.247 1.302 1.694 2.025 2.349 3.171 3.746 4.22 4.708 4.081 
4.199 3.737 3.991 3.696 3.491 3.301 3.025 3.803 3.972 3.453 
2.853 2.017 1.572 1.433 1.405 1.279 1.086 1.307 1.399 1.544 
1.436 1.39 1.185 1.057 1.183 1.201 1.218 1.298 1.61 2.114 
3.23 4.477 5.947 7.831 9.493 10.272 9.129 8.317 7.246 5.699 
4.087 2.897 2.383 1.77 1.437 1.434 1.196 1.328 1.513 2.005 
2.713 2.936 2.767 2.903 2.941 2.647 2.454 2.593 2.429 2.7 
2.719 2.485 2.374 1.946 1.61 1.407 1.266 1.085 0.922 0.875 
1.061 1.362 1.59 1.63 1.553 1.332 1.117 1.203 1.189 1.191 
1.354 1.816 2.341 2.961 3.586 3.512 3.253 3.021 3.145 2.726 
2.798 2.637 3.186 3.471 2.974 3.231 3.283 3.037 3.332 3.537 
3.139 3.914 4.664 5.349 4.714 3.768 3.108 2.23 1.763 1.345 
1.202 1.377 1.508 1.616 1.389 1.007 0.096 0.01 0.0 0.024 
0.176 1.141 1.276 1.868 1.889 2.082 1.876 1.654 1.322 1.143 
0.955 0.801 0.777 1.005 1.193 1.572 1.633 1.652 1.707 1.548 
1.587 1.727 1.925 2.017 2.075 2.089 2.258 2.033 1.66 1.37 
1.206 1.188 1.029 0.871 1.014 1.398 1.527 1.7 1.538 1.307 
1.138 1.086 1.133 1.113 1.258 1.184 1.49 1.727 2.127 2.134 
2.65 2.669 2.322 1.657 1.02 0.084 0.026 0.032 0.124 1.064 
1.319 1.718 2.003 1.824 1.641 1.38 1.458 1.366 1.458 1.413 
1.423 1.786 2.275 2.227 1.945 1.689 1.366 1.403 1.328 1.099 
1.105 1.039 1.212 1.397 1.606 2.097 2.636 3.172 3.408 3.563 
4.244 4.849 4.985 5.099 4.282 4.103 4.006 4.509 4.215 3.786 
3.786 4.145 4.376 4.922 4.805 5.415 5.863 6.505 6.109 6.418 
5.525 5.966 5.747 5.806 5.258 5.416 5.09 6.228 6.854 5.976 
5.869 5.857 6.277 5.582 6.878 6.719 7.372 8.078 8.003 6.973 
6.459 5.68 5.618 4.381 4.127 4.152 4.052 5.053 5.741 7.342 
7.656 10.757 12.409 11.708 15.0 15.0 15.0 15.0 15.0 15.0 
15.0 15.0 15.0 15.0 15.0 15.0 15.0 15.0 15.0 15.0 
15.0 15.0 15.0 15.0 15.0 15.0 15.0 15.0 15.0 15.0 
15.0 15.0 15.0 15.0 15.0 12.006 12.246 11.067 9.82 7.306 
7.955 6.603 8.072 8.243 10.011 10.127 10.214 8.535 9.434 9.143 
9.595 8.589 7.953 6.771 6.194 5.876 4.273 3.672 2.848 2.958 
2.812 2.321 2.065 2.081 2.059 1.825 1.974 2.23 2.117 2.413 
2.405 2.284 2.153 2.189 1.894 1.898 1.944 2.027 1.675 1.888 
1.87 2.0 2.139 2.489 2.484 2.553 2.559 2.254 1.882 2.268 
2.442 2.326 2.202 2.113 2.139 2.171 2.363 2.787 2.915 3.47 
3.438 3.101 2.83 2.514 2.79 2.671 2.752 2.985 3.128 3.641 
4.183 4.408 4.954 5.916 
END
