PFRMAT local QA
AUTHOR LAW-CASP14
af2-standard_T1133_3.pdb local_accuracy_only 15.0 15.0 10.459 8.313 2.844 1.398 1.255 1.174 1.253 1.155 1.315 
1.564 1.699 1.734 1.404 1.259 1.239 1.104 1.235 1.515 1.893 
2.541 2.685 2.49 1.879 1.643 1.428 1.282 1.575 1.191 1.186 
1.417 1.261 1.408 1.638 1.665 1.821 1.751 1.315 1.182 0.925 
0.872 0.763 0.804 0.799 0.977 0.993 0.836 0.821 0.753 0.673 
0.754 0.834 1.086 1.235 1.589 1.635 1.376 1.056 0.845 0.723 
0.729 0.849 0.873 1.068 1.162 1.019 0.974 0.916 0.857 0.762 
1.063 1.113 1.63 1.512 1.894 1.422 1.03 0.893 0.839 0.776 
0.769 0.769 0.804 0.865 0.895 0.788 0.807 0.822 0.767 0.734 
0.736 0.773 0.797 0.989 1.115 1.777 2.965 3.996 4.906 5.359 
4.455 4.432 3.587 2.189 1.651 0.973 0.799 0.776 0.745 0.88 
0.762 0.828 0.81 0.875 0.883 0.814 0.847 0.897 0.884 0.929 
0.986 0.906 1.17 1.091 1.348 1.886 1.713 2.191 1.624 1.231 
0.969 0.9 0.804 0.817 0.805 0.975 0.917 0.836 0.812 0.719 
0.739 0.771 0.774 1.05 1.001 1.373 1.441 1.217 0.958 0.802 
0.766 0.804 0.829 0.805 0.832 1.038 1.023 1.311 1.315 1.047 
0.978 0.987 1.034 1.111 1.608 1.351 1.652 1.311 1.063 1.023 
0.933 0.805 0.725 0.765 0.743 0.836 0.966 0.958 1.059 0.903 
0.831 0.754 0.72 0.716 0.766 0.804 0.949 1.077 1.37 1.69 
2.259 1.917 1.758 1.258 1.065 0.889 0.866 0.903 0.932 0.97 
1.103 0.975 1.35 1.446 1.467 2.771 2.8 2.878 2.642 1.981 
1.565 1.53 1.262 1.182 0.996 1.122 1.066 1.401 1.332 1.159 
1.146 1.063 0.907 0.847 0.734 0.704 0.711 0.714 0.888 0.874 
0.752 0.867 0.748 0.675 0.677 0.715 0.784 0.886 1.04 1.291 
1.743 2.971 3.71 7.515 7.961 8.013 8.349 5.247 5.711 3.313 
2.082 1.713 1.093 0.959 0.896 0.812 0.846 0.92 1.128 1.264 
1.598 1.514 1.471 1.217 1.114 1.117 1.126 1.711 1.805 2.321 
1.647 1.622 1.254 1.161 0.9 0.872 0.847 0.769 0.751 0.799 
0.8 0.971 0.933 0.859 0.883 0.842 0.751 0.789 0.8 0.928 
1.075 1.228 1.44 1.848 1.944 1.525 1.565 1.35 1.177 0.959 
0.993 1.038 1.151 1.263 1.287 1.242 1.288 1.223 1.36 1.747 
2.466 3.058 3.523 2.851 2.116 1.52 1.213 1.011 0.862 0.88 
0.917 0.943 1.176 1.036 0.924 0.994 0.915 0.884 0.879 0.966 
1.115 1.4 1.518 1.881 1.9 1.782 1.881 1.436 1.486 1.155 
1.097 1.06 1.049 1.202 1.169 1.431 1.517 1.52 1.359 1.233 
1.465 1.328 1.295 1.431 1.509 1.552 1.723 1.917 1.655 1.815 
1.596 1.37 1.224 1.093 1.129 1.215 1.429 1.434 1.319 1.181 
1.207 1.204 1.358 1.547 1.816 2.009 2.24 2.574 2.687 2.462 
2.818 3.022 2.383 2.092 1.845 1.486 1.42 1.274 1.376 1.564 
1.43 2.346 1.784 3.057 1.93 2.129 1.574 1.758 1.711 2.105 
2.146 2.577 3.102 3.334 2.48 2.285 1.653 1.637 1.496 1.358 
1.222 1.217 1.091 1.066 1.297 1.809 2.301 3.198 2.783 2.558 
4.095 2.889 5.802 9.751 12.848 5.28 2.908 9.124 7.128 8.039 
9.651 7.859 10.25 6.018 14.383 12.968 15.0 15.0 15.0 15.0 
15.0 15.0 15.0 15.0 15.0 15.0 15.0 15.0 15.0 15.0 
15.0 15.0 15.0 15.0 15.0 15.0 15.0 15.0 15.0 15.0 
15.0 15.0 15.0 15.0 15.0 11.504 12.641 15.0 15.0 15.0 
15.0 15.0 15.0 15.0 15.0 15.0 15.0 15.0 15.0 15.0 
15.0 15.0 15.0 15.0 15.0 15.0 15.0 15.0 15.0 15.0 
15.0 15.0 15.0 15.0 15.0 15.0 15.0 15.0 15.0 15.0 
15.0 15.0 15.0 15.0 15.0 15.0 15.0 15.0 15.0 15.0 
15.0 15.0 15.0 15.0 15.0 15.0 15.0 15.0 15.0 15.0 
15.0 15.0 15.0 15.0 15.0 15.0 15.0 15.0 15.0 15.0 
15.0 15.0 15.0 15.0 15.0 15.0 15.0 15.0 15.0 15.0 
15.0 15.0 15.0 15.0 15.0 15.0 15.0 15.0 15.0 15.0 
15.0 12.859 12.927 15.0 15.0 13.605 12.101 11.448 15.0 15.0 
15.0 15.0 15.0 15.0 15.0 15.0 15.0 15.0 15.0 15.0 
15.0 15.0 15.0 15.0 15.0 15.0 15.0 15.0 15.0 15.0 
15.0 15.0 15.0 15.0 
END
