PFRMAT local QA
AUTHOR LAW-CASP14
af2-standard_T1155_5.pdb local_accuracy_only 7.536 7.842 4.869 5.559 4.997 4.416 4.175 3.705 3.487 3.128 2.603 
2.415 2.307 2.152 1.994 2.049 2.016 1.983 1.96 2.135 2.072 
2.092 2.249 2.33 2.036 2.051 2.184 1.844 1.829 1.906 1.925 
1.884 2.277 1.877 1.918 1.941 2.15 2.121 2.236 2.483 2.673 
2.79 3.065 3.702 3.745 3.064 3.052 2.703 2.705 2.466 2.309 
2.121 2.041 1.853 1.853 1.895 1.886 1.829 1.948 2.104 2.093 
2.523 2.919 2.658 2.689 4.742 6.28 7.578 6.906 6.765 5.349 
5.434 5.314 7.108 7.775 8.049 7.548 6.006 5.973 5.2 7.231 
7.335 7.68 6.072 5.399 4.493 3.543 3.252 3.204 2.449 2.445 
2.224 1.993 1.875 2.011 1.784 1.719 1.915 2.052 1.89 1.922 
2.031 2.036 2.015 2.133 2.681 2.763 3.453 4.972 7.188 8.476 
10.62 13.298 14.445 15.0 15.0 
END
