PFRMAT local QA
AUTHOR MASS-CASP14
af2-standard_T1155_5.pdb local_accuracy_only 4.288 3.268 2.66 2.915 3.335 4.138 3.712 3.456 4.09 4.109 3.909 
3.375 2.996 2.533 2.102 2.209 2.353 1.91 2.32 3.271 3.304 
3.99 4.49 4.946 4.606 4.261 3.582 3.369 2.605 3.349 2.434 
2.146 1.994 1.677 1.506 1.541 1.707 1.52 1.655 1.943 1.751 
1.593 1.721 2.064 1.817 1.457 1.452 1.841 2.164 2.175 1.984 
2.101 1.572 1.497 1.758 1.878 1.479 1.527 1.868 2.291 2.427 
3.278 4.127 4.608 4.023 4.291 4.059 5.714 7.28 9.027 10.16 
11.749 13.734 15.0 15.0 15.0 12.539 10.928 7.481 5.957 4.752 
3.971 3.841 3.035 2.586 2.233 2.305 2.127 1.742 1.72 1.78 
1.631 1.56 1.715 1.779 1.607 1.419 1.793 1.766 1.588 1.696 
1.821 1.678 1.612 1.752 2.077 2.26 2.852 4.119 6.177 8.923 
11.18 14.256 15.0 15.0 15.0 
END
