PFRMAT local QA
AUTHOR MASS-CASP14
af2-standard_T1157s2_2.pdb local_accuracy_only 4.329 2.531 1.628 1.461 1.569 1.609 1.955 2.489 2.778 2.437 2.228 
2.268 2.401 2.27 2.272 2.51 3.129 3.083 2.849 1.686 1.132 
1.0 1.013 0.981 0.76 0.91 1.039 1.492 1.656 1.498 1.619 
1.463 1.304 1.527 1.608 1.432 1.582 1.686 1.618 1.484 1.72 
1.756 1.623 1.752 1.863 1.904 1.957 2.823 3.788 3.741 2.856 
1.647 1.411 1.1 1.0 1.03 0.892 0.975 0.992 1.222 1.584 
1.612 1.672 1.563 1.357 1.393 1.593 1.591 1.489 1.439 1.289 
1.7 2.061 1.601 1.516 1.182 1.001 1.123 0.944 1.04 1.313 
1.787 2.177 2.394 2.219 1.783 1.95 2.198 2.072 2.783 2.636 
2.539 2.263 1.855 1.86 2.025 1.803 1.562 1.595 1.713 1.609 
1.422 1.563 1.823 1.798 1.858 2.128 2.054 2.033 1.582 1.856 
1.908 1.974 2.484 3.196 3.388 2.613 2.409 2.79 2.848 2.502 
2.807 3.326 3.387 3.037 2.145 1.791 1.617 1.632 1.437 1.485 
1.416 1.662 2.221 2.993 3.036 2.801 2.863 2.744 2.745 2.749 
2.712 2.394 2.261 2.503 2.248 2.082 2.065 2.403 2.522 2.319 
2.657 2.936 2.685 1.932 1.808 1.564 1.647 1.896 2.064 2.584 
2.822 3.11 3.146 2.748 3.163 3.322 3.6 3.25 3.173 2.967 
3.752 3.426 3.434 2.703 2.686 2.568 2.262 2.473 2.661 3.506 
3.577 5.071 5.373 5.995 4.558 4.827 4.031 3.688 4.329 3.856 
3.597 2.87 2.599 2.704 2.841 2.535 2.083 2.534 2.254 2.025 
2.026 2.275 2.235 2.033 1.971 1.998 1.798 1.556 1.3 1.602 
1.534 1.338 1.658 2.043 2.035 1.793 1.578 2.019 1.794 1.461 
1.663 2.075 2.173 1.902 1.463 1.093 0.903 0.963 0.951 0.94 
0.965 1.158 1.554 1.592 1.679 1.742 1.438 1.393 1.77 1.719 
1.518 1.747 1.827 1.733 1.522 1.813 1.755 1.619 1.514 1.612 
1.636 1.733 1.801 2.055 1.751 1.421 1.175 1.032 1.13 1.1 
1.069 1.227 1.231 1.705 1.858 1.672 1.913 1.796 1.603 1.289 
1.774 1.632 1.682 1.554 1.525 1.75 2.163 2.358 1.677 1.236 
1.169 0.931 0.831 0.859 0.849 1.101 1.253 1.655 2.083 2.263 
1.906 1.58 1.333 1.278 1.184 1.408 1.628 2.052 2.341 2.337 
2.377 2.047 2.306 2.307 2.34 1.798 1.555 1.716 1.888 1.594 
1.48 1.621 1.546 1.392 1.675 1.856 1.99 1.893 1.965 1.855 
1.957 2.033 1.965 1.951 2.349 2.816 3.261 3.807 4.063 5.015 
4.512 3.967 4.148 3.653 2.375 1.547 1.396 1.329 1.147 1.147 
1.312 1.508 1.316 1.255 1.689 1.767 1.673 1.387 1.496 1.597 
1.432 1.319 1.284 0.993 0.868 0.867 0.808 0.584 0.652 0.856 
1.095 1.492 1.492 1.369 1.389 1.489 1.185 1.423 1.523 1.379 
1.533 1.834 1.808 1.659 1.709 1.745 1.663 2.039 2.19 2.512 
2.424 3.238 3.721 4.363 4.164 3.292 2.782 2.573 1.83 1.319 
1.06 0.922 0.898 0.815 0.801 0.941 1.104 1.353 1.539 1.713 
1.704 1.803 2.05 2.039 2.085 2.107 2.156 1.78 1.102 0.685 
0.185 0.089 0.042 0.156 0.679 1.048 1.194 1.52 1.453 1.439 
1.488 1.532 1.379 1.179 1.254 1.473 1.734 2.205 2.006 2.114 
1.832 1.513 1.706 1.525 1.376 1.478 1.369 1.312 1.327 1.585 
1.7 1.61 1.639 1.401 1.428 1.581 1.653 1.638 1.377 1.874 
1.991 2.775 3.331 4.506 5.788 8.282 10.557 15.0 15.0 15.0 
15.0 15.0 15.0 15.0 15.0 15.0 15.0 10.815 10.354 10.306 
8.776 8.246 8.119 7.882 8.116 8.255 8.622 9.036 8.053 8.556 
10.533 9.691 12.708 10.688 12.759 10.31 11.737 11.019 12.026 11.047 
11.814 11.64 13.67 15.0 
END
