PFRMAT local QA
AUTHOR LAW-CASP14
af2-standard_T1157s2_2.pdb local_accuracy_only 1.154 1.106 0.869 0.856 0.787 0.873 1.084 1.336 1.599 1.434 1.373 
1.641 1.656 1.511 1.198 1.613 1.546 1.108 1.176 0.867 0.716 
0.704 0.641 0.805 0.723 0.796 0.915 1.075 1.343 0.987 1.275 
0.992 0.929 1.086 1.145 1.066 1.064 1.102 1.109 0.945 1.038 
1.056 0.965 0.997 1.147 1.116 1.022 1.225 1.298 1.216 1.183 
0.934 0.848 0.763 0.693 0.71 0.761 0.859 0.958 1.122 1.193 
1.104 1.292 1.339 1.189 1.085 1.338 1.323 1.238 1.396 1.017 
1.189 0.932 0.842 0.836 0.83 0.743 0.726 0.687 0.816 1.09 
1.427 1.5 1.708 1.388 1.11 0.901 0.9 0.867 1.195 1.25 
1.411 1.184 1.135 1.062 1.058 1.16 1.006 0.983 1.101 0.965 
0.939 1.04 1.056 1.03 1.091 1.168 1.109 1.038 0.883 0.864 
0.877 0.899 1.183 1.464 1.691 1.432 1.286 1.638 1.518 1.075 
1.057 1.384 1.24 1.087 1.097 0.794 0.744 0.6 0.583 0.634 
0.738 0.883 1.192 1.921 2.304 1.427 1.991 1.55 1.254 1.194 
1.448 1.403 1.159 1.219 1.343 1.28 1.056 1.28 1.384 1.22 
1.086 1.269 1.161 0.886 0.868 0.688 0.672 0.721 0.825 1.125 
1.101 1.244 1.514 1.324 1.135 1.451 1.49 1.35 1.336 0.995 
1.017 0.933 0.824 0.744 0.615 0.654 0.715 0.684 0.906 0.956 
1.061 1.063 1.214 1.061 0.988 0.931 0.814 0.821 0.933 1.183 
1.668 1.526 1.814 1.484 1.679 1.566 1.292 1.413 1.396 1.176 
1.169 1.253 1.135 1.075 0.998 1.056 0.955 0.773 0.728 0.804 
0.923 0.969 1.364 1.733 1.799 1.463 1.368 1.437 1.192 0.919 
0.886 1.087 1.013 0.887 0.736 0.591 0.528 0.474 0.448 0.515 
0.544 0.622 0.658 0.742 0.759 0.859 0.777 0.694 0.874 0.896 
0.785 0.792 0.897 0.899 0.836 0.855 0.892 0.907 0.734 0.869 
0.89 0.78 0.793 0.79 0.708 0.626 0.628 0.573 0.589 0.637 
0.653 0.71 0.711 0.776 0.821 0.794 0.784 0.822 0.758 0.687 
0.718 0.669 0.513 0.621 0.589 0.725 0.786 0.794 0.688 0.632 
0.576 0.52 0.468 0.44 0.429 0.475 0.623 0.728 0.829 0.857 
0.734 0.679 0.56 0.526 0.494 0.473 0.648 0.665 0.887 0.879 
0.98 0.78 0.94 0.931 1.008 0.988 0.89 0.987 0.958 0.838 
0.909 0.936 1.029 0.984 1.048 1.102 1.128 1.132 0.941 0.932 
0.745 0.71 0.975 1.073 1.413 1.483 2.177 1.928 2.767 3.453 
3.605 2.433 1.697 1.281 1.038 0.902 0.94 0.979 0.887 1.021 
1.11 1.212 1.057 0.942 0.989 0.982 0.878 0.821 0.921 0.891 
1.02 0.945 0.795 0.841 0.714 0.732 0.679 0.64 0.642 0.557 
0.571 0.583 0.67 0.585 0.757 0.708 0.613 0.732 0.82 0.817 
0.826 0.89 0.946 0.888 0.968 0.925 0.892 0.872 0.953 1.034 
0.981 1.077 1.146 1.233 1.275 1.154 1.072 1.006 0.922 0.845 
0.76 0.734 0.718 0.667 0.655 0.649 0.731 0.71 1.002 0.924 
1.06 1.088 1.385 1.458 1.562 1.025 1.131 0.915 0.689 0.613 
0.795 0.748 0.82 0.876 0.855 0.995 0.956 1.306 1.141 1.108 
1.107 1.089 1.031 1.029 1.0 1.024 1.484 1.305 1.294 1.103 
1.141 1.001 1.155 1.147 1.065 1.135 1.266 1.227 1.19 1.414 
1.502 1.368 1.246 1.466 1.304 1.651 1.375 1.621 1.382 2.511 
1.95 7.403 8.19 14.202 15.0 15.0 15.0 15.0 15.0 15.0 
15.0 15.0 15.0 15.0 15.0 15.0 15.0 15.0 15.0 15.0 
15.0 15.0 15.0 15.0 15.0 15.0 15.0 15.0 15.0 15.0 
15.0 15.0 15.0 15.0 15.0 15.0 15.0 15.0 15.0 15.0 
15.0 15.0 15.0 15.0 
END
