PFRMAT local QA
AUTHOR LAW-CASP14
af2-standard_T1147_3.pdb local_accuracy_only 15.0 15.0 15.0 15.0 15.0 15.0 15.0 14.915 13.119 10.792 5.09 
2.815 1.997 1.808 1.632 1.653 1.526 1.501 1.518 1.654 1.851 
2.276 2.646 2.551 2.623 2.678 2.8 2.723 3.043 2.78 2.9 
2.528 2.92 2.811 2.559 3.332 3.418 3.4 3.381 3.2 3.232 
3.414 3.313 3.267 2.767 2.747 2.173 2.224 1.823 1.709 1.508 
1.551 1.647 1.74 1.912 2.331 2.275 2.502 3.119 2.944 3.631 
3.455 2.762 2.747 2.803 3.556 3.752 5.575 5.634 4.335 5.204 
3.771 2.474 1.999 1.826 1.609 1.649 1.566 1.645 1.679 1.749 
1.772 1.954 1.862 1.961 2.016 2.775 2.81 4.336 5.276 5.695 
6.092 6.152 5.004 5.817 3.234 4.217 2.257 4.034 3.736 4.707 
4.311 2.861 
END
