PFRMAT local QA
AUTHOR MASS-CASP14
af2-standard_T1147_3.pdb local_accuracy_only 15.0 15.0 15.0 15.0 15.0 15.0 15.0 15.0 15.0 14.223 11.382 
6.345 3.635 2.399 1.586 1.381 1.204 1.35 1.273 1.187 1.243 
1.835 2.681 4.148 4.616 5.094 5.32 5.293 5.489 4.908 5.305 
4.729 5.186 5.126 5.297 7.275 7.323 8.193 7.962 7.433 7.144 
6.873 6.525 5.809 4.026 3.502 2.782 2.865 2.725 2.993 3.437 
3.293 3.271 3.587 4.325 5.414 7.045 8.636 9.467 8.884 8.814 
8.791 7.603 6.859 7.984 8.76 8.721 8.628 7.768 6.071 4.348 
2.469 1.716 1.505 1.367 1.306 1.224 1.153 1.199 1.66 2.68 
2.885 3.393 3.851 4.676 5.195 5.695 5.117 5.348 5.972 7.274 
8.665 9.757 8.924 8.825 6.656 6.615 5.156 5.461 6.169 6.018 
6.234 6.117 
END
