PFRMAT local QA
AUTHOR LAW-CASP14
af2-standard_T1114s3_4.pdb local_accuracy_only 5.333 3.223 2.364 1.521 1.331 1.242 1.354 1.274 1.732 1.47 1.522 
1.903 1.819 1.609 1.563 1.492 1.566 1.408 1.31 1.203 1.098 
1.029 1.225 1.292 1.715 2.693 1.638 1.346 1.129 1.178 1.084 
1.073 1.124 1.121 1.254 1.24 1.379 1.588 1.859 1.99 1.472 
1.144 1.098 1.367 1.316 1.178 1.316 1.352 1.355 1.427 1.301 
1.161 1.203 1.067 1.001 1.133 1.064 0.92 0.985 0.973 0.997 
0.987 1.095 1.169 0.88 0.946 0.892 0.737 0.75 0.854 0.675 
0.651 0.693 0.689 0.695 0.668 0.726 0.751 0.84 0.819 0.928 
1.08 0.954 0.988 0.975 0.954 1.05 1.042 0.856 0.866 0.902 
0.808 0.721 0.784 0.822 0.863 0.776 0.919 0.951 0.939 0.938 
1.099 1.162 1.124 1.171 1.405 1.567 1.496 1.619 1.864 1.859 
1.786 1.656 1.859 2.064 1.868 1.83 2.035 2.285 3.267 5.532 
2.514 4.881 6.234 4.207 5.546 2.538 2.243 2.352 2.042 1.952 
1.944 2.161 1.961 1.967 2.059 2.176 3.049 2.868 2.527 2.638 
2.335 2.127 3.086 2.225 2.436 2.397 2.753 1.752 1.876 2.037 
1.584 1.305 1.281 1.454 1.298 1.126 1.372 1.434 1.267 1.276 
1.47 1.442 1.432 1.35 1.212 1.342 1.245 1.214 0.906 0.941 
0.848 0.901 0.924 0.933 1.145 1.348 1.627 2.061 2.427 2.759 
2.726 2.076 1.937 1.961 1.69 1.438 1.387 1.328 1.259 1.161 
1.085 1.052 1.069 0.972 1.036 1.013 1.06 1.071 1.154 1.184 
1.228 1.222 1.678 1.693 2.031 2.189 2.089 3.602 3.57 3.21 
3.688 5.41 6.328 6.396 6.377 6.905 8.297 8.222 7.836 7.893 
7.948 6.517 5.383 6.402 6.332 6.187 6.496 5.567 4.52 5.546 
6.424 2.184 3.585 2.315 2.994 2.803 2.28 2.046 2.051 2.001 
1.473 1.603 1.851 1.675 1.365 1.231 1.324 1.244 1.273 1.269 
1.324 1.148 1.156 1.15 1.075 0.853 0.909 0.867 0.948 0.97 
1.04 1.011 1.349 1.521 1.611 2.195 2.05 2.099 1.9 2.192 
1.282 1.861 1.214 1.742 1.596 1.42 1.215 1.331 1.315 1.106 
1.074 1.056 1.017 1.097 1.155 1.183 1.221 1.723 2.063 2.739 
2.545 1.946 1.785 1.945 1.394 4.019 4.446 5.086 2.951 2.231 
1.561 1.377 1.405 1.569 1.909 1.342 1.254 1.619 1.953 2.456 
2.206 2.126 1.909 1.53 1.428 1.468 1.067 1.032 1.416 1.404 
1.913 2.085 2.962 3.173 3.513 4.279 4.115 4.962 4.46 2.968 
3.085 3.454 3.316 2.192 1.69 1.491 1.155 1.278 1.16 1.083 
1.177 1.087 1.309 1.661 2.543 2.669 4.433 4.95 3.984 3.341 
2.541 1.856 1.191 1.012 0.854 0.767 0.774 0.806 0.84 0.756 
0.787 1.03 0.996 1.002 1.166 1.927 1.685 2.676 3.052 2.969 
2.912 2.952 1.538 1.649 1.722 2.746 2.956 4.003 4.808 3.073 
3.699 4.817 3.764 2.87 3.832 3.98 2.736 2.102 1.313 1.239 
1.225 1.174 1.273 1.042 1.168 1.195 1.073 1.051 1.316 1.519 
1.373 1.443 1.66 1.65 1.333 1.184 1.453 1.368 1.088 1.379 
1.612 1.218 1.29 1.667 1.552 1.417 2.141 2.486 3.074 2.165 
1.592 1.135 1.13 1.173 1.309 1.154 1.387 1.671 1.544 1.953 
1.715 1.17 0.971 0.748 0.766 0.685 0.729 0.74 0.751 0.773 
0.85 0.865 0.748 0.781 0.732 0.727 0.704 0.793 0.823 1.052 
1.262 1.644 2.012 1.858 1.574 1.27 1.228 1.044 0.965 0.85 
0.781 0.77 0.807 0.819 0.959 0.915 0.919 0.969 1.086 1.05 
1.164 1.941 1.804 3.362 4.543 3.7 2.699 1.585 1.206 1.088 
1.147 1.155 1.222 1.216 1.196 1.207 1.272 1.29 1.46 1.696 
3.31 4.224 4.025 5.994 5.363 2.676 2.03 1.592 1.543 1.686 
1.538 1.34 1.437 1.456 1.347 1.169 1.3 1.247 1.227 1.457 
1.778 1.373 1.869 2.924 7.704 8.855 15.0 15.0 15.0 15.0 
15.0 15.0 15.0 15.0 15.0 15.0 15.0 15.0 15.0 15.0 
15.0 15.0 15.0 15.0 
END
