PFRMAT local QA
AUTHOR MASS-CASP14
af2-standard_T1114s3_4.pdb local_accuracy_only 5.693 3.811 2.578 2.052 1.54 1.294 1.164 1.203 1.315 1.251 1.227 
1.351 1.341 1.615 1.811 1.998 1.702 1.332 1.043 0.962 0.882 
0.91 0.92 1.035 1.17 1.484 1.383 1.055 0.883 1.098 1.066 
0.973 0.987 1.078 1.121 1.196 1.529 1.711 1.7 1.829 1.877 
1.708 1.755 1.844 1.672 1.358 1.569 1.619 1.374 1.423 1.424 
1.436 1.448 1.446 1.333 1.598 1.564 1.514 1.851 1.663 1.594 
1.604 2.013 1.786 1.464 1.288 1.347 1.06 0.952 0.968 1.016 
0.977 1.075 1.211 1.164 1.076 1.162 1.312 1.285 1.333 1.486 
1.945 2.042 2.27 2.141 2.197 1.962 1.815 1.541 1.429 1.364 
1.359 1.351 1.375 1.368 1.171 1.32 1.313 1.267 1.294 1.326 
1.329 1.47 1.544 1.556 1.616 1.831 1.895 1.696 1.821 2.107 
2.02 2.011 1.777 2.064 2.159 1.967 2.397 3.014 3.827 4.086 
4.299 4.514 4.93 4.395 4.244 2.959 2.54 3.164 2.938 2.354 
1.943 2.194 1.905 1.945 1.989 2.455 3.353 3.331 2.618 2.378 
2.253 2.035 2.185 2.776 3.045 2.841 3.031 2.923 3.469 3.41 
3.045 2.452 1.942 1.794 1.564 1.373 1.582 1.651 1.445 1.664 
2.069 2.129 1.813 2.293 2.333 2.081 1.886 1.51 1.23 1.245 
1.306 1.264 1.245 1.398 1.605 1.909 2.115 2.078 1.93 2.192 
2.191 2.045 1.661 1.838 1.869 1.592 1.698 1.659 1.68 1.551 
1.732 1.783 1.477 1.762 1.797 1.808 1.618 1.608 1.755 2.038 
1.812 1.563 1.757 2.26 2.251 2.293 2.127 2.369 2.612 2.159 
2.391 2.883 2.904 2.539 2.45 1.9 2.237 2.469 2.066 2.225 
2.428 2.225 2.378 3.09 3.609 3.859 5.263 6.158 5.349 5.675 
4.814 4.561 3.881 3.31 2.856 2.566 2.202 2.007 2.026 1.955 
1.861 2.204 2.495 2.329 2.062 1.924 2.513 2.612 2.325 2.691 
2.989 3.309 2.698 2.853 2.739 2.475 2.86 3.469 3.481 3.75 
3.805 3.446 3.417 4.033 4.37 4.531 4.223 3.411 3.718 3.409 
3.582 4.497 4.326 5.5 5.574 5.475 5.337 4.474 3.117 2.587 
2.462 2.829 3.122 2.967 2.964 2.236 2.426 2.515 3.285 3.944 
3.452 3.07 3.056 3.521 3.894 3.56 3.744 3.745 2.958 2.413 
2.504 2.648 2.732 2.418 2.608 2.555 2.5 2.221 2.408 2.922 
2.844 3.104 2.472 2.051 1.729 2.091 2.018 2.016 2.33 2.643 
3.081 3.235 3.351 3.598 3.902 4.357 4.989 7.045 6.789 6.292 
6.423 5.922 6.407 5.732 4.088 2.922 2.604 2.556 2.689 2.649 
2.434 2.277 2.457 2.56 2.775 3.347 3.773 4.222 3.654 3.127 
2.432 1.78 1.444 1.271 1.156 1.148 1.129 1.328 1.316 1.289 
1.459 1.736 1.736 1.734 1.984 2.156 2.295 2.653 3.23 3.376 
3.738 4.347 4.015 3.395 3.447 3.598 3.666 3.419 2.76 2.563 
2.817 2.73 2.228 2.282 2.453 2.649 2.508 2.167 1.885 1.641 
1.422 1.306 1.37 1.373 1.461 1.447 1.406 1.418 1.417 1.537 
1.613 1.522 1.611 1.514 1.308 1.392 1.427 1.284 1.186 1.467 
1.578 1.403 1.451 1.851 1.969 1.926 2.245 2.725 3.075 2.937 
2.578 1.852 1.92 2.015 1.983 2.304 2.219 2.125 1.85 1.733 
1.62 1.365 1.107 0.924 0.289 0.976 1.057 1.139 1.245 1.313 
1.257 1.17 0.086 0.0 0.0 0.0 0.0 0.012 0.842 1.081 
1.321 1.612 2.025 1.89 1.31 1.013 0.88 0.106 0.083 0.068 
0.135 0.186 1.048 1.16 1.334 1.371 1.32 1.142 1.167 1.475 
1.405 1.48 1.664 1.834 2.134 1.857 1.372 0.106 0.0 0.0 
0.0 0.053 1.285 1.322 1.151 1.196 1.242 1.285 1.314 1.363 
1.677 1.871 1.829 1.866 1.505 1.442 1.387 1.382 1.42 1.475 
1.453 1.267 1.433 1.584 1.508 1.466 1.768 1.687 1.432 1.5 
1.57 1.368 1.519 1.673 1.876 2.418 2.803 3.262 3.685 4.774 
5.444 7.648 7.603 7.814 7.835 8.021 7.953 7.826 8.257 7.331 
8.025 8.74 10.267 10.838 
END
