PFRMAT local QA
AUTHOR LAW-CASP14
af2-standard_T1125_4.pdb local_accuracy_only 15.0 15.0 15.0 15.0 15.0 15.0 15.0 15.0 15.0 15.0 15.0 
15.0 15.0 15.0 15.0 9.66 5.824 3.668 2.507 2.547 1.949 
2.194 1.747 2.17 1.874 1.644 1.37 1.397 1.312 1.279 1.145 
1.291 1.299 1.307 1.328 1.563 1.82 1.976 2.414 2.992 3.64 
5.55 8.673 10.285 12.262 13.325 15.0 15.0 15.0 15.0 15.0 
15.0 15.0 15.0 15.0 15.0 15.0 15.0 15.0 13.657 12.901 
14.386 10.952 9.24 6.872 4.784 3.389 3.632 5.647 3.36 4.503 
3.384 3.552 3.378 4.085 4.728 4.25 4.192 5.275 5.31 5.879 
6.042 6.031 5.972 3.623 2.519 1.659 1.507 1.494 1.333 1.208 
1.153 1.087 1.083 1.106 1.105 1.1 1.165 1.197 1.131 1.101 
1.37 1.216 1.396 1.111 1.17 1.111 1.09 1.03 1.012 1.02 
1.043 0.98 1.066 1.028 1.1 1.057 1.089 1.204 1.092 1.119 
1.162 1.242 1.197 1.205 1.264 1.357 1.265 1.287 1.402 1.458 
1.946 2.196 3.004 2.57 2.752 2.794 2.837 3.326 4.487 4.826 
4.197 4.279 4.306 3.647 3.995 3.903 3.314 2.768 3.454 2.697 
2.213 2.306 3.12 2.352 2.235 2.269 2.6 2.57 2.417 2.681 
3.012 3.134 2.448 3.491 4.132 3.225 2.952 2.207 1.904 1.573 
1.548 1.87 1.691 1.594 1.697 1.929 1.904 2.243 2.368 3.045 
4.554 7.471 9.556 9.854 9.137 4.93 3.519 2.654 2.284 2.465 
2.525 2.065 2.058 1.831 2.113 1.835 1.701 1.733 1.78 1.81 
1.725 1.789 1.814 1.877 2.027 2.077 2.091 1.968 2.246 2.037 
1.879 1.725 1.791 1.555 1.518 1.394 1.574 1.347 1.445 1.516 
1.524 1.651 1.68 1.792 1.952 2.317 2.667 4.612 4.039 4.502 
7.193 6.784 7.263 6.071 5.309 6.249 5.631 4.824 5.75 4.982 
4.608 4.419 3.782 4.912 4.609 4.667 4.592 5.7 4.102 4.15 
3.548 3.4 3.021 3.26 2.935 2.713 2.949 2.93 2.56 2.243 
2.222 1.862 1.933 1.995 1.751 1.813 1.736 1.76 1.949 1.884 
2.017 2.569 2.735 2.809 3.435 3.756 4.22 4.794 5.902 6.864 
6.956 9.076 9.566 10.776 10.935 11.928 11.703 10.212 7.898 4.651 
3.631 3.245 3.154 2.729 2.364 2.425 2.149 2.134 1.996 2.004 
2.146 2.08 2.043 2.215 2.609 2.727 3.104 4.033 4.955 5.462 
6.528 8.004 11.506 11.998 13.263 15.0 15.0 15.0 15.0 15.0 
15.0 14.784 15.0 15.0 15.0 15.0 15.0 15.0 15.0 15.0 
15.0 15.0 15.0 15.0 15.0 15.0 15.0 15.0 15.0 15.0 
15.0 15.0 15.0 15.0 15.0 15.0 15.0 15.0 14.378 13.51 
12.096 11.915 10.629 10.425 12.077 12.147 10.229 10.027 9.938 10.261 
10.492 12.204 8.769 9.665 13.549 12.581 11.717 10.584 10.155 10.019 
10.144 8.748 7.184 8.412 5.109 4.313 2.952 2.475 2.309 1.732 
1.409 1.309 1.236 1.202 1.258 1.243 1.253 1.288 1.478 1.654 
2.165 3.284 4.967 5.432 3.491 3.273 2.796 2.728 2.082 2.277 
2.256 2.191 2.08 2.685 2.407 2.875 3.163 3.193 3.833 6.058 
8.412 11.083 7.741 11.953 5.708 7.508 3.89 3.326 2.695 1.911 
2.405 1.922 1.643 1.584 1.644 1.57 1.689 1.897 1.653 1.676 
1.917 2.671 8.147 12.154 13.2 11.096 14.082 15.0 15.0 15.0 
15.0 15.0 15.0 15.0 15.0 15.0 15.0 15.0 15.0 15.0 
15.0 15.0 15.0 15.0 15.0 15.0 15.0 15.0 15.0 15.0 
15.0 15.0 15.0 15.0 15.0 15.0 15.0 15.0 15.0 15.0 
15.0 15.0 15.0 15.0 15.0 15.0 15.0 15.0 15.0 15.0 
15.0 15.0 15.0 15.0 15.0 15.0 15.0 15.0 15.0 15.0 
15.0 15.0 15.0 15.0 15.0 15.0 15.0 15.0 15.0 15.0 
15.0 15.0 15.0 15.0 10.372 10.696 8.55 6.921 4.814 4.097 
1.988 1.804 1.547 1.856 3.32 2.617 9.495 8.83 10.824 12.602 
10.0 7.846 5.936 2.33 1.756 1.35 1.139 1.274 1.25 2.436 
2.778 5.618 7.534 13.099 13.958 15.0 15.0 15.0 15.0 15.0 
15.0 15.0 15.0 15.0 12.436 8.295 5.009 3.867 2.027 1.33 
1.208 1.244 1.519 2.222 3.178 3.404 5.547 4.056 4.587 3.296 
3.437 4.873 4.765 7.608 8.497 9.256 11.123 10.785 15.0 13.486 
14.09 15.0 15.0 15.0 15.0 15.0 15.0 15.0 15.0 15.0 
15.0 15.0 15.0 15.0 15.0 15.0 15.0 15.0 15.0 15.0 
15.0 15.0 15.0 15.0 15.0 15.0 15.0 15.0 15.0 15.0 
15.0 15.0 15.0 15.0 15.0 15.0 15.0 15.0 15.0 15.0 
15.0 15.0 15.0 15.0 14.687 13.668 13.436 13.116 13.355 12.823 
10.801 10.036 9.021 6.753 9.023 6.009 4.435 3.294 3.389 3.24 
2.602 1.915 1.481 1.485 1.365 1.293 1.245 1.238 1.196 1.17 
1.206 1.355 1.502 1.929 2.245 2.397 3.115 4.016 5.468 7.426 
7.494 8.085 8.241 11.879 10.697 8.263 8.489 6.391 5.417 4.07 
3.54 2.857 2.268 2.018 1.697 1.417 1.397 1.388 1.357 1.295 
1.591 1.561 1.667 1.735 1.621 1.817 1.789 3.107 3.404 5.582 
5.772 6.222 7.195 8.325 10.116 10.978 15.0 14.95 14.161 13.239 
15.0 15.0 15.0 15.0 15.0 15.0 15.0 15.0 15.0 15.0 
14.233 12.729 15.0 15.0 10.367 9.916 8.596 5.318 5.195 3.744 
3.7 4.533 5.997 5.272 6.028 7.441 4.938 3.596 3.139 2.611 
2.353 2.316 2.266 2.173 2.159 2.233 2.191 2.056 2.355 2.819 
4.374 9.317 10.426 10.158 14.454 15.0 15.0 15.0 15.0 15.0 
15.0 15.0 15.0 15.0 15.0 15.0 15.0 15.0 15.0 15.0 
15.0 14.117 15.0 14.747 15.0 15.0 15.0 15.0 15.0 15.0 
15.0 15.0 15.0 15.0 15.0 15.0 15.0 15.0 15.0 15.0 
15.0 15.0 15.0 15.0 15.0 15.0 15.0 15.0 15.0 15.0 
15.0 15.0 15.0 15.0 15.0 15.0 15.0 15.0 15.0 15.0 
15.0 9.64 3.495 2.768 1.834 1.757 1.748 1.963 1.644 1.652 
1.594 1.779 1.611 1.68 1.818 1.892 1.976 2.045 2.564 2.375 
2.362 4.62 4.071 6.148 8.546 11.006 14.023 12.301 15.0 15.0 
10.519 7.5 7.901 4.966 4.729 4.221 3.46 2.698 2.437 2.069 
1.723 1.536 1.428 1.274 1.153 1.038 1.066 1.091 1.022 0.98 
1.09 1.11 0.953 1.139 1.297 1.092 1.214 0.912 0.978 0.972 
0.97 0.819 0.959 0.905 0.912 0.954 0.841 1.155 1.055 0.968 
1.228 1.031 0.947 0.911 0.97 0.825 0.89 1.002 0.947 0.947 
1.202 1.298 1.23 1.509 1.367 1.425 1.514 1.018 1.056 1.281 
1.061 0.925 1.056 1.048 0.978 1.01 1.094 1.12 1.064 1.031 
1.1 1.25 1.173 1.197 1.406 1.221 1.418 1.432 2.14 2.189 
2.516 2.339 1.609 1.63 1.908 1.557 1.325 1.84 2.248 2.752 
2.788 6.019 5.469 6.299 6.955 7.448 8.033 7.954 7.86 7.563 
5.088 5.528 5.369 3.543 3.286 2.927 3.515 3.916 3.559 3.173 
5.273 4.562 5.349 5.077 3.914 2.593 2.444 1.479 1.491 1.332 
1.285 1.336 1.541 1.426 1.74 2.536 3.226 2.645 5.377 6.214 
7.469 9.708 9.446 7.542 2.789 2.344 1.887 1.585 1.378 1.319 
1.559 1.529 1.503 1.434 1.652 1.563 1.851 1.729 1.825 1.892 
2.023 1.933 2.212 2.057 2.196 2.163 2.016 1.886 2.144 1.998 
1.856 2.049 2.167 2.266 2.49 2.698 1.986 2.0 1.686 1.512 
1.503 1.42 1.326 1.214 1.343 1.235 1.226 1.142 1.299 1.361 
1.27 1.464 1.659 1.691 1.763 1.368 1.403 1.263 1.173 1.136 
1.084 1.084 1.073 1.114 1.117 1.209 1.207 1.313 1.357 1.526 
1.525 1.784 2.043 3.333 3.355 2.858 3.013 4.239 4.101 3.96 
3.592 3.599 3.218 3.235 3.114 2.735 2.614 2.71 2.696 1.95 
2.889 2.852 4.389 4.909 5.319 5.71 5.337 5.13 4.799 4.963 
5.043 4.979 5.86 6.039 6.066 5.918 5.509 5.655 5.586 4.857 
4.557 4.935 6.253 6.139 5.663 5.998 6.473 7.867 9.061 8.371 
9.346 11.598 12.111 15.0 15.0 15.0 15.0 15.0 15.0 15.0 
15.0 15.0 15.0 15.0 15.0 13.564 11.756 12.575 15.0 15.0 
11.962 12.775 15.0 15.0 15.0 15.0 15.0 15.0 15.0 15.0 
14.729 8.236 7.11 3.929 4.095 4.614 4.114 5.316 4.054 3.932 
3.848 4.823 7.472 5.306 6.862 8.476 9.22 13.383 15.0 15.0 
15.0 15.0 15.0 15.0 15.0 15.0 15.0 15.0 14.32 11.965 
11.059 9.966 7.983 4.888 3.02 4.525 4.333 2.288 2.642 3.25 
2.83 2.55 3.161 3.351 3.26 3.598 3.481 3.253 5.909 10.425 
14.676 15.0 15.0 15.0 15.0 15.0 15.0 15.0 15.0 15.0 
15.0 15.0 14.809 11.12 8.642 5.714 4.135 2.262 2.277 1.697 
1.728 1.646 1.749 1.627 1.595 1.758 1.865 1.872 1.892 2.28 
2.601 3.913 4.454 5.931 8.314 12.231 15.0 15.0 15.0 15.0 
15.0 15.0 15.0 15.0 15.0 15.0 15.0 15.0 15.0 
END
