PFRMAT local QA
AUTHOR MASS-CASP14
af2-standard_T1125_4.pdb local_accuracy_only 15.0 15.0 15.0 15.0 15.0 15.0 15.0 15.0 15.0 15.0 15.0 
14.88 13.097 13.49 10.467 9.665 7.305 6.236 4.548 4.321 3.864 
4.095 4.132 3.706 3.664 3.375 3.21 2.855 3.519 3.165 2.956 
3.089 3.272 3.27 3.222 3.392 4.592 4.97 4.603 6.019 6.642 
7.753 9.722 11.305 11.137 9.44 9.463 9.753 8.532 8.765 8.315 
7.768 6.79 7.423 8.598 8.109 7.237 8.973 9.439 10.063 9.736 
11.26 10.459 11.204 9.515 8.903 8.079 8.723 8.234 6.591 7.141 
7.097 6.51 5.906 6.108 6.899 6.686 5.909 6.656 6.717 7.407 
7.156 7.515 6.712 5.613 5.102 4.611 4.67 3.528 3.259 3.191 
3.254 2.424 2.637 2.5 2.747 2.416 2.287 2.481 2.383 2.213 
2.649 2.994 3.151 3.113 3.134 3.676 3.414 2.715 2.205 2.304 
2.103 1.752 1.867 2.006 1.94 1.737 1.798 1.651 1.56 1.688 
1.818 1.596 1.522 1.751 2.181 2.454 2.987 4.055 3.946 4.645 
4.573 5.091 4.675 4.709 4.678 5.05 6.257 8.267 9.345 9.903 
10.084 10.181 9.012 7.551 7.265 7.243 7.367 6.865 6.855 6.605 
6.832 6.268 6.376 6.135 5.951 6.255 6.75 6.479 4.907 5.233 
5.659 5.879 5.081 5.535 6.001 4.501 3.591 3.471 2.737 2.761 
2.422 2.687 2.947 2.735 3.39 3.558 3.558 4.017 4.576 5.699 
6.474 6.796 7.88 7.295 6.367 5.365 4.403 4.788 3.932 4.122 
3.823 4.126 4.281 4.253 4.719 5.798 4.723 5.828 6.263 6.312 
6.241 5.033 5.867 5.082 4.939 4.583 4.532 4.791 3.93 3.383 
3.97 3.564 3.348 2.937 3.237 3.32 2.829 2.953 3.563 3.704 
3.295 3.866 4.303 4.666 4.577 5.239 5.529 7.18 5.904 5.476 
6.442 7.54 7.617 6.303 5.532 5.118 4.704 4.13 4.276 5.559 
6.222 6.316 7.015 7.901 7.806 6.534 5.791 4.822 4.473 4.79 
4.889 4.757 4.915 5.353 5.968 6.375 5.858 5.004 5.124 4.355 
4.156 4.086 3.818 3.141 2.987 2.946 2.913 2.803 3.56 3.485 
3.557 4.59 4.914 4.976 4.86 5.271 5.061 4.345 4.243 4.485 
4.73 4.767 5.465 6.067 6.909 6.729 7.543 7.988 6.853 5.422 
5.146 5.408 4.518 4.084 4.543 5.989 5.761 5.493 6.661 8.013 
7.426 7.326 7.757 8.212 8.445 11.276 10.272 10.535 10.42 9.512 
8.813 7.706 8.195 7.939 7.123 8.164 6.917 7.433 7.715 8.31 
7.432 7.43 8.039 10.398 11.643 13.689 14.938 12.991 14.349 15.0 
15.0 13.035 12.846 12.906 11.363 10.531 9.88 9.404 10.459 10.034 
9.184 8.784 8.817 8.926 8.058 6.706 6.713 5.874 5.655 5.619 
5.14 5.658 5.517 5.731 6.147 7.909 7.296 8.133 8.371 7.547 
7.83 8.088 7.356 6.55 5.757 6.476 6.272 6.313 6.574 7.36 
8.288 9.286 8.357 8.413 9.048 9.187 8.38 7.216 5.252 4.941 
4.365 3.5 2.998 2.923 2.796 2.683 2.455 2.736 3.403 4.164 
5.11 4.767 5.354 4.643 4.545 4.062 4.316 3.686 3.249 3.129 
3.112 2.989 2.898 2.62 2.793 3.045 3.197 3.77 4.379 4.985 
6.299 7.492 8.365 8.931 8.256 7.627 7.128 7.035 6.362 4.576 
4.135 3.727 3.256 3.397 3.105 3.429 3.535 3.741 4.108 4.628 
5.066 5.464 5.374 6.192 5.52 4.325 4.352 4.835 5.695 5.157 
5.48 5.833 6.31 6.971 7.655 8.136 9.449 9.202 10.332 10.499 
13.195 13.238 12.728 12.338 12.551 13.095 14.892 15.0 15.0 13.545 
14.384 13.815 15.0 14.106 13.475 13.105 12.777 12.096 10.668 12.057 
12.082 10.924 10.432 10.347 9.974 9.482 9.986 10.144 8.285 7.47 
6.997 7.245 6.453 5.628 5.172 5.371 6.79 6.888 8.224 9.764 
9.721 9.601 9.768 8.835 9.444 7.329 5.995 5.933 5.055 5.317 
4.936 5.012 5.878 5.54 4.547 4.298 4.485 4.244 3.498 2.471 
1.961 1.49 1.289 1.22 1.357 1.7 1.819 1.992 1.893 2.056 
2.124 2.509 3.178 3.107 2.881 2.584 2.387 2.251 2.238 2.279 
2.53 2.514 2.46 2.594 2.702 2.798 3.341 4.157 4.802 4.251 
3.355 2.934 2.206 2.289 2.083 2.207 1.937 1.497 1.257 1.069 
0.919 0.986 1.278 1.708 2.224 2.358 3.199 3.433 3.224 2.973 
2.771 2.894 3.511 4.11 4.54 4.896 6.257 7.703 8.564 9.486 
8.662 8.859 8.608 9.366 9.229 9.889 9.162 7.857 7.2 6.768 
7.964 6.945 6.907 7.804 8.93 9.452 7.763 9.872 11.224 10.12 
10.255 10.152 11.279 11.728 13.711 15.0 15.0 15.0 12.399 13.966 
12.87 13.57 14.073 14.214 15.0 13.364 12.404 12.258 12.412 10.131 
10.599 9.782 10.0 10.718 10.123 9.429 9.321 8.974 7.525 8.088 
7.969 8.104 8.259 8.66 7.951 7.922 6.532 5.858 4.36 3.496 
2.683 1.911 1.883 2.326 2.44 3.231 2.408 3.096 3.134 3.454 
4.196 4.952 5.34 5.782 6.812 7.77 8.006 9.605 8.966 9.552 
10.556 10.208 10.803 11.502 11.928 12.722 10.737 9.658 9.068 8.485 
7.277 7.058 5.78 6.545 4.525 4.203 4.07 4.534 3.625 3.672 
4.121 4.667 4.661 5.118 5.834 6.683 7.108 8.399 10.034 10.723 
10.914 11.64 12.157 13.461 14.142 13.42 13.556 13.303 12.159 11.455 
10.444 10.383 9.664 9.198 9.283 11.365 10.056 9.702 10.929 9.494 
8.862 7.915 8.584 7.632 6.626 6.354 5.812 6.551 5.991 8.211 
7.495 8.331 8.531 9.129 9.647 11.44 12.348 14.764 15.0 15.0 
15.0 15.0 15.0 15.0 14.747 15.0 15.0 15.0 14.913 15.0 
15.0 15.0 15.0 15.0 15.0 15.0 15.0 15.0 15.0 15.0 
15.0 15.0 15.0 15.0 15.0 15.0 15.0 15.0 15.0 15.0 
15.0 15.0 15.0 15.0 15.0 15.0 15.0 15.0 15.0 15.0 
15.0 15.0 13.277 14.737 15.0 15.0 15.0 15.0 15.0 15.0 
15.0 15.0 15.0 15.0 15.0 15.0 15.0 15.0 15.0 15.0 
14.077 12.023 11.546 12.311 11.58 10.852 10.502 9.634 7.837 7.172 
6.106 4.88 4.311 3.338 3.16 2.929 2.896 2.802 3.231 3.735 
3.658 3.97 3.687 4.613 4.5 6.88 7.206 8.129 8.907 10.758 
12.727 13.272 13.594 13.96 12.731 11.801 10.6 9.692 6.37 5.299 
4.619 4.562 3.353 3.947 3.492 3.276 2.723 2.514 2.663 2.17 
2.209 1.929 1.893 2.033 1.808 1.882 2.252 2.012 1.873 1.803 
1.916 2.321 2.19 2.593 3.244 2.709 2.424 1.824 1.824 1.699 
1.72 1.248 1.749 2.221 2.323 2.481 2.332 2.335 2.006 1.85 
2.213 1.916 1.984 1.855 1.867 1.569 1.585 1.705 1.565 1.403 
1.788 2.042 1.842 2.109 1.889 2.062 1.957 1.454 1.469 1.657 
1.642 1.513 1.56 1.69 1.682 1.558 1.623 1.708 1.737 1.437 
1.422 1.622 1.705 1.588 1.7 1.562 1.868 1.848 2.321 2.624 
3.045 2.968 2.253 2.157 2.159 1.91 1.789 1.822 2.24 2.294 
2.112 2.428 3.098 3.058 2.819 2.622 2.596 2.594 2.767 2.967 
2.925 2.966 2.787 2.702 2.515 2.731 3.21 3.645 4.016 4.785 
4.993 5.545 5.558 6.291 5.854 5.216 4.638 4.381 4.206 3.58 
3.408 3.564 3.236 2.828 2.808 3.218 3.739 4.369 4.829 5.542 
5.905 5.476 5.257 4.463 3.89 3.606 3.662 4.024 3.825 3.458 
3.652 4.009 3.363 3.302 4.012 3.72 3.602 4.222 4.403 4.153 
4.324 4.337 4.667 4.617 4.165 4.305 4.165 3.996 3.952 4.195 
4.375 3.266 3.921 4.027 4.562 3.917 3.293 3.69 3.324 2.854 
2.442 2.383 2.684 2.742 2.243 2.401 2.506 2.347 2.317 2.599 
2.893 2.762 3.323 4.178 4.137 3.358 3.69 3.675 3.1 2.908 
2.919 3.107 2.827 2.82 2.802 2.669 2.547 2.449 2.709 2.448 
2.525 2.716 3.452 4.013 3.855 3.601 3.846 3.838 3.802 3.771 
3.391 3.77 3.486 3.609 3.201 3.401 4.013 4.071 4.192 4.918 
6.116 7.62 7.171 7.038 8.05 8.17 7.855 7.857 7.884 7.881 
6.993 6.111 6.82 6.845 7.562 6.073 5.919 5.674 5.507 6.342 
5.702 7.204 5.495 5.716 5.071 4.988 5.031 5.496 5.93 6.596 
6.478 6.414 8.569 8.629 8.512 8.053 9.083 8.58 8.997 7.965 
9.208 9.897 9.43 8.578 8.433 9.838 8.758 9.553 9.55 8.869 
8.085 7.96 8.479 7.427 7.485 6.518 6.443 5.909 5.72 4.712 
4.432 4.201 3.64 3.766 3.382 3.773 2.862 3.085 3.068 3.435 
3.291 3.24 4.172 3.895 4.111 4.583 5.415 6.341 6.475 8.056 
9.412 9.128 10.251 10.123 10.321 8.213 7.716 6.874 6.284 5.175 
5.506 5.027 4.95 4.722 4.032 3.922 4.087 3.48 3.342 3.062 
3.338 3.131 3.764 4.104 5.279 6.124 5.979 8.261 9.524 10.607 
10.313 10.29 11.176 11.634 13.161 14.793 12.355 14.125 13.231 14.961 
14.022 14.337 13.316 9.684 8.593 6.409 5.516 3.747 2.884 2.889 
2.969 2.58 2.024 2.16 2.458 2.158 2.208 2.344 2.407 2.598 
2.641 3.17 3.34 4.485 4.752 5.374 5.297 6.581 6.5 7.699 
7.885 10.765 9.041 10.26 10.178 9.702 9.043 10.184 12.94 
END
