PFRMAT local QA
AUTHOR MASS-CASP14
af2-standard_T1194_3.pdb local_accuracy_only 15.0 15.0 15.0 11.38 10.573 8.078 4.635 2.877 2.392 2.142 1.909 
1.828 2.118 2.011 1.652 1.507 1.815 1.665 2.05 2.001 2.008 
2.087 2.082 2.654 2.942 4.387 5.032 4.797 5.34 3.704 2.707 
1.984 1.846 1.561 1.801 1.705 1.589 1.424 1.407 1.641 2.042 
2.818 3.744 4.447 3.602 2.713 2.158 1.798 1.465 1.558 1.352 
1.28 1.184 1.178 1.174 1.339 1.28 1.591 1.948 2.213 2.168 
2.444 2.477 1.943 1.699 1.386 1.267 1.379 1.41 2.032 2.529 
1.859 1.718 1.778 1.725 1.654 1.545 1.387 1.568 1.587 2.18 
2.753 3.123 2.627 1.642 1.197 1.075 1.087 1.132 1.088 1.159 
1.119 1.078 1.164 1.344 1.462 2.236 2.9 4.008 4.48 4.864 
4.451 3.707 2.526 2.597 2.521 2.519 2.82 3.443 4.436 6.347 
7.387 8.064 8.602 7.522 6.738 5.387 4.867 4.517 4.326 4.89 
5.324 4.73 4.128 3.74 3.405 3.579 3.567 3.864 3.835 3.465 
3.594 3.604 3.381 3.828 3.133 3.382 4.079 4.454 3.986 3.334 
3.131 3.203 2.349 2.387 2.146 2.931 3.403 3.742 3.117 2.636 
2.931 2.973 3.109 3.629 3.565 3.458 2.925 3.114 2.522 2.734 
2.606 3.015 3.237 3.471 3.765 4.554 5.706 
END
