PFRMAT local QA
AUTHOR LAW-CASP14
af2-standard_T1194_3.pdb local_accuracy_only 10.04 9.144 8.732 8.087 8.586 8.911 9.456 9.013 6.558 6.855 4.797 
4.35 3.735 3.624 2.287 2.39 2.362 2.765 3.424 4.311 5.681 
6.854 8.034 9.035 8.512 8.959 8.058 8.112 7.823 6.769 6.052 
6.676 5.325 2.981 2.91 1.998 1.982 1.429 1.471 1.237 1.349 
1.388 1.662 1.973 2.226 1.979 1.736 1.463 1.341 1.345 1.312 
1.577 1.602 2.108 2.034 2.102 1.994 2.236 1.749 1.849 1.369 
1.278 1.317 1.205 1.121 1.153 1.136 1.151 1.27 1.728 3.959 
5.916 3.217 3.201 3.697 2.534 5.093 1.817 2.579 1.999 2.018 
2.033 2.411 2.28 1.609 1.482 1.196 1.158 1.138 1.171 1.268 
1.351 1.583 1.539 1.831 1.962 2.335 1.995 2.064 1.83 1.715 
1.493 1.425 1.345 1.288 1.312 1.54 2.255 2.538 3.869 3.661 
3.717 3.492 4.182 5.037 5.1 6.051 5.562 5.192 3.483 6.765 
6.492 7.106 5.109 1.732 1.485 1.356 1.292 1.57 1.645 1.509 
1.607 1.913 3.122 3.092 2.727 1.907 2.446 2.015 2.228 1.492 
1.284 1.238 1.188 1.255 1.335 1.68 1.876 1.842 1.702 1.563 
1.6 1.479 1.709 2.446 2.544 4.463 3.028 4.639 2.755 5.558 
1.59 1.273 1.402 1.048 1.234 1.196 1.407 
END
