PFRMAT local QA
AUTHOR MASS-CASP14
af2-standard_T1179_5.pdb local_accuracy_only 11.705 10.331 6.84 4.581 3.813 3.288 3.173 3.64 4.256 5.178 4.922 
5.942 6.464 7.194 9.223 8.969 8.441 8.389 6.415 5.111 3.855 
2.909 2.281 2.516 2.008 1.937 2.376 3.002 3.974 5.924 7.968 
11.06 14.056 15.0 15.0 15.0 15.0 15.0 15.0 15.0 15.0 
15.0 15.0 15.0 15.0 15.0 15.0 15.0 15.0 8.352 4.943 
2.859 2.045 1.726 1.609 1.549 1.52 1.402 1.636 1.575 2.574 
3.511 3.187 2.698 3.134 3.596 4.131 4.47 4.38 3.924 3.804 
4.451 5.083 5.632 6.796 7.561 9.057 9.317 9.243 9.496 9.76 
11.671 12.266 14.977 13.089 11.781 11.88 14.048 15.0 15.0 15.0 
15.0 15.0 15.0 15.0 15.0 15.0 15.0 14.72 13.412 12.393 
11.414 15.0 15.0 15.0 15.0 15.0 15.0 15.0 15.0 15.0 
13.977 9.42 5.774 3.016 2.15 1.572 1.359 1.339 1.25 1.318 
1.302 1.234 1.309 1.694 2.409 3.217 5.003 6.42 7.553 8.926 
8.856 9.486 10.305 11.543 10.502 10.428 9.568 9.295 9.169 9.534 
7.721 7.473 7.766 8.749 8.38 9.96 11.71 12.301 13.505 14.853 
15.0 15.0 15.0 15.0 15.0 15.0 15.0 14.079 11.936 10.889 
9.734 8.86 9.001 9.169 7.838 9.045 10.057 10.956 11.354 10.182 
10.459 9.046 6.421 5.647 5.583 5.467 4.198 3.32 2.827 2.209 
1.706 1.967 2.227 1.981 1.294 1.117 1.078 1.227 1.134 1.227 
1.2 1.297 1.509 1.847 2.293 3.011 3.558 3.221 2.737 2.481 
2.566 3.273 4.538 5.105 3.545 2.717 2.501 2.129 2.296 1.958 
1.771 2.394 3.325 3.476 4.826 4.883 4.98 4.941 5.065 4.479 
4.441 4.09 3.777 3.023 3.595 4.062 3.972 4.204 4.17 3.315 
2.894 3.434 3.41 3.839 4.243 4.007 5.533 6.295 5.982 5.162 
4.661 3.613 2.917 3.306 3.645 4.528 5.768 5.985 6.751 7.309 
11.023 13.046 15.0 14.992 15.0 15.0 15.0 15.0 15.0 15.0 

END
