PFRMAT local QA
AUTHOR LAW-CASP14
af2-standard_T1179_5.pdb local_accuracy_only 4.494 3.662 2.972 2.143 1.869 1.753 1.69 1.929 2.222 2.202 2.205 
2.173 3.522 5.419 7.241 7.345 8.328 8.903 6.407 6.661 3.23 
3.286 3.05 3.253 3.902 2.94 5.623 5.778 6.165 8.124 8.69 
11.063 11.592 12.864 10.539 9.616 7.951 8.393 7.592 7.383 5.731 
5.514 6.048 5.461 6.261 7.025 7.719 7.973 7.866 5.647 6.472 
3.673 2.929 1.567 1.795 1.769 1.603 1.601 1.482 1.476 1.933 
2.15 2.215 2.078 2.374 2.954 3.747 4.382 3.873 3.32 2.833 
2.838 2.476 3.493 3.117 3.462 3.761 4.697 4.844 5.446 5.874 
5.05 2.975 3.193 2.582 3.031 3.005 4.24 3.942 3.76 4.259 
3.21 2.896 2.761 2.555 2.641 2.256 6.376 6.012 5.007 1.926 
1.772 1.484 1.674 1.573 1.78 2.118 3.336 4.229 5.614 6.04 
6.902 5.969 5.311 2.277 1.834 1.484 1.354 1.212 1.212 1.128 
1.112 1.141 1.333 1.723 1.819 3.046 3.115 4.225 4.942 5.63 
6.096 7.04 7.483 8.014 8.175 7.272 5.988 5.855 5.726 2.764 
2.489 1.911 2.581 3.251 2.971 3.18 3.751 4.137 5.52 6.391 
9.375 11.498 14.257 15.0 15.0 15.0 15.0 14.875 12.828 10.317 
7.74 5.751 4.624 3.947 3.643 3.72 3.743 4.198 5.679 6.686 
7.057 6.977 7.504 7.598 7.523 8.277 6.942 6.386 4.85 5.056 
3.818 3.106 2.826 2.12 1.571 1.245 1.133 1.037 1.069 1.139 
1.239 1.231 1.438 1.524 1.712 1.73 2.564 3.034 2.429 2.551 
2.41 2.341 2.457 2.875 2.673 2.781 2.241 2.224 2.01 1.804 
2.349 2.432 2.736 5.521 6.597 6.464 7.477 6.68 5.554 4.827 
4.205 4.327 4.678 4.38 5.547 4.339 3.149 3.095 2.354 2.353 
2.44 2.197 1.762 1.787 2.384 2.512 2.498 2.764 2.559 2.236 
1.786 1.862 1.447 2.434 3.616 4.098 4.424 4.513 4.921 8.078 
12.103 12.786 14.756 15.0 15.0 15.0 15.0 15.0 15.0 15.0 

END
