PFRMAT local QA
AUTHOR LAW-CASP14
af2-standard_T1125_3.pdb local_accuracy_only 11.981 13.801 12.447 12.387 10.978 10.654 10.079 8.659 10.454 11.177 13.037 
15.0 13.63 13.83 12.798 10.332 9.234 5.592 4.53 2.535 1.562 
1.627 1.344 1.613 1.46 1.317 1.137 1.136 1.119 1.04 0.984 
1.096 1.109 1.107 1.131 1.258 1.411 1.428 1.693 2.009 2.217 
2.265 2.631 2.907 2.789 2.34 3.049 3.234 3.202 2.825 3.928 
4.239 5.129 6.212 7.43 7.895 8.622 9.386 10.225 10.007 11.271 
10.756 9.6 5.136 1.974 1.655 1.414 1.278 1.28 1.149 1.122 
1.156 1.148 1.153 1.278 1.36 1.563 1.504 1.789 2.87 4.604 
5.679 7.079 7.768 2.715 2.135 1.459 1.639 1.464 1.297 1.199 
1.206 1.075 1.074 1.104 1.107 1.023 1.114 1.176 1.088 1.061 
1.36 1.182 1.32 1.014 1.125 1.053 1.041 0.951 0.945 0.954 
0.964 0.912 0.97 0.964 0.999 0.981 1.029 1.058 1.031 1.086 
1.092 1.166 1.124 1.116 1.138 1.191 1.134 1.13 1.245 1.339 
1.85 2.024 4.358 2.732 3.435 2.099 2.406 2.227 3.733 6.875 
6.981 11.267 10.998 8.119 6.775 7.436 7.526 6.464 6.25 4.071 
3.422 3.364 4.171 3.585 3.092 2.75 3.028 2.949 2.77 2.984 
3.174 2.714 2.666 3.493 3.844 3.371 3.115 2.336 2.137 1.616 
1.591 1.806 1.601 1.475 1.478 1.632 1.755 1.784 1.935 2.23 
2.764 2.985 6.669 7.79 8.894 6.549 5.071 4.899 3.136 2.898 
3.2 2.557 2.177 2.014 1.94 1.913 1.644 1.577 1.519 1.52 
1.4 1.47 1.39 1.338 1.19 1.112 1.198 1.131 1.161 1.189 
1.235 1.169 1.235 1.187 1.199 1.123 1.265 1.046 1.131 1.118 
1.111 1.247 1.195 1.348 1.203 1.195 1.18 1.409 1.343 1.37 
1.865 2.564 1.699 1.504 1.581 1.638 1.256 1.107 1.231 1.236 
1.32 1.175 1.438 1.395 1.672 1.52 1.357 1.619 1.556 1.297 
1.509 1.608 1.478 1.555 1.712 1.362 1.408 1.65 1.212 1.112 
1.097 1.007 0.977 0.952 0.907 0.913 0.89 0.968 1.057 1.134 
1.138 1.505 1.509 1.517 1.568 1.871 1.918 1.605 1.829 2.051 
2.127 2.184 2.438 3.523 4.264 6.372 5.942 5.094 3.18 2.522 
2.184 1.943 1.765 1.603 1.474 1.437 1.248 1.291 1.208 1.216 
1.152 1.193 1.171 1.154 1.208 1.238 1.363 1.394 1.783 2.109 
2.696 2.838 4.331 6.13 7.422 8.391 8.789 12.479 14.342 15.0 
15.0 15.0 15.0 15.0 15.0 15.0 15.0 15.0 15.0 15.0 
15.0 15.0 15.0 15.0 15.0 15.0 15.0 15.0 15.0 15.0 
15.0 15.0 15.0 15.0 15.0 15.0 15.0 14.866 15.0 13.704 
12.82 13.432 12.165 9.553 10.785 9.906 7.45 6.448 7.056 6.227 
4.58 3.032 1.77 1.214 1.105 1.083 1.168 1.118 1.112 1.225 
1.584 1.24 1.511 1.75 1.688 1.36 1.251 1.152 1.147 1.047 
0.927 0.878 0.851 0.871 0.883 0.878 0.905 0.924 1.184 1.269 
1.999 1.855 1.988 1.686 1.424 1.293 1.356 1.215 0.988 1.07 
1.183 1.11 1.074 1.383 1.392 1.336 1.555 1.904 2.337 3.781 
3.907 4.631 3.751 2.506 1.951 1.835 2.491 1.888 1.767 1.311 
1.398 1.236 1.131 1.016 1.003 0.999 1.081 1.083 1.169 1.171 
1.495 1.631 4.565 7.672 8.06 11.985 12.199 14.533 15.0 15.0 
15.0 15.0 15.0 15.0 15.0 15.0 15.0 15.0 15.0 15.0 
15.0 15.0 15.0 15.0 15.0 15.0 15.0 15.0 15.0 15.0 
15.0 15.0 15.0 15.0 15.0 15.0 15.0 15.0 15.0 15.0 
15.0 15.0 15.0 15.0 15.0 14.127 12.021 11.736 11.59 11.84 
11.895 12.297 12.224 12.762 10.754 7.995 2.405 3.578 4.692 14.688 
15.0 15.0 15.0 15.0 15.0 15.0 10.103 9.765 4.132 3.723 
2.71 1.731 1.982 2.04 1.723 1.226 1.614 1.536 1.172 0.923 
0.941 0.947 0.978 1.171 1.857 1.814 4.69 7.964 6.359 8.478 
5.162 3.506 2.442 1.964 1.441 1.34 1.094 0.999 1.026 1.098 
1.133 1.371 1.571 1.751 2.048 2.939 3.368 4.647 5.048 4.879 
4.368 3.014 3.3 2.246 1.9 1.504 1.374 0.958 0.885 0.806 
0.84 0.983 1.169 1.825 2.909 1.967 3.353 1.944 1.815 1.3 
1.181 1.415 1.861 2.723 1.874 2.425 2.317 2.714 3.033 2.281 
2.695 2.797 2.601 2.965 2.326 2.602 2.464 1.978 1.928 1.914 
1.693 1.693 1.901 1.753 1.793 1.799 1.988 2.298 2.579 2.659 
3.276 3.62 3.956 5.866 5.351 5.584 9.765 11.879 12.658 12.713 
11.944 9.821 10.802 10.716 11.795 13.277 14.004 14.716 15.0 15.0 
15.0 13.093 11.737 8.823 8.529 6.621 5.799 3.715 4.313 3.701 
2.493 3.568 3.532 4.186 2.99 3.976 4.579 5.743 6.277 6.777 
6.378 4.93 6.933 4.833 6.222 7.069 6.038 9.193 11.852 7.61 
9.273 11.836 13.802 13.774 14.764 15.0 15.0 15.0 14.696 12.271 
10.832 12.632 12.239 12.178 12.042 11.07 11.044 8.082 7.399 5.291 
4.946 3.196 2.25 1.985 1.702 1.488 1.357 1.38 1.422 1.359 
1.498 1.67 1.663 1.683 1.521 1.673 1.687 3.198 4.005 3.996 
4.027 2.514 1.753 1.435 1.478 1.346 1.397 1.448 1.528 1.541 
1.718 1.895 1.888 1.963 2.313 2.366 3.972 4.081 3.482 4.723 
7.339 5.042 4.639 6.64 5.995 6.71 8.146 9.147 9.878 10.041 
8.43 10.439 12.888 7.392 6.634 4.521 3.822 3.414 2.851 2.34 
1.878 1.812 1.64 1.72 1.669 1.681 1.651 1.701 1.988 2.567 
5.076 6.457 7.454 6.014 6.306 4.209 4.413 3.893 4.159 5.77 
5.921 6.016 4.477 7.34 7.441 9.046 7.298 5.959 4.863 4.216 
4.671 4.182 4.266 8.523 9.816 10.843 12.051 14.961 15.0 15.0 
15.0 15.0 15.0 15.0 15.0 15.0 15.0 15.0 15.0 15.0 
15.0 15.0 15.0 15.0 15.0 13.073 11.127 8.324 8.909 9.355 
10.206 12.73 14.974 15.0 15.0 15.0 15.0 15.0 15.0 15.0 
15.0 10.536 6.888 2.366 1.879 1.608 1.571 1.324 1.497 1.236 
1.115 1.14 1.255 1.092 1.139 1.211 1.325 1.268 1.541 1.317 
1.712 1.968 3.051 4.575 4.961 4.195 4.689 6.102 6.367 5.753 
5.961 3.899 3.755 3.286 3.375 3.41 3.575 3.071 2.805 2.786 
2.323 2.108 1.689 1.68 1.513 1.405 1.274 1.386 1.27 1.157 
1.228 1.288 1.054 1.091 0.981 0.984 0.96 0.899 0.905 0.905 
0.991 0.947 1.015 1.018 1.129 1.096 1.058 1.163 1.237 1.228 
1.454 1.285 1.23 1.191 1.216 1.11 1.142 1.144 1.09 1.145 
1.268 1.299 1.314 1.417 1.394 1.247 1.25 1.071 1.241 1.231 
1.117 1.156 1.489 1.22 1.236 1.308 1.427 1.291 1.287 1.294 
1.33 1.389 1.329 1.154 1.396 1.348 1.626 1.744 2.205 2.014 
2.384 2.692 2.209 2.142 2.919 2.253 1.874 2.616 3.1 2.432 
2.07 2.972 3.156 3.122 2.765 2.821 2.781 1.658 2.312 2.361 
2.266 1.878 2.484 2.637 2.088 2.998 3.123 3.391 3.889 5.915 
6.279 7.352 9.599 9.644 9.424 8.105 8.092 7.554 6.581 7.076 
4.522 7.43 8.529 8.395 9.51 10.494 13.419 14.112 14.323 15.0 
15.0 15.0 11.488 9.965 8.536 3.521 3.28 1.732 1.505 1.182 
1.46 1.32 1.199 1.44 1.474 1.409 1.51 1.455 1.517 1.496 
1.647 1.656 1.56 1.863 2.166 1.996 2.017 2.106 2.189 1.878 
1.816 1.781 1.526 1.612 1.865 1.574 1.054 0.879 0.805 0.765 
0.79 0.801 0.779 0.754 0.787 0.85 0.815 0.791 0.987 0.959 
0.979 1.053 1.216 1.25 1.475 1.133 1.17 1.1 0.932 0.969 
0.934 0.919 0.795 0.863 0.883 0.954 0.827 1.091 1.065 1.111 
1.179 1.5 1.703 2.982 3.558 2.801 2.838 4.108 3.931 3.704 
3.697 3.576 3.223 3.338 3.068 2.849 3.075 2.93 3.061 3.21 
3.063 3.306 3.402 2.835 2.805 3.145 1.862 2.116 1.871 1.335 
1.528 1.504 1.834 2.296 1.916 1.842 1.536 1.525 1.396 1.746 
1.905 2.589 2.771 2.906 3.415 3.364 4.343 4.375 6.002 5.254 
6.685 7.565 6.214 9.642 12.416 15.0 15.0 15.0 15.0 15.0 
15.0 15.0 15.0 15.0 15.0 15.0 15.0 12.718 15.0 13.803 
15.0 15.0 15.0 15.0 15.0 15.0 15.0 15.0 15.0 15.0 
15.0 15.0 15.0 15.0 15.0 15.0 15.0 15.0 15.0 15.0 
15.0 12.285 10.586 10.88 11.051 10.075 9.943 9.348 8.218 8.442 
15.0 15.0 15.0 14.061 15.0 14.426 15.0 15.0 15.0 15.0 
15.0 15.0 15.0 15.0 15.0 15.0 15.0 15.0 15.0 15.0 
15.0 15.0 15.0 15.0 15.0 15.0 15.0 15.0 15.0 15.0 
15.0 15.0 15.0 15.0 15.0 15.0 15.0 15.0 15.0 15.0 
15.0 15.0 15.0 15.0 15.0 15.0 15.0 15.0 15.0 15.0 
15.0 15.0 15.0 15.0 15.0 15.0 15.0 15.0 15.0 15.0 
15.0 15.0 15.0 15.0 15.0 15.0 15.0 15.0 15.0 15.0 
15.0 15.0 15.0 15.0 15.0 15.0 15.0 15.0 15.0 
END
