PFRMAT local QA
AUTHOR MASS-CASP14
af2-standard_T1125_3.pdb local_accuracy_only 15.0 13.829 12.178 11.077 9.828 9.542 8.746 7.502 9.227 10.02 9.532 
9.809 9.113 9.108 7.911 7.663 6.312 5.395 3.859 3.448 2.758 
2.849 2.492 2.432 2.451 2.506 2.309 2.007 2.537 2.407 2.123 
2.126 2.243 2.226 2.083 2.173 2.896 3.137 2.89 3.809 4.667 
5.065 6.608 7.25 6.912 5.659 6.145 6.226 5.616 5.282 5.122 
5.242 5.161 5.783 6.834 7.105 8.066 9.51 9.602 10.025 9.397 
8.177 5.327 4.269 3.051 2.666 2.632 2.99 2.949 2.499 2.607 
3.024 2.623 2.353 2.575 2.837 2.69 2.56 2.961 3.159 3.848 
3.937 4.547 4.514 3.155 3.374 3.477 3.614 2.939 2.621 2.566 
2.773 2.015 2.095 1.967 2.215 1.79 1.84 1.927 1.977 1.952 
2.257 2.489 2.617 2.675 2.812 3.705 3.415 2.872 2.26 2.344 
2.179 1.786 1.973 2.082 1.967 1.811 1.878 1.68 1.618 1.752 
2.016 1.787 1.714 1.974 2.428 2.459 2.782 3.312 3.156 2.903 
2.597 2.703 2.815 2.98 3.099 3.023 3.513 4.547 6.11 8.279 
9.787 11.338 10.905 11.571 10.303 10.681 9.542 9.414 8.759 8.753 
8.095 7.088 7.025 6.637 6.141 6.277 6.527 5.912 4.515 5.043 
5.181 5.88 5.289 5.836 6.808 6.035 5.479 5.523 5.316 5.318 
4.938 5.584 6.345 6.253 7.363 7.053 7.61 8.328 8.76 10.849 
10.276 8.22 8.593 6.652 4.958 3.922 3.309 4.071 3.532 3.634 
3.674 3.677 3.664 3.676 4.351 4.556 3.89 4.155 4.072 3.811 
3.979 3.22 3.803 3.374 2.824 2.875 2.923 3.297 2.466 2.248 
2.711 2.537 2.311 2.086 2.257 2.315 1.948 2.081 2.42 2.58 
2.322 2.568 2.759 2.984 3.073 3.138 3.58 4.131 3.716 2.743 
3.547 3.922 4.042 3.653 3.569 3.472 3.179 2.684 2.746 3.65 
3.863 3.589 3.594 3.694 4.358 4.056 3.455 3.279 2.836 2.605 
2.642 2.64 2.64 2.988 3.219 3.208 3.161 2.972 2.841 2.966 
3.051 3.216 2.791 2.357 2.243 2.069 1.807 1.678 1.945 2.0 
1.874 2.533 3.044 2.954 2.828 3.092 3.153 2.556 2.509 2.828 
3.033 3.017 3.59 4.458 5.127 5.402 5.785 5.922 5.198 3.786 
3.615 3.599 2.737 2.373 2.469 2.952 2.83 2.421 2.948 3.116 
2.629 2.405 2.697 2.67 2.301 3.114 3.196 3.705 3.947 3.874 
4.097 3.82 4.373 4.906 4.993 4.712 4.963 5.895 6.042 6.964 
6.668 7.62 8.312 11.843 12.13 15.0 14.455 12.392 11.806 11.93 
11.277 10.692 10.117 10.065 8.381 7.857 6.461 5.843 6.181 6.506 
6.68 6.785 8.085 8.64 7.378 6.055 5.594 4.746 3.858 3.214 
2.822 3.361 3.548 3.225 3.856 5.473 5.781 6.552 6.939 6.712 
6.462 6.224 5.05 3.51 2.478 2.669 2.388 2.236 2.1 2.379 
2.608 2.939 2.895 3.536 3.94 3.694 3.648 3.769 3.227 3.113 
3.233 2.83 2.46 2.835 2.699 2.648 2.445 2.691 3.363 4.124 
4.606 4.239 4.458 3.912 3.568 3.38 3.642 3.25 2.853 2.937 
2.954 2.787 2.617 2.479 2.754 3.098 3.346 3.908 4.383 4.518 
5.464 6.419 5.461 5.424 4.174 4.237 4.328 4.171 4.236 3.135 
2.914 3.354 3.037 2.833 2.768 3.07 3.0 3.383 3.174 3.496 
3.74 3.639 3.623 4.122 4.254 4.291 4.259 5.97 7.687 8.92 
9.534 11.019 11.601 12.754 11.413 10.858 11.321 9.363 9.916 10.055 
12.143 11.339 11.02 11.923 11.365 12.098 14.265 14.652 12.567 11.608 
10.771 9.433 10.093 9.14 8.66 8.949 10.262 11.811 11.09 14.236 
14.781 13.392 11.584 10.784 9.302 7.043 6.971 6.532 5.765 5.997 
5.747 6.108 6.016 5.096 4.038 4.011 4.363 4.64 5.245 6.241 
6.926 7.886 8.763 8.551 9.717 8.133 6.877 5.514 4.605 4.528 
3.848 3.489 2.991 2.837 2.278 1.902 1.892 1.944 1.651 1.295 
1.102 1.098 1.147 1.187 1.421 1.828 2.194 2.141 1.962 2.183 
2.125 2.582 2.982 2.553 1.899 1.465 1.242 1.201 1.165 1.091 
1.098 1.138 1.108 1.129 1.022 1.153 1.453 2.081 2.458 2.024 
1.757 1.582 1.289 1.464 1.406 1.415 1.425 1.187 1.004 0.904 
0.832 0.871 1.166 1.612 1.977 2.148 2.81 2.845 2.292 2.068 
1.744 1.79 1.939 2.364 2.228 1.893 2.353 2.791 3.215 3.574 
3.208 3.379 3.239 3.523 3.943 3.706 3.493 2.921 3.287 3.313 
3.523 3.637 3.244 3.235 3.823 3.714 2.733 3.284 3.67 3.295 
2.967 3.049 3.595 3.264 2.876 2.337 2.309 2.153 2.087 1.825 
2.304 2.263 2.707 3.137 3.477 3.576 4.221 4.843 6.534 6.445 
7.754 7.721 9.589 9.339 9.519 9.435 8.335 7.964 7.645 7.511 
8.72 7.772 9.58 10.695 11.139 11.875 12.85 12.95 9.389 6.998 
5.512 3.619 3.591 3.805 3.756 5.078 4.288 5.935 6.451 6.882 
7.545 7.922 8.968 8.614 9.594 10.645 11.956 10.895 9.327 8.203 
7.804 7.111 7.226 8.073 7.892 8.582 8.03 7.056 7.403 6.866 
5.611 4.939 4.188 4.921 3.696 3.46 3.292 3.661 3.161 3.069 
3.208 3.569 3.938 4.166 4.595 5.244 5.476 6.506 7.601 7.479 
6.973 5.554 3.986 3.615 3.709 3.751 3.456 3.789 3.79 3.287 
3.322 3.753 3.644 3.101 3.138 3.434 3.051 2.676 2.633 2.666 
2.593 2.649 3.0 2.891 2.582 2.28 2.161 2.154 2.173 2.809 
2.586 2.647 2.632 2.771 2.942 3.525 3.974 5.009 6.104 5.476 
6.478 7.934 7.991 7.274 6.888 8.332 7.838 7.948 8.024 9.224 
10.541 12.336 14.94 15.0 15.0 15.0 15.0 15.0 15.0 15.0 
15.0 15.0 15.0 15.0 15.0 15.0 15.0 15.0 15.0 14.548 
15.0 15.0 15.0 14.477 14.216 14.1 13.034 13.705 14.514 14.83 
13.681 13.037 11.483 12.419 12.112 13.613 14.142 14.617 15.0 15.0 
15.0 15.0 15.0 15.0 15.0 15.0 15.0 15.0 15.0 15.0 
14.824 13.227 12.114 12.848 11.766 10.648 10.378 9.336 7.704 6.492 
5.49 3.767 3.006 2.281 1.846 1.737 1.802 1.781 1.956 2.123 
2.019 2.265 2.142 2.438 2.47 3.056 3.275 2.945 2.862 2.982 
3.475 4.38 5.735 7.973 10.145 10.268 12.189 11.194 6.581 4.691 
3.832 3.533 2.653 3.132 3.316 3.286 2.988 2.918 2.878 2.674 
2.752 2.53 2.576 2.874 2.839 3.275 3.863 3.785 4.04 3.564 
4.264 4.639 4.25 3.604 3.189 2.835 2.271 1.716 2.007 1.955 
2.034 1.513 2.009 2.496 2.598 2.679 2.503 2.407 2.132 1.854 
2.182 1.97 1.936 1.852 2.166 1.862 1.815 2.015 1.853 1.651 
2.082 2.371 2.117 2.313 2.202 2.298 2.191 1.705 1.689 1.888 
1.904 1.69 1.63 1.773 1.811 1.689 2.142 2.51 2.916 2.548 
2.161 2.318 1.996 1.86 2.027 1.814 2.266 2.355 2.938 3.006 
3.447 3.261 2.413 2.287 2.458 2.187 2.06 1.985 2.399 2.592 
2.351 2.627 3.364 3.486 3.216 2.933 2.721 2.645 2.905 2.832 
2.414 2.334 2.274 2.428 2.264 2.553 3.012 3.262 3.848 5.2 
5.54 6.23 6.763 7.003 7.246 6.399 5.861 5.707 5.215 4.891 
4.74 4.822 4.484 4.353 4.188 4.735 5.362 6.086 6.81 7.591 
7.919 6.857 5.568 3.642 3.015 2.358 2.24 2.236 2.12 1.993 
1.887 2.239 1.906 1.922 2.332 2.254 2.119 2.54 2.765 2.674 
2.836 2.857 3.101 3.356 2.841 3.386 3.283 3.505 3.157 3.94 
4.077 3.076 3.213 3.693 3.676 2.992 2.509 2.743 2.731 2.428 
1.833 2.008 2.031 1.919 1.558 1.832 1.918 1.846 1.935 2.176 
2.328 2.128 2.729 3.28 3.593 3.103 3.345 3.528 2.882 2.699 
2.757 2.81 2.503 2.622 2.567 2.466 2.31 2.243 2.442 2.253 
2.239 2.462 3.269 3.755 3.706 3.308 3.834 3.972 3.833 3.858 
3.476 4.547 3.847 3.588 3.448 3.551 3.848 3.622 3.584 4.51 
6.167 6.208 5.869 5.342 5.68 4.725 4.176 3.966 3.714 3.895 
3.41 2.87 3.483 3.936 4.607 4.094 4.079 3.638 3.551 3.741 
3.4 4.063 3.658 3.772 3.408 3.401 3.34 3.405 3.37 3.769 
3.858 3.737 4.788 5.435 5.194 5.6 6.47 7.488 8.213 8.344 
9.763 10.502 9.792 9.586 8.938 10.313 8.819 9.757 10.162 9.512 
8.881 8.391 8.509 6.859 6.106 5.105 5.038 4.512 4.097 3.797 
3.88 3.516 3.083 3.387 3.14 3.335 2.818 2.836 2.829 2.792 
2.816 2.411 2.49 2.492 2.542 2.824 3.407 3.284 3.607 4.452 
5.035 5.787 5.611 5.468 5.404 4.274 4.576 3.933 3.548 2.958 
3.645 3.445 3.464 3.698 4.3 5.154 5.217 4.475 4.041 4.058 
5.091 4.184 5.127 5.228 6.292 7.016 7.088 9.302 10.705 10.407 
9.464 9.908 9.832 9.402 10.594 11.877 10.928 11.092 11.741 13.123 
13.297 13.148 12.439 9.775 9.42 7.441 7.884 6.496 5.229 4.987 
5.642 5.018 4.595 5.125 5.709 5.542 5.534 5.721 6.467 7.304 
7.788 8.287 7.459 8.711 8.157 8.281 9.091 9.17 9.087 10.082 
10.323 13.802 12.002 12.24 12.486 12.231 12.132 14.807 15.0 
END
