PFRMAT local QA
AUTHOR LAW-CASP14
af2-standard_T1163_4.pdb local_accuracy_only 15.0 15.0 15.0 15.0 15.0 15.0 11.994 5.206 3.807 4.085 2.654 
2.603 1.564 1.605 1.18 1.226 1.54 1.085 0.964 1.194 1.253 
1.083 1.139 1.264 1.577 1.627 1.468 1.606 1.644 1.375 1.121 
1.169 1.342 1.956 3.476 4.045 3.878 2.563 1.538 2.87 1.426 
3.739 3.332 7.051 7.149 9.859 9.942 8.446 6.216 3.541 3.165 
1.985 1.797 1.724 1.513 1.24 0.997 1.049 1.095 1.066 0.978 
1.124 1.201 1.387 1.238 1.079 1.181 2.843 3.729 5.249 5.385 
4.782 4.528 1.587 1.305 1.216 1.008 0.944 0.906 0.803 0.735 
0.854 0.937 1.909 2.039 3.092 2.007 1.181 0.915 0.799 0.85 
0.823 0.733 0.784 0.829 0.802 0.821 0.83 1.002 1.045 1.067 
1.334 1.278 1.461 1.815 1.967 1.918 1.693 1.664 1.667 1.684 
1.993 2.977 3.931 3.333 3.653 2.488 2.553 3.458 2.337 1.99 
1.426 1.591 1.288 1.226 1.111 1.313 1.125 0.953 1.226 1.42 
1.899 1.995 2.724 1.756 1.38 1.143 0.957 1.108 0.9 0.975 
1.023 0.992 1.326 1.292 2.93 2.868 8.126 8.598 9.278 11.027 
10.631 9.505 7.928 5.372 3.517 1.798 1.169 1.068 0.883 0.731 
0.762 0.802 0.929 1.002 1.104 1.183 1.165 1.233 1.338 1.65 
1.769 1.786 1.62 1.716 1.512 1.705 1.871 1.935 2.315 1.847 
1.856 1.988 1.957 1.892 2.474 2.344 2.136 2.306 3.077 3.411 

END
