PFRMAT local QA
AUTHOR MASS-CASP14
af2-standard_T1163_4.pdb local_accuracy_only 11.211 11.812 11.288 11.481 11.768 10.837 10.15 9.396 9.189 7.867 6.755 
5.7 4.492 2.834 2.047 1.799 1.672 1.605 1.256 1.47 1.331 
1.016 0.984 1.183 1.35 1.172 1.245 1.033 1.413 1.529 1.286 
1.577 1.845 2.62 3.643 4.927 5.96 6.452 6.694 8.62 7.569 
7.657 8.2 8.147 8.026 9.329 9.031 5.333 4.116 3.639 3.928 
3.272 2.875 2.425 2.749 2.318 1.955 1.688 2.127 2.335 2.493 
2.988 3.993 5.368 6.049 5.844 7.607 9.203 8.171 9.218 7.639 
6.027 3.643 2.596 1.751 1.602 1.303 1.188 1.099 1.065 1.181 
1.478 1.926 3.01 3.978 3.712 3.098 2.035 1.497 1.242 1.262 
1.249 1.054 1.081 1.238 1.219 1.161 1.342 1.559 1.552 1.434 
1.679 1.69 1.676 1.908 1.763 1.609 1.317 1.527 1.576 1.669 
2.11 2.906 4.072 3.882 3.863 4.172 4.352 5.355 6.136 5.814 
5.051 4.05 4.208 3.397 2.865 2.468 2.403 2.053 1.769 1.894 
2.396 2.509 2.989 2.252 1.665 1.254 1.107 0.991 1.085 1.002 
1.005 0.943 1.101 1.215 1.626 2.423 2.671 4.353 5.541 8.036 
10.033 9.264 8.92 5.537 4.576 3.364 2.357 1.949 1.675 1.393 
1.309 1.339 1.316 1.673 1.729 2.282 2.488 2.486 2.345 3.099 
3.067 2.254 1.874 2.02 1.766 1.466 1.657 1.761 1.564 1.282 
0.946 1.296 1.25 1.216 1.325 1.664 1.771 1.703 2.123 3.156 

END
