PFRMAT local QA
AUTHOR LAW-CASP14
af2-standard_T1184_2.pdb local_accuracy_only 15.0 15.0 15.0 15.0 15.0 15.0 15.0 15.0 15.0 15.0 15.0 
15.0 15.0 15.0 15.0 15.0 15.0 15.0 15.0 15.0 15.0 
15.0 15.0 15.0 15.0 15.0 14.882 10.111 9.252 8.561 7.552 
6.705 5.818 4.086 2.793 2.05 1.877 1.767 2.271 3.04 1.644 
1.695 1.574 1.715 2.13 1.897 2.906 2.338 1.504 2.246 1.67 
1.349 1.234 1.026 1.115 0.931 0.968 0.956 0.982 1.059 1.193 
1.401 2.218 2.381 5.075 6.159 5.995 5.764 5.608 5.652 5.91 
4.627 2.062 1.734 1.218 1.238 1.233 1.238 1.464 1.311 1.454 
1.399 1.643 1.297 1.741 1.724 3.53 3.791 3.28 3.494 2.23 
3.3 1.821 1.981 1.826 1.611 1.675 1.354 1.93 2.017 2.089 
2.921 2.274 2.02 1.387 1.396 1.025 1.083 1.08 0.981 0.975 
1.008 1.069 1.082 1.318 1.57 2.178 2.249 3.132 2.392 4.665 
2.661 3.51 2.669 4.297 4.566 3.804 3.359 2.318 1.563 1.455 
1.717 1.985 4.119 4.412 5.561 5.89 5.191 5.18 5.819 7.07 
7.964 9.118 8.727 10.697 13.432 14.548 15.0 15.0 13.444 11.526 
11.724 10.597 10.099 8.079 7.152 8.85 8.343 6.938 6.861 4.702 
4.961 4.695 1.963 1.772 1.444 1.428 1.597 1.844 2.795 3.933 

END
