PFRMAT local QA
AUTHOR MASS-CASP14
af2-standard_T1184_2.pdb local_accuracy_only 15.0 15.0 15.0 13.411 14.933 13.776 13.089 12.344 15.0 15.0 15.0 
14.841 14.503 11.382 12.453 10.527 11.67 12.57 12.846 12.985 13.167 
11.252 10.596 10.787 11.829 11.095 12.233 10.268 9.97 8.349 8.551 
7.9 6.438 3.915 2.556 2.114 1.736 1.44 1.518 1.245 1.187 
1.142 1.206 1.481 1.808 1.661 2.36 2.91 2.576 2.571 2.28 
1.541 1.238 1.116 1.165 1.194 1.093 1.122 1.15 1.329 1.549 
2.099 3.11 4.548 6.908 8.228 7.738 9.234 9.049 7.738 6.253 
3.919 2.578 1.85 1.619 1.588 1.495 1.326 1.666 2.048 2.239 
2.381 2.479 2.529 2.747 2.943 3.92 4.66 4.053 3.966 3.487 
3.983 3.592 4.118 3.962 4.959 4.683 5.383 5.297 6.518 6.094 
7.596 7.075 5.056 4.062 2.776 2.368 2.063 1.648 1.478 1.262 
1.202 1.058 0.939 1.151 1.637 2.2 2.342 2.366 2.045 2.005 
1.921 2.506 3.248 3.681 4.449 4.366 3.797 4.287 3.832 4.823 
4.305 4.044 4.318 4.872 5.734 7.113 6.703 7.111 6.426 5.28 
4.51 4.178 3.845 4.948 5.805 5.28 5.841 5.966 7.072 5.274 
4.62 5.363 5.125 4.188 4.327 5.196 8.791 7.272 7.471 6.221 
5.517 3.988 3.474 3.386 3.375 3.809 3.884 4.916 6.327 7.353 

END
