PFRMAT local QA
AUTHOR LAW-CASP14
af2-standard_T1134s1_4.pdb local_accuracy_only 5.926 4.829 3.255 3.055 1.888 2.087 2.311 1.804 1.746 1.909 1.888 
1.59 1.516 1.551 1.519 1.177 1.266 1.285 1.214 1.145 1.259 
1.272 1.236 1.246 1.18 1.301 1.241 1.103 1.181 1.361 1.288 
1.152 1.418 1.466 1.365 1.251 0.986 0.992 1.215 1.392 1.675 
1.791 1.821 1.54 1.25 1.078 1.009 0.891 1.002 1.107 1.087 
1.092 1.314 1.503 2.088 2.839 4.235 4.496 3.33 3.335 2.366 
1.689 1.437 1.338 1.101 1.03 1.018 0.885 0.864 0.951 0.907 
0.848 0.949 1.025 1.0 0.905 0.899 0.802 0.833 0.853 0.891 
1.008 1.261 1.348 1.111 1.05 0.842 0.823 0.811 0.75 0.803 
0.841 0.901 0.838 1.111 1.229 1.583 1.331 1.048 0.994 0.937 
0.835 0.859 0.862 0.803 0.869 0.846 0.875 0.892 0.836 0.833 
0.946 0.962 0.814 0.857 0.888 0.965 1.063 1.041 1.011 0.875 
0.855 0.778 0.867 0.936 0.87 0.883 0.9 1.225 1.17 1.675 
1.224 1.016 1.088 1.003 0.806 0.903 0.902 0.918 1.044 0.96 
0.942 1.262 1.091 1.452 1.74 1.375 1.327 1.045 1.017 1.07 
1.089 1.009 0.913 0.883 1.307 0.99 0.892 0.894 0.909 0.877 
0.911 1.009 0.962 0.982 0.959 0.994 0.882 0.969 1.017 1.005 
1.254 0.948 1.164 1.301 1.276 1.189 1.017 0.955 1.041 0.952 
0.994 0.964 1.009 1.037 1.019 0.949 0.894 0.877 0.986 0.999 
0.888 0.966 0.96 1.006 1.017 1.123 1.202 1.474 2.102 5.15 
6.473 5.812 4.668 3.471 2.537 2.287 2.133 1.443 1.194 1.298 
1.265 1.058 1.055 1.124 1.026 0.99 1.119 1.043 0.964 1.071 
1.055 1.397 1.389 1.395 1.288 1.583 1.552 1.337 1.771 
END
