PFRMAT local QA
AUTHOR MASS-CASP14
af2-standard_T1134s1_4.pdb local_accuracy_only 5.344 3.501 2.884 2.588 2.027 2.279 2.133 1.669 1.673 2.172 2.508 
2.181 1.802 1.717 1.677 1.425 1.509 1.581 1.447 1.41 1.751 
2.0 2.055 1.899 1.712 1.93 1.758 1.398 1.595 1.646 1.47 
1.588 2.115 2.402 2.074 1.993 1.753 2.191 2.183 2.499 2.633 
2.777 3.243 3.195 2.427 2.423 2.121 2.268 2.127 2.087 1.868 
1.819 1.882 1.93 1.982 2.242 2.867 3.427 2.85 2.416 2.305 
2.153 2.244 1.79 1.565 1.571 1.353 1.188 1.311 1.277 1.196 
1.265 1.749 2.049 1.993 1.601 1.465 1.387 1.435 1.583 1.46 
1.575 1.806 2.259 2.362 2.144 1.731 1.314 1.219 1.434 1.507 
1.398 1.531 1.55 1.862 2.363 3.013 2.635 2.212 2.026 1.482 
1.351 1.518 1.455 1.248 1.31 1.491 1.708 1.754 1.464 1.637 
1.787 1.895 1.726 1.583 1.983 2.096 2.388 2.379 2.145 1.608 
1.567 1.458 1.35 1.438 1.623 1.577 1.627 1.968 2.415 2.595 
2.289 1.907 1.811 1.734 1.53 1.591 1.501 1.286 1.339 1.818 
1.932 1.917 1.701 1.564 1.467 1.533 1.579 1.62 2.034 2.258 
2.218 2.431 2.184 1.918 1.723 1.607 1.73 1.718 1.535 1.418 
1.671 1.621 1.564 1.517 1.385 1.526 1.396 1.159 1.238 1.291 
1.128 1.286 1.667 1.765 1.669 1.535 1.686 1.806 1.752 1.858 
1.954 1.878 2.095 2.067 1.787 1.374 1.322 1.264 1.431 1.512 
1.336 1.262 1.353 1.576 1.698 1.884 2.179 2.675 3.077 2.929 
2.732 2.566 2.051 1.842 1.831 1.473 1.575 1.538 1.462 1.592 
1.534 1.361 1.418 1.489 1.35 1.24 1.439 1.764 1.835 1.968 
2.058 1.946 1.753 2.029 2.145 2.52 2.871 2.833 4.326 
END
