PFRMAT local QA
AUTHOR LAW-CASP14
af2-standard_T1196_3.pdb local_accuracy_only 15.0 14.414 8.855 4.603 2.534 1.544 0.844 0.745 0.664 0.707 0.817 
0.909 1.225 1.051 1.432 1.497 1.154 1.03 0.768 0.724 0.587 
0.611 0.588 0.542 0.548 0.561 0.635 0.629 0.714 0.731 0.7 
0.779 1.05 1.617 1.934 1.476 0.817 0.712 0.541 0.568 0.597 
0.569 0.58 0.566 0.592 0.632 0.713 0.655 0.601 0.624 0.495 
0.516 0.421 0.433 0.447 0.548 0.877 0.94 0.823 0.999 1.103 
1.049 1.133 1.206 1.033 0.952 0.933 0.965 0.776 0.764 0.751 
0.812 0.639 0.702 0.663 0.625 0.714 0.7 0.593 0.821 0.655 
0.7 0.536 0.599 0.601 0.668 0.492 0.484 0.433 0.411 0.41 
0.46 0.577 0.734 0.819 0.981 0.878 1.075 0.942 0.762 0.776 
0.599 0.427 0.383 0.381 0.402 0.466 0.564 0.615 0.601 0.682 
0.585 0.563 0.509 0.614 0.647 0.68 0.731 0.881 0.951 0.963 
1.001 0.718 0.744 0.691 0.661 0.63 0.53 0.474 0.494 0.479 
0.399 0.401 0.45 0.396 0.414 0.432 0.445 0.377 0.458 0.443 
0.427 0.412 0.502 0.479 0.456 0.441 0.471 0.505 0.583 0.593 
0.511 0.53 0.498 0.529 0.488 0.453 0.478 0.577 0.671 0.862 
0.834 0.689 0.651 0.487 0.509 0.448 0.495 0.663 0.735 1.244 
0.819 0.765 1.546 1.625 2.784 3.043 5.037 6.885 7.993 7.985 
7.58 5.662 4.163 2.324 1.143 0.794 0.667 0.608 0.678 0.603 
0.713 0.74 0.758 0.738 0.826 0.933 0.908 1.163 1.111 0.856 
0.734 0.536 0.626 0.593 0.481 0.519 0.515 0.508 0.434 0.475 
0.492 0.5 0.453 0.54 0.592 0.576 0.612 0.681 0.759 0.68 
0.596 0.59 0.572 0.614 0.631 0.648 0.632 0.66 0.615 0.616 
0.587 0.633 0.586 0.577 0.588 0.6 0.622 0.594 0.618 0.663 
0.69 0.698 0.74 0.755 0.779 0.795 0.781 0.802 0.802 0.922 
0.989 0.991 1.058 1.192 1.006 1.009 1.13 1.425 1.314 1.573 
1.499 1.495 1.44 1.072 0.717 0.749 0.669 0.849 1.156 0.918 
1.117 1.492 1.498 0.884 1.625 1.004 0.771 0.69 0.688 0.579 
0.545 0.637 0.581 0.519 0.501 0.561 0.537 0.496 0.518 0.616 
0.674 0.796 0.786 0.844 0.789 0.64 0.6 0.616 0.498 0.544 
0.585 0.516 0.467 0.545 0.463 0.519 0.475 0.485 0.566 0.601 
0.563 0.601 0.814 0.82 0.883 0.857 0.622 0.643 0.563 0.597 
0.617 0.603 0.533 0.661 0.726 1.023 0.948 1.094 1.438 1.309 
1.688 1.187 1.207 1.066 1.052 1.042 0.954 0.838 0.87 0.812 
0.723 0.745 0.831 0.754 0.593 0.679 0.827 0.619 0.69 0.584 
0.731 1.328 3.352 6.057 8.679 11.721 10.83 12.499 12.708 13.302 

END
