PFRMAT local QA
AUTHOR MASS-CASP14
af2-standard_T1196_3.pdb local_accuracy_only 10.397 9.414 6.419 4.567 3.026 2.317 1.92 1.865 1.516 1.47 1.456 
1.753 1.66 1.685 2.208 2.112 1.564 1.272 1.204 1.094 0.953 
1.063 1.044 1.078 1.011 1.141 1.121 1.132 1.232 1.257 1.204 
1.487 1.925 2.161 2.107 1.782 1.522 1.479 1.208 1.241 1.503 
1.222 1.44 1.504 1.751 2.103 2.515 2.46 1.958 1.722 1.236 
1.081 0.898 0.93 0.892 0.935 1.154 1.223 1.398 1.55 1.816 
1.684 1.98 1.879 1.833 1.723 1.812 1.741 1.344 1.304 1.531 
1.333 1.196 1.367 1.234 1.106 1.356 1.245 1.231 1.411 1.324 
1.342 1.374 1.035 1.141 1.266 1.149 1.095 1.066 0.927 1.022 
1.144 1.357 1.344 1.533 1.569 1.744 1.996 2.074 1.896 2.087 
1.529 1.033 0.874 0.807 0.693 0.313 0.902 1.11 1.521 1.671 
1.325 1.074 0.863 0.945 1.302 1.215 1.351 1.596 1.756 1.951 
2.12 1.895 1.92 2.081 1.803 1.266 1.151 1.14 1.129 0.942 
0.831 0.849 0.943 0.852 0.918 1.161 1.11 0.949 1.06 0.979 
0.982 1.103 1.196 1.25 1.317 1.283 1.468 1.349 1.455 1.499 
1.165 1.239 1.153 1.388 1.093 1.108 1.255 1.199 1.549 2.387 
2.388 1.874 1.564 1.257 1.043 0.999 1.294 1.342 1.306 1.641 
1.728 2.029 2.417 3.331 4.4 5.695 7.379 7.48 7.688 8.17 
7.961 6.725 5.525 3.997 2.668 1.919 1.504 1.469 1.527 1.312 
1.232 1.212 1.26 1.275 1.345 1.535 1.586 2.088 2.394 1.99 
1.912 1.589 1.173 0.948 0.856 0.75 0.711 0.913 0.903 1.191 
1.063 0.964 1.018 1.107 1.289 1.148 1.31 1.458 1.519 1.46 
1.35 1.073 1.098 1.334 1.409 1.589 1.737 1.691 1.615 1.429 
1.187 1.086 1.225 1.137 1.026 1.105 1.269 1.223 1.131 1.23 
1.275 1.424 1.622 1.656 1.772 1.656 1.608 1.883 1.798 1.762 
1.968 2.239 2.168 1.985 1.586 1.592 1.545 1.501 1.384 1.591 
1.851 1.811 1.945 1.827 1.673 1.764 1.659 1.577 1.442 1.33 
1.515 1.466 1.369 1.267 1.539 1.71 1.549 1.29 1.251 1.279 
0.986 0.005 0.0 0.0 0.0 0.027 1.128 1.076 1.171 1.217 
1.383 1.546 1.9 1.737 1.543 1.085 1.158 1.217 1.167 1.195 
1.136 0.852 0.958 1.012 1.142 1.092 1.108 1.024 1.311 1.518 
1.29 1.515 1.479 1.732 2.022 1.992 2.04 1.998 1.946 1.708 
1.74 1.526 1.395 1.451 1.697 1.689 1.674 1.942 2.11 2.433 
2.725 2.431 2.148 2.163 2.051 1.665 1.292 1.361 1.525 1.45 
1.41 1.409 1.664 1.639 1.405 1.651 1.704 1.407 1.49 1.596 
1.688 1.985 2.615 3.654 4.216 5.794 6.43 6.256 7.229 8.207 

END
