PFRMAT local QA
AUTHOR LAW-CASP14
af2-standard_T1133_5.pdb local_accuracy_only 15.0 15.0 13.435 8.495 3.015 1.425 1.357 1.3 1.447 1.438 1.753 
1.942 2.138 2.105 1.716 1.494 1.411 1.25 1.401 1.553 1.952 
2.636 2.72 2.596 1.955 1.735 1.573 1.397 1.634 1.21 1.24 
1.513 1.428 1.587 1.961 2.022 2.319 2.271 1.583 1.334 0.98 
0.918 0.781 0.811 0.795 0.957 0.974 0.864 0.821 0.741 0.684 
0.755 0.869 1.139 1.436 1.766 1.799 1.46 1.079 0.834 0.728 
0.73 0.847 0.875 1.053 1.158 1.025 0.98 0.932 0.869 0.791 
1.106 1.183 1.812 1.741 2.284 1.485 1.096 0.924 0.854 0.789 
0.759 0.764 0.792 0.834 0.898 0.794 0.815 0.866 0.794 0.744 
0.766 0.783 0.834 1.051 1.207 2.046 3.331 4.456 5.953 6.472 
5.514 5.178 3.849 2.131 1.841 1.043 0.882 0.819 0.79 0.935 
0.805 0.856 0.85 0.901 0.917 0.839 0.878 0.933 0.912 0.966 
1.044 0.969 1.237 1.144 1.291 1.819 1.657 2.105 1.51 1.173 
0.871 0.821 0.712 0.745 0.74 0.904 0.857 0.772 0.757 0.665 
0.675 0.701 0.697 0.975 0.93 1.29 1.305 1.152 0.871 0.758 
0.712 0.76 0.785 0.75 0.78 0.993 0.999 1.286 1.266 0.982 
0.934 0.947 0.995 1.078 1.522 1.309 1.529 1.261 1.033 1.063 
0.924 0.791 0.708 0.716 0.721 0.784 0.955 0.956 1.124 0.922 
0.831 0.736 0.702 0.694 0.746 0.795 0.941 1.072 1.345 1.73 
2.274 1.896 1.687 1.215 1.055 0.885 0.863 0.889 0.904 0.953 
1.072 0.954 1.309 1.378 1.424 2.331 2.727 2.782 2.479 1.934 
1.536 1.507 1.251 1.172 0.986 1.088 1.027 1.311 1.171 1.145 
1.089 1.034 0.883 0.822 0.701 0.661 0.671 0.675 0.828 0.807 
0.733 0.823 0.716 0.651 0.656 0.7 0.779 0.88 1.027 1.257 
1.544 2.78 3.11 5.019 6.377 5.543 6.37 4.239 4.753 2.567 
2.12 1.616 1.113 0.982 0.926 0.827 0.858 0.905 1.124 1.189 
1.58 1.538 1.518 1.263 1.2 1.214 1.242 2.038 2.114 2.726 
1.793 1.749 1.275 1.178 0.92 0.884 0.853 0.739 0.705 0.71 
0.725 0.833 0.878 0.795 0.851 0.792 0.715 0.757 0.798 0.937 
1.11 1.254 1.468 1.751 1.766 1.499 1.462 1.308 1.151 0.928 
0.992 1.046 1.178 1.35 1.417 1.321 1.303 1.218 1.321 1.633 
2.229 2.675 2.867 2.451 1.851 1.426 1.2 1.054 0.845 0.845 
0.815 0.884 1.07 0.957 0.853 0.907 0.869 0.845 0.857 0.964 
1.108 1.334 1.593 1.875 2.242 1.834 1.905 1.454 1.459 1.132 
1.102 1.076 1.04 1.175 1.134 1.36 1.451 1.455 1.335 1.221 
1.323 1.359 1.315 1.353 1.511 1.581 1.695 1.99 1.736 1.935 
1.708 1.421 1.271 1.073 1.114 1.154 1.321 1.137 1.225 1.173 
1.205 1.273 1.469 1.711 2.08 2.397 2.615 2.905 3.091 2.826 
3.359 3.923 2.616 2.448 2.233 1.683 1.587 1.39 1.482 1.694 
1.475 2.542 1.915 3.255 2.262 2.249 1.699 1.937 1.999 2.414 
2.487 3.044 3.533 3.949 3.065 2.816 2.02 2.166 1.842 1.856 
1.551 1.299 1.162 1.046 1.238 1.45 1.872 2.479 2.255 2.07 
3.438 3.579 9.248 11.983 13.081 6.923 3.505 9.809 7.866 8.597 
9.867 9.146 9.304 6.673 13.89 12.176 15.0 15.0 15.0 15.0 
15.0 15.0 15.0 15.0 15.0 15.0 15.0 15.0 15.0 15.0 
15.0 15.0 15.0 15.0 15.0 15.0 15.0 15.0 15.0 15.0 
15.0 15.0 15.0 15.0 14.688 10.366 11.645 15.0 15.0 15.0 
15.0 15.0 15.0 15.0 15.0 15.0 15.0 15.0 15.0 15.0 
15.0 15.0 15.0 15.0 15.0 15.0 15.0 15.0 15.0 15.0 
15.0 15.0 15.0 15.0 15.0 15.0 15.0 15.0 15.0 15.0 
15.0 15.0 15.0 15.0 15.0 15.0 15.0 15.0 15.0 15.0 
15.0 15.0 15.0 15.0 15.0 15.0 15.0 15.0 15.0 15.0 
15.0 15.0 15.0 15.0 15.0 15.0 15.0 15.0 15.0 15.0 
15.0 15.0 15.0 15.0 15.0 15.0 15.0 15.0 15.0 15.0 
15.0 15.0 15.0 15.0 15.0 15.0 15.0 15.0 15.0 15.0 
15.0 15.0 15.0 15.0 15.0 15.0 15.0 14.867 15.0 15.0 
15.0 15.0 15.0 15.0 15.0 15.0 15.0 15.0 15.0 15.0 
15.0 15.0 15.0 15.0 15.0 15.0 15.0 15.0 15.0 15.0 
15.0 15.0 15.0 15.0 
END
