PFRMAT local QA
AUTHOR MASS-CASP14
af2-standard_T1133_5.pdb local_accuracy_only 12.244 9.638 7.125 5.23 3.308 2.051 1.505 1.166 1.183 1.107 1.051 
1.236 1.529 1.703 1.52 1.213 1.252 1.262 1.347 1.585 1.872 
2.37 2.805 2.757 2.526 2.516 3.078 3.065 2.859 2.608 2.62 
2.772 3.386 3.49 4.214 4.32 4.003 3.182 1.96 1.682 1.325 
1.251 1.126 1.028 1.284 1.736 1.811 1.521 1.282 1.007 0.908 
0.999 1.044 1.388 1.782 2.127 2.093 1.473 1.151 1.15 1.096 
0.967 1.079 1.126 1.543 1.933 1.957 1.781 1.729 1.556 1.556 
1.525 1.538 1.778 2.13 2.723 2.601 2.073 1.69 1.426 1.299 
1.211 1.024 1.361 1.382 1.644 1.648 1.364 1.115 1.038 1.096 
0.95 0.915 1.076 1.328 1.816 2.838 4.342 6.706 9.29 10.392 
11.553 10.032 6.79 4.996 2.972 1.966 1.386 1.06 1.025 1.008 
0.971 1.049 1.087 1.518 1.719 1.743 1.673 1.556 1.448 1.573 
1.505 1.344 1.649 2.027 2.311 2.711 2.436 2.436 2.152 1.458 
1.272 1.28 1.082 0.884 1.17 1.574 1.586 1.414 1.286 0.977 
0.964 0.961 1.153 1.442 1.758 2.267 1.958 1.479 1.02 0.999 
0.886 0.954 1.271 1.443 1.636 1.597 1.52 1.66 1.744 1.472 
1.49 1.446 1.404 1.345 1.66 1.788 2.036 2.1 1.71 1.923 
1.655 1.504 1.352 1.315 1.511 1.688 2.315 2.757 2.559 2.18 
1.621 1.26 0.953 0.979 0.892 0.845 0.96 1.155 1.684 2.329 
2.957 2.939 2.474 2.098 1.687 1.466 1.22 1.148 1.14 1.038 
1.274 1.355 1.695 2.033 2.329 3.143 3.795 4.348 4.93 4.269 
4.392 3.918 4.109 3.599 3.398 3.308 2.879 3.528 4.075 3.689 
3.009 2.035 1.576 1.425 1.385 1.285 1.085 1.281 1.392 1.579 
1.46 1.405 1.188 1.032 1.166 1.183 1.21 1.281 1.59 2.088 
3.2 4.36 5.885 7.751 9.482 10.537 9.031 8.161 6.925 5.48 
3.867 2.777 2.289 1.744 1.413 1.44 1.198 1.333 1.542 2.085 
2.872 3.103 2.914 3.06 3.144 2.82 2.567 2.719 2.479 2.785 
2.749 2.502 2.339 1.942 1.593 1.406 1.229 1.07 0.914 0.874 
1.04 1.347 1.606 1.694 1.62 1.396 1.118 1.191 1.203 1.219 
1.363 1.831 2.317 2.886 3.541 3.549 3.332 3.205 3.245 2.835 
2.885 2.805 3.321 3.62 3.126 3.338 3.364 3.039 3.242 3.43 
2.971 3.764 4.407 4.961 4.367 3.447 2.796 2.025 1.653 1.296 
1.144 1.278 1.404 1.476 1.294 0.967 0.075 0.008 0.0 0.028 
0.214 1.169 1.339 2.014 2.069 2.251 1.907 1.661 1.291 1.123 
0.936 0.779 0.774 0.986 1.145 1.531 1.598 1.654 1.691 1.54 
1.593 1.738 1.903 2.056 2.203 2.268 2.498 2.263 1.811 1.453 
1.213 1.171 0.974 0.798 0.988 1.365 1.495 1.66 1.518 1.29 
1.129 1.087 1.132 1.112 1.25 1.182 1.49 1.72 2.099 2.13 
2.669 2.761 2.431 1.777 1.132 0.234 0.067 0.087 0.249 1.077 
1.293 1.661 1.894 1.724 1.58 1.364 1.462 1.377 1.479 1.428 
1.447 1.772 2.287 2.208 1.913 1.653 1.338 1.395 1.333 1.109 
1.104 1.046 1.228 1.418 1.618 2.091 2.645 3.224 3.529 3.754 
4.499 5.157 5.293 5.351 4.48 4.299 4.096 4.513 4.233 3.756 
3.732 4.182 4.426 4.98 4.891 5.45 6.152 6.601 6.248 6.612 
5.553 6.111 5.689 5.674 5.128 5.154 4.84 5.99 6.671 5.832 
5.95 6.076 7.027 6.355 8.002 8.126 9.101 9.451 9.198 8.023 
7.252 5.975 5.763 4.609 4.185 4.328 4.209 5.174 5.737 7.154 
7.687 10.207 12.488 11.07 15.0 14.931 15.0 15.0 15.0 15.0 
15.0 15.0 15.0 15.0 15.0 15.0 15.0 15.0 15.0 15.0 
15.0 15.0 15.0 15.0 15.0 15.0 15.0 15.0 15.0 15.0 
15.0 15.0 15.0 12.462 14.127 10.474 15.0 13.589 15.0 12.644 
15.0 14.327 15.0 15.0 15.0 15.0 15.0 12.739 12.41 11.19 
11.542 9.217 8.899 7.304 6.849 6.621 5.358 4.342 3.337 3.307 
3.155 2.7 2.294 2.189 2.103 1.88 1.99 2.223 2.123 2.411 
2.35 2.254 2.115 2.121 1.825 1.844 1.884 1.919 1.595 1.796 
1.797 1.872 2.0 2.343 2.281 2.365 2.282 2.248 1.875 2.173 
2.283 2.154 1.992 1.946 1.986 2.097 2.239 2.678 2.904 3.469 
3.574 3.393 3.049 2.766 3.044 2.958 3.139 3.535 3.577 4.453 
5.076 5.986 6.827 8.883 
END
