PFRMAT local QA
AUTHOR LAW-CASP14
af2-standard_T1137s9_1.pdb local_accuracy_only 15.0 15.0 15.0 15.0 15.0 15.0 15.0 15.0 15.0 15.0 15.0 
15.0 15.0 15.0 15.0 15.0 15.0 15.0 15.0 15.0 15.0 
15.0 15.0 15.0 13.2 13.348 12.965 11.022 8.198 5.374 4.238 
3.412 3.303 2.942 2.295 2.275 2.224 1.846 1.965 2.164 2.128 
1.742 1.947 2.617 1.948 2.056 3.28 3.062 2.128 2.89 3.405 
3.204 1.953 2.036 1.464 1.282 1.091 1.083 1.078 0.92 0.889 
1.169 1.235 1.14 1.414 2.496 4.199 5.75 6.73 7.197 6.306 
5.985 6.485 6.107 3.947 3.588 1.882 1.929 1.755 1.499 1.048 
1.195 1.193 1.054 1.053 1.224 1.332 1.098 1.204 1.342 1.436 
1.334 1.484 1.634 1.605 1.434 1.608 1.739 1.879 1.792 2.111 
2.287 2.381 2.36 1.951 1.901 1.809 1.59 1.543 1.626 1.643 
1.527 1.407 1.471 1.488 1.218 1.17 1.143 1.145 1.054 0.912 
0.908 0.908 0.803 0.776 0.789 0.701 0.668 0.751 0.722 0.699 
0.703 0.785 0.775 0.736 0.773 0.809 0.808 0.908 1.016 1.061 
1.07 1.322 1.439 1.659 1.625 2.095 2.08 2.233 2.151 2.136 
2.252 2.478 2.217 2.292 2.5 2.743 2.305 2.026 1.878 1.534 
1.364 1.594 1.318 1.062 1.009 1.14 1.099 0.841 0.86 0.9 
0.818 0.791 0.822 0.817 0.892 0.906 0.982 1.031 1.03 0.978 
1.219 1.143 1.034 1.144 1.296 1.259 1.213 1.442 1.654 1.568 
1.687 2.032 2.339 2.239 2.213 2.683 3.002 2.98 3.068 3.113 
2.678 2.424 2.275 2.021 2.072 1.778 1.815 1.809 1.73 1.636 
1.805 1.851 1.852 1.621 1.554 1.341 1.211 1.191 1.177 1.127 
1.126 1.079 1.062 1.085 1.173 0.927 0.996 0.989 0.901 0.809 
0.91 0.927 0.806 0.777 0.948 0.853 0.8 0.86 1.025 1.078 
1.105 1.117 1.435 1.502 2.042 2.27 2.32 2.053 2.079 1.95 
1.47 1.582 1.496 1.237 1.041 1.133 1.068 0.882 0.796 0.919 
0.888 0.781 0.819 0.877 0.896 0.813 0.961 0.973 1.025 1.218 
1.159 1.157 1.283 1.331 1.532 1.471 1.768 1.831 1.929 2.041 
2.4 2.404 3.07 3.225 6.968 8.14 9.555 9.656 
END
