PFRMAT local QA
AUTHOR MASS-CASP14
af2-standard_T1137s9_1.pdb local_accuracy_only 15.0 15.0 15.0 15.0 15.0 14.264 13.271 12.683 11.463 10.51 9.822 
8.569 8.488 8.468 8.387 7.582 7.65 7.226 7.509 7.009 7.297 
7.304 6.121 6.217 6.371 5.568 5.239 5.026 4.762 4.647 3.963 
3.787 3.768 3.494 3.112 3.062 2.847 2.439 2.264 2.517 2.574 
2.419 2.49 2.769 2.82 3.113 3.696 3.514 3.555 3.489 3.703 
3.611 2.88 2.573 2.55 2.109 1.918 1.884 1.908 1.686 1.671 
1.951 1.941 1.736 2.006 2.362 3.046 3.578 4.154 4.333 4.306 
4.686 4.456 3.912 2.863 2.518 2.125 1.938 1.798 1.664 1.487 
1.654 1.593 1.493 1.381 1.33 1.296 1.284 1.249 1.36 1.228 
1.242 1.327 1.457 1.558 1.518 1.368 1.713 1.664 1.594 1.91 
2.355 2.683 2.488 2.014 2.282 2.359 1.823 1.963 1.793 1.848 
1.74 1.535 1.588 1.498 1.489 1.498 1.614 1.759 1.629 1.315 
1.315 1.223 1.373 1.157 1.134 1.132 1.085 1.007 0.895 0.951 
1.057 0.967 0.9 0.888 0.963 1.044 1.035 0.982 1.049 1.123 
0.941 1.267 1.256 1.231 1.26 1.537 1.701 1.917 1.896 1.648 
1.829 1.969 1.793 1.921 1.964 1.713 1.841 1.719 1.763 1.516 
1.711 1.917 1.746 1.429 1.262 1.22 1.244 1.183 1.098 1.274 
1.164 1.242 1.285 1.161 1.055 1.131 1.305 1.292 1.244 1.239 
1.351 1.398 1.374 1.272 1.445 1.367 1.58 1.467 1.711 1.67 
1.758 1.844 2.251 2.151 2.708 3.468 3.893 3.777 3.086 2.978 
2.581 2.138 1.81 1.709 1.52 1.231 1.351 1.289 1.236 1.168 
1.355 1.477 1.362 1.332 1.445 1.614 1.683 1.45 1.343 1.431 
1.438 1.54 1.467 1.557 1.575 1.432 1.608 1.535 1.483 1.506 
1.688 1.53 1.5 1.463 1.514 1.424 1.252 1.183 1.317 1.401 
1.418 1.432 1.688 1.988 3.353 4.243 3.878 3.864 4.211 3.118 
2.153 2.356 2.208 1.82 1.569 1.569 1.613 1.382 1.494 1.52 
1.752 1.64 1.692 1.956 1.855 1.928 2.136 2.121 2.089 2.161 
2.334 2.582 2.309 2.443 2.581 2.902 2.66 3.055 3.216 3.315 
3.329 3.782 4.968 5.967 6.618 7.37 9.031 9.994 
END
