PFRMAT local QA
AUTHOR LAW-CASP14
af2-standard_T1137s6_5.pdb local_accuracy_only 6.331 5.608 3.587 2.984 2.382 2.198 2.209 1.916 1.768 1.8 1.874 
1.653 1.691 2.03 1.827 1.95 1.896 1.961 1.926 1.96 1.883 
1.947 1.894 2.095 1.958 2.054 2.211 2.302 2.281 2.526 2.536 
2.619 2.523 2.51 2.673 2.674 1.977 2.352 1.61 1.291 0.995 
0.812 0.719 0.681 0.69 0.941 0.878 0.976 0.952 0.871 0.921 
0.988 0.79 0.943 0.908 1.089 0.841 0.972 0.688 0.838 0.869 
0.96 1.183 1.08 1.193 0.907 0.868 0.913 0.736 0.855 0.855 
0.798 0.926 1.176 1.409 1.943 1.548 1.3 0.978 0.844 0.677 
0.71 0.696 0.845 0.848 1.037 1.224 1.249 1.074 1.221 1.061 
1.328 1.192 1.37 0.881 0.827 0.684 0.659 0.653 0.677 0.963 
1.017 1.461 1.661 1.755 1.177 1.048 0.829 0.751 0.661 0.717 
0.719 0.819 1.349 1.782 2.677 3.095 2.592 2.031 1.44 1.176 
1.03 0.907 0.889 0.872 0.833 0.851 0.835 0.989 0.918 0.798 
0.835 0.857 0.943 1.419 1.966 2.295 2.785 2.892 2.904 3.245 
3.457 4.181 4.224 6.372 4.586 4.398 4.724 5.632 6.913 7.582 
6.301 8.782 15.0 15.0 14.134 15.0 9.664 6.547 6.363 10.266 
12.663 7.017 5.339 5.185 4.996 4.432 4.192 3.341 2.398 2.299 
2.227 2.013 1.967 2.026 2.199 2.165 2.15 2.212 2.173 1.987 
2.172 2.335 2.28 2.209 2.348 2.395 2.551 2.575 3.148 3.47 
3.761 4.578 5.933 6.268 9.221 12.777 14.011 12.92 15.0 15.0 
15.0 15.0 15.0 15.0 15.0 15.0 15.0 15.0 15.0 15.0 
15.0 11.917 12.754 12.169 10.903 10.867 10.149 9.632 11.499 14.843 
11.363 9.798 10.845 10.932 11.126 11.474 12.31 9.462 7.751 9.07 
8.032 8.094 6.337 5.619 4.951 4.076 3.745 3.582 3.111 2.949 
2.895 2.987 2.791 2.708 2.806 2.673 2.634 2.882 2.599 2.507 
2.399 2.459 2.346 2.394 2.547 2.546 2.385 2.517 2.674 2.689 
2.563 2.686 2.736 2.797 2.516 2.658 2.544 2.518 2.608 2.465 
2.303 2.448 2.449 2.407 2.717 2.653 2.764 2.683 2.742 2.877 
2.575 2.616 2.457 2.323 2.399 2.494 2.494 2.579 2.851 3.241 
3.577 4.277 4.446 4.389 4.175 4.772 4.781 3.546 5.361 5.588 
5.705 5.509 6.244 8.999 6.464 6.799 7.157 8.506 15.0 15.0 
12.967 15.0 15.0 15.0 15.0 15.0 14.293 15.0 12.067 10.322 
12.947 11.639 8.715 8.222 13.287 15.0 15.0 13.786 13.901 13.626 
13.018 10.978 7.97 11.037 6.718 14.347 15.0 7.528 13.887 11.007 
4.815 8.479 10.264 3.552 6.498 6.063 5.907 9.537 11.801 11.866 
7.078 11.537 8.825 7.011 11.626 6.735 5.099 3.492 3.335 3.018 
3.361 3.5 2.998 2.674 2.339 2.745 2.447 2.366 2.666 2.392 
2.281 2.528 2.898 2.677 2.893 2.511 2.633 2.809 2.439 2.861 
3.513 5.586 7.706 12.594 9.212 15.0 15.0 15.0 15.0 15.0 
14.532 15.0 15.0 13.855 15.0 13.799 10.781 12.976 9.614 13.251 
15.0 15.0 15.0 15.0 15.0 15.0 15.0 15.0 15.0 15.0 
15.0 13.718 15.0 15.0 14.354 15.0 15.0 15.0 15.0 15.0 
15.0 15.0 15.0 15.0 15.0 15.0 15.0 15.0 15.0 15.0 
15.0 15.0 15.0 15.0 15.0 15.0 15.0 15.0 15.0 15.0 
15.0 15.0 15.0 15.0 15.0 15.0 15.0 15.0 15.0 15.0 
15.0 15.0 15.0 15.0 15.0 15.0 15.0 15.0 15.0 15.0 
15.0 15.0 15.0 15.0 15.0 15.0 15.0 15.0 15.0 15.0 
15.0 15.0 15.0 15.0 15.0 15.0 15.0 15.0 12.213 8.308 
8.093 8.299 9.903 4.656 5.893 6.724 9.456 9.034 11.09 8.704 
6.523 9.059 10.916 10.092 9.651 9.646 9.544 9.419 8.497 12.025 
13.819 15.0 14.299 13.944 15.0 15.0 12.899 14.648 14.269 14.066 
15.0 11.397 10.065 10.765 11.284 10.123 5.816 
END
