PFRMAT local QA
AUTHOR MASS-CASP14
af2-standard_T1137s6_5.pdb local_accuracy_only 10.707 8.481 6.367 5.775 5.434 5.295 4.639 4.951 5.073 4.907 5.124 
5.487 5.226 5.653 6.09 5.802 6.719 6.296 6.255 6.118 5.409 
5.778 5.505 5.668 5.654 5.759 6.907 7.995 7.955 8.0 8.576 
8.952 9.503 9.915 10.873 9.585 8.835 6.919 4.839 3.293 2.407 
1.649 1.352 1.192 1.178 1.072 0.994 1.185 1.392 1.263 1.277 
1.307 1.203 1.816 2.089 2.491 2.553 2.542 1.722 1.657 2.082 
2.542 3.143 2.375 1.726 1.448 1.141 1.016 1.029 1.247 1.247 
1.106 1.125 1.338 1.859 2.475 2.95 2.249 1.582 1.414 1.438 
1.297 1.431 1.202 1.147 1.434 1.81 2.226 2.431 2.259 1.715 
1.988 2.177 1.911 1.514 1.501 1.471 1.355 1.286 1.449 1.442 
1.544 1.715 2.436 2.081 1.93 1.646 1.359 1.141 0.984 0.954 
1.029 1.385 1.889 2.8 4.307 7.986 8.482 11.081 7.653 7.797 
5.726 6.122 4.938 5.444 3.723 3.102 3.061 3.637 4.523 3.994 
3.417 3.215 3.283 3.495 3.951 4.485 4.885 5.663 5.233 5.558 
6.276 6.054 5.706 5.319 6.082 6.016 5.583 6.4 6.657 6.939 
6.484 6.579 6.51 4.978 4.454 4.745 4.582 4.421 4.958 4.538 
4.897 4.997 4.791 5.532 5.921 5.973 7.166 8.181 8.471 9.449 
10.022 10.32 8.595 10.604 8.126 7.448 7.877 8.579 7.681 7.798 
7.31 7.171 6.56 7.105 7.059 8.083 7.363 9.184 8.09 8.958 
7.898 7.73 7.813 6.944 6.966 7.32 6.998 7.848 8.509 8.768 
9.372 9.583 9.143 10.062 8.627 9.302 10.706 15.0 13.521 15.0 
14.178 14.061 12.51 11.368 11.822 12.952 12.497 12.988 15.0 15.0 
14.24 14.858 11.224 10.742 9.983 10.625 11.442 13.46 13.533 15.0 
15.0 15.0 15.0 15.0 13.897 13.559 13.553 11.818 12.991 13.08 
13.988 13.352 11.912 10.646 10.303 9.597 8.559 8.496 9.464 9.228 
9.105 9.367 8.357 7.353 8.076 8.567 8.037 8.169 7.337 7.06 
5.395 5.411 5.204 4.837 4.347 4.82 4.388 5.34 4.699 5.504 
5.318 5.82 5.227 5.822 5.687 6.104 6.173 6.783 6.584 7.739 
6.98 6.981 7.205 7.911 7.755 7.246 7.936 8.255 8.567 7.514 
7.466 8.01 6.749 7.146 7.878 7.232 6.639 7.271 7.467 8.094 
7.433 7.052 6.541 6.263 6.417 6.417 7.184 6.946 8.027 8.495 
9.652 10.159 10.291 10.428 9.64 9.384 8.166 7.944 6.989 6.698 
6.039 6.494 6.912 6.382 5.837 6.253 6.151 7.775 7.29 7.347 
7.56 8.544 9.37 10.463 10.504 10.139 9.894 9.588 9.728 9.857 
9.249 7.841 6.11 4.053 2.936 2.384 1.852 1.9 2.022 2.326 
2.952 3.681 3.917 4.065 4.477 5.426 5.376 6.049 5.935 5.797 
7.218 7.53 8.269 8.938 8.318 10.324 12.479 9.574 11.274 9.802 
8.753 8.796 8.67 8.306 7.002 7.002 7.531 7.364 6.716 7.934 
8.754 9.847 10.502 10.816 8.678 8.951 8.124 6.626 5.706 4.107 
3.486 3.054 2.999 2.83 2.85 2.54 2.983 2.971 3.085 3.005 
4.034 3.926 4.212 4.493 5.065 5.73 7.368 7.667 7.099 6.169 
6.698 6.004 6.682 6.231 5.866 6.646 6.753 7.188 7.846 8.705 
8.833 9.096 9.366 8.324 9.152 8.313 10.21 10.812 9.846 9.058 
9.736 9.062 8.207 8.302 7.463 7.603 7.576 8.244 8.882 9.557 
9.683 8.796 9.235 9.197 8.027 7.735 8.25 9.172 9.569 10.223 
11.674 14.024 13.091 13.467 12.026 13.116 12.236 13.277 14.292 15.0 
14.224 15.0 15.0 15.0 14.272 12.205 9.424 10.827 10.467 11.097 
10.086 10.402 10.093 10.809 10.583 9.777 8.232 6.182 4.954 4.237 
3.361 3.692 3.672 3.753 2.609 2.028 1.497 1.428 1.351 1.554 
1.913 2.328 1.877 1.712 1.542 1.6 1.989 1.996 2.486 3.178 
4.824 4.864 6.369 6.996 8.092 9.331 8.456 7.975 5.956 7.035 
7.23 7.141 7.54 8.742 10.05 12.764 12.266 
END
