PFRMAT local QA
AUTHOR LAW-CASP14
af2-standard_T1185s4_5.pdb local_accuracy_only 15.0 15.0 15.0 15.0 15.0 15.0 15.0 15.0 15.0 15.0 15.0 
13.16 11.878 12.663 10.863 7.826 5.402 8.867 6.402 4.886 1.312 
1.489 1.71 1.526 2.286 2.093 1.572 2.288 5.311 5.569 5.584 
5.481 7.342 6.338 7.098 4.41 3.435 1.687 1.379 1.121 0.827 
0.739 0.586 0.522 0.581 0.56 0.686 0.775 1.148 1.32 1.259 
0.895 1.11 0.843 0.992 1.125 1.037 0.895 1.091 1.169 1.121 
0.966 1.129 1.217 0.932 0.938 1.256 1.539 2.036 2.844 2.579 
2.042 1.437 1.288 1.074 0.864 0.731 0.592 0.539 0.527 0.55 
0.731 0.819 0.896 0.861 0.922 0.973 1.215 1.296 1.443 1.412 
1.246 1.393 1.491 1.406 1.405 1.757 2.083 2.028 2.556 3.648 
4.165 3.479 3.514 2.851 2.379 2.243 1.619 1.59 1.42 1.124 
1.036 1.038 0.857 0.678 0.645 0.647 0.597 0.747 0.759 0.998 
1.14 1.327 1.425 1.115 1.024 1.237 1.291 1.132 1.147 1.342 
1.548 1.445 1.467 1.978 1.744 1.443 2.108 1.813 1.24 1.493 
1.07 0.808 0.854 0.586 0.501 0.496 0.58 0.73 0.944 0.946 
1.264 1.445 1.628 2.561 3.989 3.963 3.003 3.989 4.492 4.448 
5.028 5.857 6.78 6.08 5.735 3.865 3.978 3.128 1.938 2.06 
1.702 1.379 1.234 1.332 1.154 1.02 1.035 1.037 0.922 0.836 
0.909 0.907 0.763 0.911 0.993 1.049 1.024 0.756 0.671 0.531 
0.499 0.58 0.754 0.85 1.219 1.744 3.326 4.774 5.629 8.068 
9.934 12.157 12.618 15.0 15.0 15.0 15.0 15.0 15.0 15.0 
13.438 12.581 13.203 12.64 10.33 10.5 8.944 7.294 4.959 2.568 
3.696 3.526 2.859 2.022 2.058 1.389 1.236 1.203 1.111 1.027 
1.146 1.02 0.828 0.695 0.675 0.62 0.631 0.592 0.648 0.709 
0.797 1.035 1.449 3.491 4.965 4.419 6.079 4.404 4.016 1.394 
1.194 0.889 0.869 0.759 0.823 0.908 1.091 1.266 1.203 2.207 
2.774 2.361 2.068 1.486 1.248 1.005 1.056 1.008 1.094 1.221 
1.326 1.456 1.696 1.602 1.282 1.289 1.404 1.45 1.47 
END
