PFRMAT local QA
AUTHOR MASS-CASP14
af2-standard_T1185s4_5.pdb local_accuracy_only 14.629 15.0 14.662 15.0 12.05 12.934 10.751 8.59 8.036 6.115 5.714 
5.369 4.202 4.507 4.607 4.586 4.517 4.905 5.17 4.468 3.672 
3.556 3.456 2.705 3.121 3.186 2.62 3.351 3.538 4.151 3.249 
3.404 4.027 4.86 5.853 4.589 3.918 2.892 2.844 2.243 1.749 
1.302 1.076 1.114 1.126 1.041 1.128 1.049 1.41 1.834 1.851 
1.573 1.832 1.765 1.677 1.639 1.352 1.326 1.441 1.509 1.377 
1.414 1.274 1.439 1.331 1.291 1.651 2.03 2.536 3.335 3.434 
3.201 2.345 1.978 1.676 1.302 1.056 0.822 0.882 0.784 0.792 
0.899 1.213 1.402 1.679 1.643 1.438 1.498 1.601 1.678 1.572 
1.307 1.394 1.577 1.492 1.383 1.581 1.666 1.702 1.733 2.204 
2.843 3.433 2.864 2.557 2.504 2.007 1.658 1.897 1.883 1.622 
1.547 0.206 0.007 0.0 0.031 0.353 1.004 0.973 0.966 1.272 
1.356 1.448 1.433 1.369 1.194 1.303 1.432 1.368 1.221 1.447 
1.539 1.419 1.851 1.999 1.868 1.724 1.948 2.077 1.919 2.132 
1.702 1.453 1.243 1.24 1.285 1.26 1.348 1.662 1.576 1.729 
1.994 2.182 2.407 2.884 3.726 5.422 6.183 6.352 7.113 7.608 
7.211 8.279 7.954 6.931 6.169 5.751 4.235 3.745 3.111 3.002 
2.207 1.682 1.888 1.675 1.338 1.517 1.509 1.256 1.195 1.303 
1.346 1.271 1.224 1.54 1.818 1.801 1.907 1.828 1.86 1.658 
1.749 1.584 1.54 2.028 2.398 3.418 5.168 6.239 9.42 11.432 
15.0 15.0 15.0 14.043 14.839 15.0 15.0 15.0 15.0 15.0 
15.0 15.0 13.944 9.418 7.874 5.756 4.012 3.177 2.707 2.172 
2.225 1.89 2.089 2.093 1.721 1.549 1.487 1.746 1.66 1.315 
1.471 1.61 1.372 1.239 1.124 1.027 1.03 1.093 0.99 0.97 
1.11 1.481 2.014 2.844 3.905 4.411 4.601 4.163 3.395 2.291 
1.474 1.093 1.06 0.933 0.981 1.072 1.136 1.259 1.49 2.054 
2.786 2.593 2.24 1.916 1.729 1.558 1.373 1.08 1.104 1.228 
1.371 1.776 2.227 2.071 1.353 1.188 1.273 1.142 1.55 
END
