PFRMAT local QA
AUTHOR MASS-CASP14
af2-standard_T1183_2.pdb local_accuracy_only 1.67 1.089 0.474 0.173 0.002 0.0 0.0 0.0 0.016 0.466 1.19 
1.214 1.2 0.929 0.668 0.349 0.949 1.14 1.488 2.0 2.615 
2.342 2.156 2.144 2.036 1.982 2.004 1.902 2.082 2.284 2.791 
3.194 3.298 3.109 2.559 2.139 1.86 1.499 1.396 1.538 1.438 
1.258 1.217 1.418 1.676 1.58 1.49 1.353 1.352 1.391 1.562 
1.418 1.05 1.032 1.032 0.909 0.809 0.817 0.95 1.066 1.045 
1.419 1.251 1.373 1.31 1.518 1.273 1.275 1.31 1.246 1.163 
1.133 1.216 1.179 1.224 1.342 1.264 1.072 1.068 1.244 1.548 
1.572 1.709 1.213 1.104 0.992 0.893 0.971 0.943 1.108 1.007 
0.989 1.243 1.369 1.336 1.581 1.668 1.806 1.893 2.209 1.839 
2.043 1.838 1.486 1.267 1.22 1.156 1.041 1.087 1.323 1.491 
2.217 2.353 2.224 1.797 2.07 2.121 2.573 2.381 2.736 3.257 
4.6 4.673 4.373 4.14 3.663 3.496 2.905 2.922 2.614 3.026 
3.536 4.842 6.171 7.179 6.979 8.6 9.395 8.208 8.406 6.957 
7.33 6.09 6.309 5.934 5.018 5.745 5.569 4.736 5.265 4.32 
5.457 6.319 5.83 5.574 4.992 4.6 4.107 4.296 3.998 2.764 
2.576 2.327 2.676 2.251 2.123 2.074 2.046 1.894 1.704 1.645 
1.624 1.657 1.464 1.409 1.653 1.861 1.722 1.936 2.005 1.866 
1.663 1.558 1.45 1.763 1.466 1.152 1.28 1.241 1.37 1.698 
2.065 2.985 3.805 5.006 7.536 10.334 12.243 15.0 15.0 
END
