PFRMAT local QA
AUTHOR LAW-CASP14
af2-standard_T1183_2.pdb local_accuracy_only 1.054 0.995 0.828 0.744 0.787 0.757 0.835 1.065 1.008 1.263 1.755 
1.263 1.12 1.06 0.954 1.093 1.034 1.176 1.551 1.722 2.131 
2.423 2.024 1.843 1.64 1.835 1.499 1.775 1.713 1.974 2.563 
3.589 3.49 3.149 2.189 2.473 2.903 2.548 2.025 2.452 2.465 
2.508 2.231 2.351 2.476 2.543 2.344 1.764 1.449 1.137 1.308 
1.196 0.905 1.021 0.824 0.724 0.726 0.712 0.862 0.866 0.89 
1.102 1.153 1.38 1.257 1.426 1.352 1.015 1.206 1.213 0.925 
0.98 1.002 0.971 0.754 0.943 0.949 0.989 0.894 1.118 1.144 
1.275 1.295 0.98 0.998 0.809 0.762 0.85 0.788 0.966 0.901 
1.042 1.189 1.143 1.304 1.459 1.628 1.617 1.868 2.284 2.223 
2.279 2.205 2.193 1.879 1.8 1.566 1.464 1.348 1.835 1.552 
2.581 2.45 1.697 1.419 1.27 1.31 1.368 1.808 1.878 2.331 
2.679 2.84 2.613 2.366 1.965 1.856 1.559 1.492 1.492 1.573 
2.541 3.525 3.805 5.782 6.17 6.273 4.81 2.733 2.664 2.102 
3.693 4.35 5.415 5.352 3.269 4.647 4.618 3.83 4.398 3.398 
5.063 5.018 4.268 3.838 2.997 3.742 3.172 4.97 5.132 3.822 
2.789 1.742 1.39 1.819 2.371 1.334 1.254 2.096 1.516 0.974 
1.205 1.573 1.259 1.224 1.609 1.833 1.518 1.515 1.24 1.065 
1.065 1.092 1.081 1.324 1.423 1.187 1.332 1.084 1.202 1.523 
1.722 3.259 2.37 4.025 4.393 7.24 8.506 10.612 12.283 
END
