PFRMAT local QA
AUTHOR MASS-CASP14
af2-standard_T1137s9_3.pdb local_accuracy_only 15.0 15.0 15.0 15.0 15.0 13.929 13.138 12.664 11.388 10.48 9.822 
8.478 8.442 8.44 7.958 7.534 7.487 7.225 7.373 7.021 7.262 
7.231 6.031 6.137 6.337 5.524 5.168 4.928 4.618 4.602 3.921 
3.663 3.654 3.41 2.979 2.923 2.757 2.342 2.169 2.449 2.51 
2.35 2.408 2.703 2.78 3.112 3.681 3.533 3.536 3.431 3.707 
3.594 2.889 2.561 2.551 2.093 1.93 1.902 1.924 1.693 1.7 
2.007 2.018 1.813 2.161 2.67 3.429 4.143 4.946 5.2 5.284 
5.457 4.801 4.081 3.017 2.682 2.231 1.991 1.823 1.668 1.499 
1.671 1.61 1.488 1.377 1.342 1.297 1.278 1.25 1.366 1.228 
1.232 1.304 1.41 1.502 1.486 1.335 1.663 1.592 1.528 1.79 
2.245 2.443 2.255 1.858 2.096 2.15 1.623 1.868 1.685 1.726 
1.622 1.452 1.492 1.405 1.412 1.423 1.566 1.73 1.624 1.334 
1.342 1.23 1.375 1.154 1.154 1.159 1.1 1.004 0.893 0.95 
1.048 0.945 0.873 0.871 0.951 1.036 1.022 0.99 1.056 1.149 
0.949 1.276 1.244 1.244 1.273 1.623 1.747 1.958 1.932 1.665 
1.858 1.993 1.811 1.924 1.935 1.655 1.807 1.705 1.762 1.513 
1.71 1.919 1.779 1.477 1.306 1.264 1.289 1.242 1.124 1.296 
1.182 1.263 1.291 1.171 1.05 1.131 1.302 1.298 1.246 1.256 
1.346 1.378 1.343 1.232 1.405 1.355 1.548 1.431 1.67 1.637 
1.741 1.803 2.218 2.061 2.571 3.281 3.775 3.694 3.043 3.025 
2.537 2.089 1.783 1.699 1.499 1.224 1.372 1.289 1.207 1.157 
1.351 1.463 1.358 1.338 1.485 1.65 1.662 1.451 1.37 1.432 
1.408 1.49 1.442 1.539 1.589 1.429 1.608 1.531 1.483 1.492 
1.649 1.447 1.419 1.385 1.443 1.368 1.177 1.119 1.284 1.355 
1.379 1.37 1.583 1.904 3.225 4.134 3.814 3.841 4.174 3.106 
2.125 2.347 2.168 1.8 1.549 1.552 1.591 1.364 1.472 1.494 
1.732 1.61 1.69 1.953 1.902 1.947 2.193 2.121 2.115 2.249 
2.451 2.696 2.428 2.574 2.739 3.013 2.757 3.224 3.466 3.85 
4.011 4.628 5.988 6.877 7.57 7.868 9.263 10.599 
END
