PFRMAT local QA
AUTHOR LAW-CASP14
af2-standard_T1137s9_3.pdb local_accuracy_only 15.0 15.0 15.0 15.0 15.0 15.0 15.0 15.0 15.0 15.0 15.0 
15.0 15.0 15.0 15.0 15.0 15.0 15.0 15.0 15.0 15.0 
15.0 15.0 15.0 12.861 13.332 12.996 10.824 8.138 5.625 4.457 
3.604 3.469 3.047 2.391 2.389 2.344 1.928 2.037 2.288 2.237 
1.805 1.994 2.699 1.992 2.091 3.313 3.115 2.169 2.883 3.458 
3.243 1.987 2.082 1.498 1.32 1.122 1.113 1.104 0.95 0.918 
1.201 1.266 1.176 1.464 2.56 4.019 5.398 6.676 7.326 6.524 
5.901 6.629 6.145 3.923 3.654 1.851 1.993 1.779 1.468 1.0 
1.166 1.222 1.059 1.043 1.189 1.254 1.047 1.172 1.321 1.321 
1.323 1.466 1.566 1.551 1.431 1.616 1.748 1.891 1.79 2.08 
2.258 2.418 2.337 1.934 1.779 1.795 1.591 1.533 1.629 1.678 
1.48 1.422 1.513 1.515 1.212 1.186 1.145 1.143 1.034 0.905 
0.896 0.891 0.808 0.774 0.755 0.71 0.676 0.748 0.726 0.708 
0.716 0.82 0.775 0.737 0.77 0.792 0.804 0.906 1.006 1.04 
1.066 1.306 1.421 1.628 1.613 2.014 2.031 2.217 2.152 2.147 
2.349 2.58 2.316 2.397 2.614 2.924 2.489 2.18 2.017 1.597 
1.417 1.676 1.377 1.092 1.037 1.18 1.139 0.864 0.888 0.934 
0.85 0.811 0.845 0.848 0.929 0.921 0.982 1.026 1.021 0.943 
1.195 1.106 0.984 1.089 1.201 1.225 1.192 1.425 1.594 1.552 
1.638 2.004 2.299 2.172 2.161 2.635 2.907 2.876 2.965 3.091 
2.689 2.487 2.313 2.052 2.096 1.79 1.841 1.868 1.765 1.679 
1.847 1.917 1.88 1.739 1.504 1.312 1.174 1.172 1.115 1.089 
1.091 1.043 1.024 1.063 1.154 0.91 0.992 0.978 0.894 0.814 
0.915 0.912 0.803 0.784 0.955 0.857 0.803 0.864 1.057 1.079 
1.102 1.107 1.409 1.486 2.024 2.252 2.368 2.081 2.131 1.979 
1.473 1.598 1.518 1.238 1.045 1.143 1.076 0.87 0.801 0.929 
0.884 0.784 0.825 0.878 0.885 0.826 0.973 0.988 1.041 1.239 
1.225 1.221 1.34 1.489 1.698 1.56 1.803 2.27 2.332 2.937 
3.673 3.688 5.033 6.38 10.085 11.647 13.762 14.028 
END
