PFRMAT local QA
AUTHOR LAW-CASP14
af2-standard_T1137s6_4.pdb local_accuracy_only 6.826 6.096 4.706 4.824 4.408 3.873 4.722 1.86 1.853 1.931 1.939 
1.815 1.811 2.116 1.973 2.016 1.985 2.028 2.085 1.994 1.947 
2.008 1.983 2.182 2.04 2.127 2.357 2.449 2.437 2.542 2.768 
2.869 3.125 3.21 3.478 3.488 2.835 3.084 1.956 1.547 1.076 
0.839 0.734 0.681 0.687 0.955 0.884 1.002 1.091 0.866 0.901 
0.952 0.767 0.934 0.949 1.17 0.868 1.037 0.688 0.792 0.806 
0.824 1.02 0.978 1.226 0.939 0.924 0.993 0.759 0.895 0.872 
0.787 0.887 1.134 1.309 1.855 1.532 1.337 0.966 0.83 0.674 
0.708 0.706 0.87 0.894 1.126 1.322 1.328 1.11 1.254 0.98 
1.28 1.208 1.453 0.868 0.811 0.652 0.658 0.651 0.69 0.881 
0.923 1.165 1.185 1.412 1.114 0.971 0.81 0.741 0.652 0.662 
0.681 0.782 1.334 1.865 3.199 3.483 2.836 2.087 1.472 1.208 
1.057 0.943 0.917 0.888 0.847 0.874 0.848 1.038 0.934 0.807 
0.846 0.902 1.003 1.683 3.985 5.07 10.77 11.295 10.177 12.536 
15.0 15.0 15.0 15.0 14.106 9.492 8.71 11.603 9.231 4.333 
4.712 5.469 9.387 9.507 5.224 8.249 6.027 4.084 4.645 7.961 
10.212 4.887 5.076 5.419 6.207 4.261 4.576 2.799 2.443 2.503 
2.452 2.149 2.082 2.211 2.465 2.538 2.417 2.552 2.451 2.207 
2.447 2.73 2.683 2.591 2.75 2.682 2.895 2.88 3.542 3.749 
4.126 4.397 5.338 5.35 8.653 11.531 11.463 11.407 13.044 14.288 
14.41 14.906 10.819 10.85 11.06 9.499 7.336 6.01 5.454 5.175 
3.763 3.203 2.67 2.374 2.177 2.054 2.085 1.971 1.962 2.267 
2.314 1.944 2.34 2.23 1.981 1.815 2.108 1.835 2.007 1.963 
1.962 2.028 2.07 2.313 2.419 2.216 2.343 2.429 2.419 2.172 
2.344 2.336 2.324 2.305 2.749 2.506 2.592 2.898 2.769 2.81 
2.674 2.895 2.828 2.937 3.186 3.422 3.131 3.27 3.312 3.09 
2.787 3.057 3.062 2.888 2.68 2.892 2.787 2.795 2.801 2.989 
2.721 2.749 2.818 2.804 2.905 2.872 3.083 3.756 3.568 4.126 
4.003 3.867 5.265 5.907 4.444 4.818 5.92 6.452 7.722 8.737 
9.952 10.541 12.426 15.0 15.0 14.088 13.315 12.352 13.539 13.447 
15.0 10.591 12.155 15.0 13.034 12.153 15.0 13.827 14.74 15.0 
15.0 15.0 15.0 15.0 15.0 15.0 15.0 15.0 15.0 12.643 
14.619 13.275 15.0 12.344 15.0 15.0 15.0 15.0 13.584 13.337 
11.333 9.646 8.11 11.063 7.205 15.0 15.0 10.529 15.0 15.0 
9.333 15.0 15.0 13.397 14.983 13.381 11.992 14.557 15.0 15.0 
15.0 15.0 15.0 15.0 15.0 13.551 12.663 7.324 6.493 4.935 
6.794 7.196 4.512 3.71 3.217 3.336 3.085 3.27 4.146 6.147 
3.976 3.597 4.095 4.145 4.493 3.158 3.596 4.175 3.35 4.526 
4.987 6.487 11.472 15.0 11.402 15.0 15.0 15.0 15.0 15.0 
15.0 15.0 12.681 14.966 15.0 15.0 15.0 15.0 15.0 15.0 
15.0 15.0 15.0 15.0 15.0 15.0 15.0 15.0 15.0 15.0 
15.0 15.0 15.0 15.0 15.0 15.0 15.0 15.0 15.0 15.0 
15.0 15.0 15.0 15.0 15.0 15.0 15.0 15.0 15.0 15.0 
15.0 15.0 15.0 15.0 15.0 15.0 15.0 15.0 15.0 15.0 
15.0 15.0 15.0 15.0 15.0 15.0 15.0 15.0 15.0 13.401 
12.153 15.0 13.845 15.0 15.0 15.0 15.0 15.0 15.0 15.0 
15.0 15.0 15.0 15.0 15.0 15.0 15.0 15.0 15.0 15.0 
15.0 15.0 15.0 15.0 15.0 15.0 15.0 15.0 15.0 12.532 
12.817 14.903 15.0 7.44 10.627 14.159 15.0 14.559 15.0 13.013 
11.392 15.0 15.0 15.0 15.0 15.0 15.0 15.0 15.0 13.837 
15.0 15.0 15.0 15.0 15.0 15.0 15.0 15.0 15.0 15.0 
15.0 15.0 15.0 15.0 15.0 15.0 10.892 
END
