PFRMAT local QA
AUTHOR MASS-CASP14
af2-standard_T1137s6_4.pdb local_accuracy_only 15.0 14.292 9.866 7.842 7.12 6.684 5.675 5.346 5.4 5.047 5.09 
5.263 4.784 5.07 5.467 5.447 6.491 6.281 5.996 6.007 5.403 
5.926 5.555 5.904 5.909 6.132 7.291 8.488 8.419 8.556 8.939 
9.379 9.307 9.582 10.075 8.859 7.705 5.564 4.295 3.034 2.306 
1.604 1.356 1.198 1.224 1.149 1.035 1.241 1.501 1.41 1.413 
1.393 1.249 1.857 2.084 2.364 2.38 2.297 1.6 1.548 1.836 
2.029 2.529 2.163 1.72 1.431 1.156 1.009 1.056 1.281 1.316 
1.155 1.176 1.434 1.896 2.561 3.148 2.541 1.726 1.468 1.426 
1.242 1.316 1.134 1.083 1.287 1.614 2.028 2.311 2.175 1.631 
2.03 2.313 2.073 1.636 1.508 1.406 1.267 1.211 1.415 1.378 
1.522 1.501 1.868 1.705 1.693 1.601 1.409 1.224 1.076 0.977 
0.981 1.363 1.786 2.712 4.137 7.304 7.363 9.966 7.361 7.655 
6.054 6.322 5.527 5.937 4.143 3.355 3.4 3.726 4.23 3.335 
2.812 2.552 2.648 2.653 2.746 2.995 3.043 3.337 2.871 3.471 
3.641 3.789 3.533 3.489 3.836 3.729 3.412 3.771 4.149 4.27 
3.752 3.655 3.659 2.977 2.583 2.935 3.001 3.063 3.341 3.041 
3.486 3.605 3.62 4.434 4.587 4.969 5.312 6.262 5.686 6.554 
7.131 7.061 5.644 6.35 5.765 5.77 5.902 6.68 6.176 6.534 
6.053 6.118 5.524 6.176 6.168 6.891 6.208 7.895 7.037 7.729 
6.888 6.896 7.029 6.055 5.943 6.357 6.141 6.639 7.263 7.009 
7.383 6.952 6.93 6.442 5.916 5.629 6.823 7.743 7.674 8.146 
8.55 8.949 9.855 9.32 8.442 9.506 9.643 8.914 10.059 10.541 
9.74 9.606 8.97 8.132 7.597 7.629 8.237 7.795 7.603 7.327 
8.51 8.449 8.649 8.293 8.262 8.37 8.346 7.83 8.858 9.032 
10.303 10.428 10.315 9.513 9.177 9.362 8.311 8.76 10.042 9.641 
9.685 10.846 9.773 8.883 10.005 11.011 10.406 11.437 10.043 9.116 
7.215 7.494 7.316 7.416 7.32 7.598 6.907 7.998 7.588 8.89 
7.865 8.778 7.629 8.912 8.215 8.974 8.852 10.158 8.725 10.416 
9.183 9.41 9.619 11.128 10.443 11.015 12.81 13.208 13.734 12.03 
12.16 13.614 11.734 12.85 14.96 13.205 14.266 14.106 13.819 15.0 
15.0 15.0 12.664 11.77 12.212 12.541 13.314 12.554 12.8 13.593 
13.217 13.685 13.126 12.435 11.105 9.968 8.127 7.776 7.255 7.034 
6.71 7.546 8.073 7.632 6.836 7.217 7.166 8.941 8.689 8.672 
8.961 10.017 11.414 12.607 13.007 11.831 11.974 11.657 12.652 13.046 
12.41 10.903 8.459 5.835 4.075 3.215 2.358 2.614 2.679 3.178 
4.209 4.898 4.76 4.71 5.216 6.354 6.154 6.935 6.647 6.367 
7.903 8.366 9.026 9.282 9.055 10.99 12.487 8.951 10.068 8.696 
7.734 7.827 8.038 8.016 6.903 7.18 7.684 7.324 6.902 7.612 
8.054 8.586 9.386 9.502 8.204 8.729 8.322 7.787 6.823 5.236 
4.224 4.234 4.282 3.949 3.58 3.128 3.523 3.637 3.619 3.448 
3.865 3.289 3.092 3.137 3.328 3.304 3.913 3.689 3.662 3.292 
3.644 3.544 4.118 3.857 3.961 4.473 5.099 5.18 5.585 6.433 
6.462 7.088 6.754 6.847 7.965 6.941 8.635 9.105 8.111 7.5 
7.553 7.044 6.512 6.35 6.568 6.913 7.49 8.558 10.051 10.989 
11.079 9.829 10.945 10.558 8.78 7.619 7.979 8.221 8.391 9.051 
11.45 11.963 11.515 12.067 11.444 11.604 10.677 11.876 12.433 14.838 
12.838 15.0 12.497 12.554 12.602 10.463 8.694 10.64 9.784 10.725 
8.882 9.978 9.643 10.288 10.375 9.701 8.174 6.113 4.837 3.623 
2.682 2.988 2.965 2.974 2.297 1.816 1.442 1.385 1.362 1.622 
1.995 2.425 1.919 1.766 1.574 1.596 1.95 1.969 2.481 3.17 
4.752 4.748 6.325 7.066 7.922 9.19 8.242 7.796 5.916 6.854 
6.761 6.565 6.746 7.946 9.334 12.425 12.534 
END
