PFRMAT local QA
AUTHOR MASS-CASP14
af2-standard_T1185s1_5.pdb local_accuracy_only 1.939 1.516 1.361 1.121 0.992 1.028 1.318 1.358 1.575 1.977 1.815 
1.623 1.677 1.667 1.458 1.287 1.443 1.317 1.178 1.38 1.741 
1.645 1.348 1.175 1.145 1.0 1.019 1.344 1.217 1.183 1.412 
1.646 1.575 1.708 1.906 2.102 1.917 1.719 1.911 2.085 1.797 
2.029 2.168 1.913 1.768 1.761 1.887 1.533 1.292 1.574 1.576 
1.221 1.419 1.605 1.482 1.306 1.593 1.728 1.996 1.944 2.586 
3.125 4.383 5.153 6.028 7.12 8.137 8.696 9.29 8.696 9.234 
9.091 9.997 9.302 9.248 8.639 7.174 6.011 4.082 2.849 2.098 
1.48 1.493 1.596 1.689 1.667 1.722 1.855 1.885 1.828 2.323 
2.509 2.643 2.462 2.477 2.587 2.152 1.971 1.937 1.768 1.63 
1.418 0.997 1.066 1.026 1.029 0.922 0.914 1.133 1.31 1.205 
1.024 1.174 1.158 1.311 1.281 1.154 1.183 1.283 1.416 1.332 
1.291 1.341 1.285 1.29 1.262 1.322 1.476 1.729 1.963 2.036 
1.809 1.494 1.341 1.399 1.28 0.989 0.756 0.816 0.709 0.795 
0.904 1.13 1.552 1.867 1.802 1.663 1.95 2.108 2.106 1.937 
1.849 1.943 2.296 1.983 2.042 2.303 2.414 2.134 2.056 2.483 
2.794 2.427 2.252 2.809 2.641 2.829 2.639 2.138 2.056 2.381 
2.401 2.18 2.167 1.909 1.42 1.139 1.148 1.087 1.103 1.392 
1.344 1.229 1.114 1.136 1.349 1.265 1.163 1.335 1.349 1.409 
1.282 1.545 1.476 1.466 1.825 1.934 1.884 1.514 2.206 2.36 
1.957 1.648 1.249 1.126 0.941 0.803 0.706 0.592 0.77 0.954 
0.961 1.034 1.181 1.201 1.385 1.55 1.923 2.259 2.279 3.28 
3.839 4.157 4.032 4.909 3.987 3.435 2.938 2.975 2.602 2.23 
2.274 2.177 1.78 1.668 1.862 1.726 1.371 1.288 1.479 1.372 
1.197 1.32 1.5 1.411 1.699 2.027 2.033 1.907 1.638 1.182 
1.097 0.929 0.843 0.898 0.969 1.101 1.158 1.279 1.97 2.767 
4.325 6.425 8.834 11.584 13.223 13.313 13.77 12.082 11.955 13.079 
11.578 11.478 11.238 11.465 9.853 11.292 12.072 13.083 12.428 12.91 
12.43 13.689 11.855 12.468 12.834 11.535 9.438 7.723 5.417 3.742 
2.808 2.307 2.294 2.133 1.982 2.055 2.366 2.396 2.004 2.134 
2.617 2.246 1.955 1.584 1.405 1.209 1.061 0.989 1.036 1.096 
1.327 1.519 1.754 2.137 1.848 1.382 1.294 1.166 1.206 1.148 
1.196 1.338 1.473 1.766 2.34 2.713 2.49 2.374 1.826 1.588 
1.356 1.117 1.074 1.099 1.357 1.474 1.673 1.904 1.921 1.71 
1.316 1.349 1.461 1.828 2.236 3.187 4.488 5.501 6.273 
END
