PFRMAT local QA
AUTHOR LAW-CASP14
af2-standard_T1185s1_5.pdb local_accuracy_only 3.049 3.056 2.397 2.635 2.913 2.983 3.36 3.437 3.229 3.588 3.385 
3.32 3.118 2.719 3.125 3.091 2.994 2.99 2.852 2.822 2.772 
2.799 3.055 3.679 3.706 3.09 3.208 3.34 3.918 3.054 3.62 
4.296 4.411 3.618 3.6 4.085 3.796 3.337 3.563 3.674 3.642 
2.961 3.386 3.607 3.645 3.626 3.333 3.304 2.86 2.781 2.844 
2.536 2.807 2.981 2.881 2.665 2.957 3.086 3.147 3.328 3.906 
4.376 6.337 7.81 8.518 9.189 9.977 10.022 10.174 9.63 9.835 
9.11 8.199 8.042 6.951 6.693 5.135 3.365 1.849 1.086 0.961 
0.886 0.852 1.071 1.007 1.335 1.239 1.483 1.415 1.27 1.266 
1.568 1.61 1.327 1.682 1.19 1.208 0.884 0.893 0.876 0.931 
0.868 0.738 0.721 0.717 0.652 0.715 0.679 0.758 0.804 0.828 
0.737 0.864 0.739 0.894 0.907 0.856 0.753 0.984 0.956 0.829 
0.77 0.965 0.863 0.77 0.883 0.978 1.152 1.279 1.69 1.462 
1.197 1.018 0.909 0.894 0.798 0.78 0.721 0.686 0.653 0.665 
0.814 0.824 0.88 1.053 1.156 1.194 1.896 1.85 2.07 1.65 
1.536 1.837 1.67 1.336 1.559 1.878 1.789 1.617 2.098 2.47 
2.884 2.863 2.507 3.107 3.099 3.089 3.121 2.829 2.378 2.892 
2.534 1.62 2.084 1.892 1.159 0.981 0.876 0.829 0.785 0.918 
0.904 1.024 1.093 1.249 1.467 1.236 1.079 1.489 1.342 1.222 
1.152 1.391 1.351 1.256 1.215 1.467 1.191 1.059 1.244 1.424 
1.032 0.987 0.763 0.766 0.691 0.658 0.613 0.656 0.692 0.713 
0.719 0.789 0.796 0.893 0.929 0.962 0.985 1.098 1.301 1.574 
2.667 3.988 3.652 4.061 3.155 2.287 2.421 2.143 2.057 1.47 
1.648 1.523 1.369 1.249 1.269 1.231 1.178 1.03 1.098 1.051 
0.825 0.891 1.045 0.938 0.853 0.979 1.031 1.013 0.969 0.83 
0.738 0.672 0.615 0.637 0.721 0.731 0.804 0.989 1.401 2.77 
3.745 6.936 7.836 10.109 9.737 8.68 6.943 5.817 5.316 5.012 
3.518 4.809 3.137 5.777 6.163 7.788 9.274 11.556 11.846 12.087 
13.39 14.075 13.678 13.876 13.197 12.848 9.134 7.801 5.947 4.44 
2.316 1.989 1.184 1.077 1.245 1.677 2.034 1.777 1.385 1.532 
1.577 1.192 0.956 0.993 0.942 0.875 0.789 0.741 0.731 0.725 
0.972 1.201 1.451 1.822 1.511 1.143 0.877 0.83 0.785 0.934 
1.068 1.131 1.196 1.356 1.345 1.761 1.698 1.766 1.502 1.429 
1.052 0.973 0.941 0.885 1.078 1.067 1.194 1.413 1.377 1.119 
1.04 1.104 1.124 1.149 1.879 2.944 5.092 6.362 7.425 
END
