PFRMAT local QA
AUTHOR LAW-CASP14
af2-standard_T1158v4_2.pdb local_accuracy_only 15.0 15.0 15.0 15.0 11.295 10.96 7.244 3.175 1.426 1.741 1.427 
3.983 7.239 6.822 9.737 9.109 9.727 8.983 6.302 7.839 3.601 
1.54 1.15 0.909 1.176 1.778 0.852 1.163 1.198 1.085 0.917 
1.343 1.231 1.105 1.223 1.701 1.355 1.216 0.945 1.071 1.013 
1.196 1.089 0.848 1.139 0.999 0.811 1.234 1.176 1.189 0.961 
0.898 0.704 0.792 1.023 0.747 0.691 0.858 0.914 0.857 0.898 
1.169 1.282 1.31 1.635 2.041 2.432 3.021 3.429 3.817 4.617 
5.52 7.571 7.641 8.198 6.857 5.496 3.613 2.419 1.57 1.987 
2.097 1.593 1.532 2.035 2.063 1.639 2.35 2.784 3.447 3.643 
2.662 4.658 4.954 2.794 4.402 5.98 3.101 2.93 3.691 3.291 
2.273 2.194 2.26 2.061 1.619 1.322 1.499 1.617 1.252 1.545 
1.686 1.299 1.125 1.509 1.453 1.041 1.118 1.306 1.046 1.01 
1.313 1.573 3.387 4.6 6.835 5.021 4.824 4.07 3.093 2.963 
2.983 3.044 2.452 2.715 2.572 2.208 1.942 2.778 2.494 2.293 
1.849 2.366 2.023 1.701 1.608 1.747 1.544 0.962 1.075 1.226 
1.15 0.742 0.903 1.023 0.776 0.624 0.747 0.744 0.654 0.578 
0.661 0.639 0.561 0.586 0.551 0.555 0.527 0.579 0.509 0.488 
0.527 0.531 0.508 0.479 0.562 0.574 0.537 0.549 0.619 0.663 
0.775 0.906 1.22 1.023 1.186 1.521 1.705 1.545 1.554 1.101 
1.328 1.268 1.03 0.893 1.045 0.947 0.747 0.883 0.921 0.917 
0.7 0.789 0.844 0.664 0.698 0.776 0.802 0.759 0.787 1.039 
0.948 1.23 1.321 1.451 1.449 1.791 1.57 1.52 1.307 1.318 
1.09 0.976 0.965 0.901 0.841 0.807 0.851 0.823 0.896 1.01 
1.017 0.904 0.964 1.033 1.006 0.885 1.021 1.009 1.125 1.127 
1.447 1.252 1.468 1.533 1.796 1.963 1.959 1.804 1.902 1.625 
1.492 1.281 1.215 1.086 1.058 0.967 0.917 0.975 0.978 0.849 
0.894 0.954 0.939 0.796 0.868 0.867 0.786 0.765 0.819 0.782 
0.719 0.701 0.765 0.737 0.696 0.796 0.827 0.753 0.778 0.943 
0.899 0.813 0.88 0.812 0.744 0.767 0.68 0.669 0.744 0.809 
0.87 1.038 0.992 0.915 0.923 0.934 0.831 0.747 0.799 0.796 
0.742 0.691 0.726 0.723 0.679 0.634 0.713 0.748 0.719 0.719 
0.786 0.802 0.865 0.9 0.952 1.008 1.142 1.189 1.235 1.378 
1.447 1.58 1.616 1.687 1.618 1.456 1.403 2.075 1.592 1.245 
1.184 1.469 1.168 1.164 1.195 1.621 1.149 1.14 1.37 1.481 
1.374 1.627 1.656 1.943 1.393 1.503 1.078 1.111 1.018 1.126 
1.064 1.107 0.959 1.15 1.09 0.997 1.057 1.179 1.203 1.237 
1.47 1.526 1.639 1.83 2.145 2.363 1.875 2.051 2.707 2.397 
1.562 2.379 2.184 1.279 1.367 1.816 1.415 1.058 1.628 1.707 
1.22 1.302 1.572 1.326 0.945 1.237 1.123 1.045 0.813 1.022 
0.904 0.888 0.846 1.027 3.029 10.002 12.142 14.095 15.0 14.035 
13.537 9.429 11.092 7.144 5.034 2.535 1.108 1.043 1.031 1.124 
1.251 1.477 1.606 1.446 1.585 1.415 1.592 1.381 1.877 2.757 
4.147 3.16 3.532 2.797 1.776 1.641 1.517 1.567 1.768 1.44 
1.41 1.167 1.089 0.852 0.926 0.864 0.887 0.854 0.788 0.788 
0.79 0.703 0.839 1.155 1.636 6.376 2.072 1.453 1.358 1.02 
0.986 1.211 1.089 0.858 0.99 1.047 1.039 0.8 1.16 0.868 
1.084 1.227 1.33 1.517 1.546 1.797 1.501 1.258 1.239 1.189 
1.254 0.849 0.689 0.645 0.668 0.745 0.782 1.247 1.362 1.85 
1.256 0.864 0.779 0.694 0.845 0.814 0.847 0.865 0.889 0.999 
0.856 0.929 1.172 1.171 1.894 1.583 2.68 2.143 2.379 1.937 
1.682 1.332 1.296 1.2 1.147 0.988 1.024 1.024 1.012 0.94 
1.04 1.007 1.137 1.25 1.218 1.192 1.485 1.578 1.273 1.503 
1.111 1.309 0.961 0.973 1.021 0.919 0.916 1.036 1.029 1.177 
1.05 1.228 2.029 1.456 1.893 1.697 1.632 1.279 1.096 1.192 
1.049 0.922 0.938 0.937 0.955 1.009 0.804 0.877 0.944 0.921 
0.781 0.675 0.635 0.556 0.572 0.604 0.735 0.804 0.927 1.093 
1.024 1.484 1.511 1.347 1.372 1.345 1.339 1.175 1.119 1.176 
1.086 0.946 0.96 1.134 1.013 1.019 1.002 1.078 1.27 1.097 
0.932 1.098 0.921 0.697 0.674 0.635 0.572 0.658 0.734 1.033 
1.6 2.465 2.511 2.913 2.284 2.028 2.354 2.057 1.399 1.141 
1.013 0.977 0.924 0.971 1.104 1.337 1.558 1.426 1.484 1.384 
1.321 1.166 1.199 1.375 1.624 2.051 5.434 4.761 6.621 10.359 
10.121 11.143 13.113 14.293 14.449 15.0 15.0 15.0 15.0 15.0 
15.0 15.0 15.0 15.0 15.0 15.0 15.0 15.0 15.0 15.0 
15.0 15.0 15.0 15.0 15.0 15.0 15.0 15.0 15.0 15.0 
15.0 15.0 15.0 15.0 15.0 15.0 15.0 15.0 14.753 12.503 
9.062 8.158 4.278 6.614 3.94 4.58 5.674 9.368 12.104 13.449 
14.682 15.0 15.0 15.0 15.0 15.0 15.0 15.0 15.0 15.0 
15.0 15.0 15.0 13.918 12.603 15.0 15.0 15.0 14.614 13.506 
10.905 10.544 6.575 5.218 2.571 2.174 1.789 1.436 1.212 1.162 
1.154 1.043 0.797 0.93 1.067 0.787 0.845 1.196 2.02 2.581 
3.773 3.189 2.953 4.402 4.452 3.163 4.581 4.993 3.317 3.651 
3.197 3.681 2.556 1.857 2.958 3.485 2.942 2.69 3.885 3.455 
3.034 3.1 3.049 2.507 2.052 2.597 3.712 1.923 5.129 4.927 
5.801 8.957 10.127 10.524 11.436 12.887 14.066 15.0 15.0 15.0 
15.0 15.0 15.0 15.0 15.0 15.0 15.0 11.591 13.123 12.776 
11.16 9.855 8.645 7.668 9.182 7.955 6.879 6.955 4.946 5.134 
3.058 5.474 5.392 3.523 3.134 2.758 2.566 2.019 1.617 2.116 
1.833 1.32 1.146 1.186 1.006 0.887 0.818 0.817 0.746 0.68 
0.697 0.683 0.645 0.607 0.625 0.609 0.565 0.625 0.633 0.625 
0.635 0.681 0.679 0.623 0.626 0.644 0.726 0.778 0.804 1.031 
0.905 0.927 1.169 1.105 0.98 1.153 0.958 0.941 0.811 0.746 
0.686 0.677 0.686 0.654 0.671 0.679 0.697 0.678 0.751 0.781 
0.759 0.757 0.838 0.828 0.813 0.798 0.762 0.758 0.681 0.73 
0.663 0.637 0.624 0.7 0.632 0.65 0.794 0.805 0.703 0.834 
1.07 0.911 0.953 1.146 1.137 1.209 1.56 1.448 1.187 1.846 
1.985 4.068 4.447 6.142 7.331 6.887 5.883 6.139 4.455 2.62 
2.431 2.069 1.552 1.19 1.29 1.134 0.883 0.929 0.926 0.843 
0.715 0.807 0.877 0.809 0.727 0.793 0.765 0.616 0.723 0.774 
0.736 0.706 0.893 0.868 0.724 0.777 0.832 0.734 0.624 0.641 
0.661 0.564 0.551 0.628 0.6 0.563 0.535 0.581 0.562 0.537 
0.592 0.651 0.605 0.648 0.654 0.647 0.726 0.805 0.822 1.043 
1.005 0.857 0.773 0.863 0.781 0.569 0.65 0.632 0.616 0.589 
0.589 0.584 0.562 0.533 0.58 0.554 0.531 0.494 0.523 0.567 
0.539 0.569 0.59 0.587 0.573 0.62 0.585 0.623 0.65 0.627 
0.656 0.736 0.744 0.856 0.786 0.951 1.019 1.186 1.186 1.486 
1.888 1.599 1.999 2.366 2.534 2.003 2.315 2.322 1.918 1.574 
1.784 1.533 1.223 1.035 0.986 1.154 1.112 0.994 1.032 1.225 
1.002 1.119 1.092 1.043 0.968 0.967 0.944 0.822 0.83 0.822 
0.743 0.708 0.753 0.72 0.638 0.756 0.87 0.744 0.876 1.133 
1.1 0.947 1.552 1.645 1.162 1.352 1.831 1.32 0.942 1.298 
1.005 0.772 0.852 1.043 0.839 0.807 1.017 1.01 1.137 0.898 
0.866 0.901 0.981 0.951 1.279 1.752 2.881 2.103 1.814 1.476 
1.694 1.562 1.284 0.985 0.762 0.779 0.733 0.655 0.651 0.642 
0.672 0.731 0.776 0.962 0.867 1.159 1.135 1.764 1.798 5.01 
8.449 9.095 7.513 6.917 1.753 1.648 1.157 1.167 1.175 0.986 
0.896 0.77 0.75 0.662 0.698 0.69 0.704 0.589 0.559 0.561 
0.648 0.609 0.731 0.999 1.656 2.679 1.864 1.259 1.029 0.853 
0.972 1.102 0.9 0.845 0.82 0.851 0.775 0.693 0.793 0.783 
0.955 0.923 0.958 0.943 0.93 0.809 0.723 0.723 0.739 0.747 
0.835 0.859 0.891 0.858 1.032 1.156 1.217 1.107 0.818 0.759 
0.896 0.722 0.662 0.682 0.682 0.63 0.674 0.625 0.72 0.896 
1.137 1.631 1.398 1.309 1.273 1.004 1.08 1.418 1.516 1.821 
1.41 1.353 1.311 1.192 1.296 1.057 1.274 1.507 1.717 1.574 
1.602 1.361 1.305 1.24 1.155 1.134 1.113 1.047 1.045 1.114 
1.111 1.078 1.22 1.276 1.27 1.779 2.316 1.816 2.151 2.822 
3.14 3.162 2.481 2.361 1.994 2.094 2.1 1.918 1.47 1.617 
1.196 1.252 1.52 2.46 4.018 3.295 3.525 2.676 2.084 1.569 
1.507 1.2 1.117 1.055 0.952 0.947 0.978 0.986 0.823 0.987 
0.976 0.937 0.926 0.765 0.7 0.566 0.582 0.54 0.618 0.718 
0.909 1.163 1.666 1.615 2.376 2.49 2.859 3.04 2.647 2.306 
2.084 1.894 1.593 1.243 1.293 1.283 1.186 1.139 1.165 1.191 
1.172 0.825 1.063 0.888 0.657 0.603 0.503 0.524 0.593 0.639 
0.824 1.145 1.377 1.366 1.58 1.319 0.93 1.442 1.553 0.853 
0.76 0.715 0.744 0.727 0.818 0.846 0.966 1.109 1.063 1.041 
0.943 0.926 0.931 0.9 0.95 1.113 1.267 2.493 1.742 1.647 
2.562 2.854 3.171 4.338 4.798 3.118 3.584 2.912 3.758 4.977 
4.868 4.054 5.465 6.083 7.307 9.885 10.85 9.934 8.796 8.059 
9.834 9.667 5.612 6.429 8.628 5.302 4.004 7.647 9.412 6.668 
5.009 8.79 8.828 8.775 9.813 11.676 12.989 15.0 15.0 15.0 
15.0 15.0 15.0 15.0 15.0 15.0 15.0 15.0 15.0 15.0 
15.0 15.0 15.0 15.0 15.0 15.0 15.0 15.0 15.0 15.0 
15.0 15.0 15.0 15.0 15.0 15.0 15.0 15.0 15.0 15.0 
15.0 15.0 15.0 15.0 15.0 15.0 15.0 15.0 15.0 
END
