PFRMAT local QA
AUTHOR MASS-CASP14
af2-standard_T1158v4_2.pdb local_accuracy_only 15.0 14.105 10.921 8.475 7.008 6.374 3.892 2.725 1.923 1.974 1.717 
2.137 2.152 3.283 3.571 4.495 4.57 4.528 4.66 4.334 3.879 
3.612 3.369 2.98 2.925 2.568 2.487 2.795 2.941 2.387 2.312 
2.484 2.808 3.139 3.97 3.869 3.988 3.763 3.434 4.185 4.464 
4.249 3.418 3.163 3.113 3.29 3.344 3.391 4.965 5.189 5.727 
4.309 3.384 3.242 2.382 1.778 1.685 1.887 1.994 1.808 2.182 
2.457 2.434 2.273 2.651 2.983 3.114 2.947 3.171 3.453 3.564 
4.338 4.378 5.008 4.904 4.544 4.378 3.902 3.182 2.776 2.837 
2.524 2.742 2.465 2.766 3.27 3.268 3.727 4.716 5.44 5.421 
4.445 5.259 4.319 4.908 4.82 5.199 4.705 4.74 4.796 4.834 
4.5 4.102 3.008 2.599 2.623 2.206 1.709 1.565 1.632 1.431 
1.312 1.388 1.464 1.709 1.501 1.416 1.786 1.921 2.09 2.378 
2.824 2.869 3.524 3.507 3.98 3.658 3.51 3.267 2.958 2.77 
3.156 2.939 2.672 2.91 2.846 2.631 2.666 2.925 2.93 2.52 
2.658 2.758 2.629 2.663 2.542 2.606 2.718 2.621 2.458 2.182 
2.357 2.497 2.023 2.215 2.199 2.218 1.915 1.723 1.618 1.534 
1.558 1.356 1.445 1.412 1.351 1.367 1.29 1.328 1.158 1.15 
1.199 1.353 1.177 1.294 1.589 1.474 1.386 1.331 1.283 1.229 
1.378 1.766 2.013 2.372 2.744 4.295 4.539 4.796 5.024 4.93 
4.617 3.137 2.493 2.874 2.664 2.099 1.984 2.108 2.56 2.095 
1.811 2.153 2.344 1.887 2.648 2.61 2.608 3.055 2.963 3.556 
3.992 3.385 3.549 3.521 3.494 3.587 3.393 3.216 2.924 2.627 
2.739 2.856 2.546 2.719 2.644 3.11 2.912 2.492 2.59 3.394 
3.411 3.301 4.062 4.805 4.318 4.765 4.895 5.77 5.166 5.566 
5.163 5.2 5.139 5.535 5.69 6.208 6.023 6.313 5.761 5.614 
4.793 4.422 3.707 3.761 3.127 3.106 3.006 3.363 3.498 2.988 
3.07 4.854 4.683 4.488 4.49 4.868 3.902 4.001 3.451 2.746 
2.529 2.146 2.229 2.666 2.348 2.585 2.471 2.236 2.06 2.528 
2.639 2.023 2.309 2.11 2.162 2.39 2.512 3.03 3.399 3.247 
3.069 2.894 2.199 1.891 2.147 2.26 2.378 1.972 2.753 3.152 
2.589 2.344 2.34 2.497 2.256 1.772 1.894 2.381 2.05 1.762 
2.029 2.463 2.358 2.385 2.083 2.468 3.159 3.031 2.814 2.951 
3.199 3.022 3.543 3.751 3.359 3.573 3.728 3.681 3.556 3.559 
4.139 4.418 4.433 4.245 4.13 4.242 3.866 4.08 4.45 4.282 
3.935 3.076 3.179 2.965 2.473 2.476 2.446 2.154 1.998 1.721 
1.827 1.858 1.866 2.086 1.864 1.864 2.184 2.695 3.051 2.66 
2.531 2.618 2.804 2.763 3.248 3.504 3.299 3.304 3.812 3.29 
2.765 2.762 2.718 2.65 2.366 2.446 2.694 2.352 2.82 2.398 
2.433 2.461 2.353 2.157 1.767 1.973 1.971 1.768 1.77 1.813 
2.014 2.221 2.424 2.693 3.721 4.846 5.454 5.336 6.215 7.565 
8.417 7.578 7.177 6.956 5.595 3.79 2.766 1.988 1.506 1.198 
1.372 1.517 1.585 1.535 1.803 1.901 2.59 3.113 3.964 4.922 
5.017 4.218 4.557 3.77 3.037 2.524 2.202 2.221 2.005 2.036 
1.757 1.602 1.448 1.332 1.463 1.823 1.74 1.614 1.415 1.282 
1.276 1.214 1.163 1.39 1.835 2.188 2.454 2.246 2.139 1.867 
2.148 1.975 1.586 1.468 1.595 1.765 1.858 1.601 1.768 1.842 
1.833 2.192 2.584 2.534 2.438 1.987 1.625 1.44 1.32 1.376 
1.308 1.342 1.216 1.286 1.34 1.582 1.87 2.483 3.183 3.419 
2.806 2.394 2.24 1.999 1.797 1.404 1.251 1.143 1.285 1.473 
1.531 1.523 1.666 1.816 2.347 3.141 3.544 3.319 3.269 3.365 
3.34 2.488 2.372 2.48 2.264 2.08 1.825 2.039 2.438 2.126 
2.591 2.657 3.376 3.585 3.42 2.911 3.023 3.178 3.068 3.61 
3.516 3.045 2.722 2.262 2.036 1.826 1.756 1.96 2.438 2.558 
2.271 2.006 2.137 1.847 1.83 2.017 2.16 2.159 1.953 2.025 
2.122 1.844 1.818 1.876 2.072 1.998 2.124 2.073 1.985 2.475 
2.036 1.777 1.429 1.122 1.007 1.056 1.18 1.404 1.451 1.7 
1.724 2.122 2.59 2.334 2.294 2.5 2.348 1.917 1.919 2.197 
1.857 1.72 1.724 2.084 2.082 2.111 2.229 2.261 2.518 2.555 
2.188 2.336 2.386 1.955 1.605 1.545 1.506 1.531 1.764 2.174 
2.684 2.847 3.094 2.977 2.704 2.52 2.565 2.671 2.104 1.894 
1.52 1.383 1.282 1.232 1.336 1.687 1.82 1.644 1.753 1.605 
1.676 1.621 1.814 1.672 1.697 1.884 2.524 2.511 2.283 2.409 
2.828 2.573 2.792 2.495 2.028 1.989 2.105 1.995 2.193 2.314 
3.028 4.517 6.052 7.299 8.448 10.047 9.708 13.288 11.907 11.041 
13.082 15.0 14.239 13.071 12.227 12.909 12.754 13.338 15.0 15.0 
15.0 15.0 15.0 15.0 15.0 11.276 12.114 12.077 15.0 10.483 
12.447 9.322 8.22 6.928 6.069 5.646 5.177 6.608 5.435 6.711 
6.672 8.881 10.406 15.0 15.0 15.0 15.0 15.0 15.0 15.0 
15.0 15.0 11.957 9.941 12.191 10.354 11.489 12.028 12.176 11.909 
10.627 8.741 6.92 5.753 3.528 3.016 2.882 2.282 1.893 1.739 
2.152 2.316 2.415 3.011 3.52 4.37 6.188 6.795 7.311 8.384 
8.854 8.08 6.501 7.035 6.981 7.361 6.256 6.106 5.687 4.739 
4.305 3.879 3.781 3.122 2.45 2.07 2.304 2.001 2.024 2.17 
2.277 2.301 2.108 2.423 2.221 2.614 2.056 2.44 2.721 3.7 
3.972 4.623 5.487 6.135 7.575 10.096 12.995 14.106 15.0 14.996 
15.0 13.862 15.0 8.469 5.616 4.496 3.611 2.956 2.213 2.511 
2.1 2.195 1.761 2.255 2.348 2.42 2.43 2.717 3.148 2.857 
3.03 3.134 3.343 3.528 3.086 3.054 3.704 4.25 4.122 3.721 
3.699 3.538 3.654 3.769 3.425 3.503 3.695 3.104 2.728 3.051 
2.69 2.277 1.888 1.975 1.627 1.396 1.385 1.716 1.706 1.508 
1.47 1.719 1.651 1.563 1.84 2.097 2.51 2.433 2.17 2.198 
2.179 1.983 1.849 2.008 2.237 1.961 1.722 1.928 1.769 1.47 
1.486 1.635 1.625 1.807 1.615 1.842 1.815 1.474 1.867 1.85 
1.559 1.979 1.997 1.709 1.628 1.839 1.926 1.685 1.598 1.979 
1.929 1.7 1.939 1.796 1.755 1.707 1.893 2.006 2.112 1.967 
2.628 2.536 2.782 2.978 3.325 3.315 3.468 3.504 3.831 3.729 
4.75 4.885 4.822 5.35 5.497 5.635 5.33 5.145 4.689 3.976 
4.668 4.325 3.651 4.149 4.724 4.352 3.411 3.813 3.57 3.493 
3.061 2.892 3.025 2.569 2.351 2.501 2.307 1.869 2.082 2.46 
2.54 3.153 4.454 4.883 4.885 5.137 6.285 4.655 2.967 2.512 
2.478 2.216 1.974 1.999 2.502 2.697 2.403 2.511 2.93 2.747 
3.151 2.805 2.477 2.534 2.796 2.875 2.875 2.384 2.556 2.742 
2.344 2.04 2.241 2.451 2.224 2.141 2.701 2.505 2.595 2.587 
2.485 2.096 2.089 2.208 2.532 2.562 2.724 2.937 2.958 3.049 
2.984 3.017 2.787 2.964 2.677 2.531 2.322 2.623 2.565 2.212 
2.073 2.08 1.99 2.163 2.089 2.363 2.452 2.465 2.427 2.392 
2.578 2.531 2.34 2.281 2.44 2.488 2.523 2.769 3.096 3.33 
3.286 2.834 2.647 2.472 2.56 3.003 2.644 2.221 2.509 2.437 
2.72 2.289 2.192 2.361 2.261 2.147 2.44 2.282 2.328 2.637 
2.192 2.166 2.132 2.205 2.178 2.014 2.405 2.46 2.53 2.71 
2.594 2.084 2.448 2.868 2.782 2.816 2.906 3.518 3.218 3.602 
3.357 3.096 2.923 2.873 2.911 3.294 3.433 3.232 3.29 2.801 
2.908 2.842 2.833 2.657 2.573 2.948 3.035 2.971 2.771 2.566 
2.546 2.886 2.642 2.515 2.344 2.563 2.141 1.857 1.522 1.252 
1.2 1.179 1.44 1.538 1.756 1.67 1.882 2.33 3.196 3.357 
4.243 4.339 4.675 4.507 3.64 3.556 3.11 2.986 2.612 2.444 
2.396 2.398 2.513 2.263 2.415 3.091 3.002 2.666 2.117 2.234 
2.099 2.268 2.087 2.185 2.319 2.864 2.854 2.558 2.458 2.154 
2.093 1.864 1.656 1.451 1.622 1.99 1.819 1.674 1.529 1.614 
1.842 1.896 1.734 1.65 1.638 1.426 1.163 1.284 1.258 1.441 
2.01 1.982 1.874 2.136 2.582 3.229 2.465 2.362 2.117 2.292 
2.093 2.119 1.984 1.905 1.737 1.497 1.368 1.353 1.261 1.698 
2.296 2.977 2.823 2.521 2.259 2.416 2.317 2.156 1.916 1.641 
1.453 1.632 1.277 1.029 1.182 1.5 1.882 2.332 2.708 2.517 
2.443 2.304 2.39 2.074 1.66 1.823 1.951 2.066 1.899 2.095 
2.226 2.267 2.275 2.359 2.668 3.142 3.335 2.734 2.977 3.899 
4.449 4.901 4.614 4.712 4.374 4.601 4.666 4.806 3.585 4.314 
4.526 4.743 4.113 4.083 3.776 2.88 2.341 2.32 2.418 2.166 
2.052 2.266 2.141 2.02 2.132 2.203 2.286 2.349 2.597 2.325 
2.368 2.865 3.008 2.487 2.312 1.805 1.463 1.546 1.678 1.945 
2.115 2.295 2.558 2.748 3.03 2.571 2.435 2.897 3.039 2.873 
2.535 2.866 2.387 2.075 2.092 2.43 2.514 1.975 2.606 3.31 
3.142 2.949 3.332 3.424 2.605 2.064 1.917 1.693 1.626 1.61 
2.079 2.07 2.005 1.896 1.858 1.953 1.77 1.832 2.027 1.997 
1.817 1.355 1.208 1.213 1.237 1.387 1.871 1.978 1.66 1.57 
1.384 1.454 1.315 1.363 1.594 1.601 1.611 1.808 2.211 1.969 
2.407 3.314 3.49 4.153 3.987 3.196 3.018 2.919 2.962 3.315 
3.467 3.543 4.216 5.115 4.744 5.406 5.635 6.157 4.552 4.3 
4.668 4.289 3.46 3.74 3.956 3.877 3.524 3.786 4.119 4.508 
4.152 5.186 5.418 6.291 6.075 7.057 8.183 8.038 10.176 10.693 
12.303 14.884 15.0 15.0 15.0 15.0 15.0 15.0 15.0 15.0 
15.0 15.0 15.0 14.635 13.241 14.827 15.0 14.173 14.433 15.0 
15.0 15.0 15.0 15.0 15.0 15.0 15.0 13.175 13.954 13.128 
12.802 14.994 13.767 14.278 15.0 15.0 15.0 15.0 15.0 
END
