PFRMAT local QA
AUTHOR MASS-CASP14
af2-standard_T1183_1.pdb local_accuracy_only 1.93 1.191 0.703 0.115 0.0 0.0 0.0 0.0 0.011 0.602 1.197 
1.232 1.231 0.994 0.814 0.48 1.0 1.144 1.563 2.147 2.557 
2.149 1.917 1.851 1.747 1.618 1.625 1.583 1.761 1.97 2.381 
2.826 2.91 2.702 2.312 2.146 1.851 1.46 1.422 1.551 1.451 
1.26 1.221 1.439 1.714 1.599 1.499 1.371 1.366 1.432 1.584 
1.397 1.035 1.064 1.058 0.945 0.859 0.862 1.055 1.176 1.141 
1.566 1.348 1.427 1.405 1.594 1.357 1.321 1.344 1.275 1.184 
1.175 1.255 1.265 1.322 1.515 1.39 1.202 1.205 1.444 1.89 
1.981 2.158 1.39 1.275 1.106 0.971 1.088 1.023 1.227 1.068 
1.011 1.211 1.358 1.325 1.561 1.656 1.778 1.909 2.192 1.847 
2.066 1.873 1.516 1.283 1.246 1.173 1.066 1.102 1.314 1.497 
2.188 2.263 2.103 1.673 1.94 1.947 2.289 2.126 2.372 2.882 
4.117 4.398 3.929 3.645 3.301 3.143 2.577 2.567 2.287 2.749 
3.361 4.691 6.021 6.993 6.772 8.416 9.211 7.833 8.046 6.648 
7.018 5.856 6.105 5.697 4.802 5.515 5.36 4.549 5.077 4.129 
5.261 6.138 5.675 5.484 4.957 4.555 4.07 4.268 3.985 2.779 
2.583 2.395 2.714 2.269 2.092 2.008 1.951 1.786 1.645 1.591 
1.55 1.595 1.416 1.381 1.627 1.853 1.71 1.897 1.997 1.902 
1.683 1.573 1.469 1.764 1.465 1.134 1.304 1.255 1.374 1.725 
2.071 2.824 3.338 4.372 6.421 9.441 10.473 15.0 15.0 
END
