PFRMAT local QA
AUTHOR LAW-CASP14
af2-standard_T1183_1.pdb local_accuracy_only 1.118 0.991 0.828 0.756 0.772 0.755 0.819 1.074 1.045 1.318 1.643 
1.257 1.104 1.031 0.919 1.049 1.01 1.151 1.565 1.851 2.038 
2.317 1.891 1.804 1.54 1.851 1.314 1.675 1.565 1.979 2.14 
3.467 3.367 2.9 2.028 2.141 2.525 2.175 1.748 2.133 2.155 
2.145 2.004 2.299 2.292 2.338 2.238 1.702 1.381 1.062 1.421 
1.238 0.924 1.044 0.848 0.725 0.741 0.729 0.892 0.935 0.956 
1.209 1.212 1.514 1.419 1.558 1.415 1.049 1.292 1.222 0.939 
1.019 1.025 0.987 0.776 0.974 0.993 1.063 0.949 1.303 1.381 
1.628 1.545 1.076 1.024 0.847 0.79 0.898 0.798 1.04 0.943 
1.117 1.274 1.154 1.309 1.509 1.64 1.743 1.872 2.241 2.094 
2.129 2.062 2.084 1.843 1.817 1.587 1.532 1.383 1.858 1.591 
2.546 2.397 1.735 1.503 1.341 1.395 1.446 1.81 1.862 2.241 
2.563 2.752 2.533 2.357 2.045 1.902 1.754 1.668 1.583 1.695 
3.063 4.417 4.67 6.737 6.37 6.396 4.66 2.551 2.58 2.06 
3.398 4.223 5.201 5.229 3.104 4.438 4.453 3.728 4.282 3.256 
4.905 4.803 3.981 3.667 2.801 3.572 2.994 4.903 5.081 3.959 
2.584 1.512 1.261 1.636 2.047 1.25 1.165 1.863 1.413 1.016 
1.168 1.571 1.21 1.187 1.514 1.759 1.463 1.448 1.231 1.071 
1.08 1.088 1.093 1.326 1.385 1.2 1.408 1.17 1.335 1.673 
1.86 3.546 2.756 4.209 4.685 8.737 9.209 9.95 11.866 
END
