PFRMAT local QA
AUTHOR MASS-CASP14
af2-standard_T1134s2_2.pdb local_accuracy_only 15.0 15.0 15.0 15.0 15.0 15.0 15.0 15.0 15.0 13.331 11.619 
8.649 8.915 6.81 6.344 4.398 3.858 3.438 3.619 3.65 3.637 
3.133 3.188 2.366 2.949 3.465 5.347 5.078 5.215 5.265 4.451 
3.877 3.721 3.788 3.806 3.313 3.52 3.35 2.786 2.339 2.078 
1.913 1.566 1.875 1.969 2.183 2.042 1.698 1.846 1.745 1.748 
1.554 1.503 1.48 1.395 1.431 1.707 1.661 1.526 1.713 2.313 
2.897 4.143 4.441 4.904 5.575 5.319 5.78 4.891 5.14 5.073 
4.087 4.17 3.482 3.011 2.303 2.315 2.298 1.945 2.433 2.493 
2.364 2.358 2.326 1.889 1.641 2.083 2.3 2.021 2.122 2.25 
2.574 2.765 2.827 2.372 2.095 2.558 2.981 3.546 4.88 5.78 
6.218 6.815 5.888 4.481 3.187 2.585 2.556 2.241 2.324 2.679 
3.197 4.143 5.21 5.827 5.39 5.474 6.041 6.14 4.756 3.168 
2.402 1.622 1.169 0.839 0.381 0.156 0.995 1.312 1.537 1.951 
2.503 3.581 4.047 3.823 4.143 4.626 4.032 3.547 2.998 2.453 
2.463 2.436 1.833 1.986 2.313 2.544 3.025 3.564 3.892 4.375 
4.644 5.823 4.566 3.268 3.078 2.356 1.802 1.518 1.708 1.606 
1.362 1.464 1.53 1.374 1.529 1.567 1.565 1.528 1.718 2.073 
2.544 3.155 2.688 1.954 1.33 0.98 0.779 0.803 0.847 0.822 
0.88 1.007 1.125 1.08 1.062 1.063 1.029 1.15 1.094 1.061 
1.007 1.21 1.59 1.941 2.475 2.138 1.471 1.013 0.074 0.016 
0.019 0.154 0.899 1.411 1.579 1.395 1.918 2.346 2.227 1.883 
1.706 2.137 2.233 2.011 2.422 2.761 2.62 2.564 2.525 2.888 
3.171 3.288 2.881 2.08 1.703 1.734 1.635 1.264 1.262 1.263 
1.692 1.93 1.777 1.455 1.546 1.894 1.979 2.171 2.72 3.819 
4.883 5.223 7.104 9.049 8.894 10.897 11.057 11.704 12.167 13.312 
14.311 13.822 14.4 13.061 12.335 14.209 12.786 12.441 10.931 10.794 
11.526 11.826 10.328 10.326 9.765 9.015 8.271 7.305 8.262 7.636 
7.329 7.188 6.969 6.033 6.314 6.35 6.51 6.83 7.292 5.838 
4.865 3.653 3.141 2.021 1.92 1.728 1.59 1.604 1.559 1.478 
1.74 1.832 1.503 1.527 1.64 1.794 1.634 1.967 2.166 2.042 
1.94 1.815 1.898 1.585 1.451 1.556 1.527 1.416 1.57 1.728 
1.978 2.726 
END
