PFRMAT local QA
AUTHOR LAW-CASP14
af2-standard_T1134s2_2.pdb local_accuracy_only 15.0 15.0 15.0 15.0 15.0 15.0 15.0 15.0 15.0 15.0 15.0 
9.658 3.419 2.5 2.668 2.349 1.937 1.99 1.944 1.799 1.549 
1.498 1.54 1.307 1.305 1.481 1.458 1.336 1.393 1.58 1.51 
1.652 1.513 1.546 1.413 1.302 1.382 1.336 1.153 1.191 1.359 
1.095 1.066 1.427 1.495 1.033 1.455 1.725 1.139 1.103 1.185 
0.943 0.818 1.022 0.937 0.77 1.003 1.223 0.905 1.099 1.791 
2.708 3.221 4.109 2.545 6.967 7.165 5.465 3.137 2.81 2.158 
1.844 1.536 2.05 2.494 1.911 1.979 2.084 1.862 2.074 6.283 
2.24 2.338 2.383 2.068 1.884 2.143 2.26 1.857 2.127 1.757 
1.858 1.852 1.644 1.529 1.204 1.399 1.509 2.114 3.574 3.729 
3.72 1.891 1.443 1.023 0.952 0.819 0.953 1.252 1.364 1.636 
2.463 2.931 4.796 3.934 3.093 3.583 5.296 5.574 4.786 3.048 
1.81 1.392 0.939 0.818 0.697 0.665 0.754 0.756 1.049 1.561 
4.274 4.928 3.662 4.095 5.25 5.01 4.012 3.543 1.88 1.412 
1.835 1.927 1.982 2.062 2.421 3.193 3.73 4.334 5.995 6.635 
7.271 8.18 6.854 6.124 5.402 3.548 1.429 1.322 1.576 1.315 
0.933 1.193 1.25 1.123 1.181 1.39 1.564 1.572 1.833 2.31 
2.711 3.23 2.808 2.346 1.366 1.123 0.791 0.707 0.701 0.716 
0.749 0.777 0.723 0.717 0.861 0.739 0.71 0.889 0.938 0.912 
1.015 1.33 1.389 1.529 1.825 1.434 1.206 0.9 0.812 0.772 
0.725 0.784 0.898 1.035 2.271 1.718 2.824 2.435 3.007 2.0 
1.854 2.612 2.64 1.86 2.136 1.808 1.919 2.141 1.957 1.994 
2.075 1.988 2.213 1.619 1.332 1.353 1.205 0.893 0.972 0.891 
1.059 0.978 0.905 0.893 0.866 1.04 1.168 1.455 2.04 2.191 
4.06 4.103 6.38 7.854 7.969 6.329 12.002 11.957 12.657 15.0 
15.0 15.0 15.0 15.0 15.0 15.0 15.0 15.0 15.0 15.0 
13.691 12.767 11.172 9.847 8.11 8.653 6.888 5.59 4.714 3.962 
3.645 2.8 2.589 1.886 1.58 1.333 1.06 1.262 1.313 1.226 
1.789 1.725 1.492 1.113 1.215 1.28 1.013 0.826 1.033 0.848 
1.12 1.028 0.831 0.916 0.967 0.881 0.826 0.845 0.824 0.782 
0.871 0.891 0.891 0.936 1.025 1.112 1.187 1.269 1.318 1.409 
1.375 1.509 
END
