PFRMAT local QA
AUTHOR LAW-CASP14
af2-standard_T1129s2_4.pdb local_accuracy_only 4.51 4.656 1.176 1.002 1.091 1.083 1.385 1.426 1.774 1.759 1.668 
1.47 0.989 0.837 0.756 0.822 0.955 1.217 4.012 5.446 5.471 
4.354 2.89 2.084 2.162 2.339 1.213 1.747 2.691 1.875 3.026 
2.511 1.831 0.927 0.835 0.73 0.731 0.84 1.032 0.933 1.586 
1.009 0.9 0.924 1.0 1.223 1.219 1.329 1.309 1.739 1.367 
3.112 2.605 5.627 5.796 6.777 6.581 5.433 3.779 6.69 3.05 
1.275 1.114 1.106 1.138 1.065 1.06 1.228 1.271 1.342 1.203 
1.27 1.44 1.302 1.517 1.549 1.563 1.337 1.276 1.044 0.901 
0.758 0.763 0.704 0.678 0.626 0.631 0.678 0.798 0.981 1.126 
0.94 0.861 0.762 0.696 0.624 0.654 0.773 0.768 0.763 0.81 
0.835 0.946 0.986 1.279 1.453 3.271 3.463 4.411 4.91 6.914 
7.406 8.504 7.563 8.991 8.62 6.783 6.169 3.523 3.101 2.401 
2.14 1.884 1.343 1.005 0.969 0.876 0.842 0.764 0.73 0.694 
0.775 0.888 0.775 0.771 0.759 0.87 0.993 0.947 1.223 1.468 
3.181 2.594 2.964 2.09 1.563 1.644 1.386 1.209 1.237 1.017 
1.013 1.009 1.056 1.019 0.937 0.984 0.986 1.025 1.129 1.393 
1.694 2.029 2.394 2.61 3.545 3.9 6.159 4.674 4.454 3.335 
3.024 2.97 2.55 2.452 2.666 2.754 2.581 2.516 3.107 2.599 
2.18 2.726 3.954 3.364 3.475 3.384 4.019 4.037 4.21 4.268 
4.97 4.192 3.707 4.074 4.477 4.786 5.928 4.622 6.136 6.071 
7.227 7.346 7.043 5.506 5.581 5.76 2.052 1.45 1.195 1.262 
2.018 1.875 2.508 2.235 1.812 1.306 1.163 0.996 0.908 0.851 
0.825 0.882 1.174 1.075 1.084 0.86 1.08 1.048 1.079 1.293 
1.415 1.626 6.916 7.296 7.272 6.594 7.559 8.688 9.344 9.884 
9.473 9.36 9.256 7.917 7.555 5.383 4.806 4.972 5.215 5.29 
4.359 4.897 5.827 5.314 5.607 4.526 4.877 5.602 6.15 7.847 
7.796 8.068 6.28 5.439 3.153 3.558 2.732 2.865 2.169 2.396 
1.79 1.573 1.328 1.283 1.359 1.352 5.721 4.834 4.192 3.745 
5.352 5.324 6.008 6.161 7.366 9.33 8.958 6.001 9.695 9.727 
9.32 7.874 5.768 2.82 1.859 1.66 1.454 1.441 1.429 1.58 
5.48 5.203 6.349 4.534 3.272 1.389 0.931 1.254 1.024 0.854 
0.909 0.943 0.952 0.895 0.839 0.867 0.884 0.983 1.111 1.466 
1.782 1.622 1.347 1.385 1.301 1.221 1.421 2.872 3.818 3.709 
2.128 4.317 2.415 2.702 1.81 1.435 1.635 1.824 1.951 2.175 
2.563 2.148 1.829 1.804 1.524 2.179 2.199 1.982 2.134 1.934 
2.52 2.417 2.284 1.956 1.496 1.359 1.21 1.046 1.311 1.117 
2.097 2.685 2.821 4.842 4.084 4.809 2.605 3.652 2.856 1.813 
1.763 1.453 1.443 1.184 1.198 0.883 1.023 0.838 0.807 0.916 
0.822 1.074 1.509 1.932 1.6 1.694 1.269 1.579 1.666 1.405 
1.086 1.227 1.699 2.384 4.139 6.704 8.414 1.648 11.85 7.648 
9.597 6.493 7.626 5.301 7.297 6.549 10.602 9.685 8.473 6.715 
5.101 3.542 2.655 2.965 1.961 1.48 1.03 1.176 0.962 1.032 
0.971 1.082 1.076 1.138 1.404 1.859 2.87 3.198 4.024 3.186 
2.916 1.923 1.873 2.301 3.312 4.531 5.239 4.992 3.016 2.158 
1.451 1.68 2.096 3.514 2.731 2.341 1.551 1.304 1.182 1.636 
1.685 2.084 1.702 1.219 0.959 0.999 4.346 3.582 7.204 7.2 
7.032 3.855 1.965 1.141 1.153 1.125 1.178 2.667 2.898 5.425 
4.396 6.127 5.539 6.907 7.21 6.281 1.575 1.721 1.179 1.162 
1.079 1.104 1.348 1.305 3.82 3.456 4.474 4.03 4.134 4.3 
2.978 2.101 1.596 0.965 0.746 0.679 0.688 0.691 0.8 0.866 
0.974 1.248 1.425 1.774 2.03 2.406 1.749 2.048 3.038 2.747 
3.069 2.76 2.023 2.117 2.01 2.377 5.786 7.312 9.922 10.596 
13.154 14.546 12.857 14.704 11.722 11.212 12.117 11.186 7.544 4.747 
5.554 3.583 2.919 3.881 3.54 7.105 7.496 5.872 5.586 2.373 
2.122 1.347 1.217 0.967 0.783 0.737 0.756 0.734 0.839 0.799 
1.042 1.199 1.201 0.96 0.867 0.734 0.802 0.841 0.865 0.858 
0.923 0.968 1.11 1.243 1.666 1.823 5.488 6.682 7.995 8.232 
13.777 15.0 15.0 15.0 15.0 10.991 15.0 11.169 10.818 11.87 
5.727 5.899 5.798 12.265 13.368 14.6 15.0 15.0 11.943 9.885 
5.383 3.82 2.102 1.54 1.242 1.06 0.994 0.875 0.913 0.84 
0.839 0.773 0.855 0.979 1.268 2.387 3.237 2.648 1.909 1.035 
1.02 0.881 1.009 0.931 0.967 0.97 1.026 1.091 1.159 1.989 
1.85 3.526 3.241 2.437 2.339 2.003 2.083 1.65 1.385 1.223 
0.961 0.898 0.806 0.847 0.804 0.978 1.029 0.78 0.9 
END
