PFRMAT local QA
AUTHOR MASS-CASP14
af2-standard_T1129s2_4.pdb local_accuracy_only 3.631 2.092 1.621 1.461 1.501 1.632 2.258 2.415 2.956 2.998 2.023 
1.467 1.128 1.075 0.992 0.935 1.127 1.518 2.156 3.038 3.301 
3.565 3.874 4.113 4.484 3.645 3.219 2.742 3.32 3.404 2.501 
2.318 1.974 1.434 1.11 1.145 1.232 1.198 1.498 1.309 1.22 
1.161 1.116 1.051 1.177 1.3 1.621 1.562 1.796 1.969 2.201 
2.337 2.139 2.294 2.567 3.245 4.067 4.814 4.784 4.822 3.585 
2.118 1.612 1.287 1.496 1.887 1.937 2.595 2.622 2.295 1.766 
1.76 1.856 1.556 1.812 2.124 2.842 2.158 2.292 1.784 1.481 
1.322 1.314 1.188 1.128 1.091 1.068 1.069 1.03 1.596 1.816 
1.784 1.72 1.98 2.062 2.109 2.458 2.708 2.903 3.654 4.334 
5.655 6.708 8.799 10.657 11.468 12.577 13.371 12.383 13.541 14.813 
15.0 15.0 15.0 15.0 15.0 15.0 13.992 14.085 10.471 10.203 
9.276 7.899 6.101 5.148 4.199 4.133 3.929 3.026 3.399 2.695 
2.786 1.976 1.706 1.321 1.264 1.361 1.58 1.979 2.658 4.43 
6.562 6.577 6.672 6.629 5.177 3.758 3.105 2.75 2.099 2.034 
2.626 2.949 3.113 3.192 3.414 2.985 3.211 3.778 3.523 4.122 
4.553 5.079 5.736 6.641 6.719 6.481 6.576 6.391 5.09 4.211 
3.377 3.112 2.575 2.078 2.433 2.769 2.784 2.665 2.847 2.589 
2.213 2.901 2.844 2.963 2.921 2.957 4.571 6.625 8.682 9.749 
9.353 8.527 8.557 9.02 10.305 10.203 8.534 5.917 6.122 6.397 
6.385 7.404 8.677 9.084 7.028 6.082 6.61 6.693 6.437 7.292 
6.586 6.058 4.479 3.349 2.411 1.679 1.627 1.089 0.957 0.942 
0.913 1.088 1.296 1.287 1.325 1.348 1.537 1.319 1.337 1.313 
1.546 2.006 2.774 3.455 3.597 3.863 4.252 4.323 4.98 5.381 
6.415 6.224 6.225 5.491 6.687 6.32 6.607 7.266 7.654 7.939 
6.757 5.511 5.027 3.566 3.299 3.349 3.476 3.852 5.598 7.039 
8.08 9.583 9.774 8.306 6.975 4.664 3.821 2.407 2.328 1.824 
1.793 1.727 1.659 1.754 2.044 2.078 2.652 2.736 2.858 3.132 
3.142 2.908 3.045 3.723 3.711 4.365 4.054 4.993 4.904 5.352 
5.641 6.275 6.171 5.039 3.61 3.005 2.503 2.164 2.142 2.338 
2.356 2.518 2.305 2.243 1.776 1.866 1.917 1.831 1.492 1.269 
1.384 1.176 1.148 1.231 1.187 1.24 1.323 1.479 1.57 1.999 
2.55 2.121 2.1 1.487 1.495 1.416 1.895 2.409 2.638 2.198 
2.028 2.038 2.131 1.985 1.631 1.365 1.327 1.464 1.819 2.538 
2.794 2.633 1.941 1.781 1.589 1.859 2.148 2.091 2.428 2.374 
3.386 3.835 3.865 3.584 2.882 2.463 1.985 1.822 1.884 1.775 
1.933 2.39 2.581 3.128 3.18 3.017 2.933 2.817 2.836 2.571 
2.48 1.889 1.384 1.457 1.388 1.285 1.359 1.513 1.661 1.707 
1.922 2.431 3.516 3.26 3.993 4.063 4.709 4.097 4.179 4.126 
3.77 3.448 3.254 2.721 2.796 3.075 2.622 3.185 3.133 2.661 
3.177 2.957 3.181 2.817 2.981 2.622 2.052 1.595 1.706 2.059 
2.075 2.117 2.003 2.088 1.853 1.397 1.264 1.361 1.217 1.142 
1.26 1.236 1.34 1.589 1.784 1.815 2.263 2.817 2.765 2.566 
2.061 1.636 1.575 1.573 1.803 2.519 3.098 3.115 2.656 2.231 
1.643 2.065 2.258 2.727 2.597 2.237 1.906 1.507 1.457 1.595 
1.665 1.651 1.297 1.328 1.292 1.144 1.25 1.266 1.369 1.901 
2.492 2.492 1.933 1.999 1.749 1.553 1.523 2.008 2.171 2.145 
1.921 1.813 1.716 2.105 2.416 2.426 1.724 1.686 1.449 1.385 
1.322 1.544 1.666 1.989 2.11 2.347 2.866 2.884 3.409 3.844 
3.973 3.33 2.546 1.863 1.522 1.346 1.233 1.184 1.215 1.219 
1.293 1.378 1.509 1.905 2.254 2.211 1.742 1.912 1.945 1.931 
2.174 2.05 1.614 1.868 1.559 1.575 1.39 1.658 1.821 2.114 
2.342 2.882 3.426 4.463 5.442 5.472 5.364 4.724 4.914 3.799 
3.219 2.213 2.154 1.98 1.994 2.344 2.895 3.843 3.976 3.502 
3.076 2.149 1.725 1.465 1.294 1.152 1.091 1.089 1.166 1.227 
1.474 1.627 1.963 1.699 1.413 1.325 1.336 1.184 1.121 1.088 
1.095 1.452 1.395 1.605 1.837 2.043 2.51 3.015 3.184 4.394 
5.324 6.614 5.818 4.632 4.756 3.953 4.14 4.64 5.0 5.539 
4.719 5.647 6.067 7.447 8.987 8.95 9.823 9.005 11.987 11.218 
9.773 7.416 5.561 3.844 3.411 2.573 1.72 1.448 1.119 1.011 
0.878 0.815 0.84 1.08 1.136 1.341 1.448 1.387 1.222 1.07 
1.013 0.982 1.04 1.082 1.243 1.501 1.709 1.963 1.978 2.42 
1.874 2.313 2.102 2.054 2.002 1.443 1.575 1.474 1.666 1.375 
1.095 1.079 0.955 1.027 0.966 1.0 1.03 1.06 1.663 
END
