PFRMAT local QA
AUTHOR LAW-CASP14
af2-standard_T1180_3.pdb local_accuracy_only 1.84 1.451 0.933 0.857 0.826 0.742 0.813 0.828 0.872 1.142 1.6 
1.837 2.63 2.132 2.751 2.342 1.649 1.813 2.089 1.594 1.492 
1.729 1.727 1.279 1.548 1.772 1.579 1.55 0.997 0.982 0.768 
0.786 0.695 0.74 0.821 0.931 1.193 1.327 1.419 2.607 3.079 
3.455 3.031 2.8 2.265 1.657 1.595 1.756 1.633 1.397 1.489 
1.559 1.308 1.347 1.653 1.67 1.407 2.206 2.471 1.207 1.022 
0.796 0.733 0.732 0.752 0.977 1.821 2.528 3.423 3.745 2.615 
3.476 3.124 3.257 3.516 3.306 2.124 2.951 3.0 2.318 2.012 
1.446 1.474 1.481 1.521 1.043 1.352 1.39 1.184 1.142 1.511 
1.458 1.399 1.389 1.019 0.963 0.757 0.754 0.704 0.738 0.801 
0.944 1.089 1.265 1.527 1.487 1.733 1.727 1.304 1.656 1.823 
1.685 1.462 2.066 2.083 1.893 2.078 2.449 1.624 1.554 0.963 
0.927 0.782 0.73 0.747 0.696 0.741 0.769 0.968 1.068 1.047 
1.068 1.145 1.179 1.403 1.303 1.314 1.28 1.024 1.149 1.139 
1.021 0.853 1.056 1.103 0.942 0.994 1.237 1.251 1.333 0.903 
0.864 0.772 0.76 0.677 0.715 0.747 0.82 0.951 1.041 1.225 
1.35 1.33 1.497 1.315 1.181 1.4 1.366 1.096 1.141 1.295 
1.199 1.13 1.281 1.325 1.192 1.243 1.455 1.448 1.427 1.362 
1.34 1.013 0.938 0.841 0.724 0.821 0.831 0.931 0.975 1.123 
1.143 1.151 1.053 1.109 1.176 1.077 1.088 1.368 1.467 1.185 
1.373 1.816 1.379 1.346 1.02 0.977 0.791 0.826 0.831 0.972 
1.347 1.732 2.642 2.304 1.704 1.54 1.376 1.388 1.319 1.272 
1.568 2.436 1.827 4.135 4.271 2.536 5.703 6.751 6.369 6.234 
7.354 7.513 6.519 6.179 6.097 5.454 4.187 1.941 1.031 0.715 
0.674 0.696 0.784 0.89 1.175 1.268 1.278 1.046 1.101 0.86 
1.131 1.104 0.985 0.852 1.122 1.056 0.984 1.062 1.357 1.245 
1.298 1.459 1.049 1.078 0.972 0.909 1.139 1.042 1.238 1.343 
1.267 1.212 1.595 1.737 1.681 1.962 2.065 1.855 1.806 1.485 
1.724 1.791 1.684 1.697 1.995 1.944 1.88 1.82 1.653 1.642 
1.531 1.387 1.173 1.186 1.091 1.006 1.023 1.031 0.97 0.995 
1.137 1.175 1.188 1.313 1.569 1.55 1.975 1.159 0.907 0.776 
0.776 0.81 0.844 1.114 1.146 1.342 1.094 1.235 1.403 1.289 
1.34 1.227 1.102 1.186 1.115 1.058 0.885 0.963 0.993 1.066 
0.832 0.81 0.716 0.686 0.777 0.806 0.944 1.012 1.136 1.18 
1.167 1.205 1.165 1.255 1.335 1.366 1.509 1.676 2.596 3.798 
6.753 8.363 7.937 8.712 8.421 5.026 6.751 4.758 3.205 2.081 
1.733 1.35 1.366 1.554 1.376 1.366 1.501 1.311 1.324 1.449 
1.508 1.444 1.418 1.747 1.573 1.157 1.288 1.71 1.094 0.908 
0.832 0.789 0.819 0.775 0.926 1.01 1.218 1.286 1.133 1.153 
1.065 1.008 0.971 0.884 0.872 0.858 0.82 0.743 0.881 0.964 
0.911 0.858 1.985 
END
