PFRMAT local QA
AUTHOR MASS-CASP14
af2-standard_T1180_3.pdb local_accuracy_only 3.177 1.971 1.464 1.112 0.953 0.836 0.806 0.857 0.889 0.976 1.257 
1.393 1.867 2.194 2.743 2.344 2.038 2.112 2.227 1.947 2.009 
1.971 1.73 1.657 1.856 1.849 1.846 2.071 1.48 1.195 1.048 
0.436 0.129 0.112 0.969 1.197 1.342 1.548 1.733 2.132 2.536 
3.045 2.936 2.77 2.185 1.68 1.996 1.847 1.649 1.547 1.707 
1.594 1.405 1.526 1.662 1.526 1.45 1.815 1.835 1.464 1.355 
1.244 1.105 1.064 1.347 1.505 1.95 2.749 3.934 5.227 5.646 
6.37 5.522 5.539 5.32 4.564 4.138 3.472 2.847 2.263 2.475 
2.123 1.907 1.916 1.784 1.479 1.67 1.634 1.438 1.534 1.967 
2.12 2.256 2.076 1.745 1.411 1.016 0.968 1.014 0.937 1.064 
1.32 1.53 1.759 1.917 2.116 2.055 1.883 1.58 2.013 2.011 
1.637 1.719 2.1 2.217 2.174 2.805 3.24 3.296 3.115 2.171 
1.432 1.033 1.085 1.038 1.007 0.957 1.084 1.197 1.465 1.759 
1.551 1.572 1.507 1.596 1.729 1.783 1.614 1.279 1.618 1.653 
1.468 1.213 1.358 1.385 1.324 1.479 1.546 1.426 1.532 1.285 
1.167 1.036 1.007 0.808 0.773 0.718 0.758 0.864 1.145 1.599 
1.438 1.602 1.742 1.581 1.581 1.672 1.422 1.222 1.314 1.49 
1.458 1.522 1.661 1.674 1.469 1.823 1.985 2.15 1.84 2.149 
1.737 1.166 1.074 0.936 0.893 0.932 0.971 1.013 0.968 1.39 
1.554 1.682 1.48 1.624 1.562 1.672 1.641 1.706 1.865 1.988 
2.259 2.099 1.583 1.706 1.486 1.305 1.228 1.232 1.279 1.396 
1.527 1.966 2.738 4.121 4.668 5.074 5.293 5.02 5.223 4.409 
4.389 4.523 4.787 5.067 5.283 5.32 5.391 5.913 4.92 4.845 
5.802 5.467 5.429 5.154 5.824 5.898 4.382 2.655 1.7 1.424 
1.253 1.219 1.063 1.139 1.383 1.963 2.592 2.562 2.851 2.774 
2.354 1.861 1.502 1.545 1.559 1.368 1.102 1.175 1.315 1.444 
1.624 1.757 1.767 1.942 1.953 1.717 1.617 1.599 1.747 1.735 
1.514 1.564 1.819 2.028 2.122 2.209 2.615 2.38 2.019 1.858 
2.178 2.375 1.916 2.409 2.679 3.049 3.106 2.38 2.273 2.569 
1.983 1.417 1.671 1.622 1.446 1.351 1.397 1.484 1.219 1.245 
1.427 1.423 1.286 1.828 2.088 2.222 2.092 1.831 1.426 1.038 
0.934 0.907 0.915 1.07 1.279 1.278 1.312 1.545 2.005 1.955 
2.111 1.886 1.507 1.315 1.485 1.345 1.074 1.429 1.647 1.529 
1.645 1.466 1.216 1.116 1.167 1.098 1.206 1.304 1.202 1.164 
1.532 1.566 1.404 1.563 1.899 2.016 2.296 2.91 3.845 4.092 
4.078 3.849 3.1 3.604 3.784 3.363 3.7 3.533 3.949 3.348 
2.637 2.297 2.127 1.689 1.49 1.739 1.915 1.666 1.807 1.893 
1.756 1.652 1.792 1.82 1.602 1.606 1.7 1.566 1.361 1.366 
1.192 1.145 1.293 1.276 1.404 1.908 1.998 2.676 2.354 2.126 
1.689 1.616 1.326 1.233 1.117 1.241 1.215 1.085 1.218 1.545 
1.515 1.333 1.674 
END
