PFRMAT local QA
AUTHOR MASS-CASP14
af2-standard_T1194_4.pdb local_accuracy_only 14.032 13.69 12.186 9.724 8.543 7.202 4.432 2.523 2.2 1.942 1.822 
1.714 2.093 1.987 1.631 1.515 1.831 1.601 1.951 1.84 1.78 
1.86 1.903 2.453 2.588 3.686 4.09 3.835 4.228 2.971 2.303 
1.817 1.614 1.399 1.721 1.687 1.5 1.334 1.355 1.501 1.894 
2.614 3.527 4.475 3.72 2.879 2.366 1.856 1.475 1.559 1.33 
1.254 1.179 1.213 1.216 1.392 1.329 1.656 1.977 2.289 2.284 
2.736 2.707 2.115 1.762 1.405 1.207 1.251 1.271 1.693 1.976 
1.438 1.331 1.419 1.456 1.407 1.325 1.197 1.393 1.42 1.83 
2.488 2.743 2.375 1.494 1.103 0.999 1.021 1.054 1.028 1.111 
1.012 1.0 1.122 1.309 1.396 2.129 2.775 3.975 4.499 4.961 
4.759 3.822 2.736 2.691 2.696 2.626 3.006 3.795 5.142 7.046 
7.746 8.821 9.329 7.607 6.242 4.63 3.891 3.191 3.03 3.1 
3.609 3.399 3.008 2.744 2.486 2.618 2.59 2.653 2.673 2.387 
2.633 3.025 2.751 3.243 2.861 3.093 3.884 4.34 3.98 3.452 
3.123 3.313 2.421 2.46 2.238 2.993 3.444 3.688 2.788 2.127 
2.111 2.19 2.276 2.671 2.776 2.524 1.952 2.006 1.613 1.855 
1.872 2.072 2.19 2.337 2.647 3.177 4.229 
END
