PFRMAT local QA
AUTHOR LAW-CASP14
af2-standard_T1194_4.pdb local_accuracy_only 10.058 8.601 7.999 7.955 7.251 7.32 8.012 8.071 4.844 6.645 4.524 
4.276 3.345 3.114 1.729 2.155 1.968 2.346 3.248 4.297 5.543 
6.586 7.56 7.832 7.224 7.147 5.985 5.818 5.716 3.464 2.94 
2.726 2.801 1.909 2.026 1.662 1.587 1.29 1.321 1.165 1.294 
1.396 1.646 2.016 2.172 1.997 1.711 1.437 1.293 1.329 1.285 
1.493 1.481 1.964 1.802 1.928 1.869 2.111 1.513 1.732 1.244 
1.256 1.288 1.218 1.043 1.067 1.026 1.041 1.119 1.512 2.284 
2.418 2.052 2.166 2.852 1.975 4.46 1.714 2.322 1.979 2.0 
2.046 2.406 2.643 1.612 1.528 1.17 1.154 1.102 1.121 1.207 
1.255 1.401 1.378 1.642 1.836 2.182 1.851 1.921 1.694 1.592 
1.421 1.381 1.339 1.324 1.436 1.759 3.173 3.854 4.741 4.509 
4.584 4.344 5.075 5.489 5.079 5.114 3.93 3.225 1.901 2.627 
1.836 2.973 2.554 1.57 1.333 1.136 1.138 1.23 1.326 1.302 
1.385 1.636 2.83 2.817 2.378 1.727 2.202 1.81 2.421 1.389 
1.235 1.19 1.146 1.228 1.316 1.713 2.154 1.894 1.894 1.549 
1.487 1.324 1.449 1.768 1.991 2.522 1.999 2.221 1.737 2.227 
1.307 1.088 1.068 0.976 1.151 1.126 1.386 
END
