PFRMAT local QA
AUTHOR LAW-CASP14
af2-standard_T1173_1.pdb local_accuracy_only 5.162 3.647 3.314 3.396 3.919 3.812 4.045 4.067 3.613 4.305 4.366 
4.514 5.532 6.054 6.115 5.348 4.485 3.353 3.461 2.259 2.416 
2.099 2.036 2.236 2.517 4.635 5.312 6.472 7.489 6.219 6.859 
5.636 4.424 2.802 1.768 1.632 1.535 1.657 1.796 2.21 2.648 
2.869 2.375 1.991 1.738 1.694 1.566 1.589 1.576 1.97 2.933 
2.036 2.692 2.209 2.088 1.861 1.908 1.824 1.717 2.251 2.812 
3.327 4.577 5.984 6.647 7.76 8.678 10.11 11.095 11.71 12.553 
15.0 15.0 15.0 15.0 15.0 15.0 15.0 15.0 15.0 15.0 
13.08 12.271 9.886 5.937 5.356 4.548 4.13 4.425 3.333 3.445 
3.289 2.862 2.41 2.488 2.409 2.837 2.293 2.743 3.324 6.183 
6.603 7.237 6.505 7.104 5.615 3.828 3.112 2.754 2.961 2.799 
2.784 2.601 2.713 3.465 4.064 4.355 4.458 3.483 3.305 2.64 
2.372 2.316 2.459 2.686 4.018 4.999 4.407 6.226 7.071 5.434 
5.25 3.416 2.585 2.346 2.251 2.081 2.052 2.255 2.484 3.708 
3.977 4.527 4.413 3.537 3.051 2.693 2.12 2.063 2.124 2.069 
2.28 2.661 3.018 3.173 2.804 2.668 2.381 2.074 2.206 2.192 
2.393 2.669 2.433 2.326 2.2 2.117 2.236 2.378 2.606 3.006 
3.196 2.663 2.528 2.261 2.266 2.287 2.263 2.478 3.105 3.65 
4.594 5.709 5.54 5.001 4.612 3.762 4.324 4.347 4.565 4.207 
4.672 4.096 4.928 4.399 3.075 3.745 4.475 3.472 4.815 3.622 
4.707 3.646 4.299 
END
