PFRMAT local QA
AUTHOR MASS-CASP14
af2-standard_T1173_1.pdb local_accuracy_only 7.305 5.524 3.621 3.324 3.365 3.442 3.557 4.279 5.036 7.265 8.327 
9.295 9.512 10.304 10.754 10.0 7.27 5.716 3.687 2.389 1.82 
1.434 1.226 1.443 1.44 1.873 2.921 3.888 5.503 6.966 9.265 
9.605 7.756 5.645 3.887 2.973 1.952 1.712 1.696 2.186 2.712 
2.735 1.996 1.722 1.232 1.167 1.083 1.223 1.348 1.978 1.869 
1.654 1.564 1.535 1.413 1.451 1.351 1.507 1.706 2.349 3.46 
4.6 6.52 8.136 9.046 11.799 13.198 13.172 13.546 15.0 15.0 
15.0 15.0 15.0 14.798 12.959 12.892 13.156 11.459 11.013 8.902 
8.412 6.801 5.572 3.794 4.752 4.763 4.579 4.216 3.504 3.672 
3.534 3.396 3.573 3.181 3.09 2.922 2.926 2.581 2.706 2.905 
3.005 3.065 3.232 3.246 4.122 5.211 5.611 5.447 5.382 4.676 
2.766 2.073 1.673 1.844 1.716 1.529 1.876 1.672 1.457 1.467 
1.234 1.374 1.591 2.231 2.963 4.098 4.907 5.079 4.017 3.8 
3.298 3.237 2.554 1.989 1.687 1.948 1.804 1.906 2.553 3.49 
5.327 6.167 7.426 7.1 6.102 4.639 3.599 2.995 2.725 2.606 
2.14 2.41 2.632 2.649 3.492 3.578 4.631 5.575 7.473 8.219 
8.555 9.392 7.194 6.092 4.17 3.419 3.45 3.033 2.948 3.0 
2.628 1.918 1.634 1.606 1.794 1.704 2.12 1.982 1.963 2.426 
2.882 3.259 3.315 3.839 3.761 3.611 4.628 5.062 6.178 6.728 
5.297 5.503 5.158 4.156 3.849 5.312 5.936 5.828 4.6 3.969 
4.075 4.023 4.594 
END
