PFRMAT local QA
AUTHOR LAW-CASP14
af2-standard_T1137s4_1.pdb local_accuracy_only 15.0 15.0 15.0 15.0 15.0 15.0 15.0 15.0 15.0 15.0 15.0 
9.693 8.859 7.28 6.756 5.625 4.341 4.587 5.032 8.256 8.516 
7.106 6.229 7.137 8.226 15.0 14.514 15.0 9.505 11.999 10.446 
13.599 15.0 15.0 9.365 10.095 8.494 8.149 7.409 6.4 4.705 
3.762 2.89 2.585 1.671 1.313 0.914 0.746 0.648 0.68 0.695 
0.851 0.833 0.964 0.967 0.804 0.953 1.061 0.805 0.746 0.696 
0.775 0.689 0.902 0.603 0.842 0.93 1.133 1.303 1.083 1.109 
0.737 0.691 0.685 0.618 0.675 0.683 0.711 0.884 1.426 1.414 
1.92 1.737 1.247 0.906 0.819 0.612 0.61 0.617 0.636 0.717 
0.79 1.038 1.04 0.807 1.074 0.897 1.066 1.031 0.957 0.822 
0.835 0.686 0.697 0.674 0.757 0.976 1.067 1.417 1.587 2.116 
1.596 1.326 0.862 0.749 0.619 0.72 0.742 0.823 0.894 1.079 
1.296 1.632 1.536 1.412 1.156 1.196 1.037 1.166 1.022 0.909 
0.928 0.921 0.948 1.237 1.18 1.452 1.148 0.898 0.906 0.866 
1.046 1.633 1.912 2.007 1.798 1.682 1.679 1.61 1.532 1.468 
1.601 1.647 1.654 1.65 1.764 1.877 1.862 1.785 2.221 1.887 
2.197 1.875 2.095 2.019 1.835 2.169 2.096 2.295 2.141 2.605 
2.927 2.868 3.149 4.038 3.471 3.129 3.301 3.613 2.81 2.447 
2.441 2.232 1.887 1.762 1.606 1.536 1.505 1.547 1.594 1.566 
1.549 1.677 1.964 1.595 1.779 1.826 1.713 1.611 1.946 1.788 
1.811 1.919 2.14 1.992 2.134 2.302 2.405 2.162 2.476 2.496 
2.521 2.773 3.433 3.044 3.224 3.03 4.027 3.33 3.055 2.999 
2.835 2.85 2.853 3.183 3.949 4.194 7.581 8.57 10.315 12.726 
15.0 15.0 15.0 15.0 15.0 15.0 15.0 15.0 15.0 15.0 
15.0 15.0 15.0 14.319 12.877 6.926 5.21 3.476 3.274 2.773 
2.471 2.379 2.134 2.099 2.154 2.321 1.921 2.42 2.582 2.134 
2.079 2.393 2.446 2.436 3.072 3.048 3.131 3.301 3.659 3.843 
3.852 3.8 3.839 3.559 3.521 2.851 2.47 2.222 2.231 2.062 
1.892 2.083 2.099 2.211 2.201 2.479 2.659 2.963 2.94 3.37 
3.718 4.264 4.11 3.325 3.183 2.825 2.648 2.207 2.319 2.381 
2.152 2.202 2.429 2.311 2.377 2.314 2.42 2.437 2.427 2.436 
2.512 2.579 2.599 2.679 2.949 3.341 5.321 6.307 7.831 5.68 
5.463 4.784 4.112 4.838 4.911 5.045 7.049 11.755 8.263 11.23 
14.319 9.507 9.094 13.154 12.202 15.0 15.0 8.845 14.932 15.0 
15.0 15.0 15.0 15.0 15.0 15.0 15.0 15.0 15.0 15.0 
15.0 15.0 15.0 15.0 15.0 15.0 15.0 15.0 15.0 15.0 
15.0 15.0 15.0 15.0 15.0 15.0 15.0 14.493 12.541 14.862 
13.187 13.492 13.411 9.33 11.515 11.908 14.784 13.821 15.0 15.0 
15.0 15.0 15.0 11.823 14.438 14.08 15.0 10.989 15.0 15.0 
15.0 15.0 15.0 15.0 15.0 15.0 15.0 15.0 15.0 15.0 
15.0 15.0 15.0 15.0 15.0 15.0 15.0 15.0 11.057 13.049 
7.859 3.963 4.36 15.0 12.181 15.0 15.0 15.0 15.0 15.0 
15.0 13.448 15.0 12.271 11.668 14.71 10.847 15.0 15.0 15.0 
15.0 15.0 15.0 15.0 15.0 15.0 15.0 15.0 15.0 15.0 
15.0 15.0 15.0 15.0 15.0 15.0 15.0 15.0 15.0 15.0 
15.0 15.0 15.0 15.0 15.0 15.0 15.0 15.0 15.0 15.0 
15.0 15.0 15.0 15.0 15.0 15.0 15.0 15.0 15.0 15.0 
15.0 15.0 15.0 15.0 15.0 15.0 15.0 15.0 15.0 15.0 
15.0 15.0 15.0 15.0 15.0 15.0 15.0 15.0 15.0 15.0 
15.0 15.0 15.0 15.0 15.0 15.0 15.0 15.0 15.0 15.0 
15.0 15.0 15.0 15.0 15.0 15.0 15.0 15.0 15.0 15.0 
15.0 15.0 15.0 15.0 15.0 15.0 15.0 15.0 15.0 15.0 
15.0 15.0 15.0 15.0 15.0 15.0 15.0 15.0 15.0 15.0 
15.0 15.0 15.0 15.0 15.0 15.0 15.0 15.0 15.0 15.0 
15.0 15.0 15.0 15.0 15.0 15.0 
END
