PFRMAT local QA
AUTHOR MASS-CASP14
af2-standard_T1137s4_1.pdb local_accuracy_only 15.0 15.0 15.0 15.0 15.0 15.0 15.0 15.0 15.0 15.0 15.0 
15.0 15.0 15.0 15.0 14.402 13.946 15.0 14.463 14.156 14.159 
15.0 15.0 15.0 15.0 15.0 15.0 15.0 15.0 14.071 15.0 
14.139 12.613 12.076 12.041 11.445 10.3 10.072 11.381 11.121 11.066 
9.298 9.523 8.45 6.392 4.606 2.707 1.746 1.309 1.162 1.098 
1.07 0.987 1.134 1.368 1.319 1.68 1.584 1.379 1.625 1.693 
1.776 1.545 1.665 1.524 1.776 2.158 2.58 2.896 2.143 1.802 
1.438 1.333 1.171 1.237 1.471 1.493 1.357 1.35 1.788 2.56 
4.027 3.451 2.332 1.633 1.349 1.333 1.147 1.129 1.01 0.98 
1.375 1.787 1.817 1.842 1.808 1.566 1.495 1.778 2.057 1.765 
1.595 1.371 1.145 1.158 1.517 1.886 2.217 2.36 3.213 3.184 
3.374 2.771 2.04 1.413 1.183 1.097 1.064 1.304 1.652 2.085 
3.018 4.658 5.945 7.463 5.219 5.352 5.709 7.457 6.589 6.345 
4.912 4.544 3.847 4.861 5.156 4.58 4.031 3.783 3.908 3.843 
4.29 3.987 3.344 3.492 3.445 2.929 2.622 2.912 3.241 3.037 
3.316 3.077 3.152 2.954 3.184 3.401 3.261 3.455 3.735 4.7 
5.384 5.522 5.095 4.289 3.662 3.399 3.344 3.281 2.999 3.452 
3.96 3.785 3.903 3.651 4.089 4.516 4.654 5.632 5.595 5.314 
5.299 5.746 4.685 4.522 3.526 3.62 2.951 2.584 2.564 2.507 
2.383 2.558 2.713 2.694 2.837 2.776 2.802 2.534 2.633 2.797 
2.948 2.844 3.266 3.427 3.662 4.063 4.118 3.675 4.088 4.392 
3.791 4.28 3.93 4.277 3.809 4.222 4.087 4.093 4.106 4.106 
4.609 4.38 5.037 6.009 7.704 8.547 9.783 10.102 10.745 10.849 
11.043 11.741 14.262 15.0 14.376 13.249 15.0 15.0 15.0 15.0 
15.0 15.0 15.0 15.0 15.0 15.0 11.902 8.486 7.426 6.625 
6.811 7.269 7.146 6.607 7.091 6.751 6.139 6.577 6.807 6.45 
6.741 7.122 8.352 8.027 7.38 6.484 6.357 5.572 5.998 6.925 
7.47 7.871 9.058 8.909 7.51 7.43 8.113 8.782 7.505 8.051 
7.049 8.343 8.387 8.675 8.935 8.242 7.537 8.2 9.137 7.587 
7.591 7.449 6.796 5.97 6.592 5.899 5.536 4.832 5.174 5.154 
4.908 5.031 5.699 5.673 5.221 5.423 4.788 4.734 5.12 4.58 
4.404 4.832 4.627 4.711 4.272 4.044 5.105 6.14 6.176 6.899 
6.525 6.568 6.372 6.072 6.263 7.133 7.224 6.551 8.283 7.487 
8.885 9.233 9.239 7.79 7.191 5.812 5.327 4.619 4.359 5.067 
4.887 4.996 4.257 5.436 6.236 6.049 7.122 7.929 10.072 9.094 
11.269 9.382 7.967 6.372 6.938 5.796 4.712 4.864 4.711 4.105 
3.769 4.484 5.476 6.242 6.55 6.879 7.519 7.962 8.885 8.857 
10.471 9.743 9.638 8.572 9.154 11.7 12.178 12.827 14.752 15.0 
15.0 15.0 15.0 15.0 15.0 14.43 12.303 12.456 9.709 8.431 
8.33 8.845 8.697 7.859 8.25 8.004 9.496 9.882 8.519 8.74 
7.357 7.543 7.539 8.65 8.09 8.937 7.842 7.994 8.775 9.903 
10.829 10.489 10.154 9.135 8.068 8.49 9.658 9.901 10.511 9.876 
12.701 12.799 11.838 12.245 13.139 12.008 11.049 9.025 8.323 7.772 
6.299 6.448 7.765 8.155 8.568 10.181 10.032 9.372 8.622 8.745 
8.21 6.127 7.228 8.513 9.085 7.555 7.515 6.937 6.227 4.876 
6.196 7.951 8.346 7.051 6.987 6.384 5.829 5.915 6.328 7.799 
7.912 9.152 8.009 9.198 9.352 8.512 8.696 10.139 8.604 8.39 
7.726 8.063 7.71 6.104 6.006 5.541 6.294 6.609 5.297 4.273 
3.907 3.29 3.367 2.931 3.383 3.009 3.811 4.864 5.909 7.78 
8.086 7.65 8.454 8.651 8.549 9.084 11.703 12.248 15.0 15.0 
15.0 15.0 15.0 15.0 15.0 15.0 15.0 15.0 15.0 15.0 
15.0 15.0 15.0 15.0 15.0 15.0 15.0 15.0 15.0 15.0 
14.579 13.57 12.628 12.853 12.463 12.914 14.277 13.77 14.34 15.0 
15.0 15.0 15.0 15.0 15.0 15.0 15.0 15.0 15.0 15.0 
15.0 15.0 15.0 15.0 15.0 15.0 
END
