PFRMAT local QA
AUTHOR MASS-CASP14
af2-standard_T1139_4.pdb local_accuracy_only 15.0 15.0 15.0 15.0 15.0 15.0 15.0 15.0 15.0 15.0 15.0 
15.0 14.993 13.75 11.147 10.089 9.53 8.977 6.764 6.312 4.296 
3.308 2.663 2.634 2.386 1.86 1.397 1.513 1.442 1.288 1.038 
1.169 1.397 1.359 1.194 1.121 1.369 1.299 1.049 1.246 1.493 
1.464 1.347 1.668 1.915 2.228 2.045 2.125 1.796 1.784 1.61 
1.842 1.774 1.894 1.953 2.399 2.161 1.82 1.403 1.425 1.246 
1.127 1.146 1.065 1.05 1.105 1.24 1.421 1.421 1.186 1.178 
1.25 1.13 1.073 1.234 1.215 1.168 1.268 1.6 1.45 1.579 
1.339 1.537 1.54 1.959 2.103 2.017 2.068 2.365 2.059 1.755 
1.45 1.337 1.314 1.239 1.205 1.15 1.084 1.171 1.381 1.545 
1.651 1.424 1.395 1.415 1.308 1.108 1.264 1.189 1.054 1.115 
1.419 1.43 1.594 1.385 1.458 1.509 1.57 1.633 1.666 1.65 
1.852 1.682 1.598 1.532 1.563 1.421 1.263 1.324 1.38 1.246 
1.117 1.361 1.507 1.653 1.366 1.533 1.508 1.325 1.193 1.304 
1.312 1.283 1.353 1.451 1.447 1.642 1.623 1.609 1.491 1.686 
1.611 1.626 1.786 1.869 2.218 2.059 1.851 1.549 1.316 1.388 
1.421 1.199 1.241 1.451 1.55 1.643 1.871 1.815 1.913 1.917 
1.579 1.639 1.867 1.73 1.726 2.177 2.53 3.074 3.27 4.251 
5.15 5.402 6.958 6.729 7.321 7.264 7.782 7.452 7.148 5.793 
7.469 7.724 7.422 6.812 8.702 9.325 9.299 8.72 10.267 10.254 
11.63 11.863 11.212 11.041 9.439 10.758 9.605 9.927 8.92 9.663 
9.034 9.896 10.987 12.678 12.407 15.0 14.699 12.687 14.541 13.4 
12.24 11.576 14.22 12.905 15.0 15.0 15.0 15.0 15.0 15.0 
15.0 15.0 15.0 14.663 13.094 11.3 9.321 8.816 9.167 9.659 
9.864 10.633 11.356 11.478 9.869 10.422 10.506 10.014 6.598 5.387 
4.857 4.09 3.125 2.584 2.16 2.246 2.286 2.146 1.699 1.958 
1.807 1.641 1.632 1.621 1.924 2.375 3.411 3.735 4.4 5.274 
6.171 5.861 6.862 7.768 7.558 5.217 4.705 3.685 2.795 2.326 
2.18 2.255 2.114 2.348 2.49 2.54 2.378 1.848 1.855 1.648 
1.509 1.49 1.545 1.469 1.562 1.809 2.459 4.095 4.147 5.92 
7.514 9.231 9.473 9.375 8.629 7.498 7.464 8.718 10.143 10.379 
9.355 11.954 12.605 13.485 15.0 15.0 
END
