PFRMAT local QA
AUTHOR LAW-CASP14
af2-standard_T1139_4.pdb local_accuracy_only 15.0 15.0 15.0 15.0 15.0 15.0 15.0 15.0 15.0 15.0 15.0 
15.0 15.0 15.0 15.0 15.0 15.0 15.0 12.948 10.376 4.86 
2.638 2.075 2.024 1.474 1.531 1.247 1.204 1.295 1.138 1.055 
1.177 1.328 1.254 1.222 1.25 1.267 1.178 1.069 1.269 1.398 
1.545 1.542 1.76 2.335 3.693 3.337 4.361 2.639 2.661 1.576 
1.769 1.89 2.222 2.231 2.543 2.046 1.888 1.286 1.429 1.095 
0.945 0.927 0.963 0.935 0.926 0.963 1.096 1.147 1.057 1.086 
1.267 0.998 0.899 1.118 1.15 1.032 1.156 1.288 1.218 1.321 
1.236 1.478 1.229 1.332 1.411 1.206 1.217 1.455 1.133 1.094 
0.975 0.95 0.866 0.802 0.807 0.85 0.861 0.849 0.997 1.006 
1.019 1.079 1.066 1.208 0.974 0.856 1.11 1.022 0.931 0.982 
1.155 1.163 1.374 1.16 1.294 0.999 1.012 1.018 0.974 1.007 
1.164 1.158 1.137 0.991 0.846 0.864 0.832 0.861 0.922 0.895 
0.921 1.072 1.117 1.216 1.01 1.043 1.133 0.917 0.887 1.038 
1.011 0.906 0.971 1.22 1.132 1.354 1.101 1.171 1.177 1.187 
1.024 1.224 1.246 1.476 1.573 1.644 1.311 1.131 0.965 1.119 
1.143 1.075 1.127 1.371 1.429 1.416 1.662 1.433 1.366 1.311 
1.113 1.239 1.407 1.505 1.406 1.994 3.141 3.907 4.631 6.816 
9.546 10.117 11.713 13.354 13.786 13.181 14.94 14.574 14.393 14.736 
15.0 15.0 15.0 15.0 15.0 15.0 15.0 15.0 15.0 15.0 
15.0 15.0 14.993 13.496 12.073 8.327 7.814 7.015 4.922 4.461 
3.552 4.133 4.094 3.171 6.894 7.248 6.634 6.75 11.102 12.541 
8.802 10.874 12.397 11.839 13.168 14.989 15.0 15.0 15.0 15.0 
15.0 15.0 15.0 15.0 15.0 15.0 15.0 14.979 13.639 11.962 
12.739 11.015 9.371 11.368 15.0 15.0 15.0 15.0 15.0 13.659 
12.694 12.588 15.0 13.882 13.387 13.157 8.4 11.63 13.777 15.0 
12.603 13.048 14.528 15.0 15.0 15.0 15.0 15.0 15.0 15.0 
15.0 13.605 14.619 12.838 12.37 12.536 10.809 6.966 6.186 6.862 
6.351 8.946 15.0 15.0 14.208 12.419 12.192 9.733 12.917 11.385 
8.23 7.986 11.518 8.407 8.85 9.088 9.012 12.253 6.803 4.87 
7.065 6.081 5.547 6.552 6.117 6.312 8.083 8.907 11.89 15.0 
15.0 15.0 15.0 15.0 15.0 15.0 
END
