PFRMAT local QA
AUTHOR LAW-CASP14
af2-standard_T1137s5_4.pdb local_accuracy_only 15.0 15.0 15.0 15.0 15.0 15.0 15.0 12.421 7.759 6.17 4.091 
3.209 2.99 3.104 3.438 2.98 2.865 3.187 3.051 4.16 5.08 
5.361 4.985 4.836 5.567 7.438 9.35 8.612 7.666 8.796 10.762 
12.819 14.661 14.907 14.784 14.605 10.335 8.933 8.204 7.019 7.024 
7.365 5.969 5.171 5.059 4.174 2.892 1.532 1.351 1.807 1.784 
2.29 1.777 1.325 1.031 0.91 0.856 0.879 0.824 0.94 0.983 
1.174 1.268 1.111 1.671 1.533 1.125 1.089 1.08 1.238 0.862 
0.887 0.675 0.838 0.851 1.057 1.149 0.972 1.075 0.79 0.863 
0.884 0.767 0.975 0.894 0.9 0.93 1.15 1.172 1.522 1.383 
1.085 0.941 0.881 0.786 0.805 0.756 0.893 0.84 1.071 1.271 
1.285 1.006 1.302 1.09 1.451 1.523 1.298 1.048 1.036 0.892 
1.034 1.019 1.055 1.44 1.432 1.722 1.926 2.074 1.801 1.393 
1.178 0.897 0.75 0.845 0.837 0.958 1.319 1.434 2.647 2.921 
2.213 2.51 2.576 1.807 1.575 1.243 1.127 1.092 1.123 1.055 
0.997 1.038 1.233 1.427 2.393 1.564 1.471 1.631 1.603 1.717 
2.418 2.763 3.483 4.09 3.842 3.713 5.211 8.86 9.358 8.807 
11.954 12.034 9.952 11.118 12.895 12.825 13.811 11.109 12.573 15.0 
15.0 15.0 15.0 15.0 12.906 11.219 9.807 7.006 4.624 4.074 
3.841 3.225 2.518 2.713 2.425 2.195 2.136 2.26 2.142 2.018 
2.033 2.169 2.327 2.407 2.996 3.029 3.195 3.123 3.668 4.16 
4.298 3.727 3.341 3.48 3.037 3.004 2.393 2.262 2.026 1.782 
1.698 1.707 1.637 1.569 1.63 1.895 1.944 1.921 2.088 2.226 
2.135 2.177 2.297 2.318 2.349 2.441 2.507 2.689 2.895 2.984 
3.112 2.956 3.619 4.15 4.825 5.771 6.374 8.443 11.078 13.24 
13.961 12.752 14.075 15.0 14.709 13.697 13.464 11.179 9.325 9.083 
8.985 5.701 5.092 5.246 4.644 4.571 4.431 4.322 3.599 3.579 
3.848 4.224 3.751 3.592 3.645 3.463 3.539 3.652 4.179 4.025 
4.433 4.666 5.331 6.007 6.239 6.273 6.551 6.033 6.53 7.792 
5.747 4.882 5.259 4.785 4.62 4.943 4.844 3.968 3.92 4.085 
4.021 3.832 3.846 4.09 3.588 3.71 3.732 3.5 3.402 3.529 
3.356 3.074 3.008 3.022 2.939 3.049 3.284 2.996 2.943 3.112 
3.052 3.052 3.089 3.109 3.288 3.338 3.573 3.948 4.121 4.915 
6.195 5.477 7.412 6.297 5.423 7.216 9.145 12.852 15.0 15.0 
15.0 15.0 15.0 15.0 15.0 15.0 15.0 15.0 15.0 15.0 
15.0 15.0 15.0 15.0 15.0 15.0 15.0 15.0 15.0 15.0 
15.0 15.0 15.0 15.0 15.0 15.0 15.0 15.0 15.0 15.0 
15.0 15.0 15.0 15.0 15.0 15.0 15.0 15.0 15.0 15.0 
15.0 15.0 15.0 15.0 15.0 15.0 15.0 15.0 15.0 15.0 
15.0 15.0 15.0 15.0 15.0 15.0 15.0 15.0 15.0 
END
