PFRMAT local QA
AUTHOR MASS-CASP14
af2-standard_T1137s5_4.pdb local_accuracy_only 15.0 15.0 15.0 15.0 15.0 15.0 15.0 15.0 15.0 15.0 14.107 
11.038 9.901 7.384 7.821 7.065 7.115 6.31 6.83 6.751 6.659 
6.624 6.873 6.942 6.493 6.719 6.84 7.067 7.03 6.994 7.256 
6.959 7.296 7.921 7.919 8.522 8.464 7.92 8.23 9.093 9.768 
10.384 13.148 13.549 15.0 15.0 15.0 15.0 12.541 9.727 8.24 
7.995 5.233 2.831 1.947 1.529 1.147 1.01 1.046 1.104 1.143 
1.285 1.586 1.473 1.772 1.891 1.43 2.001 1.713 1.661 1.337 
1.243 1.004 1.22 1.625 2.042 2.314 1.948 1.688 1.432 1.223 
1.176 1.143 1.32 1.351 1.147 1.212 1.549 2.195 2.567 2.577 
1.717 1.358 1.107 1.153 1.013 0.991 0.803 0.786 1.111 1.535 
1.688 1.584 1.808 1.421 1.538 1.71 1.637 1.513 1.276 1.213 
1.186 1.144 1.283 1.611 1.594 1.633 2.406 2.484 2.14 1.655 
1.679 1.33 1.061 0.978 0.985 1.244 1.666 3.606 5.837 8.842 
11.042 12.699 12.761 9.449 7.159 5.602 5.86 4.675 5.081 3.776 
3.604 3.407 4.158 5.617 6.653 5.873 6.194 6.605 7.024 7.93 
8.366 7.326 5.745 5.679 4.883 4.065 4.32 4.763 4.87 4.55 
4.706 6.482 6.691 6.855 7.806 8.944 8.908 8.962 10.012 7.994 
6.411 5.208 5.233 4.32 4.186 3.863 4.02 3.728 3.705 3.623 
3.36 3.522 3.801 4.457 5.224 5.795 6.145 5.827 5.174 4.551 
4.396 4.748 4.522 5.143 5.599 5.298 4.916 4.395 4.206 4.06 
3.592 3.47 3.794 3.894 4.122 4.722 3.928 3.568 3.455 3.078 
2.762 2.698 2.693 2.598 2.325 2.527 2.541 2.7 2.449 2.687 
2.507 2.693 2.74 3.151 3.123 3.609 4.573 4.425 3.653 3.591 
3.487 3.096 3.502 3.952 4.254 4.597 5.601 6.102 6.112 6.347 
7.523 6.906 7.444 6.498 7.228 6.719 7.731 8.219 8.182 8.41 
7.846 7.826 7.264 7.324 7.703 7.32 7.786 9.148 8.036 7.549 
8.479 8.963 7.64 8.852 9.372 8.782 7.679 7.745 7.174 7.302 
6.801 7.61 9.714 9.635 10.11 9.402 8.637 8.419 8.927 8.511 
9.119 9.643 8.851 8.027 8.263 6.489 6.702 5.97 5.751 5.836 
5.969 5.457 6.837 7.307 7.259 7.061 6.944 6.817 5.928 6.19 
6.86 6.637 7.769 7.537 7.505 8.723 7.258 6.964 5.914 6.839 
5.235 4.489 4.257 5.121 5.138 4.908 6.25 7.193 8.173 8.338 
8.694 10.348 10.217 10.638 10.054 12.589 15.0 15.0 14.117 15.0 
15.0 15.0 15.0 15.0 13.885 13.323 13.893 12.83 13.245 13.211 
15.0 15.0 15.0 15.0 15.0 15.0 15.0 15.0 15.0 15.0 
15.0 15.0 11.696 10.868 10.049 9.929 9.844 10.659 10.246 10.377 
9.636 11.157 11.917 13.014 13.855 14.504 15.0 14.195 14.853 14.113 
14.628 12.695 12.157 10.495 10.626 11.498 12.045 12.211 13.698 14.191 
13.578 15.0 15.0 15.0 15.0 15.0 15.0 15.0 15.0 
END
