PFRMAT local QA
AUTHOR MASS-CASP14
af2-standard_T1175_1.pdb local_accuracy_only 9.599 9.3 8.432 8.098 7.55 6.01 5.666 5.533 4.816 3.854 3.21 
2.062 1.819 1.265 1.13 1.05 0.958 1.058 1.145 1.422 1.526 
1.463 1.167 1.099 1.041 1.054 1.167 1.367 1.551 2.121 2.334 
2.332 2.145 1.842 1.65 1.566 1.545 1.665 1.955 2.527 2.97 
2.927 2.892 2.292 1.825 1.877 1.771 1.745 1.727 1.948 2.081 
2.757 3.268 3.004 3.262 3.541 3.681 3.517 3.775 3.728 4.174 
5.194 5.371 6.922 7.832 8.567 8.073 9.958 9.339 8.484 7.974 
8.595 7.246 7.861 7.079 7.028 6.634 6.601 6.232 6.102 5.512 
4.95 4.524 4.976 4.818 5.579 5.897 5.6 4.577 3.22 2.354 
1.495 1.204 0.992 0.759 0.809 0.914 1.204 1.623 1.527 1.196 
1.008 0.977 1.03 0.98 1.084 1.163 1.313 1.755 1.53 1.31 
1.148 1.186 0.996 1.079 1.384 1.681 1.953 2.383 2.419 2.598 
2.231 1.847 2.007 1.853 1.965 1.876 2.323 2.623 2.684 2.123 
1.72 1.676 1.538 1.931 1.601 1.897 2.464 2.676 3.029 2.578 
3.294 4.063 4.38 4.502 3.591 2.908 2.682 2.397 2.337 2.956 
3.036 3.112 2.718 2.899 2.903 2.792 3.36 3.675 3.521 3.428 
3.367 3.32 3.115 2.481 2.38 1.907 1.714 1.426 1.426 1.76 
2.097 2.018 1.854 1.55 1.523 1.66 2.274 2.788 3.143 3.441 
3.005 3.303 3.137 3.057 2.703 2.762 2.996 2.655 3.017 3.054 
2.752 2.63 2.946 2.79 2.615 2.185 1.974 1.878 2.211 2.61 
2.682 3.297 3.69 3.931 4.413 4.732 4.916 4.35 3.635 3.176 
2.104 1.77 1.796 1.854 1.89 2.346 2.375 2.639 2.252 2.246 
1.992 2.104 1.622 1.604 1.494 1.405 1.892 1.851 3.114 3.619 
3.945 3.826 3.216 3.11 3.134 3.181 3.063 3.036 3.387 3.872 
3.717 3.552 3.445 2.935 3.289 2.977 2.735 2.082 2.424 3.126 
3.454 4.528 4.541 5.016 6.245 6.926 9.615 9.926 10.101 11.99 
14.043 15.0 15.0 15.0 15.0 15.0 15.0 15.0 15.0 15.0 
15.0 15.0 15.0 14.529 15.0 10.544 9.205 7.402 7.014 5.719 
5.354 4.757 4.53 3.815 3.284 2.69 2.733 2.745 3.178 3.133 
3.602 4.675 5.937 5.902 6.19 6.756 6.088 4.819 3.479 2.478 
2.045 1.463 1.326 1.373 1.252 1.49 1.666 1.851 1.692 1.995 
3.087 
END
