PFRMAT local QA
AUTHOR LAW-CASP14
af2-standard_T1175_1.pdb local_accuracy_only 6.94 5.154 4.743 2.809 2.129 1.795 2.861 2.986 3.773 3.259 2.528 
1.464 1.471 1.246 1.172 1.154 1.107 1.213 1.215 1.464 1.327 
1.245 1.201 1.018 1.038 0.987 1.165 1.628 2.608 3.937 4.619 
3.821 3.162 1.57 1.434 1.175 1.517 1.818 2.075 3.074 2.976 
2.24 2.508 2.508 1.839 1.918 1.462 1.349 1.322 1.319 1.612 
1.669 2.139 1.711 1.474 1.3 1.263 1.155 1.256 1.39 1.563 
2.2 2.43 4.746 6.625 8.522 10.655 12.271 12.072 12.771 11.415 
10.701 11.925 11.775 11.598 11.654 11.379 10.698 10.77 10.437 9.823 
8.602 8.981 7.442 7.919 7.803 6.096 5.876 4.347 2.404 1.67 
1.321 1.098 1.051 0.963 1.121 1.226 2.439 1.63 1.7 1.37 
1.447 1.227 1.172 1.131 1.152 1.293 1.402 1.608 1.266 1.172 
1.056 1.083 1.137 1.271 1.789 2.051 1.669 2.725 2.986 3.615 
2.533 2.074 1.668 1.368 1.536 1.574 2.163 2.113 1.514 1.404 
1.233 1.226 1.316 1.378 2.033 2.032 3.133 3.055 3.535 2.577 
2.779 2.732 3.076 3.446 2.993 2.526 2.29 2.071 2.074 2.193 
2.732 2.382 1.891 1.527 1.447 1.397 2.148 1.745 2.001 1.692 
1.828 1.911 2.055 2.151 2.311 2.406 2.182 2.535 2.4 2.732 
2.144 2.434 2.086 1.617 1.411 1.484 1.723 2.548 4.773 7.008 
6.11 6.343 3.837 4.705 3.77 3.253 3.434 2.913 2.278 2.381 
1.952 1.815 1.758 1.919 2.071 2.201 3.045 3.738 4.035 3.66 
4.14 9.08 7.828 11.529 11.65 9.512 9.159 6.995 5.155 3.713 
2.457 1.868 1.953 1.592 1.674 1.636 1.802 1.667 1.559 1.493 
1.781 1.82 2.127 2.343 3.341 5.383 6.831 5.244 6.688 4.351 
3.909 3.103 3.244 2.16 2.288 1.949 1.895 1.689 2.27 2.25 
2.092 2.22 3.103 2.894 3.221 4.01 5.232 6.849 9.255 8.479 
9.91 11.803 10.204 9.881 11.375 14.054 15.0 15.0 15.0 15.0 
15.0 15.0 15.0 15.0 15.0 15.0 15.0 15.0 15.0 15.0 
15.0 15.0 15.0 15.0 15.0 15.0 15.0 15.0 15.0 15.0 
14.59 15.0 14.892 12.951 12.817 12.485 10.374 7.342 8.768 7.329 
7.807 11.04 12.517 12.234 12.069 15.0 12.422 13.294 7.178 4.762 
2.086 2.975 3.225 4.515 6.649 7.824 5.579 5.844 5.506 4.805 
4.417 
END
