PFRMAT local QA
AUTHOR LAW-CASP14
af2-standard_T1147_4.pdb local_accuracy_only 15.0 15.0 15.0 15.0 15.0 15.0 15.0 13.02 12.919 8.94 4.33 
2.692 2.074 1.958 1.745 1.712 1.647 1.547 1.532 1.59 1.731 
2.161 2.428 2.264 2.354 2.362 2.417 2.447 2.751 2.633 2.82 
2.614 3.096 2.862 2.704 3.411 3.573 3.444 3.384 3.137 3.112 
3.153 2.995 2.853 2.512 2.459 1.952 2.028 1.73 1.722 1.532 
1.634 1.741 1.818 2.062 2.446 2.642 2.971 4.158 3.643 4.619 
4.195 3.346 3.603 3.549 5.52 4.543 5.896 5.017 3.645 4.327 
3.916 2.296 1.958 1.85 1.695 1.767 1.685 1.746 1.751 1.869 
1.901 2.223 2.106 2.227 2.228 3.237 3.019 4.796 5.069 5.386 
5.478 5.58 4.929 6.17 4.715 5.871 2.72 5.534 4.861 6.381 
5.939 6.635 
END
