PFRMAT local QA
AUTHOR MASS-CASP14
af2-standard_T1147_4.pdb local_accuracy_only 15.0 15.0 15.0 15.0 15.0 15.0 15.0 15.0 15.0 13.232 10.01 
5.694 3.418 2.386 1.629 1.442 1.257 1.405 1.317 1.216 1.272 
1.865 2.641 3.926 4.33 4.699 4.849 4.931 5.283 4.822 5.143 
4.627 5.062 5.042 5.196 7.182 7.245 8.218 8.065 7.368 7.068 
6.643 6.174 5.428 3.689 3.24 2.535 2.615 2.468 2.7 3.147 
3.109 3.094 3.484 4.103 4.964 6.77 8.616 10.203 10.606 10.047 
9.192 8.109 7.402 8.485 9.366 9.225 8.678 7.481 5.955 4.38 
2.603 1.81 1.615 1.458 1.427 1.313 1.249 1.371 1.852 2.932 
3.192 3.81 4.307 5.232 5.888 6.474 5.834 5.977 6.553 7.845 
8.862 9.316 8.616 8.36 6.749 6.989 5.639 6.301 6.792 7.02 
7.888 10.685 
END
