PFRMAT local QA
AUTHOR MASS-CASP14
af2-standard_T1193_1.pdb local_accuracy_only 8.982 7.545 8.346 6.778 9.019 7.803 9.061 7.572 8.39 8.066 8.643 
10.797 11.168 12.795 11.442 14.703 15.0 15.0 15.0 15.0 15.0 
11.336 13.312 8.282 10.637 9.352 15.0 11.223 15.0 15.0 15.0 
15.0 15.0 15.0 15.0 15.0 15.0 15.0 15.0 12.856 11.02 
8.413 7.526 5.159 4.353 3.748 3.452 3.775 3.543 2.735 2.329 
2.442 2.322 2.272 2.775 2.623 2.951 3.132 2.849 2.752 3.562 
3.459 3.323 3.509 3.881 3.71 3.823 3.575 3.812 3.608 3.98 
3.361 3.359 2.931 2.894 2.623 3.02 2.664 2.41 2.142 2.09 
2.021 1.878 1.773 1.833 1.817 1.498 1.679 1.709 1.958 1.749 
1.951 2.631 3.788 4.172 5.347 5.956 7.491 8.176 8.794 9.365 
10.53 10.8 11.179 14.365 15.0 15.0 15.0 15.0 15.0 15.0 
15.0 13.685 11.973 10.64 8.536 6.095 4.195 2.814 2.636 2.46 
2.014 1.735 1.961 1.638 1.727 1.976 2.06 2.11 2.593 2.489 
2.781 3.001 3.568 4.055 4.35 3.967 4.058 4.208 3.255 2.872 
2.512 2.451 2.07 2.187 1.933 1.896 1.734 1.765 2.014 1.961 
2.152 2.219 2.067 1.824 1.743 2.029 1.842 1.465 1.58 1.868 
1.8 1.526 1.639 1.75 1.759 1.428 1.58 1.861 2.029 1.688 
1.605 1.751 1.47 1.761 1.906 1.87 2.23 2.783 2.685 3.073 
2.587 2.198 2.022 1.978 1.605 1.672 1.674 1.928 1.626 1.431 
1.571 1.721 1.472 1.514 2.033 1.871 1.438 1.548 1.69 1.534 
1.32 1.473 1.432 1.322 1.377 1.494 1.476 1.619 1.576 1.688 
1.656 1.71 1.654 1.69 1.941 1.898 2.096 3.009 3.475 3.752 
4.043 4.941 4.66 4.285 4.151 4.656 4.566 4.478 3.845 4.29 
4.179 3.48 2.691 3.059 2.656 2.52 2.742 2.698 2.179 2.856 
2.994 2.649 2.747 3.325 3.505 3.14 3.142 3.783 3.604 2.95 
3.005 2.663 2.44 2.217 1.973 2.176 2.019 1.865 2.169 1.973 
2.058 2.127 2.465 2.311 2.28 2.757 2.385 2.076 2.132 2.387 
2.326 2.281 2.353 2.566 2.587 2.736 3.369 3.327 3.589 3.286 
2.792 2.798 2.545 2.367 1.829 1.97 2.082 1.823 1.811 1.965 
1.879 1.462 1.76 2.208 2.122 2.489 2.054 2.432 2.315 2.083 
2.027 2.174 2.008 1.957 1.923 2.431 2.401 2.265 2.646 2.862 
2.984 2.724 2.92 2.679 2.549 2.61 2.344 2.465 2.433 2.213 
2.471 2.692 2.569 2.648 2.68 2.527 2.159 2.496 2.406 2.671 
2.361 2.554 2.704 2.931 2.924 2.511 2.081 1.767 1.593 1.734 
1.81 1.584 1.578 1.762 1.704 1.753 1.855 1.669 1.82 1.861 
1.993 2.081 2.25 2.354 2.484 2.591 3.599 3.353 3.853 4.068 
4.834 3.952 3.445 3.309 2.164 2.133 1.967 1.94 1.697 1.676 
1.915 1.887 1.626 1.933 1.648 1.39 1.347 1.656 1.562 1.481 
2.013 2.773 3.616 4.077 4.472 4.641 4.794 3.783 3.588 3.247 
3.213 3.303 3.091 2.952 2.764 3.248 3.224 2.823 2.527 2.089 
1.935 1.547 1.333 1.057 1.057 1.351 1.537 1.297 1.288 1.344 
1.429 1.836 2.036 2.492 2.815 3.248 3.176 3.058 2.578 1.944 
1.515 1.942 2.135 2.055 1.926 1.965 1.99 1.91 1.861 2.448 
2.238 1.616 1.23 0.989 1.037 0.985 0.778 1.038 1.343 1.746 
1.823 1.501 1.705 1.84 2.154 2.199 1.995 1.781 1.723 1.742 
1.689 1.961 1.867 1.721 1.701 1.897 1.979 2.054 1.747 1.559 
1.208 1.184 1.184 1.12 1.48 1.748 2.068 1.701 1.403 1.696 
1.821 1.5 1.534 2.019 2.348 2.554 2.336 2.449 2.29 2.101 
1.578 1.624 1.711 1.636 1.887 2.507 2.701 2.747 2.446 2.117 
1.961 2.015 1.688 1.542 1.254 1.352 1.448 1.426 1.259 1.327 
1.431 1.525 1.972 2.572 2.91 2.168 2.341 2.2 2.417 2.0 
1.539 1.868 2.056 1.902 1.74 1.892 2.186 2.033 1.79 2.165 
2.374 2.596 2.484 2.173 2.23 2.544 2.409 2.547 2.427 2.016 
1.834 1.514 1.621 1.533 1.4 1.696 2.132 2.501 2.447 2.494 
2.549 2.425 2.601 3.187 2.88 2.359 2.004 1.839 1.655 1.3 
1.509 1.425 1.549 1.746 1.776 1.762 1.847 2.189 2.454 2.166 
1.818 1.618 1.399 1.571 1.587 1.919 1.989 2.427 2.872 3.542 
4.314 4.046 4.069 4.755 4.799 4.205 4.146 4.375 4.142 3.779 
3.341 3.62 3.121 3.13 3.464 3.784 3.112 3.068 3.843 3.288 
2.765 2.442 2.214 1.88 2.0 2.045 2.444 2.55 2.424 2.327 
2.319 2.374 1.761 2.021 2.214 1.922 1.529 1.071 0.893 1.02 
0.931 0.883 1.134 1.291 1.184 1.304 1.329 1.044 1.087 1.053 
1.108 1.424 1.813 2.197 2.402 2.167 2.495 2.786 3.229 3.247 
3.057 3.004 2.746 2.884 3.276 2.665 2.538 3.104 4.234 4.313 
4.478 4.803 5.214 5.317 6.336 7.255 8.577 9.081 8.18 9.298 
10.743 12.338 11.96 13.04 14.717 13.815 15.0 12.668 15.0 14.829 
15.0 12.092 12.949 14.624 15.0 15.0 15.0 15.0 15.0 15.0 
15.0 15.0 15.0 15.0 15.0 15.0 15.0 15.0 15.0 15.0 
15.0 15.0 15.0 15.0 15.0 14.568 14.258 12.358 14.223 12.972 
12.959 14.341 12.381 14.238 13.669 14.402 15.0 15.0 15.0 15.0 
14.905 15.0 15.0 13.888 15.0 11.946 11.764 11.177 9.194 8.341 
8.502 7.473 5.725 5.564 5.347 3.811 3.12 3.174 3.249 3.357 
3.979 3.732 3.845 4.064 3.445 3.338 2.769 3.078 2.846 2.877 
2.844 2.704 2.425 2.226 2.155 2.021 1.706 1.771 1.803 1.706 
1.604 1.778 1.81 1.501 1.425 1.685 1.544 1.385 1.488 1.549 
1.522 1.418 1.474 1.742 1.982 1.603 1.763 2.226 2.546 2.094 
2.229 2.158 1.687 1.564 1.799 1.625 1.473 1.583 1.71 1.603 
1.555 1.636 1.67 1.533 1.51 1.702 1.658 1.495 1.609 1.885 
1.871 1.741 1.593 1.59 1.378 1.405 1.425 1.338 1.298 1.463 
1.482 1.5 1.38 1.813 1.621 1.61 1.547 1.707 1.687 1.419 
1.391 1.361 1.35 1.252 1.253 1.391 1.631 1.589 1.487 1.571 
1.493 1.276 1.146 1.294 1.421 1.429 1.391 1.528 1.355 1.501 
2.198 2.743 3.637 3.477 3.077 2.423 2.739 2.652 2.529 2.056 
2.15 2.01 1.937 1.847 1.874 2.055 2.086 2.01 2.141 2.385 
2.208 2.55 3.734 4.083 4.305 4.141 4.096 3.141 2.864 2.637 
2.386 2.541 2.284 2.196 2.185 1.822 1.788 2.031 2.01 2.001 
2.145 2.245 2.524 2.509 3.103 3.713 4.364 4.632 4.797 5.811 
5.878 5.661 4.554 5.428 5.123 4.696 4.403 4.821 5.401 5.127 
4.517 5.299 5.368 5.421 6.139 5.597 5.839 6.281 5.015 4.751 
4.201 4.708 3.921 3.474 3.589 3.991 4.232 4.008 3.598 3.364 
3.198 3.111 2.377 2.38 2.123 1.678 1.772 2.135 1.939 2.329 
2.396 2.347 2.306 2.725 2.598 2.376 2.085 2.502 2.25 2.222 
2.11 2.379 2.151 2.587 2.679 3.137 3.023 3.236 3.633 3.958 
2.671 2.09 2.171 2.247 1.977 1.929 2.103 2.968 2.771 2.689 
3.655 4.183 4.75 3.838 4.349 4.35 3.693 2.952 2.627 2.117 
1.883 2.027 1.856 1.949 2.146 2.462 2.764 2.525 2.461 2.478 
2.313 2.098 1.866 2.042 1.998 2.282 2.386 2.188 1.801 1.839 
1.946 1.798 1.784 1.708 1.732 1.809 1.705 1.998 1.955 1.794 
2.269 2.563 2.497 2.326 2.242 2.373 2.633 2.781 2.807 2.429 
2.882 3.101 2.808 2.484 2.459 2.696 2.514 2.146 2.635 2.612 
2.388 2.234 2.133 2.034 2.94 2.626 2.577 3.322 3.364 3.07 
3.54 3.972 3.558 3.273 3.517 3.134 3.164 2.959 2.886 2.506 
2.621 2.627 2.629 2.391 2.198 2.415 2.551 2.611 2.886 3.85 
3.998 3.799 4.174 3.721 4.008 3.6 3.172 3.125 3.877 4.291 
4.266 3.806 4.186 3.787 4.105 3.215 2.79 2.145 1.963 1.699 
1.365 1.09 1.26 1.237 1.212 1.067 1.127 1.158 1.339 1.674 
2.236 2.618 3.023 3.465 3.616 3.476 2.984 2.567 2.085 2.12 
2.199 2.214 2.007 1.957 1.873 1.543 1.578 2.001 1.748 1.372 
1.203 1.032 1.096 1.043 0.897 1.06 1.377 1.743 1.916 1.752 
2.0 2.223 2.738 2.946 2.492 2.002 2.138 2.117 1.994 2.359 
2.166 1.974 1.827 1.822 1.762 1.609 1.43 1.336 1.15 0.935 
1.006 0.969 1.244 1.693 1.783 1.935 1.931 2.224 2.26 1.973 
1.934 2.145 2.509 2.616 2.277 2.096 1.833 1.736 1.375 1.417 
1.511 1.528 1.925 2.922 3.887 3.653 3.439 3.105 3.362 2.947 
2.44 2.394 1.927 1.913 1.628 1.468 1.158 1.187 1.343 1.722 
2.126 2.318 3.251 3.63 3.473 2.543 2.505 2.362 2.521 1.995 
1.677 1.804 2.073 2.012 1.86 1.737 1.93 2.01 1.867 2.114 
2.383 2.697 2.896 2.465 2.768 2.6 2.225 1.985 1.992 1.792 
1.718 1.834 1.997 2.384 2.274 2.606 3.156 3.629 3.965 4.049 
3.811 2.925 2.89 3.178 3.407 2.881 2.445 2.191 2.05 1.733 
1.856 1.766 1.966 1.957 2.068 2.01 2.094 2.936 3.298 2.858 
2.071 1.686 1.422 1.431 1.345 1.559 1.78 2.14 2.633 3.208 
4.185 3.619 3.927 5.356 5.283 4.718 4.598 4.237 3.621 2.592 
2.551 2.589 2.315 2.153 2.637 2.873 2.905 2.825 3.611 3.402 
2.6 1.871 1.739 1.643 1.615 1.514 2.036 2.083 2.011 2.004 
2.276 2.295 1.83 2.542 2.894 2.446 1.926 1.454 1.448 1.473 
1.352 1.432 1.635 1.613 1.467 1.539 1.431 1.455 1.542 1.665 
1.618 1.843 2.317 2.758 2.683 2.28 2.3 2.866 2.986 2.921 
2.259 2.006 2.043 2.094 2.56 2.403 2.408 2.502 3.512 3.846 
5.561 7.065 9.532 11.133 14.56 15.0 
END
