PFRMAT local QA
AUTHOR LAW-CASP14
af2-standard_T1193_1.pdb local_accuracy_only 15.0 15.0 15.0 15.0 15.0 15.0 15.0 15.0 15.0 15.0 15.0 
15.0 15.0 15.0 15.0 15.0 15.0 15.0 15.0 15.0 15.0 
15.0 15.0 15.0 15.0 15.0 15.0 15.0 15.0 15.0 15.0 
15.0 15.0 15.0 15.0 15.0 13.069 10.862 8.609 8.126 5.673 
4.534 1.872 0.857 0.748 0.723 1.135 0.992 1.311 1.088 0.729 
0.845 1.026 0.77 0.962 1.19 1.352 1.039 0.711 0.864 0.848 
0.568 0.633 0.75 0.636 0.603 0.687 0.712 0.556 0.573 0.585 
0.581 0.588 0.571 0.569 0.666 0.685 0.608 0.664 0.692 0.639 
0.665 0.671 0.645 0.66 0.64 0.627 0.671 0.742 0.802 0.806 
0.914 1.46 2.085 4.157 3.337 5.991 7.58 9.166 9.796 11.781 
12.493 13.204 14.836 15.0 15.0 15.0 15.0 15.0 15.0 15.0 
13.736 11.644 7.923 6.928 4.015 2.467 1.362 0.905 0.94 0.9 
0.789 0.791 0.839 0.825 0.735 0.83 0.815 0.778 0.767 0.799 
0.737 0.696 0.67 0.601 0.57 0.551 0.507 0.458 0.466 0.461 
0.449 0.439 0.475 0.43 0.442 0.44 0.451 0.419 0.439 0.477 
0.423 0.485 0.469 0.506 0.45 0.564 0.563 0.517 0.512 0.601 
0.538 0.463 0.481 0.508 0.502 0.438 0.468 0.562 0.574 0.587 
0.542 0.652 0.652 0.674 0.782 0.825 0.876 1.029 0.912 1.124 
1.024 0.803 0.735 0.783 0.6 0.538 0.62 0.608 0.506 0.47 
0.549 0.531 0.445 0.485 0.538 0.55 0.476 0.501 0.486 0.558 
0.491 0.514 0.477 0.507 0.478 0.489 0.494 0.464 0.504 0.535 
0.515 0.481 0.508 0.542 0.526 0.537 0.564 0.653 0.658 0.685 
0.705 0.74 0.803 0.796 0.85 0.722 0.779 0.778 0.748 0.812 
0.832 0.818 0.891 0.959 0.908 0.837 0.941 0.919 0.808 0.817 
0.872 0.877 0.755 0.924 0.967 0.835 0.811 0.974 0.964 0.734 
0.92 0.986 0.877 0.77 0.891 0.833 0.665 0.68 0.727 0.675 
0.55 0.641 0.626 0.56 0.503 0.647 0.595 0.487 0.546 0.601 
0.504 0.453 0.477 0.439 0.405 0.417 0.434 0.432 0.444 0.445 
0.461 0.552 0.564 0.531 0.508 0.639 0.6 0.515 0.571 0.672 
0.616 0.526 0.621 0.618 0.642 0.555 0.568 0.563 0.598 0.51 
0.556 0.586 0.556 0.539 0.623 0.625 0.62 0.613 0.709 0.67 
0.664 0.663 0.709 0.659 0.685 0.698 0.697 0.711 0.731 0.778 
0.729 0.848 0.798 0.799 0.833 0.894 0.98 0.842 1.036 1.086 
1.02 0.912 1.113 1.048 1.205 1.194 0.829 0.843 0.732 0.665 
0.689 0.747 0.648 0.634 0.634 0.606 0.595 0.588 0.628 0.694 
0.636 0.642 0.795 0.97 0.84 0.887 1.367 1.641 1.188 1.898 
1.836 0.905 1.018 1.135 0.791 0.601 0.651 0.564 0.505 0.591 
0.601 0.482 0.469 0.535 0.518 0.468 0.517 0.613 0.53 0.524 
0.801 0.798 1.055 0.7 0.823 0.6 0.671 0.669 0.715 0.793 
0.825 0.853 0.781 0.802 0.835 0.936 1.102 1.016 0.727 0.687 
0.541 0.541 0.508 0.555 0.588 0.629 0.691 0.617 0.645 0.644 
0.878 0.85 0.86 0.956 1.166 1.102 1.268 1.058 0.783 0.654 
0.615 0.628 0.675 0.603 0.669 0.607 0.592 0.492 0.529 0.549 
0.695 0.503 0.506 0.436 0.486 0.44 0.494 0.589 0.633 0.666 
0.627 0.574 0.57 0.495 0.538 0.554 0.536 0.481 0.514 0.51 
0.496 0.512 0.555 0.522 0.564 0.629 0.586 0.72 0.668 0.668 
0.633 0.518 0.58 0.571 0.601 0.649 0.678 0.64 0.576 0.654 
0.695 0.674 0.695 0.641 0.647 0.657 0.576 0.574 0.602 0.612 
0.528 0.605 0.601 0.651 0.998 1.727 2.376 0.75 0.665 0.646 
0.638 0.714 0.618 0.629 0.593 0.616 0.562 0.567 0.549 0.627 
0.594 0.662 0.695 0.72 0.787 0.753 0.932 0.903 1.091 0.896 
0.701 0.864 0.861 0.69 0.667 0.761 0.789 0.687 0.804 0.669 
0.745 0.817 0.741 0.732 0.894 1.004 0.942 1.252 0.997 0.853 
0.683 0.741 0.832 0.76 0.763 0.871 0.824 0.827 0.837 1.513 
1.709 1.298 2.493 3.712 2.182 0.793 0.726 0.802 0.653 0.542 
0.574 0.607 0.605 0.612 0.66 0.679 0.693 0.748 0.762 0.619 
0.579 0.463 0.509 0.476 0.543 0.611 0.764 1.424 2.104 2.039 
5.637 6.645 8.118 8.67 5.089 3.789 2.791 2.366 1.498 1.064 
1.28 1.187 0.876 0.914 1.142 1.098 0.908 0.842 1.637 1.479 
0.647 0.529 0.466 0.399 0.441 0.463 0.696 0.791 1.061 1.088 
1.201 1.055 0.734 1.085 1.028 0.674 0.599 0.531 0.501 0.487 
0.556 0.528 0.635 0.597 0.569 0.613 0.585 0.613 0.63 0.606 
0.61 0.703 0.783 1.171 1.018 0.864 1.19 1.598 1.402 1.16 
0.989 0.735 0.739 1.132 1.271 1.256 1.992 3.693 4.872 4.581 
8.343 10.246 10.911 11.888 12.88 12.517 13.457 14.283 15.0 15.0 
15.0 15.0 15.0 15.0 15.0 15.0 15.0 15.0 15.0 15.0 
15.0 15.0 15.0 15.0 15.0 15.0 15.0 15.0 15.0 15.0 
15.0 15.0 15.0 15.0 15.0 15.0 15.0 15.0 15.0 15.0 
15.0 15.0 15.0 15.0 15.0 15.0 15.0 15.0 15.0 15.0 
15.0 15.0 15.0 15.0 15.0 15.0 15.0 15.0 15.0 15.0 
15.0 15.0 15.0 15.0 15.0 8.277 8.479 3.624 1.451 1.307 
1.179 0.986 1.285 0.961 1.294 1.247 1.183 1.256 1.471 1.214 
1.605 2.177 2.594 1.956 2.412 1.707 1.022 1.021 1.301 0.863 
0.717 0.775 0.805 0.626 0.622 0.682 0.681 0.694 0.699 0.764 
0.812 0.905 0.858 1.016 0.951 0.925 0.923 0.941 0.857 0.81 
0.857 0.873 0.781 0.797 0.854 0.877 1.044 1.298 1.386 1.673 
1.669 1.786 1.619 1.235 1.263 1.225 1.07 0.991 1.085 0.946 
0.899 0.882 0.889 0.854 0.808 0.792 0.825 0.779 0.718 0.756 
0.665 0.665 0.595 0.593 0.568 0.569 0.555 0.564 0.569 0.57 
0.521 0.587 0.618 0.577 0.541 0.626 0.631 0.517 0.528 0.536 
0.508 0.478 0.556 0.477 0.515 0.484 0.584 0.498 0.455 0.485 
0.553 0.426 0.436 0.536 0.574 0.595 0.55 0.703 0.584 0.598 
0.767 0.789 0.791 0.853 0.675 0.718 0.649 0.764 0.741 0.64 
0.651 0.657 0.593 0.509 0.573 0.565 0.558 0.515 0.562 0.62 
0.586 0.621 0.804 0.793 0.826 0.747 0.752 0.822 0.702 0.642 
0.635 0.656 0.612 0.625 0.675 0.656 0.667 0.726 0.779 0.772 
0.768 0.809 0.823 0.823 0.811 0.861 0.891 0.959 1.022 0.993 
1.004 0.963 0.852 0.818 0.86 0.842 0.775 0.814 0.985 0.832 
0.879 0.952 0.938 0.829 0.955 0.91 0.839 0.937 1.092 0.878 
0.814 0.92 0.972 0.855 0.892 1.042 1.15 0.97 1.128 1.128 
1.055 0.869 0.85 0.802 0.768 0.666 0.658 0.656 0.567 0.581 
0.595 0.508 0.477 0.547 0.585 0.486 0.536 0.678 0.567 0.475 
0.537 0.517 0.496 0.527 0.524 0.498 0.564 0.538 0.554 0.614 
0.606 0.502 0.557 0.622 0.613 0.57 0.707 0.779 0.765 0.701 
0.911 0.963 0.868 0.734 0.93 0.868 0.704 0.616 0.709 0.661 
0.492 0.557 0.602 0.561 0.522 0.576 0.738 0.591 0.605 0.681 
0.797 0.654 0.687 0.744 0.763 0.784 0.813 0.825 0.879 0.888 
0.932 0.893 0.932 1.006 0.972 0.963 0.894 0.979 0.942 0.93 
0.971 1.049 0.99 0.975 1.025 0.867 0.843 0.774 0.905 0.838 
0.782 0.839 0.829 0.813 0.857 0.818 0.814 0.921 0.939 0.915 
1.024 1.159 1.022 1.21 1.667 2.223 2.002 2.662 3.123 2.427 
2.687 2.12 1.378 1.216 1.13 0.861 0.72 0.743 0.752 0.601 
0.63 0.823 0.7 0.586 0.807 0.994 0.731 0.809 1.766 1.457 
2.893 1.015 2.105 0.716 0.957 0.592 0.737 0.871 1.02 1.034 
1.032 1.228 1.452 3.779 4.488 5.052 2.037 1.138 0.717 0.64 
0.6 0.615 0.665 0.702 0.792 0.689 0.731 0.73 1.194 1.197 
1.617 1.562 2.113 2.11 2.334 1.542 0.849 0.651 0.596 0.614 
0.683 0.635 0.674 0.61 0.611 0.508 0.606 0.646 0.666 0.521 
0.526 0.463 0.47 0.437 0.475 0.562 0.634 0.701 0.631 0.535 
0.519 0.487 0.572 0.59 0.591 0.557 0.591 0.585 0.577 0.548 
0.582 0.576 0.591 0.674 0.68 0.853 0.779 0.779 0.745 0.621 
0.651 0.667 0.762 0.697 0.696 0.69 0.634 0.66 0.747 0.769 
0.84 0.713 0.657 0.665 0.631 0.513 0.594 0.625 0.587 0.646 
0.616 0.639 0.864 1.028 1.204 0.804 0.696 0.729 0.621 0.737 
0.595 0.668 0.646 0.642 0.582 0.607 0.591 0.692 0.569 0.667 
0.738 0.671 1.165 1.056 1.117 0.887 1.05 0.894 0.99 0.872 
0.717 0.825 0.808 0.686 0.672 0.771 0.738 0.716 0.85 0.731 
0.844 0.995 0.996 0.913 1.18 1.34 1.113 1.475 1.115 1.207 
0.806 0.795 0.86 0.721 0.729 0.746 0.776 0.798 0.749 0.862 
0.827 0.835 0.927 1.292 1.033 0.797 0.715 0.76 0.742 0.625 
0.634 0.655 0.649 0.685 0.675 0.701 0.721 0.776 0.736 0.646 
0.681 0.544 0.56 0.514 0.514 0.614 0.688 0.847 1.09 1.177 
1.549 1.645 2.147 2.232 1.927 1.551 1.331 1.351 1.106 0.917 
0.992 0.945 0.817 0.788 0.897 0.84 0.772 0.772 0.949 0.939 
0.644 0.59 0.49 0.425 0.463 0.463 0.702 0.824 1.173 1.19 
1.467 1.178 0.796 1.111 0.969 0.646 0.605 0.519 0.485 0.453 
0.475 0.461 0.537 0.516 0.508 0.529 0.52 0.507 0.572 0.563 
0.617 0.684 0.78 0.951 1.034 0.929 1.445 1.808 1.971 1.761 
1.353 0.955 0.94 2.093 1.642 1.349 2.049 3.641 5.954 3.684 
7.459 9.303 12.284 12.78 12.944 12.835 
END
