PFRMAT local QA
AUTHOR MASS-CASP14
af2-standard_T1151s2_5.pdb local_accuracy_only 15.0 15.0 15.0 15.0 15.0 15.0 15.0 15.0 15.0 15.0 15.0 
15.0 15.0 13.984 11.978 11.582 10.434 11.135 10.062 8.639 7.672 
6.909 6.857 6.834 6.101 6.91 5.07 4.674 3.747 4.053 3.897 
3.809 3.403 3.014 3.247 3.674 3.422 3.927 4.126 3.241 2.542 
3.196 3.58 3.553 3.248 2.664 2.175 1.941 1.665 1.581 1.532 
1.508 1.317 1.393 1.495 1.477 1.421 1.281 1.185 1.23 1.249 
1.199 1.175 1.363 1.434 1.466 1.307 1.812 2.308 2.988 3.088 
2.148 1.742 1.332 1.164 1.138 1.188 1.396 1.423 1.311 1.327 
1.708 2.429 2.723 2.601 2.489 2.212 2.163 2.192 2.354 2.276 
2.366 2.735 2.335 2.567 2.27 2.208 2.094 2.53 2.459 2.938 
2.681 2.687 2.078 2.084 1.853 2.447 3.124 3.256 4.476 5.666 
7.501 8.22 10.086 14.24 15.0 
END
