PFRMAT local QA
AUTHOR LAW-CASP14
af2-standard_T1151s2_5.pdb local_accuracy_only 15.0 15.0 15.0 15.0 15.0 15.0 15.0 15.0 15.0 15.0 15.0 
15.0 15.0 15.0 15.0 15.0 15.0 15.0 15.0 15.0 15.0 
15.0 15.0 15.0 15.0 15.0 11.776 8.004 5.993 4.789 3.969 
3.249 2.933 2.218 2.72 3.245 3.002 2.386 2.65 2.353 1.573 
1.793 2.057 2.394 1.306 1.606 1.206 1.137 1.029 0.92 1.008 
0.977 0.874 0.934 0.999 0.996 0.977 0.852 0.815 0.784 0.73 
0.695 0.727 0.743 0.782 0.787 0.83 0.999 0.958 1.038 1.133 
0.939 0.999 0.951 0.816 0.744 0.769 0.836 0.768 0.882 0.851 
1.086 1.148 1.474 1.386 1.486 1.188 1.109 1.164 1.129 0.918 
0.867 0.99 0.936 0.787 0.857 0.936 0.877 0.886 1.029 1.037 
0.984 1.181 0.953 1.094 0.985 1.484 2.4 3.277 5.924 6.745 
6.373 8.371 9.816 10.469 12.284 
END
