PFRMAT local QA
AUTHOR MASS-CASP14
af2-standard_T1131_1.pdb local_accuracy_only 15.0 11.645 8.442 7.78 8.689 7.294 6.741 5.734 5.783 5.197 5.041 
5.181 4.556 3.88 3.744 3.323 3.043 3.334 3.033 2.693 2.656 
2.509 2.248 2.526 2.797 3.468 3.674 4.284 4.517 6.731 7.892 
6.809 6.429 5.895 4.656 4.732 4.581 5.745 5.826 6.186 7.223 
7.896 9.507 10.307 10.151 10.037 7.711 6.419 5.767 4.591 3.772 
3.906 3.534 4.082 3.738 3.645 3.844 3.65 4.364 4.618 4.828 
5.606 5.958 6.464 6.01 5.283 6.496 6.548 6.0 6.753 6.697 
8.129 7.699 8.322 8.577 9.181 10.352 10.345 9.91 8.868 8.877 
10.522 10.868 12.261 12.125 10.273 10.18 10.963 10.916 9.578 7.543 
5.873 5.938 5.738 6.751 7.511 10.449 10.591 12.684 14.439 13.041 
11.707 11.352 10.836 11.225 14.204 15.0 15.0 15.0 15.0 15.0 
15.0 15.0 15.0 15.0 14.822 14.661 13.511 11.288 10.114 8.621 
7.719 6.847 7.411 7.001 8.441 9.964 10.332 9.321 10.344 8.851 
9.126 8.294 10.563 10.288 11.87 11.88 13.835 13.519 12.173 11.777 
13.335 12.05 13.521 13.139 13.844 12.033 11.504 9.344 10.019 9.865 
8.83 7.309 7.412 7.479 7.745 7.501 9.109 10.639 10.701 13.6 
14.081 15.0 15.0 15.0 15.0 15.0 15.0 15.0 15.0 15.0 
15.0 15.0 
END
