PFRMAT local QA
AUTHOR LAW-CASP14
af2-standard_T1131_1.pdb local_accuracy_only 15.0 15.0 15.0 15.0 13.131 12.41 10.672 8.414 6.635 4.851 4.059 
3.385 2.883 2.47 2.197 2.022 2.066 2.019 1.803 1.9 2.087 
2.014 1.94 2.09 2.02 2.418 2.332 2.893 4.401 6.354 7.321 
6.873 5.984 4.596 3.269 2.799 2.679 3.043 3.021 3.078 3.179 
3.437 3.329 4.487 4.341 3.917 3.034 2.602 2.25 2.095 2.007 
2.125 2.166 1.961 1.976 2.16 2.151 2.266 2.341 2.534 2.903 
3.512 5.322 6.56 5.933 5.688 8.041 8.007 8.116 6.275 8.609 
7.963 6.614 6.275 7.195 6.826 6.278 7.078 7.486 9.751 7.119 
5.798 5.639 6.248 5.386 5.527 4.759 5.399 6.788 5.415 4.741 
3.89 3.829 3.669 4.555 6.139 7.304 7.698 6.861 6.979 5.194 
4.674 3.636 4.284 4.41 5.506 5.782 7.403 8.319 9.966 10.428 
12.013 11.772 12.164 11.687 11.585 10.744 9.96 9.24 8.806 9.408 
10.238 8.309 7.42 10.696 10.703 13.074 13.102 11.798 11.413 11.814 
11.621 11.266 11.959 13.039 13.285 13.224 13.615 13.288 12.603 12.074 
12.441 12.619 13.23 12.502 12.673 10.822 10.579 10.667 8.714 10.39 
9.078 8.794 8.913 9.529 8.454 8.25 9.06 10.383 10.219 10.468 
10.909 11.167 12.181 12.182 12.68 13.386 13.49 15.0 15.0 15.0 
15.0 13.943 
END
