PFRMAT local QA
AUTHOR MASS-CASP14
af2-standard_T1183_4.pdb local_accuracy_only 1.897 1.198 0.694 0.261 0.009 0.002 0.0 0.018 0.175 1.072 1.309 
1.284 1.213 1.043 0.706 0.352 0.927 1.119 1.524 2.065 2.564 
2.144 1.878 1.794 1.699 1.555 1.608 1.571 1.747 1.975 2.443 
2.808 2.865 2.639 2.097 1.69 1.812 1.597 1.395 1.559 1.491 
1.328 1.203 1.459 1.771 1.637 1.535 1.413 1.381 1.412 1.605 
1.441 1.068 1.061 1.07 0.959 0.885 0.885 1.022 1.139 1.091 
1.47 1.29 1.403 1.324 1.548 1.3 1.311 1.366 1.296 1.21 
1.18 1.271 1.261 1.357 1.504 1.389 1.181 1.181 1.403 1.835 
1.918 2.033 1.332 1.253 1.119 0.984 1.064 0.995 1.182 1.05 
1.0 1.208 1.377 1.318 1.55 1.623 1.845 1.904 2.235 1.841 
2.071 1.857 1.477 1.258 1.22 1.154 1.041 1.074 1.299 1.483 
2.239 2.361 2.169 1.731 2.076 2.048 2.448 2.253 2.554 3.081 
4.271 4.281 3.87 3.664 3.236 2.991 2.46 2.422 2.201 2.516 
2.999 4.23 5.768 7.114 7.178 9.024 10.316 9.046 8.96 7.569 
8.201 7.636 7.794 7.458 6.499 7.325 6.604 5.186 6.228 5.159 
6.303 7.062 6.265 5.97 5.331 5.068 4.747 4.652 4.336 3.022 
2.819 2.586 3.017 2.472 2.249 2.181 2.161 1.957 1.766 1.7 
1.681 1.733 1.518 1.464 1.719 1.961 1.77 1.985 2.06 1.896 
1.656 1.571 1.474 1.834 1.511 1.187 1.324 1.29 1.434 1.774 
2.109 2.994 3.809 5.045 7.598 10.327 12.064 15.0 15.0 
END
