PFRMAT local QA
AUTHOR LAW-CASP14
af2-standard_T1183_4.pdb local_accuracy_only 1.099 1.011 0.819 0.736 0.8 0.767 0.847 1.04 1.021 1.235 2.095 
1.319 1.076 1.071 0.936 1.086 1.042 1.197 1.575 1.837 2.221 
2.46 1.996 1.813 1.53 1.698 1.289 1.487 1.592 2.114 3.225 
4.136 4.363 3.167 2.431 1.373 1.805 1.807 1.516 1.908 1.988 
2.004 1.977 2.202 2.33 2.347 2.299 1.766 1.477 1.175 1.406 
1.22 0.901 1.013 0.817 0.707 0.73 0.716 0.87 0.874 0.887 
1.103 1.1 1.415 1.27 1.432 1.232 1.019 1.219 1.177 0.95 
0.989 1.02 0.979 0.763 0.96 0.973 1.034 0.918 1.227 1.3 
1.53 1.467 1.031 1.008 0.806 0.753 0.869 0.77 0.971 0.897 
1.031 1.214 1.138 1.24 1.452 1.602 1.619 1.889 2.344 2.409 
2.538 2.292 2.26 1.888 1.771 1.47 1.39 1.224 1.871 1.559 
2.681 2.522 1.81 1.412 1.269 1.306 1.372 1.812 1.865 2.366 
2.761 2.849 2.592 2.286 1.886 1.774 1.495 1.408 1.474 1.537 
2.551 3.612 3.803 6.596 7.037 7.457 6.845 5.602 6.561 4.474 
6.92 7.084 7.381 7.8 8.408 8.94 8.763 8.114 7.779 7.252 
7.318 7.158 6.703 6.101 4.213 5.051 4.459 6.033 6.184 5.086 
3.648 1.966 1.743 1.93 2.625 1.408 1.358 2.228 1.598 1.011 
1.276 1.831 1.357 1.331 1.834 2.121 1.74 1.695 1.342 1.102 
1.068 1.072 1.074 1.298 1.389 1.182 1.335 1.084 1.232 1.593 
1.823 3.612 2.625 4.758 5.268 8.729 9.737 11.734 13.597 
END
