PFRMAT local QA
AUTHOR LAW-CASP14
af2-standard_T1158v1_2.pdb local_accuracy_only 15.0 15.0 14.949 15.0 9.438 6.882 6.467 2.924 1.44 1.714 1.497 
4.225 7.722 7.235 10.051 9.153 8.949 8.001 2.856 6.47 2.821 
1.446 1.066 0.948 1.139 1.867 0.85 1.14 1.189 1.034 0.935 
1.349 1.3 1.162 1.307 1.924 1.531 1.344 0.983 1.106 1.026 
1.414 1.089 0.855 1.16 1.043 0.846 1.367 1.258 1.284 1.004 
0.993 0.708 0.802 1.034 0.762 0.697 0.862 0.98 0.841 0.894 
1.142 1.214 1.202 1.465 1.729 1.966 2.264 2.581 2.865 3.229 
3.627 4.703 4.726 5.039 3.982 4.254 2.609 1.967 1.377 1.717 
1.753 1.399 1.346 1.696 1.752 1.436 1.981 2.372 3.04 3.325 
2.524 4.468 5.215 2.92 4.952 6.686 4.152 3.338 4.618 3.721 
2.372 2.208 2.202 1.969 1.563 1.261 1.464 1.516 1.216 1.501 
1.567 1.253 1.089 1.389 1.355 0.999 1.052 1.219 0.988 0.97 
1.213 1.424 3.025 4.35 6.726 4.715 4.923 4.195 3.056 2.9 
2.933 2.906 2.303 2.493 2.38 2.002 1.793 2.364 2.157 1.963 
1.679 1.977 1.728 1.477 1.372 1.527 1.392 0.906 1.002 1.168 
1.014 0.711 0.857 1.016 0.756 0.613 0.737 0.743 0.665 0.578 
0.669 0.668 0.575 0.597 0.563 0.579 0.53 0.567 0.511 0.49 
0.522 0.522 0.498 0.464 0.539 0.549 0.511 0.535 0.587 0.637 
0.753 0.91 1.195 0.998 1.176 1.537 1.773 1.556 1.589 1.184 
1.453 1.296 1.038 0.918 1.141 1.05 0.811 0.979 1.064 1.014 
0.779 0.888 0.928 0.734 0.754 0.854 0.887 0.809 0.844 1.143 
1.045 1.534 1.493 1.591 1.697 2.025 1.672 1.535 1.325 1.33 
1.062 0.94 0.916 0.859 0.787 0.803 0.846 0.807 0.872 1.002 
1.012 0.884 0.93 0.897 0.919 0.828 0.882 0.938 1.039 0.97 
1.162 1.213 1.34 1.436 1.666 1.772 1.746 1.637 1.914 1.521 
1.431 1.245 1.182 1.09 1.062 0.952 0.902 0.977 0.971 0.827 
0.885 0.954 0.935 0.799 0.881 0.886 0.798 0.785 0.837 0.77 
0.733 0.699 0.771 0.747 0.683 0.762 0.835 0.722 0.726 0.833 
0.86 0.775 0.818 0.809 0.726 0.781 0.682 0.665 0.769 0.828 
0.871 1.013 0.979 0.882 0.898 0.907 0.808 0.74 0.8 0.799 
0.736 0.709 0.746 0.732 0.686 0.635 0.697 0.742 0.69 0.691 
0.754 0.774 0.828 0.869 0.922 1.009 1.06 1.163 1.201 1.356 
1.402 1.54 1.624 1.704 1.549 1.419 1.355 1.966 1.579 1.161 
1.137 1.391 1.131 1.06 1.123 1.533 1.107 1.089 1.265 1.399 
1.29 1.423 1.429 1.476 1.25 1.362 1.033 1.077 0.988 1.078 
1.045 1.069 0.924 1.097 1.061 0.965 1.015 1.147 1.183 1.18 
1.402 1.494 1.636 1.781 1.879 2.227 1.837 2.002 2.353 2.153 
1.51 2.077 1.861 1.24 1.304 1.534 1.258 1.047 1.372 1.437 
1.131 1.219 1.375 1.266 0.952 1.189 1.103 1.043 0.8 1.0 
0.891 0.86 0.818 0.981 2.685 9.633 11.587 13.185 12.369 14.351 
13.186 12.302 13.809 11.164 9.468 5.509 1.508 1.403 1.233 1.288 
1.35 1.563 1.622 1.456 1.536 1.352 1.497 1.336 1.7 2.179 
3.954 2.882 3.653 2.616 1.683 1.623 1.547 1.574 1.928 1.484 
1.483 1.251 1.265 0.946 1.057 0.941 0.907 0.915 0.819 0.824 
0.81 0.716 0.875 1.26 1.95 7.359 2.24 1.515 1.411 1.027 
1.002 1.307 1.148 0.871 1.075 1.118 1.112 0.844 1.24 0.921 
1.148 1.232 1.342 1.425 1.482 1.795 1.528 1.337 1.445 1.426 
1.697 1.147 0.743 0.658 0.674 0.724 0.758 1.149 1.301 1.754 
1.226 0.879 0.795 0.711 0.831 0.791 0.786 0.792 0.817 0.937 
0.821 0.877 1.083 1.095 1.54 1.42 2.33 1.913 2.262 1.876 
1.65 1.298 1.268 1.181 1.127 0.967 1.013 1.023 1.017 0.941 
1.065 1.012 1.139 1.242 1.19 1.146 1.355 1.55 1.13 1.274 
0.978 1.144 0.855 0.841 0.899 0.84 0.862 0.989 0.993 1.108 
0.98 1.058 1.488 1.28 1.675 1.709 1.678 1.243 1.069 1.211 
1.043 0.898 0.912 0.9 0.919 0.944 0.777 0.847 0.902 0.879 
0.789 0.695 0.689 0.565 0.57 0.587 0.721 0.783 0.914 1.08 
1.111 1.53 1.673 1.493 1.505 1.426 1.415 1.226 1.171 1.202 
1.116 0.964 0.989 1.163 1.025 1.028 0.953 1.078 1.28 1.083 
0.92 1.06 0.927 0.713 0.691 0.648 0.555 0.651 0.716 0.993 
1.597 2.504 2.52 2.981 2.571 2.304 2.695 2.523 1.621 1.335 
1.138 1.078 1.019 1.07 1.204 1.464 1.657 1.473 1.617 1.644 
1.501 1.33 1.398 1.642 2.032 2.648 8.833 8.338 10.757 14.839 
14.837 15.0 15.0 15.0 15.0 15.0 15.0 15.0 15.0 15.0 
15.0 15.0 15.0 15.0 15.0 15.0 15.0 15.0 15.0 15.0 
15.0 15.0 15.0 15.0 15.0 15.0 15.0 15.0 15.0 15.0 
15.0 15.0 15.0 11.78 10.482 5.361 9.085 8.966 7.556 7.631 
7.33 3.314 6.44 6.653 10.123 12.675 14.732 15.0 15.0 15.0 
15.0 15.0 15.0 15.0 15.0 15.0 15.0 15.0 15.0 15.0 
15.0 15.0 14.702 13.403 12.178 14.447 14.47 15.0 13.368 12.124 
10.454 9.764 4.881 5.024 2.491 2.278 1.733 1.412 1.205 1.158 
1.166 1.066 0.824 0.955 1.11 0.821 0.87 1.264 2.166 2.833 
4.146 3.447 3.204 4.879 4.823 3.308 4.788 5.093 3.219 3.565 
3.034 3.523 2.381 1.766 2.847 2.811 2.379 2.555 3.383 3.025 
2.847 2.872 2.825 2.351 1.979 2.469 3.369 1.797 5.493 5.152 
5.867 9.654 10.34 11.214 11.759 13.517 14.622 15.0 15.0 15.0 
15.0 15.0 15.0 15.0 15.0 15.0 15.0 11.925 14.248 14.355 
12.235 10.91 9.371 7.995 8.889 7.286 5.992 5.919 4.0 3.97 
2.409 4.06 3.993 3.004 2.388 2.363 2.259 1.863 1.538 2.053 
1.826 1.284 1.136 1.227 1.002 0.872 0.835 0.857 0.753 0.679 
0.735 0.721 0.66 0.629 0.646 0.629 0.577 0.631 0.649 0.651 
0.656 0.719 0.752 0.682 0.676 0.791 0.839 0.907 0.906 1.192 
1.065 1.04 1.254 1.268 1.047 1.09 0.885 0.933 0.835 0.767 
0.688 0.697 0.712 0.655 0.678 0.695 0.694 0.671 0.695 0.72 
0.701 0.698 0.741 0.727 0.717 0.709 0.686 0.672 0.615 0.665 
0.63 0.604 0.596 0.683 0.628 0.638 0.778 0.796 0.7 0.829 
1.075 0.918 0.971 1.172 1.204 1.265 1.626 1.517 1.265 1.892 
2.063 3.996 4.083 5.836 6.975 6.184 5.749 5.782 4.155 2.474 
2.263 1.95 1.494 1.15 1.257 1.129 0.88 0.938 0.947 0.862 
0.718 0.839 0.876 0.815 0.703 0.754 0.734 0.592 0.684 0.732 
0.707 0.687 0.841 0.846 0.709 0.765 0.821 0.741 0.629 0.659 
0.685 0.59 0.567 0.658 0.637 0.594 0.552 0.627 0.596 0.559 
0.62 0.662 0.618 0.655 0.658 0.657 0.722 0.798 0.807 1.015 
0.978 0.858 0.762 0.85 0.772 0.568 0.624 0.62 0.607 0.576 
0.585 0.575 0.554 0.525 0.582 0.542 0.524 0.488 0.518 0.557 
0.534 0.565 0.584 0.583 0.568 0.608 0.579 0.616 0.631 0.614 
0.649 0.728 0.729 0.843 0.789 0.928 1.015 1.26 1.168 1.444 
1.825 1.579 1.843 2.186 2.279 1.838 2.042 2.082 1.762 1.47 
1.692 1.466 1.181 1.018 0.953 1.132 1.176 1.024 1.03 1.252 
1.052 1.138 1.11 1.06 0.985 0.979 0.965 0.835 0.847 0.852 
0.762 0.715 0.775 0.738 0.639 0.75 0.873 0.726 0.852 1.027 
1.049 0.884 1.411 1.46 1.06 1.237 1.634 1.094 0.91 1.228 
0.975 0.769 0.857 1.044 0.856 0.832 1.043 1.079 1.145 1.05 
1.018 1.174 1.315 1.228 1.904 3.58 5.847 4.692 3.321 2.176 
2.305 1.953 1.492 1.115 0.824 0.853 0.781 0.697 0.681 0.668 
0.695 0.771 0.852 1.028 0.929 1.259 1.183 1.777 1.821 4.064 
6.952 7.102 5.278 3.677 1.904 1.622 1.21 1.237 1.242 1.042 
0.934 0.791 0.765 0.676 0.725 0.726 0.738 0.617 0.578 0.574 
0.663 0.635 0.752 1.018 1.684 2.702 1.885 1.29 1.035 0.883 
0.952 1.094 0.902 0.856 0.836 0.873 0.8 0.726 0.834 0.84 
1.017 0.976 1.011 1.017 1.016 0.871 0.792 0.76 0.79 0.802 
0.917 1.025 1.12 1.113 2.281 2.324 2.456 2.416 1.032 0.887 
1.132 0.827 0.675 0.689 0.705 0.632 0.646 0.607 0.703 0.883 
1.153 1.824 1.515 1.568 1.523 1.197 1.334 1.841 2.015 2.413 
1.739 1.625 1.579 1.299 1.473 1.146 1.511 1.835 2.223 1.819 
1.806 1.392 1.331 1.275 1.197 1.163 1.141 1.074 1.061 1.154 
1.132 1.103 1.231 1.28 1.295 1.738 2.502 1.983 2.423 3.355 
4.185 4.401 3.198 3.056 2.752 3.063 2.777 2.613 1.869 2.032 
1.438 1.516 1.892 2.75 4.158 3.108 3.359 2.768 2.244 1.557 
1.57 1.19 1.127 1.063 0.946 0.948 0.987 0.992 0.812 0.998 
0.989 0.923 0.945 0.77 0.738 0.573 0.582 0.525 0.603 0.702 
0.916 1.133 1.736 1.798 2.514 2.711 2.808 3.053 2.49 2.279 
2.017 1.871 1.562 1.239 1.309 1.302 1.206 1.165 1.187 1.216 
1.201 0.856 1.111 0.94 0.699 0.633 0.515 0.529 0.597 0.647 
0.861 1.228 1.556 1.436 1.769 1.429 0.918 1.575 1.747 0.908 
0.817 0.745 0.768 0.751 0.848 0.884 1.002 1.14 1.107 1.117 
0.98 0.975 1.016 0.933 0.98 1.167 1.335 2.716 1.78 1.683 
2.607 2.906 3.256 4.441 4.464 2.995 2.752 2.763 3.736 4.977 
5.014 5.208 7.225 7.925 10.035 12.922 13.689 13.502 12.207 11.344 
12.562 12.496 7.807 8.404 11.014 7.759 5.297 9.569 11.4 8.521 
6.328 10.355 10.251 10.124 10.947 12.648 14.163 15.0 15.0 15.0 
15.0 15.0 15.0 15.0 15.0 15.0 15.0 15.0 15.0 15.0 
15.0 15.0 15.0 15.0 15.0 15.0 15.0 15.0 15.0 15.0 
15.0 15.0 15.0 15.0 15.0 15.0 15.0 15.0 15.0 15.0 
15.0 15.0 15.0 15.0 15.0 15.0 15.0 15.0 15.0 
END
