PFRMAT local QA
AUTHOR MASS-CASP14
af2-standard_T1158v1_2.pdb local_accuracy_only 14.242 13.491 10.615 8.177 6.762 6.356 3.99 2.836 1.998 1.989 1.675 
2.053 1.999 3.054 3.387 4.263 4.34 4.364 4.567 4.298 3.999 
3.664 3.697 3.269 3.19 2.777 2.715 3.025 3.122 2.577 2.582 
2.906 3.342 3.752 4.978 4.631 4.77 4.418 3.881 4.457 4.82 
4.482 3.832 3.402 3.322 3.565 3.662 3.598 5.292 5.439 6.103 
4.449 3.468 3.282 2.397 1.804 1.701 1.911 2.033 1.837 2.168 
2.505 2.483 2.284 2.575 2.897 3.075 2.825 3.035 3.367 3.478 
4.087 4.267 4.909 4.749 4.469 4.324 3.768 2.911 2.615 2.62 
2.439 2.647 2.37 2.675 3.191 3.231 3.703 4.719 5.53 5.513 
4.57 5.426 4.615 5.109 5.006 5.467 4.994 4.996 4.959 4.919 
4.471 3.972 2.881 2.493 2.498 2.135 1.656 1.52 1.565 1.414 
1.263 1.318 1.419 1.65 1.432 1.372 1.761 1.881 2.052 2.407 
2.968 3.024 3.889 3.864 4.299 3.829 3.632 3.356 3.044 2.835 
3.199 3.034 2.76 3.043 3.005 2.819 2.837 3.132 3.171 2.723 
2.949 3.001 2.806 2.856 2.711 2.742 2.813 2.67 2.52 2.317 
2.447 2.543 2.083 2.27 2.269 2.279 1.934 1.7 1.609 1.54 
1.558 1.356 1.465 1.42 1.35 1.326 1.281 1.302 1.125 1.107 
1.184 1.305 1.125 1.249 1.537 1.404 1.292 1.297 1.23 1.196 
1.296 1.687 1.921 2.325 2.53 3.897 4.356 4.714 5.063 5.142 
4.867 3.292 2.646 2.967 2.788 2.325 2.139 2.267 2.761 2.252 
2.064 2.452 2.612 2.19 3.082 2.988 2.979 3.642 3.459 4.145 
4.247 3.848 3.807 3.811 3.923 4.026 3.796 3.509 3.123 2.682 
2.786 2.936 2.646 2.856 2.738 3.275 3.04 2.643 2.69 3.52 
3.494 3.353 4.061 4.821 4.365 4.946 4.967 6.083 5.384 5.881 
5.379 5.53 5.445 5.862 5.82 6.352 6.088 6.437 5.813 5.671 
4.798 4.453 3.742 3.724 3.031 3.036 2.891 3.237 3.302 2.772 
2.886 4.484 4.31 4.087 4.019 4.473 3.65 3.676 3.176 2.691 
2.507 2.121 2.194 2.556 2.218 2.443 2.339 2.11 1.965 2.361 
2.536 1.928 2.196 2.033 2.059 2.27 2.416 2.928 3.215 3.041 
2.893 2.721 2.132 1.842 2.132 2.264 2.431 2.121 2.862 3.29 
2.668 2.403 2.393 2.556 2.295 1.788 1.869 2.374 1.987 1.699 
1.975 2.507 2.447 2.477 2.149 2.519 3.172 3.041 2.804 2.859 
3.185 2.952 3.543 3.682 3.413 3.624 3.775 3.707 3.582 3.558 
4.088 4.372 4.398 4.217 4.108 4.246 3.874 4.172 4.55 4.46 
4.145 3.222 3.272 3.019 2.426 2.45 2.442 2.156 2.058 1.76 
1.9 1.924 1.963 2.184 1.944 1.919 2.285 2.754 3.089 2.61 
2.524 2.546 2.779 2.716 3.269 3.466 3.26 3.246 3.725 3.267 
2.679 2.686 2.668 2.6 2.216 2.337 2.591 2.234 2.668 2.296 
2.343 2.404 2.272 2.202 1.787 1.988 2.024 1.854 1.795 1.848 
2.045 2.326 2.483 2.782 3.812 5.146 5.689 5.443 6.328 7.487 
8.3 7.389 7.495 7.894 6.759 4.861 3.478 2.392 1.78 1.4 
1.543 1.64 1.685 1.646 1.931 1.994 2.657 3.189 4.017 4.915 
5.071 4.26 4.651 3.851 3.097 2.555 2.216 2.275 2.032 2.042 
1.748 1.613 1.483 1.363 1.488 1.821 1.729 1.588 1.403 1.282 
1.275 1.23 1.172 1.411 1.851 2.235 2.565 2.471 2.377 2.002 
2.288 2.136 1.766 1.647 1.753 1.951 1.99 1.707 1.933 2.075 
1.933 2.259 2.552 2.598 2.389 2.069 1.789 1.49 1.381 1.499 
1.463 1.47 1.335 1.337 1.37 1.532 1.736 2.269 2.985 3.253 
2.678 2.371 2.167 1.919 1.676 1.357 1.21 1.085 1.195 1.351 
1.484 1.506 1.61 1.849 2.317 3.161 3.434 3.228 3.149 3.249 
3.223 2.371 2.269 2.375 2.21 2.023 1.758 1.976 2.372 2.059 
2.498 2.579 3.296 3.667 3.594 3.041 3.213 3.287 2.993 3.272 
2.86 2.437 2.201 1.895 1.834 1.616 1.644 1.848 2.347 2.41 
2.264 2.008 2.119 1.854 1.83 2.087 2.22 2.225 1.963 2.019 
2.056 1.798 1.744 1.836 1.941 1.921 1.95 1.907 1.783 2.222 
1.901 1.721 1.388 1.106 1.005 1.039 1.121 1.375 1.437 1.714 
1.766 2.22 2.737 2.447 2.355 2.619 2.488 2.03 2.029 2.329 
1.969 1.847 1.817 2.218 2.192 2.194 2.321 2.358 2.595 2.604 
2.184 2.335 2.38 1.97 1.62 1.561 1.527 1.543 1.77 2.232 
2.746 2.856 3.095 2.939 2.805 2.58 2.644 2.746 2.215 2.047 
1.651 1.524 1.436 1.383 1.49 1.849 2.001 1.816 1.916 1.738 
1.778 1.721 1.888 1.72 1.782 1.97 2.632 2.74 2.412 2.482 
2.667 2.522 2.48 2.374 1.911 1.911 2.083 1.971 2.082 2.114 
2.829 4.169 5.38 6.209 6.683 7.592 6.497 8.885 7.711 7.205 
8.498 8.912 8.712 8.194 9.869 9.814 11.081 10.232 15.0 15.0 
15.0 14.014 15.0 14.433 15.0 11.906 15.0 12.443 15.0 8.736 
10.672 7.692 8.964 7.603 10.868 7.649 9.724 10.142 15.0 15.0 
15.0 15.0 15.0 15.0 15.0 15.0 15.0 15.0 15.0 15.0 
12.329 13.145 9.44 8.235 10.34 9.217 10.694 11.12 11.71 11.451 
10.883 8.843 7.007 5.768 3.571 3.016 2.877 2.277 1.894 1.752 
2.149 2.344 2.406 3.056 3.571 4.477 6.377 7.075 7.61 8.836 
9.416 8.701 7.019 7.598 7.579 7.998 6.748 6.77 6.321 5.454 
5.023 4.627 4.411 3.583 2.841 2.315 2.51 2.174 2.189 2.32 
2.443 2.549 2.224 2.551 2.371 2.805 2.161 2.496 2.726 3.648 
3.798 4.491 5.479 5.737 7.235 9.494 12.361 13.514 15.0 13.96 
15.0 13.289 15.0 8.68 5.76 4.689 3.731 3.101 2.273 2.686 
2.183 2.274 1.836 2.383 2.413 2.494 2.42 2.685 3.062 2.704 
2.881 2.928 3.095 3.252 2.908 2.871 3.501 4.124 3.987 3.702 
3.908 3.973 4.168 4.437 3.988 4.066 4.229 3.546 3.222 3.486 
3.2 2.622 2.232 2.275 1.955 1.622 1.579 1.957 1.989 1.681 
1.643 1.963 1.962 1.832 2.025 2.303 2.822 2.664 2.273 2.416 
2.231 2.055 1.982 2.169 2.39 2.07 1.777 1.934 1.748 1.466 
1.472 1.659 1.59 1.767 1.517 1.732 1.674 1.348 1.671 1.702 
1.475 1.788 1.771 1.588 1.518 1.616 1.69 1.571 1.551 1.85 
1.814 1.626 1.86 1.75 1.807 1.727 1.884 1.985 2.049 1.932 
2.535 2.453 2.671 2.917 3.321 3.263 3.442 3.49 3.862 3.717 
4.689 4.706 4.569 5.098 5.291 5.417 5.242 5.118 4.769 3.95 
4.719 4.331 3.738 4.185 4.786 4.501 3.668 4.051 3.887 3.76 
3.256 3.155 3.237 2.716 2.442 2.553 2.393 1.874 2.092 2.494 
2.544 3.147 4.372 4.847 4.873 5.007 5.97 4.536 2.89 2.518 
2.505 2.309 2.074 2.086 2.602 2.793 2.45 2.62 2.938 2.723 
3.188 2.884 2.617 2.714 2.961 2.996 2.968 2.438 2.64 2.769 
2.379 2.071 2.285 2.479 2.286 2.146 2.755 2.502 2.635 2.504 
2.488 2.047 2.08 2.193 2.536 2.535 2.735 2.93 2.907 3.004 
2.958 3.0 2.766 2.993 2.649 2.496 2.268 2.604 2.425 2.058 
1.959 2.019 1.912 2.04 2.063 2.288 2.435 2.447 2.461 2.437 
2.656 2.611 2.349 2.303 2.448 2.468 2.473 2.717 3.026 3.278 
3.208 2.75 2.534 2.434 2.498 3.011 2.597 2.223 2.498 2.438 
2.737 2.323 2.223 2.426 2.321 2.229 2.569 2.385 2.442 2.841 
2.319 2.246 2.22 2.315 2.167 1.998 2.37 2.511 2.534 2.664 
2.592 2.126 2.49 2.885 2.774 2.757 2.791 3.237 3.05 3.425 
3.152 3.019 2.879 2.889 3.061 3.566 3.753 3.48 3.494 2.812 
2.927 2.841 2.841 2.668 2.684 3.058 3.387 3.433 3.134 2.838 
2.74 3.051 2.731 2.515 2.412 2.63 2.19 1.912 1.527 1.266 
1.208 1.203 1.45 1.523 1.691 1.608 1.795 2.256 3.14 3.277 
4.328 4.549 4.79 4.68 3.728 3.557 3.038 2.835 2.478 2.319 
2.269 2.265 2.374 2.124 2.247 2.898 2.858 2.494 2.024 2.096 
1.916 2.094 1.887 2.022 2.146 2.612 2.509 2.36 2.173 1.938 
1.997 1.789 1.609 1.42 1.61 1.995 1.869 1.71 1.556 1.674 
1.848 1.896 1.671 1.652 1.646 1.491 1.198 1.287 1.284 1.494 
2.059 2.023 1.983 2.396 3.162 4.303 3.274 2.912 2.462 2.689 
2.478 2.338 2.192 2.039 1.797 1.508 1.366 1.336 1.256 1.737 
2.316 3.029 2.902 2.562 2.274 2.424 2.348 2.166 1.902 1.596 
1.395 1.586 1.25 1.031 1.191 1.504 1.888 2.361 2.817 2.676 
2.563 2.342 2.47 2.206 1.719 1.866 1.977 2.121 1.933 2.101 
2.207 2.212 2.205 2.266 2.531 2.935 3.192 2.671 2.929 3.614 
4.277 4.562 4.362 4.834 4.422 4.723 4.817 5.005 3.71 4.373 
4.594 4.698 4.082 3.995 3.714 2.851 2.315 2.258 2.337 2.106 
1.968 2.156 2.036 1.917 1.99 2.123 2.19 2.321 2.578 2.318 
2.409 2.938 3.153 2.574 2.315 1.818 1.433 1.506 1.605 1.885 
2.059 2.234 2.442 2.629 2.902 2.421 2.309 2.784 2.998 2.832 
2.451 2.821 2.253 1.992 2.021 2.276 2.378 1.859 2.463 3.21 
3.157 3.019 3.507 3.51 2.751 2.171 2.034 1.798 1.744 1.73 
2.234 2.225 2.146 1.983 1.885 2.007 1.777 1.873 2.041 1.972 
1.778 1.371 1.233 1.226 1.235 1.368 1.833 1.887 1.529 1.508 
1.375 1.437 1.287 1.334 1.568 1.609 1.631 1.823 2.233 1.957 
2.388 3.271 3.458 4.19 4.092 3.338 3.168 3.04 3.091 3.467 
3.598 3.59 4.371 5.35 5.118 5.813 6.059 6.589 4.851 4.643 
5.043 4.579 3.729 4.047 4.248 4.06 3.652 3.863 4.305 4.632 
4.232 5.232 5.494 6.486 6.365 7.632 8.933 8.837 11.134 11.335 
13.27 15.0 15.0 15.0 15.0 15.0 15.0 15.0 15.0 13.836 
15.0 15.0 15.0 14.806 14.46 15.0 15.0 15.0 15.0 15.0 
15.0 15.0 15.0 15.0 15.0 15.0 15.0 15.0 13.942 12.484 
12.082 13.543 12.856 13.733 15.0 15.0 15.0 15.0 15.0 
END
