PFRMAT local QA
AUTHOR LAW-CASP14
af2-standard_T1180_4.pdb local_accuracy_only 1.293 1.194 0.888 0.824 0.814 0.739 0.817 0.856 0.916 1.255 1.738 
2.044 2.834 2.249 2.764 2.443 1.733 1.839 2.087 1.626 1.487 
1.705 1.688 1.247 1.515 1.663 1.461 1.374 0.939 0.917 0.758 
0.79 0.72 0.775 0.871 0.99 1.255 1.478 1.56 3.038 3.365 
3.735 3.196 2.833 2.389 1.747 1.642 1.929 1.689 1.417 1.569 
1.584 1.304 1.323 1.635 1.644 1.359 1.989 2.223 1.125 0.977 
0.801 0.746 0.754 0.784 1.022 1.38 2.82 3.811 4.249 2.703 
4.232 3.844 3.944 4.152 3.712 2.282 3.322 3.185 2.49 2.153 
1.519 1.517 1.539 1.582 1.067 1.37 1.41 1.154 1.126 1.527 
1.453 1.387 1.416 1.022 0.983 0.764 0.765 0.717 0.749 0.81 
0.978 1.121 1.305 1.583 1.551 1.804 1.793 1.336 1.727 1.893 
1.726 1.491 2.11 2.128 1.896 2.176 2.479 1.635 1.524 0.97 
0.943 0.787 0.745 0.755 0.706 0.758 0.802 1.013 1.138 1.123 
1.147 1.266 1.249 1.532 1.396 1.404 1.348 1.075 1.199 1.186 
0.981 0.872 1.082 1.153 0.927 1.025 1.288 1.266 1.292 0.918 
0.882 0.784 0.775 0.694 0.747 0.783 0.872 1.012 1.126 1.344 
1.478 1.445 1.595 1.425 1.291 1.486 1.457 1.157 1.215 1.354 
1.261 1.163 1.342 1.404 1.272 1.325 1.568 1.56 1.568 1.479 
1.465 1.087 0.967 0.859 0.732 0.831 0.834 0.988 1.034 1.185 
1.195 1.231 1.106 1.158 1.213 1.113 1.113 1.366 1.41 1.101 
1.229 1.565 1.338 1.249 1.0 0.94 0.778 0.802 0.839 0.95 
1.373 1.753 2.679 2.4 1.943 1.655 1.512 1.487 1.386 1.349 
1.62 2.442 1.899 4.525 4.715 3.011 6.297 7.447 7.062 7.47 
8.521 8.769 7.476 7.444 8.155 6.906 5.077 1.38 0.997 0.74 
0.699 0.724 0.808 0.924 1.194 1.298 1.292 1.059 1.131 0.906 
1.243 1.169 1.036 0.936 1.209 1.12 1.047 1.147 1.478 1.352 
1.393 1.573 1.119 1.152 1.044 0.98 1.23 1.118 1.346 1.357 
1.374 1.317 1.714 1.746 1.786 2.09 2.146 1.96 1.939 1.634 
1.852 1.92 1.85 1.93 2.247 2.205 2.214 2.122 1.95 1.952 
1.787 1.584 1.405 1.397 1.264 1.165 1.185 1.198 1.128 1.147 
1.334 1.372 1.403 1.556 1.834 1.649 2.305 1.195 1.012 0.826 
0.828 0.88 0.927 1.264 1.268 1.558 1.335 1.347 1.571 1.507 
1.466 1.362 1.243 1.268 1.177 1.146 0.936 0.997 1.051 1.159 
0.859 0.837 0.733 0.701 0.793 0.819 0.949 1.017 1.145 1.192 
1.198 1.228 1.186 1.301 1.391 1.408 1.595 1.844 2.747 4.142 
8.142 10.181 10.387 11.982 11.637 8.997 9.167 7.789 4.581 2.582 
1.736 1.382 1.387 1.549 1.314 1.374 1.503 1.339 1.343 1.508 
1.583 1.536 1.518 1.874 1.69 1.211 1.351 1.761 1.116 0.931 
0.849 0.801 0.828 0.783 0.926 0.994 1.188 1.217 1.1 1.131 
1.086 1.033 0.973 0.895 0.898 0.872 0.824 0.753 0.897 0.966 
0.919 0.876 1.525 
END
