PFRMAT local QA
AUTHOR MASS-CASP14
af2-standard_T1129s2_1.pdb local_accuracy_only 3.354 2.03 1.606 1.455 1.479 1.65 2.378 2.603 3.108 3.109 2.036 
1.474 1.129 1.093 1.003 0.928 1.135 1.566 2.178 3.02 3.539 
4.206 4.532 5.066 5.419 4.207 3.382 2.872 3.378 3.453 2.544 
2.259 1.958 1.439 1.098 1.131 1.231 1.19 1.45 1.275 1.185 
1.139 1.106 1.094 1.178 1.303 1.513 1.443 1.584 1.652 1.788 
1.865 1.719 1.795 2.144 2.921 3.776 4.567 4.317 4.298 3.297 
1.94 1.479 1.216 1.344 1.632 1.687 2.334 2.373 2.216 1.727 
1.771 1.831 1.506 1.727 1.862 2.351 1.971 2.193 1.767 1.404 
1.277 1.269 1.159 1.107 1.084 1.063 1.065 1.054 1.661 2.027 
2.015 2.098 2.447 2.753 2.841 3.483 3.882 4.277 5.037 5.789 
7.144 8.029 9.729 11.549 12.291 12.994 14.082 13.124 14.296 15.0 
15.0 15.0 15.0 15.0 15.0 15.0 14.492 14.585 10.765 9.055 
7.836 6.219 4.782 4.053 3.318 3.534 3.098 2.39 2.741 2.279 
2.418 1.91 1.667 1.296 1.266 1.36 1.498 1.864 2.665 4.336 
6.62 6.803 7.072 7.301 5.889 4.018 3.267 2.739 2.172 2.062 
2.53 2.662 2.455 2.316 2.53 2.332 2.148 2.24 2.048 2.07 
2.132 2.191 2.62 2.984 3.649 3.606 3.533 3.317 2.72 2.841 
2.279 2.357 1.957 1.707 1.949 2.327 2.976 2.973 3.068 2.786 
2.64 3.068 3.308 3.8 4.067 5.105 6.611 8.717 10.2 11.35 
9.945 10.151 10.247 10.618 11.354 10.623 7.861 5.219 5.26 5.025 
4.414 5.274 6.288 6.674 5.565 5.126 4.736 4.77 3.987 3.867 
3.492 3.286 2.651 1.909 1.756 1.344 1.456 1.043 0.916 0.936 
0.899 1.065 1.233 1.254 1.222 1.262 1.451 1.214 1.182 1.234 
1.449 1.984 2.883 4.49 5.031 6.417 6.227 5.364 4.807 4.295 
3.806 2.774 2.56 2.036 2.523 2.44 2.827 3.117 4.266 4.955 
4.861 3.921 4.048 3.079 2.741 2.785 2.736 3.261 4.713 6.195 
7.205 8.209 7.937 7.398 6.417 4.634 3.723 2.395 2.184 1.716 
1.52 1.457 1.278 1.187 1.476 1.485 1.829 1.776 1.908 1.663 
1.65 1.526 1.682 2.246 1.96 2.517 2.604 3.559 3.884 5.297 
5.849 7.311 7.611 6.976 4.548 3.616 2.882 2.321 2.175 2.251 
2.203 2.304 2.234 2.175 1.725 1.866 1.897 1.806 1.509 1.247 
1.338 1.155 1.144 1.224 1.168 1.218 1.306 1.438 1.539 1.939 
2.446 1.982 1.949 1.436 1.455 1.392 1.851 2.332 2.584 2.179 
2.088 2.101 2.225 2.08 1.749 1.484 1.482 1.616 1.973 2.527 
2.852 2.865 2.133 1.993 1.742 1.946 2.275 2.201 2.519 2.533 
3.498 3.937 3.79 3.338 2.663 2.313 1.898 1.74 1.798 1.713 
1.83 2.297 2.509 3.04 3.024 2.85 2.69 2.589 2.658 2.389 
2.369 1.843 1.344 1.406 1.398 1.299 1.365 1.45 1.552 1.532 
1.734 2.233 3.228 3.45 4.383 4.902 6.476 6.823 6.059 5.349 
4.499 3.443 2.754 2.153 2.096 2.29 2.048 2.7 2.712 2.348 
2.839 2.678 2.984 2.642 2.775 2.494 1.937 1.473 1.665 2.01 
1.971 1.945 1.747 1.856 1.718 1.355 1.226 1.327 1.205 1.168 
1.267 1.264 1.345 1.619 1.786 1.821 2.268 2.867 2.797 2.541 
2.1 1.653 1.612 1.613 1.839 2.542 3.054 2.994 2.545 2.135 
1.561 1.96 2.164 2.594 2.496 2.12 1.748 1.361 1.349 1.493 
1.603 1.588 1.284 1.297 1.239 1.092 1.206 1.236 1.339 1.838 
2.465 2.631 2.209 2.234 2.018 1.768 1.846 2.325 2.674 2.497 
2.28 2.127 2.059 2.475 2.743 2.657 1.855 1.741 1.411 1.361 
1.305 1.453 1.565 1.751 1.785 2.021 2.359 2.389 2.802 3.212 
3.458 2.971 2.256 1.703 1.425 1.261 1.164 1.209 1.215 1.318 
1.355 1.46 1.702 2.043 2.326 2.012 1.617 1.686 1.653 1.616 
1.641 1.503 1.307 1.639 1.592 1.708 1.665 1.863 2.091 2.364 
2.851 3.288 4.391 5.453 5.975 5.915 5.85 5.267 5.412 3.96 
3.143 2.151 1.972 1.762 1.73 1.994 2.409 2.71 2.659 2.387 
2.3 1.689 1.329 1.23 1.148 1.066 0.993 1.044 1.141 1.266 
1.511 1.717 2.027 1.753 1.447 1.371 1.36 1.197 1.137 1.089 
1.061 1.451 1.377 1.599 1.808 1.957 2.348 2.867 3.061 3.851 
4.577 5.722 6.117 6.554 7.307 6.303 5.862 5.773 5.514 5.322 
4.722 5.123 4.704 5.15 6.721 7.168 7.288 6.942 9.314 9.682 
8.181 6.303 4.796 3.372 3.004 2.413 1.703 1.464 1.171 1.033 
0.899 0.82 0.854 1.091 1.178 1.344 1.435 1.32 1.157 1.02 
0.95 0.898 0.933 1.02 1.199 1.431 1.59 1.869 1.938 2.425 
1.993 2.596 2.364 2.023 1.823 1.298 1.405 1.315 1.434 1.251 
0.961 0.99 0.875 0.979 0.914 0.992 1.008 1.032 1.676 
END
