PFRMAT local QA
AUTHOR LAW-CASP14
af2-standard_T1129s2_1.pdb local_accuracy_only 4.145 4.252 1.158 0.998 1.074 1.107 1.417 1.51 1.769 1.792 1.653 
1.604 1.006 0.842 0.755 0.796 0.902 1.1 4.863 5.68 5.496 
4.747 3.229 2.387 2.076 2.641 1.262 1.908 2.359 1.695 3.14 
2.483 1.574 0.877 0.767 0.718 0.733 0.844 1.046 0.87 1.296 
0.895 0.832 0.861 0.953 1.192 1.192 1.294 1.277 1.542 1.16 
1.6 1.072 1.366 1.463 1.957 3.056 3.162 1.755 2.908 1.302 
0.966 0.899 0.881 0.951 0.973 1.017 1.242 1.292 1.328 1.209 
1.237 1.392 1.232 1.377 1.321 1.409 1.242 1.06 0.94 0.841 
0.713 0.721 0.679 0.649 0.604 0.596 0.635 0.754 0.941 1.094 
0.916 0.818 0.705 0.657 0.612 0.643 0.752 0.736 0.707 0.74 
0.746 0.821 0.819 0.976 1.159 2.233 2.8 3.586 5.587 7.25 
10.68 10.13 7.479 8.721 8.223 6.379 5.213 3.403 2.713 2.008 
1.668 1.514 1.022 0.793 0.77 0.717 0.716 0.649 0.658 0.642 
0.704 0.833 0.684 0.671 0.649 0.688 0.769 0.778 1.073 1.284 
3.211 2.313 2.867 1.978 1.4 1.459 1.196 1.065 1.071 0.827 
0.813 0.95 0.792 0.741 0.746 0.772 0.739 0.792 0.87 0.974 
1.294 1.456 1.765 1.899 2.902 2.66 3.856 3.341 2.234 2.343 
1.89 1.831 1.661 1.626 1.769 1.901 1.771 1.707 2.278 1.952 
1.781 2.334 5.003 5.161 3.983 5.42 6.13 5.475 6.28 6.37 
6.381 6.51 6.169 6.506 5.959 6.719 5.64 5.961 5.203 5.234 
5.127 4.382 4.247 3.396 3.488 3.209 1.26 0.885 0.802 0.843 
1.038 1.051 1.45 1.333 1.295 0.964 1.017 0.852 0.782 0.721 
0.712 0.765 0.987 0.988 0.942 0.742 0.891 0.85 0.921 1.085 
1.321 1.923 6.135 8.051 7.51 7.706 8.335 7.475 7.653 6.745 
3.362 2.952 2.254 1.67 1.718 1.743 1.536 1.922 2.609 1.966 
1.931 1.878 2.195 2.23 3.17 2.862 3.122 3.379 3.021 3.834 
3.617 3.274 3.367 2.827 2.146 2.12 1.734 2.068 1.638 1.527 
1.266 1.143 1.015 0.994 1.021 0.936 2.141 1.897 2.147 1.533 
1.84 1.734 2.258 6.349 7.401 8.159 7.678 6.216 7.505 8.946 
8.56 8.773 7.012 4.548 2.104 1.976 1.322 1.222 1.138 1.225 
3.059 2.839 3.363 3.172 1.928 1.195 0.825 0.952 0.909 0.777 
0.871 0.909 0.876 0.847 0.79 0.814 0.811 0.896 0.992 1.247 
1.54 1.385 1.27 1.086 1.124 1.08 1.255 3.457 4.43 5.384 
2.896 5.121 3.35 3.103 2.695 2.004 2.911 2.829 2.989 3.144 
3.721 3.45 2.953 2.808 2.207 3.056 3.008 2.74 2.973 2.327 
3.231 2.791 2.377 1.895 1.422 1.316 1.166 0.976 1.346 1.018 
2.136 2.904 2.692 4.7 4.051 4.299 2.612 3.441 2.545 1.726 
1.638 1.374 1.355 1.128 1.148 0.843 0.971 0.8 0.764 0.859 
0.787 0.983 1.533 2.26 1.463 2.713 2.78 3.269 1.926 1.808 
1.086 1.341 1.623 1.714 4.959 6.776 6.821 1.349 10.483 6.656 
8.581 5.703 6.838 4.294 6.468 6.365 9.765 8.956 7.108 5.902 
4.958 6.369 3.436 3.297 1.874 1.232 0.947 1.109 0.876 0.984 
0.918 1.024 1.034 1.083 1.323 1.754 3.174 3.181 4.057 3.488 
3.621 2.439 2.243 2.739 3.686 4.744 5.451 5.294 3.371 2.387 
1.498 1.731 2.276 3.816 2.796 2.515 1.493 1.243 1.082 1.441 
1.331 1.763 1.603 1.121 0.879 0.902 1.7 2.191 5.075 5.687 
5.268 2.566 1.923 1.179 1.21 1.222 1.303 2.508 2.665 4.141 
2.773 4.108 3.344 5.607 5.148 5.108 1.833 2.032 1.115 1.032 
0.958 0.997 1.127 1.001 1.921 1.647 1.895 1.436 2.546 2.534 
3.167 1.838 1.336 0.819 0.661 0.599 0.624 0.635 0.714 0.706 
0.752 0.836 0.984 1.197 1.266 1.26 1.054 1.175 1.418 1.296 
1.014 1.327 1.508 1.671 1.572 2.213 6.383 7.047 11.377 12.62 
15.0 15.0 15.0 15.0 15.0 15.0 15.0 15.0 11.234 6.212 
5.274 2.578 1.807 2.726 2.64 4.136 3.156 2.399 2.639 1.684 
1.046 0.882 0.828 0.796 0.719 0.719 0.7 0.69 0.776 0.747 
1.006 1.245 1.183 0.99 0.824 0.701 0.763 0.81 0.818 0.825 
0.837 0.912 0.946 1.042 1.256 2.247 7.74 8.314 10.401 11.682 
14.91 14.672 15.0 15.0 15.0 15.0 13.5 11.848 14.55 10.606 
11.891 4.693 4.874 8.387 15.0 15.0 15.0 15.0 15.0 14.372 
10.692 8.138 3.138 1.93 1.285 1.128 1.028 0.922 0.925 0.794 
0.777 0.69 0.777 0.876 1.102 1.786 1.59 1.403 1.256 0.866 
0.847 0.762 0.852 0.881 1.009 1.186 1.235 1.253 1.356 3.101 
1.772 3.691 2.936 2.114 1.845 1.418 1.489 1.303 1.088 1.033 
0.83 0.814 0.739 0.753 0.703 0.872 0.859 0.696 0.811 
END
