PFRMAT local QA
AUTHOR LAW-CASP14
af2-standard_T1106s1_4.pdb local_accuracy_only 15.0 15.0 15.0 15.0 15.0 15.0 15.0 15.0 15.0 15.0 15.0 
15.0 15.0 15.0 15.0 15.0 15.0 13.849 13.437 14.36 12.936 
13.802 14.607 12.114 12.632 9.757 9.949 9.6 13.638 9.018 10.441 
15.0 10.269 8.492 15.0 15.0 13.767 15.0 15.0 15.0 15.0 
15.0 15.0 15.0 14.446 15.0 15.0 15.0 11.114 8.111 4.861 
5.121 4.47 4.391 4.231 4.199 4.094 4.066 4.473 4.886 4.788 
6.063 7.851 12.128 7.266 6.355 7.262 7.072 3.994 3.081 3.427 
4.02 2.991 3.462 2.885 2.704 2.27 2.15 1.754 1.865 1.62 
1.75 1.652 1.613 1.76 1.758 1.658 1.848 1.978 2.138 2.54 
2.288 2.224 2.062 1.923 1.86 1.816 1.881 1.761 1.84 1.803 
1.732 1.752 1.929 1.96 2.333 2.062 2.099 2.099 2.169 2.196 
2.062 1.972 2.163 2.116 1.877 2.157 2.272 2.033 2.218 2.704 
2.263 
END
