PFRMAT local QA
AUTHOR MASS-CASP14
af2-standard_T1106s1_4.pdb local_accuracy_only 15.0 15.0 15.0 15.0 15.0 15.0 15.0 15.0 15.0 15.0 15.0 
15.0 15.0 15.0 15.0 15.0 14.804 15.0 12.28 12.675 14.27 
12.628 12.754 12.73 14.785 14.926 15.0 15.0 14.586 15.0 15.0 
15.0 15.0 15.0 15.0 15.0 15.0 15.0 15.0 14.062 13.95 
13.228 11.868 14.629 13.425 14.361 13.557 13.731 13.067 12.863 12.595 
10.649 8.975 9.466 9.565 9.307 8.841 9.238 9.464 10.679 10.568 
10.981 11.792 10.383 10.346 9.287 7.495 5.153 4.13 3.324 4.076 
3.346 3.253 3.33 2.678 2.554 2.403 2.238 2.211 2.029 2.084 
1.89 1.654 1.732 1.638 1.792 1.646 1.98 2.458 3.029 3.642 
3.774 3.908 4.249 3.523 4.204 3.923 3.29 3.353 3.326 3.477 
3.318 3.564 3.855 4.476 5.122 6.362 7.412 8.017 8.703 8.427 
9.569 9.799 11.094 11.289 12.594 11.706 13.543 15.0 15.0 15.0 
15.0 
END
