PFRMAT local QA
AUTHOR LAW-CASP14
af2-standard_T1185s3_2.pdb local_accuracy_only 12.52 11.847 7.891 6.767 5.895 5.685 5.405 6.417 4.619 4.416 4.214 
5.571 7.305 6.819 4.929 5.542 6.677 6.246 6.117 4.925 4.665 
5.284 6.021 5.751 7.537 8.833 8.049 8.197 9.163 8.43 5.895 
6.715 11.72 8.601 4.794 4.556 4.953 4.715 4.118 3.508 3.743 
3.633 3.574 3.546 3.677 3.136 3.15 3.194 2.765 2.665 2.729 
2.638 3.161 3.185 2.702 2.647 3.061 2.906 3.101 2.87 3.141 
3.306 5.236 7.23 9.381 12.097 13.157 14.441 14.925 14.568 13.702 
13.278 11.994 10.533 9.089 8.865 7.573 5.783 4.06 2.875 1.781 
1.327 1.484 1.31 1.472 1.342 1.576 1.399 1.298 1.505 1.56 
1.357 1.466 1.747 1.667 1.479 1.191 1.25 1.187 1.053 0.865 
0.75 0.73 0.682 0.701 0.761 0.828 0.966 0.994 1.045 0.911 
0.967 0.841 0.968 0.99 0.986 0.84 1.072 1.16 1.073 0.838 
1.146 1.15 1.058 1.078 1.365 1.391 1.287 1.294 1.221 1.016 
0.785 0.698 0.649 0.646 0.813 0.805 0.961 0.989 1.088 1.128 
1.557 1.603 1.748 1.746 1.449 1.698 1.819 1.599 1.519 2.022 
2.233 2.257 2.248 2.48 2.541 2.481 2.242 2.141 1.837 1.858 
1.661 1.397 1.332 1.33 1.129 0.931 0.845 0.771 0.786 0.895 
0.891 0.992 0.936 0.947 0.97 0.988 0.847 0.963 0.993 0.93 
0.929 1.096 1.149 1.187 1.248 1.63 1.771 2.122 2.454 2.89 
3.639 3.89 4.904 6.098 6.325 5.884 4.215 2.411 1.042 1.081 
0.796 0.672 0.617 0.623 0.718 0.77 0.743 0.888 0.978 0.903 
0.978 1.19 1.253 1.312 1.526 1.9 2.85 3.333 2.154 1.781 
1.467 1.316 1.323 1.15 1.042 0.962 1.021 0.989 0.915 0.93 
0.98 0.981 0.839 0.955 1.039 0.958 0.902 1.075 1.095 1.135 
1.239 0.924 0.845 0.707 0.663 0.662 0.735 0.769 0.883 1.047 
1.176 1.574 1.733 2.55 2.771 2.866 2.258 1.963 1.471 1.351 
1.031 1.13 1.325 1.542 1.893 1.599 1.188 1.471 1.361 1.073 
0.886 0.908 0.826 0.772 0.789 0.818 0.837 0.894 1.089 1.449 
2.513 3.481 4.448 4.895 3.556 3.533 3.097 2.22 1.515 1.033 
1.014 0.96 1.025 1.07 1.033 1.03 1.292 1.299 1.863 2.148 
2.062 1.663 1.4 1.361 1.2 1.164 1.244 1.13 1.623 1.313 
2.405 2.601 1.909 2.696 5.305 5.149 8.442 10.698 10.183 11.22 
13.939 15.0 15.0 15.0 15.0 15.0 15.0 
END
