PFRMAT local QA
AUTHOR MASS-CASP14
af2-standard_T1185s3_2.pdb local_accuracy_only 2.64 1.879 1.531 1.241 1.527 1.811 1.902 1.961 2.041 2.599 2.901 
2.593 2.626 2.889 2.898 2.19 1.945 2.207 2.163 1.753 1.96 
2.076 2.082 1.778 1.435 1.317 1.217 1.187 1.493 1.539 1.438 
1.562 1.908 1.829 1.62 1.636 1.952 1.719 1.425 1.614 1.732 
1.728 1.528 1.75 1.517 1.552 1.544 1.784 1.578 1.309 1.597 
1.536 1.271 1.377 1.578 1.541 1.464 1.745 1.991 2.118 2.375 
2.828 3.808 5.407 6.446 7.889 8.784 9.852 12.042 10.976 10.919 
11.995 10.499 9.558 9.344 9.065 8.195 6.793 4.924 2.763 1.871 
1.579 1.418 1.32 1.48 1.129 1.434 1.367 1.345 1.51 1.573 
1.424 1.662 2.157 2.461 1.945 1.557 1.656 1.828 1.713 1.329 
0.994 1.19 1.122 1.035 1.0 1.173 1.578 2.081 2.265 1.983 
1.871 1.557 1.757 1.64 1.294 1.282 1.458 1.448 1.47 1.262 
1.325 1.212 1.332 1.368 1.588 1.837 1.784 1.573 1.404 1.267 
0.957 0.911 0.872 0.831 0.97 1.234 1.597 1.864 1.865 1.559 
1.68 1.866 1.838 1.528 1.301 1.611 1.613 1.51 1.365 1.687 
1.97 2.373 2.327 2.832 2.557 2.589 2.621 2.35 2.266 2.113 
2.173 1.886 1.713 1.718 1.555 1.319 1.389 1.243 1.202 1.216 
1.246 1.369 1.383 1.259 1.415 1.347 1.202 1.339 1.377 1.277 
1.267 1.421 1.442 1.27 1.447 1.695 1.685 1.527 1.788 2.294 
2.693 4.054 5.126 6.197 6.683 6.271 4.687 2.358 1.421 1.083 
0.875 0.722 0.248 0.176 0.625 0.995 0.979 1.099 1.286 1.346 
1.488 1.912 2.183 2.091 2.305 3.575 4.187 4.023 3.067 2.945 
2.55 2.313 2.007 2.163 1.775 1.658 1.823 1.627 1.439 1.57 
1.68 1.514 1.192 1.282 1.373 1.396 1.38 1.769 1.925 1.935 
1.755 1.321 1.251 1.033 0.916 0.999 1.059 1.294 1.397 1.661 
1.92 2.428 3.196 4.339 5.071 4.858 4.034 3.225 2.685 2.372 
2.275 2.079 1.873 1.955 1.925 1.608 1.197 1.399 1.593 1.111 
1.197 1.004 0.868 0.257 0.86 0.683 0.928 1.133 1.458 1.928 
2.622 3.415 4.7 5.841 6.048 5.268 4.12 2.324 1.506 1.092 
0.966 0.878 0.695 0.686 0.852 0.974 1.219 1.547 1.671 1.864 
1.668 1.628 1.407 1.371 1.421 1.443 1.426 1.374 1.335 1.337 
1.654 1.613 1.499 1.753 2.047 2.587 3.092 4.29 5.43 7.738 
8.678 10.582 14.189 15.0 15.0 15.0 15.0 
END
