PFRMAT local QA
AUTHOR MASS-CASP14
af2-standard_T1106s2_2.pdb local_accuracy_only 9.727 6.371 4.294 3.136 2.831 2.701 2.621 2.581 2.363 2.136 2.129 
2.107 1.878 1.906 2.037 2.142 1.933 1.698 1.847 1.98 1.682 
2.126 2.092 2.038 1.906 1.768 1.938 1.932 1.889 1.832 2.057 
1.802 1.742 2.007 2.018 1.674 1.919 2.332 2.371 2.078 2.191 
2.0 1.743 1.654 1.658 1.568 1.411 1.49 1.38 1.414 1.387 
1.303 1.294 1.246 1.396 1.818 1.92 1.829 1.613 1.634 1.588 
1.437 1.151 1.399 1.426 1.4 1.266 1.468 1.422 1.329 1.475 
1.627 1.866 1.883 2.176 2.166 1.97 1.831 2.045 1.698 1.477 
1.543 1.426 1.376 1.452 1.575 1.618 1.658 1.797 1.812 1.83 
1.809 1.787 1.841 2.047 1.966 1.839 1.836 1.886 1.636 1.644 
1.647 1.662 1.604 1.767 2.161 2.291 2.968 4.341 5.822 6.06 
6.743 10.13 12.308 
END
