PFRMAT local QA
AUTHOR LAW-CASP14
af2-standard_T1106s2_2.pdb local_accuracy_only 10.886 10.126 4.712 3.288 2.258 2.36 2.396 2.403 2.277 2.065 2.394 
2.313 1.953 1.858 2.289 1.988 1.838 1.96 2.14 1.886 1.852 
2.042 2.28 2.043 1.862 1.653 1.602 1.716 1.637 1.536 1.667 
1.651 1.52 1.576 1.743 1.62 1.619 1.818 2.054 1.746 1.748 
1.666 1.554 1.617 1.607 1.526 1.405 1.43 1.512 1.387 1.436 
1.488 1.474 1.469 1.557 1.587 1.559 1.657 1.571 1.642 1.607 
1.516 1.499 1.569 1.515 1.502 1.542 1.559 1.601 1.551 1.731 
1.772 1.821 1.88 1.957 2.126 2.003 2.065 2.0 1.774 1.784 
1.777 1.749 1.67 1.809 1.799 1.683 1.75 1.844 1.815 1.76 
1.894 1.878 1.944 2.04 1.85 1.821 1.831 1.807 1.709 1.826 
1.853 1.861 1.882 2.218 2.521 2.418 3.029 3.88 4.433 5.18 
6.855 7.622 8.729 
END
