PFRMAT local QA
AUTHOR MASS-CASP14
af2-standard_T1195_1.pdb local_accuracy_only 6.812 4.138 3.057 2.901 2.237 1.985 2.04 1.742 1.998 2.544 2.577 
1.911 1.565 1.511 1.423 1.633 1.616 1.582 1.448 1.716 1.942 
2.307 2.418 1.87 1.703 1.457 1.102 1.009 1.081 1.18 1.177 
1.566 2.107 2.044 1.567 1.222 1.118 1.026 1.051 1.067 1.012 
1.222 1.571 2.014 2.348 2.223 2.352 2.502 2.55 2.084 1.896 
2.084 1.905 1.599 1.789 1.869 1.836 1.58 1.856 1.769 1.564 
1.909 1.917 1.971 2.285 1.821 1.542 1.206 1.095 1.142 1.294 
1.216 1.295 1.173 1.354 1.492 2.07 2.774 3.167 1.989 1.442 
1.19 1.054 0.845 0.878 0.913 1.049 1.093 1.418 1.477 1.305 
1.068 0.979 1.172 1.172 1.192 1.236 1.5 1.732 1.832 1.827 
2.08 2.092 1.926 1.827 1.629 1.724 1.573 1.277 1.361 1.431 
1.181 1.208 1.279 1.222 1.144 1.143 1.297 1.116 1.037 1.169 
1.076 0.981 1.121 1.232 1.182 1.214 1.078 1.16 1.23 1.407 
1.35 1.113 1.012 1.259 1.289 1.18 1.023 1.173 1.19 1.64 
2.466 2.837 2.526 1.816 1.32 1.146 1.25 1.304 1.662 1.458 
1.828 1.844 2.348 2.763 2.873 3.515 4.066 4.556 4.416 5.747 
6.849 8.824 8.185 7.847 9.076 7.779 6.58 5.281 5.112 3.544 
2.318 1.701 1.366 1.258 1.217 1.098 1.176 1.293 1.176 1.214 
1.485 1.746 2.365 3.022 3.456 2.58 1.951 1.358 1.219 1.223 
1.219 0.953 0.021 0.0 0.0 0.0 0.0 0.0 0.0 0.0 
0.0 0.0 0.0 0.888 1.281 1.627 1.919 1.759 1.654 1.645 
1.733 2.013 2.393 2.338 2.82 2.262 2.228 1.943 1.836 1.403 
1.562 1.516 1.416 1.362 1.601 1.573 1.865 1.577 1.456 1.659 
1.747 1.675 1.479 1.836 1.655 1.389 1.52 1.825 1.787 1.473 
1.523 1.559 1.552 1.508 1.545 1.5 1.28 1.307 1.455 1.438 
1.147 1.106 1.414 1.692 1.734 2.012 2.194 2.018 1.792 1.745 
1.9 1.59 1.897 1.914 1.722 1.816 1.978 2.004 1.705 2.032 
2.025 1.92 2.322 2.524 2.75 2.454 2.712 3.996 
END
