PFRMAT local QA
AUTHOR LAW-CASP14
af2-standard_T1195_1.pdb local_accuracy_only 5.368 4.347 1.772 1.5 1.835 0.823 0.826 0.722 1.019 1.151 1.168 
0.999 0.886 0.889 0.745 0.821 0.821 0.848 0.888 1.055 1.444 
1.741 1.934 1.352 0.9 0.852 0.682 0.678 0.64 0.668 0.801 
0.833 1.075 0.85 0.678 0.556 0.544 0.522 0.547 0.618 0.696 
1.051 1.351 3.05 4.46 3.909 4.202 4.138 3.83 2.873 2.977 
2.505 1.909 1.707 1.623 1.413 1.099 0.951 1.341 0.963 0.887 
1.094 1.368 0.843 1.108 0.766 0.679 0.538 0.624 0.611 0.787 
0.636 0.649 0.554 0.586 0.663 0.786 1.048 1.053 0.91 0.696 
0.547 0.506 0.53 0.536 0.597 0.578 0.722 0.854 0.771 0.695 
0.543 0.509 0.582 0.742 0.791 0.738 0.883 0.988 1.144 1.17 
1.324 1.656 1.102 1.083 0.923 0.886 0.794 0.656 0.686 0.668 
0.57 0.547 0.586 0.531 0.491 0.527 0.556 0.539 0.537 0.617 
0.665 0.595 0.624 0.743 0.723 0.691 0.645 0.572 0.542 0.563 
0.591 0.504 0.508 0.469 0.482 0.482 0.48 0.536 0.595 0.692 
0.853 0.844 0.715 0.639 0.517 0.524 0.488 0.53 0.597 0.604 
0.769 0.907 0.861 1.401 1.785 1.486 2.905 3.213 3.268 5.352 
6.308 8.007 8.103 7.01 7.037 6.618 5.83 3.769 4.004 3.802 
0.808 0.843 0.595 0.532 0.567 0.562 0.708 0.643 0.599 0.69 
0.708 0.952 1.068 1.213 1.641 1.077 0.817 0.589 0.6 0.538 
0.54 0.529 0.514 0.497 0.481 0.528 0.472 0.5 0.479 0.498 
0.482 0.524 0.557 0.563 0.554 0.606 0.686 0.683 0.676 0.613 
0.791 0.946 1.25 1.179 1.498 1.292 1.217 1.228 1.174 1.009 
0.944 1.028 0.956 0.884 0.853 1.024 0.887 0.914 0.844 0.767 
0.612 0.722 0.694 0.775 0.733 0.687 0.788 1.046 1.126 0.808 
0.887 0.792 0.759 0.697 0.708 0.71 0.636 0.531 0.641 0.623 
0.515 0.55 0.611 0.672 0.705 0.629 0.665 0.707 0.557 0.594 
0.558 0.565 0.623 0.617 0.58 0.616 0.689 0.689 0.686 0.799 
0.921 0.899 1.017 1.226 1.358 1.311 1.685 1.746 
END
