PFRMAT local QA
AUTHOR MASS-CASP14
af2-standard_T1120_3.pdb local_accuracy_only 15.0 15.0 15.0 15.0 13.968 13.644 10.772 7.838 5.052 4.122 3.139 
3.094 3.015 3.152 3.532 3.555 2.6 2.311 1.8 1.764 1.673 
1.959 2.69 2.2 1.828 1.232 1.057 1.064 1.156 1.267 1.107 
0.977 1.128 1.37 1.487 1.497 1.921 2.422 3.592 3.89 3.09 
2.75 2.908 3.318 2.845 2.945 3.341 3.441 3.379 3.529 3.389 
3.262 3.897 3.554 3.366 3.733 4.472 4.62 6.398 7.104 5.867 
3.753 2.849 2.211 2.022 1.761 2.189 2.361 2.483 2.156 1.99 
2.318 2.451 2.478 2.851 3.501 3.337 2.853 3.125 3.376 4.046 
3.476 3.113 3.595 3.327 2.927 2.751 3.026 3.143 3.109 3.312 
3.294 3.743 3.921 4.231 3.987 4.367 4.933 5.125 4.801 4.415 
4.106 4.574 3.899 3.954 3.99 3.615 3.779 4.167 4.417 4.034 
3.917 3.954 3.233 3.057 3.419 3.255 3.338 2.968 2.377 2.44 
2.525 2.209 1.765 1.732 1.702 1.458 1.654 1.658 1.678 1.655 
1.791 1.983 1.596 1.777 1.856 1.564 1.549 1.64 1.817 1.614 
1.809 2.019 2.467 2.94 3.409 2.584 2.706 3.397 2.991 2.705 
3.087 3.026 2.96 3.234 2.47 2.875 2.974 2.429 2.432 3.178 
3.412 2.76 2.627 2.489 2.16 1.719 1.933 1.994 2.174 2.275 
2.368 2.346 2.625 2.802 2.441 2.971 3.011 2.418 2.082 2.038 
2.112 1.896 1.57 1.242 1.35 1.309 1.256 1.318 1.287 1.183 
1.271 1.384 1.271 1.184 1.26 1.307 1.234 0.986 1.284 1.534 
1.716 1.753 1.779 1.698 1.666 1.537 1.716 1.705 1.337 1.453 
1.313 1.278 1.223 1.465 1.417 1.281 1.164 1.359 1.437 1.519 
1.461 1.978 2.152 2.155 3.066 4.086 6.48 8.627 10.528 14.63 
15.0 15.0 15.0 15.0 
END
