PFRMAT local QA
AUTHOR LAW-CASP14
af2-standard_T1120_3.pdb local_accuracy_only 15.0 15.0 15.0 15.0 15.0 14.625 12.878 12.271 11.127 8.851 9.564 
8.451 9.575 10.711 11.045 10.833 9.476 9.079 2.398 2.323 1.991 
2.013 2.04 1.889 1.821 1.744 1.633 1.714 1.643 1.678 1.648 
1.558 1.651 1.725 1.676 1.692 1.995 2.017 2.762 2.456 2.44 
1.915 2.483 2.592 2.474 2.732 3.332 3.337 2.88 3.731 3.351 
3.652 3.105 3.582 3.99 4.671 6.576 9.128 11.589 9.559 8.656 
6.534 3.263 3.148 2.13 1.803 1.882 1.896 1.959 2.0 1.748 
1.901 2.017 1.86 1.885 2.054 2.236 1.912 2.215 1.961 2.375 
1.993 1.943 2.034 2.211 2.131 2.423 2.505 2.542 2.752 2.706 
2.477 2.439 2.573 2.352 2.3 2.335 2.374 2.46 2.345 2.268 
2.227 2.278 2.189 2.314 2.352 2.377 2.46 2.436 2.411 2.679 
2.514 2.67 2.591 2.317 2.288 2.327 2.222 2.116 2.037 1.947 
1.861 1.838 1.835 1.914 1.76 1.698 1.725 1.832 1.758 1.635 
1.651 1.848 1.626 1.588 1.694 1.736 1.582 1.722 1.693 1.501 
1.748 1.911 2.129 2.748 3.188 2.717 2.718 3.41 3.314 3.295 
3.422 3.412 3.443 2.873 2.592 2.617 2.542 1.961 2.109 2.382 
2.41 2.451 2.637 2.641 2.755 2.622 2.767 2.693 2.571 2.818 
3.609 3.139 3.476 3.218 3.03 2.556 2.886 3.244 2.222 2.378 
2.001 2.038 1.865 1.77 1.733 1.819 1.772 1.769 1.846 2.291 
1.943 2.074 2.367 2.302 1.927 2.027 2.27 1.611 1.688 1.621 
1.59 1.642 1.581 1.628 1.743 1.983 2.451 2.216 1.925 3.035 
3.629 3.333 3.489 3.907 4.598 3.837 3.564 3.301 3.606 2.879 
3.07 3.186 3.251 3.143 3.444 3.867 5.021 5.632 6.482 8.636 
9.313 9.567 10.892 11.302 
END
