PFRMAT local QA
AUTHOR MASS-CASP14
af2-standard_T1181_1.pdb local_accuracy_only 7.875 6.462 5.999 5.249 5.34 5.258 4.472 3.662 3.457 3.113 2.583 
2.399 2.604 2.5 2.413 2.055 2.268 2.863 3.101 2.528 2.222 
1.884 2.091 2.01 2.115 1.832 1.654 1.619 2.136 2.701 3.157 
3.18 3.174 3.235 3.534 3.461 3.723 3.379 2.703 2.429 2.295 
2.138 2.35 2.516 2.794 2.169 1.846 1.266 1.042 1.232 1.249 
1.333 1.537 1.917 2.562 2.607 2.489 1.955 1.782 1.674 1.825 
2.156 2.27 1.971 2.013 1.812 2.064 2.089 1.732 1.961 1.838 
1.979 2.154 2.72 2.796 2.27 1.834 2.385 2.603 2.749 3.546 
3.727 4.659 5.075 6.2 6.838 7.379 7.305 5.559 4.821 3.484 
2.487 2.278 1.795 1.476 1.207 1.267 1.531 1.839 2.821 2.779 
2.812 2.327 1.981 1.517 1.687 1.813 1.57 1.455 1.278 1.2 
1.406 1.385 1.332 1.065 0.929 0.967 0.959 1.004 1.294 1.764 
2.081 1.615 1.337 1.135 1.181 1.328 1.992 1.722 1.603 1.398 
1.743 1.809 1.733 1.43 1.335 1.391 1.673 1.714 1.709 1.792 
1.567 1.45 1.277 1.203 1.463 1.989 1.912 1.707 1.51 1.117 
1.176 1.217 1.246 1.317 1.198 1.222 1.446 1.544 1.389 1.506 
1.773 1.803 1.577 1.616 1.548 2.122 2.912 2.918 3.353 3.253 
2.56 2.158 2.085 1.99 1.63 1.686 1.907 2.123 1.798 1.774 
1.436 1.146 1.066 1.22 1.37 1.295 1.475 1.336 1.234 1.392 
1.647 1.684 1.555 1.339 1.504 1.632 1.874 2.204 2.083 1.985 
1.713 1.784 1.754 1.981 1.96 2.062 2.675 2.979 2.411 2.196 
2.12 2.156 2.759 2.224 1.968 1.552 1.275 1.187 1.145 1.427 
1.344 1.462 1.561 1.986 2.353 3.207 5.119 5.8 6.235 4.664 
3.659 2.821 2.555 1.91 2.122 2.081 2.069 1.623 1.355 1.626 
1.84 1.905 2.435 2.291 2.415 2.17 2.718 3.727 4.145 5.685 
7.12 7.59 8.628 8.101 8.758 7.473 8.819 7.822 6.963 6.208 
5.348 5.094 5.01 4.908 4.734 3.536 3.385 2.869 2.353 2.064 
1.757 1.57 1.599 1.532 1.408 1.643 1.635 1.891 2.107 1.828 
2.304 2.708 3.685 3.702 3.163 3.178 2.673 2.961 2.808 2.446 
2.532 2.217 2.008 1.742 1.705 1.757 1.6 1.227 1.304 1.238 
1.456 1.619 1.167 1.512 1.605 1.809 1.978 2.179 2.243 2.34 
2.562 2.471 2.55 3.051 2.636 2.088 2.113 1.717 1.456 1.41 
1.103 1.052 1.065 1.094 1.244 1.108 1.071 0.897 0.912 0.818 
0.825 0.985 1.022 0.9 1.152 1.28 1.618 2.031 1.789 1.886 
1.695 1.587 1.32 1.125 1.016 0.963 1.18 1.285 1.579 1.649 
1.973 1.845 1.826 1.882 1.893 1.711 1.533 1.415 1.353 1.591 
1.654 1.636 1.993 1.772 2.037 2.608 2.421 2.513 2.241 1.836 
1.164 1.087 0.98 0.991 1.177 1.419 1.855 2.505 2.711 3.829 
4.274 5.637 5.854 6.047 5.408 4.319 3.069 2.536 2.01 1.551 
1.19 1.27 1.079 1.015 1.01 0.941 1.213 1.325 1.275 1.247 
1.113 1.589 1.824 1.603 2.282 2.21 2.466 1.88 1.622 1.515 
1.714 1.75 1.428 1.493 1.566 1.287 1.211 1.042 1.4 1.447 
1.192 0.97 0.979 1.082 1.257 1.246 1.34 1.125 1.103 1.054 
1.058 1.092 1.297 1.584 1.57 1.775 1.669 1.397 1.249 1.245 
1.499 1.381 1.054 1.01 0.958 1.234 1.295 1.068 1.263 1.273 
1.331 1.145 1.156 1.148 1.574 1.986 2.269 2.943 3.257 3.399 
2.756 2.17 1.751 1.423 1.166 1.179 1.295 1.25 0.978 1.043 
0.964 1.206 1.586 1.605 1.889 1.552 1.414 1.405 1.22 1.282 
1.354 1.607 2.222 3.162 4.204 4.461 4.565 4.606 4.416 3.718 
2.831 2.046 1.54 1.549 1.223 1.107 1.017 0.972 1.237 1.23 
1.096 1.053 0.954 1.127 1.142 1.69 2.403 2.54 2.452 1.97 
1.902 1.536 1.499 1.307 1.345 1.39 1.403 1.817 2.658 2.841 
3.953 3.222 2.441 1.953 1.643 1.448 1.169 1.159 1.116 1.331 
1.325 1.059 1.096 0.999 1.039 1.105 1.226 1.562 1.863 2.45 
2.752 2.454 2.027 1.684 1.381 0.985 0.922 0.877 0.842 0.966 
1.077 0.997 1.126 1.072 0.944 1.036 1.014 1.205 1.41 1.104 
1.202 1.066 1.237 1.401 1.511 1.806 1.833 2.149 2.039 1.938 
2.019 1.618 1.449 1.409 1.776 1.898 2.077 1.839 1.759 1.283 
1.191 1.336 1.376 1.321 1.33 1.342 1.416 1.552 1.956 2.531 
3.137 3.317 3.199 2.811 2.94 3.006 2.679 2.35 1.874 1.988 
1.88 1.961 2.402 2.919 2.802 2.419 1.656 1.352 1.343 1.245 
1.414 1.725 1.757 2.339 2.57 3.256 4.446 4.535 4.601 3.966 
3.658 2.58 2.649 2.309 3.05 3.281 3.884 3.478 3.192 2.827 
2.712 2.653 2.861 3.03 3.167 3.247 3.275 3.054 4.005 4.76 
6.019 7.119 7.029 7.175 8.264 8.928 7.324 7.204 7.027 7.447 
7.307 7.774 9.243 7.801 7.592 6.906 6.767 6.923 6.649 6.626 
6.866 6.91 6.208 7.411 7.789 8.364 7.982 7.746 8.362 8.447 
7.746 8.089 7.64 7.981 7.301 7.88 7.678 8.12 8.373 8.745 
10.248 11.386 13.249 15.0 15.0 15.0 15.0 
END
