PFRMAT local QA
AUTHOR LAW-CASP14
af2-standard_T1181_1.pdb local_accuracy_only 9.958 9.324 9.112 7.302 5.363 5.756 4.179 2.816 2.231 2.542 2.404 
1.632 1.848 2.118 2.197 1.708 1.92 2.225 2.122 2.161 1.602 
1.416 1.194 1.038 1.077 1.059 1.075 0.982 1.045 1.272 1.267 
1.167 1.415 1.285 1.798 2.169 1.94 2.165 1.537 0.99 0.9 
0.944 0.88 1.108 1.25 1.147 1.119 0.902 0.91 0.84 1.042 
1.244 1.607 1.59 1.541 1.647 1.608 1.308 1.314 1.162 1.261 
1.24 1.197 1.132 0.947 0.956 1.231 1.216 1.094 1.311 1.248 
1.379 1.582 1.643 1.645 1.555 1.276 1.268 1.139 1.182 4.617 
7.26 8.292 7.573 7.546 9.335 7.92 7.109 4.843 4.656 4.007 
3.952 3.848 2.067 2.222 1.061 0.904 1.05 1.613 2.543 3.796 
3.902 2.197 1.908 1.108 1.094 1.151 0.991 0.919 0.888 0.825 
0.861 1.065 1.175 0.865 0.989 0.852 0.805 0.967 1.076 1.434 
1.788 1.051 0.88 0.831 0.869 0.939 1.251 1.213 1.252 1.043 
1.458 1.223 1.171 0.919 0.948 0.96 1.115 1.438 1.355 1.331 
1.246 1.271 1.354 1.211 1.276 1.555 1.493 1.223 1.274 0.99 
0.976 0.997 1.001 1.511 1.097 1.186 1.62 1.623 1.45 1.63 
1.638 1.634 1.456 1.448 1.284 1.25 1.228 1.264 1.139 1.337 
1.201 1.169 1.244 1.32 1.305 1.227 1.325 1.511 1.487 1.535 
1.6 1.326 1.332 1.268 1.428 1.279 1.251 1.096 1.051 1.067 
1.104 1.129 1.072 1.125 1.141 1.314 1.327 1.551 1.52 1.434 
1.316 1.286 1.277 1.275 1.347 1.486 1.576 1.63 1.478 1.201 
1.148 1.076 1.112 1.18 1.244 1.195 1.038 1.155 1.167 1.301 
1.52 1.763 2.098 2.549 3.534 5.045 7.268 8.023 7.9 7.248 
6.132 3.346 2.671 1.762 1.625 1.403 1.378 1.254 1.145 1.08 
1.057 1.115 1.153 1.345 1.201 1.333 1.223 1.566 1.441 2.029 
2.17 2.141 2.388 3.829 3.866 2.46 3.82 2.811 2.347 1.804 
1.42 1.413 1.543 1.448 1.607 1.597 1.605 1.261 1.161 1.086 
1.037 0.98 1.035 1.088 1.08 1.153 1.197 1.375 1.548 1.616 
1.92 2.457 2.462 1.366 1.341 1.995 1.212 1.606 1.553 1.239 
1.173 0.976 0.926 0.944 0.965 0.989 1.099 1.056 1.128 1.182 
1.374 1.483 1.34 1.754 1.848 2.46 3.275 4.814 5.268 7.124 
7.313 8.83 5.871 7.009 5.813 2.295 3.668 1.584 1.325 1.252 
1.18 1.131 0.974 1.128 1.157 0.999 1.031 0.88 0.825 0.831 
0.893 1.006 1.168 1.16 1.493 2.073 2.334 2.775 1.866 2.502 
1.679 1.523 1.353 1.135 1.071 1.008 1.063 1.068 1.453 1.453 
1.3 1.131 1.123 0.978 0.963 0.929 0.814 0.84 0.861 1.028 
1.158 1.211 1.364 1.334 1.293 1.314 1.39 1.318 1.186 1.095 
1.073 1.066 1.069 0.977 1.03 1.191 1.55 2.67 2.413 3.18 
3.678 4.803 7.875 7.656 6.758 2.87 4.415 1.735 1.346 1.21 
0.906 0.978 0.981 0.906 0.995 0.998 1.124 1.239 1.141 1.273 
1.032 0.96 0.954 0.954 1.004 0.872 0.858 0.852 0.903 1.006 
0.961 1.022 1.001 1.069 1.105 1.125 1.146 1.19 1.26 1.298 
1.212 1.078 0.947 0.844 0.84 0.793 0.779 0.715 0.749 0.794 
0.83 0.942 1.053 1.089 1.034 1.195 1.151 1.114 1.266 1.213 
1.331 1.361 1.165 1.053 0.89 0.822 0.847 0.743 0.738 0.73 
0.746 0.746 0.836 0.976 1.211 1.402 1.381 1.447 4.338 2.216 
1.878 1.306 1.203 1.111 1.192 1.293 1.481 1.419 1.232 1.064 
0.879 0.869 0.919 0.825 0.885 0.837 0.757 0.736 0.798 0.824 
0.998 1.103 1.341 1.927 3.632 5.948 4.65 7.618 6.862 6.846 
4.467 1.521 1.182 1.138 1.044 0.919 1.067 1.107 1.312 1.418 
1.252 1.134 0.834 0.899 0.859 0.954 1.008 1.019 1.111 0.824 
0.759 0.743 0.733 0.831 0.846 0.9 0.913 1.296 2.554 4.751 
5.388 4.826 1.468 1.023 0.817 0.791 0.754 0.895 0.98 1.119 
1.298 1.176 1.199 0.943 1.008 1.038 0.956 1.142 1.194 1.759 
2.261 2.063 1.725 1.502 1.142 0.934 0.886 0.841 0.779 0.838 
0.879 0.776 0.855 0.825 0.73 0.866 0.985 1.084 1.245 1.153 
1.279 1.327 1.487 1.853 2.997 1.664 1.891 2.227 1.557 2.125 
2.584 1.588 1.457 1.132 1.002 1.031 1.06 1.547 1.29 1.083 
0.946 0.943 1.022 1.11 1.214 1.252 1.45 1.763 2.128 7.118 
6.145 7.128 4.091 4.358 3.124 4.514 3.399 3.847 2.144 2.24 
1.413 1.568 2.325 4.082 1.338 1.966 1.375 1.233 1.26 1.334 
1.756 2.108 1.594 4.323 7.865 9.676 12.037 11.285 10.19 10.595 
10.111 6.693 6.285 5.032 5.212 6.888 7.7 8.331 9.865 8.762 
4.719 5.178 3.904 4.206 4.205 4.633 6.864 9.341 12.135 13.516 
11.178 12.466 15.0 15.0 15.0 15.0 15.0 15.0 15.0 15.0 
15.0 15.0 15.0 15.0 15.0 15.0 15.0 15.0 15.0 15.0 
15.0 15.0 15.0 14.513 15.0 14.45 13.934 13.244 11.674 10.465 
9.358 7.741 7.732 6.474 4.838 4.208 4.197 3.635 3.522 3.602 
3.212 3.215 3.448 3.907 6.195 9.132 11.018 
END
