PFRMAT local QA
AUTHOR MASS-CASP14
af2-standard_T1137s5_3.pdb local_accuracy_only 15.0 15.0 15.0 15.0 15.0 15.0 15.0 15.0 15.0 15.0 15.0 
12.217 10.902 8.575 8.983 7.883 8.314 7.162 7.46 6.953 6.72 
6.504 6.644 6.794 6.225 6.388 6.428 6.522 6.447 6.366 6.73 
6.467 6.449 7.435 7.166 7.624 8.243 7.726 7.878 8.986 9.229 
10.183 12.12 12.36 15.0 15.0 15.0 15.0 10.92 9.279 8.036 
8.489 5.968 3.15 2.032 1.605 1.208 1.067 1.09 1.126 1.126 
1.294 1.582 1.452 1.722 1.76 1.352 1.868 1.746 1.667 1.294 
1.192 0.996 1.17 1.549 1.914 2.03 1.742 1.584 1.38 1.165 
1.105 1.088 1.333 1.326 1.114 1.263 1.57 2.185 2.636 2.507 
1.625 1.305 1.046 1.072 0.947 0.933 0.775 0.774 1.079 1.488 
1.625 1.543 1.753 1.404 1.505 1.681 1.59 1.463 1.238 1.222 
1.16 1.127 1.301 1.591 1.512 1.598 2.499 2.43 1.965 1.461 
1.448 1.094 0.839 0.295 0.853 1.18 1.638 3.653 5.995 8.91 
10.798 12.194 12.171 8.949 6.532 5.093 5.283 4.398 4.753 3.594 
3.498 3.296 3.965 5.574 6.627 5.998 6.581 7.128 7.201 7.622 
8.063 6.946 5.263 5.391 5.029 4.075 4.382 4.862 4.862 4.48 
4.651 6.289 6.535 6.542 7.636 9.131 9.554 8.41 8.834 8.07 
7.206 5.779 5.903 5.121 4.9 4.625 4.893 4.53 4.352 4.401 
4.112 4.239 4.702 5.597 6.354 7.256 7.304 7.372 6.316 5.814 
5.634 6.108 5.775 6.378 7.739 7.22 6.781 6.0 6.023 5.554 
5.257 5.071 5.965 5.617 6.377 7.075 5.834 5.233 5.14 4.728 
3.796 4.094 3.948 3.776 3.412 3.746 3.879 3.789 3.287 3.623 
3.288 3.524 3.746 4.438 4.228 4.691 5.838 5.272 4.195 3.953 
3.904 3.591 3.894 4.401 4.747 5.193 6.483 7.116 7.124 7.299 
8.398 7.615 8.273 7.308 8.215 7.661 8.767 9.447 9.133 9.635 
8.776 8.747 7.745 7.639 7.812 7.535 7.651 8.681 7.385 7.059 
7.752 8.217 6.806 7.876 8.537 7.995 7.376 7.347 7.439 7.431 
7.396 8.045 9.422 9.887 11.557 10.006 8.378 7.849 8.349 7.949 
8.692 8.973 8.597 8.16 8.49 7.167 7.354 6.649 6.125 5.836 
5.814 5.217 6.228 6.665 6.414 6.326 5.871 6.219 5.208 5.46 
6.465 5.716 6.578 6.528 6.587 7.539 6.685 6.569 5.959 6.595 
5.086 4.291 3.759 4.616 4.659 4.427 5.85 6.495 7.561 7.663 
8.198 9.914 9.645 10.081 9.637 11.717 14.176 15.0 13.58 15.0 
15.0 15.0 15.0 14.952 12.675 11.994 13.053 12.265 13.141 13.288 
15.0 15.0 15.0 15.0 15.0 15.0 15.0 15.0 15.0 15.0 
15.0 12.885 9.745 9.287 8.362 8.851 9.496 9.601 9.69 10.913 
12.154 15.0 15.0 15.0 15.0 15.0 15.0 15.0 15.0 13.466 
12.671 10.542 9.707 8.058 8.225 7.682 7.98 6.824 7.725 7.473 
8.172 9.576 11.006 12.908 12.266 14.154 15.0 15.0 15.0 
END
