PFRMAT local QA
AUTHOR LAW-CASP14
af2-standard_T1137s5_3.pdb local_accuracy_only 15.0 15.0 15.0 15.0 15.0 15.0 15.0 15.0 8.236 5.3 3.299 
3.086 2.914 2.893 3.381 3.089 2.985 3.151 3.124 4.19 5.255 
5.74 5.569 5.43 6.52 9.054 11.104 10.871 9.304 10.404 12.476 
14.368 15.0 15.0 15.0 14.613 11.581 10.215 9.479 8.75 9.266 
8.877 8.159 7.964 7.912 6.607 5.994 1.471 1.206 1.692 1.862 
2.377 1.839 1.303 1.056 0.961 0.887 0.929 0.851 0.961 0.952 
1.129 1.242 1.0 1.369 1.362 1.057 1.064 1.048 1.219 0.835 
0.901 0.706 0.867 0.88 1.105 1.178 1.006 1.09 0.799 0.859 
0.872 0.789 0.984 0.924 0.925 0.982 1.215 1.23 1.617 1.431 
1.117 0.931 0.916 0.807 0.836 0.785 0.921 0.858 1.047 1.261 
1.275 1.013 1.28 1.133 1.358 1.424 1.243 1.033 1.001 0.903 
1.031 1.031 1.1 1.61 1.436 1.677 1.999 2.092 1.734 1.402 
1.129 0.898 0.778 0.875 0.853 0.962 1.243 1.315 2.243 2.457 
1.839 2.075 2.119 1.66 1.502 1.248 1.179 1.156 1.222 1.141 
1.086 1.079 1.262 1.405 2.37 1.55 1.458 1.453 1.554 1.749 
2.448 2.727 3.657 4.407 3.941 3.792 5.24 8.867 9.927 8.377 
11.579 10.73 9.177 10.33 11.92 11.284 12.914 11.883 13.476 15.0 
15.0 15.0 15.0 15.0 15.0 15.0 15.0 14.721 11.177 9.027 
7.894 5.517 3.987 3.873 2.913 2.842 2.619 2.803 2.428 2.258 
2.303 2.519 2.74 2.87 3.694 3.635 3.692 3.758 5.6 6.404 
6.476 6.07 4.785 4.711 3.908 4.024 3.245 2.749 2.473 2.288 
2.13 2.109 2.019 1.951 1.983 2.31 2.32 2.333 2.524 2.625 
2.465 2.452 2.639 2.608 2.665 2.645 2.699 2.991 3.271 3.255 
3.422 3.373 3.988 5.925 6.259 7.308 9.095 9.942 11.374 14.272 
15.0 13.359 13.581 13.715 13.004 13.1 12.485 10.492 8.891 8.696 
8.898 5.803 5.26 5.686 5.169 5.312 5.5 5.704 4.44 4.451 
5.058 6.742 6.62 6.616 7.641 5.812 6.417 6.725 8.485 7.694 
8.835 8.654 10.975 11.113 11.146 9.235 7.008 6.914 6.789 6.883 
5.631 5.107 4.872 4.777 4.564 5.021 3.957 3.899 3.887 3.99 
3.958 3.515 3.663 3.849 3.394 3.461 3.461 3.234 3.052 3.149 
3.017 2.718 2.617 2.744 2.697 2.669 2.873 2.828 2.801 2.957 
3.082 2.983 2.896 3.165 3.409 3.446 3.954 4.343 4.399 5.178 
7.181 5.274 7.854 6.284 5.201 6.954 8.9 11.686 15.0 15.0 
15.0 15.0 15.0 15.0 15.0 15.0 15.0 15.0 15.0 15.0 
15.0 15.0 14.967 15.0 15.0 15.0 15.0 15.0 15.0 15.0 
15.0 15.0 15.0 15.0 15.0 15.0 15.0 15.0 15.0 15.0 
15.0 15.0 15.0 15.0 15.0 15.0 15.0 15.0 15.0 15.0 
15.0 15.0 15.0 15.0 15.0 15.0 15.0 15.0 15.0 15.0 
15.0 15.0 15.0 15.0 15.0 15.0 15.0 15.0 15.0 
END
