PFRMAT local QA
AUTHOR LAW-CASP14
af2-standard_T1192_5.pdb local_accuracy_only 15.0 15.0 15.0 15.0 15.0 15.0 15.0 15.0 15.0 15.0 15.0 
15.0 15.0 15.0 15.0 15.0 15.0 15.0 13.956 11.575 3.329 
1.593 1.149 0.852 0.818 0.659 0.599 0.695 0.713 0.721 0.792 
1.102 1.241 1.439 1.142 1.107 1.258 1.129 0.878 1.004 1.041 
0.859 0.702 0.941 0.909 0.845 0.691 0.752 0.825 0.909 0.748 
0.669 0.717 0.824 0.873 1.48 1.524 2.67 2.652 2.172 1.699 
1.091 0.921 0.699 0.644 0.65 0.73 0.629 0.928 0.719 0.591 
0.657 0.686 0.631 0.569 0.687 0.785 0.665 0.701 0.741 0.888 
0.751 0.646 0.558 0.51 0.497 0.507 0.535 0.52 0.579 0.584 
0.654 0.592 0.619 0.569 0.629 0.673 0.918 0.941 1.3 1.363 
0.928 0.721 0.583 0.496 0.502 0.47 0.525 0.465 0.469 0.412 
0.447 0.414 0.477 0.513 0.591 0.613 0.587 0.516 0.516 0.448 
0.459 0.426 0.415 0.423 0.478 0.567 0.525 0.539 0.645 0.768 
0.746 1.158 0.861 0.853 0.741 0.7 0.606 0.569 0.6 0.622 
0.463 0.504 0.564 0.522 0.418 0.432 0.446 0.426 0.407 0.415 
0.476 0.406 0.408 0.478 0.531 0.509 0.523 0.642 0.689 0.662 
0.543 0.591 0.619 0.653 0.654 0.758 0.746 0.859 0.883 0.744 
0.847 1.025 1.046 0.908 1.169 1.315 1.137 1.416 1.519 2.283 
3.007 2.726 3.942 3.921 4.839 3.754 3.586 3.857 3.371 3.473 
2.869 2.698 2.521 2.605 2.307 2.046 1.663 1.578 1.497 1.514 
1.492 1.377 1.419 1.449 1.451 1.434 1.529 1.55 2.036 2.668 
4.151 6.164 8.602 9.949 12.649 15.0 15.0 15.0 15.0 15.0 
15.0 15.0 15.0 12.69 15.0 15.0 15.0 15.0 15.0 15.0 
15.0 15.0 15.0 15.0 15.0 15.0 15.0 15.0 15.0 15.0 
15.0 15.0 15.0 15.0 15.0 15.0 15.0 15.0 15.0 15.0 
15.0 15.0 15.0 15.0 15.0 15.0 15.0 15.0 15.0 15.0 
15.0 15.0 15.0 15.0 15.0 15.0 15.0 15.0 15.0 15.0 
15.0 15.0 15.0 15.0 15.0 15.0 15.0 15.0 15.0 15.0 
15.0 15.0 15.0 15.0 15.0 15.0 15.0 15.0 15.0 15.0 
15.0 15.0 14.202 13.251 15.0 10.281 12.822 15.0 12.77 13.565 
15.0 15.0 15.0 15.0 15.0 15.0 15.0 15.0 15.0 15.0 
15.0 15.0 15.0 15.0 15.0 15.0 15.0 15.0 15.0 15.0 
12.525 15.0 14.102 9.763 12.532 12.848 10.071 8.696 2.397 1.662 
1.092 1.461 1.516 2.792 5.845 9.01 10.828 14.567 15.0 15.0 
15.0 15.0 15.0 14.245 15.0 15.0 11.258 14.949 13.737 7.859 
7.875 7.037 5.146 5.033 4.689 3.722 3.915 4.818 4.887 6.027 
9.522 10.978 14.836 15.0 15.0 15.0 15.0 15.0 15.0 15.0 
15.0 15.0 15.0 15.0 15.0 15.0 15.0 15.0 15.0 15.0 
15.0 15.0 15.0 15.0 15.0 15.0 15.0 15.0 15.0 15.0 
15.0 15.0 15.0 15.0 15.0 14.7 15.0 15.0 15.0 15.0 
15.0 15.0 15.0 15.0 15.0 15.0 15.0 15.0 15.0 15.0 
15.0 15.0 15.0 15.0 15.0 15.0 15.0 
END
