PFRMAT local QA
AUTHOR MASS-CASP14
af2-standard_T1192_5.pdb local_accuracy_only 11.45 9.627 8.52 8.082 9.222 9.635 9.392 8.361 9.509 9.85 10.587 
10.307 10.998 10.544 11.822 11.406 12.205 14.48 15.0 15.0 14.793 
13.003 11.006 9.291 7.742 6.725 6.862 5.709 6.361 5.325 4.748 
5.124 5.1 4.189 3.308 2.949 3.004 2.386 2.296 1.965 2.16 
1.898 1.391 1.544 1.873 1.578 1.273 1.304 1.422 1.575 1.266 
1.07 1.236 1.431 1.489 1.964 2.283 2.445 2.528 2.154 1.478 
1.418 1.132 1.043 1.133 1.198 1.415 1.462 1.443 1.36 1.135 
1.157 1.233 1.228 1.177 1.411 1.537 1.333 1.319 1.948 2.234 
2.297 1.522 1.243 1.23 1.254 1.378 1.154 1.503 1.803 2.046 
2.302 2.3 2.265 1.866 1.81 1.967 2.462 2.774 3.329 2.454 
1.646 1.208 0.874 0.876 0.825 0.913 0.901 0.947 0.928 0.961 
0.947 0.926 0.913 0.871 0.992 1.07 1.095 1.073 1.016 1.061 
1.297 1.185 0.996 0.984 1.147 1.21 1.625 1.967 2.436 2.383 
2.793 2.748 2.555 2.353 2.008 1.941 1.535 1.496 1.508 1.402 
1.25 1.252 1.265 1.359 1.176 1.204 1.203 1.248 1.23 1.182 
1.277 1.383 1.405 1.304 1.654 1.643 1.354 1.355 1.304 1.172 
1.205 1.163 1.348 1.262 1.365 1.708 2.034 2.279 2.496 2.405 
2.186 2.723 2.862 2.522 2.807 3.272 4.033 4.277 5.63 6.965 
6.735 7.851 9.052 9.64 8.532 8.525 9.814 8.977 9.562 8.793 
6.465 6.63 6.568 4.915 4.712 3.719 3.634 3.337 3.299 3.645 
3.576 3.086 2.998 3.122 3.4 3.804 4.053 4.455 5.019 5.41 
7.501 8.413 9.422 9.329 9.96 11.555 11.813 14.289 13.159 11.708 
9.689 9.133 7.876 8.33 9.04 8.224 8.398 7.604 7.932 7.243 
6.503 5.897 5.837 5.987 6.146 6.658 6.926 8.456 8.499 8.601 
8.605 9.323 8.845 8.048 8.8 9.661 11.471 12.507 13.157 14.109 
15.0 15.0 14.985 15.0 15.0 15.0 15.0 15.0 15.0 15.0 
15.0 15.0 15.0 15.0 15.0 15.0 15.0 15.0 15.0 15.0 
15.0 15.0 15.0 15.0 15.0 15.0 15.0 15.0 15.0 15.0 
15.0 15.0 15.0 15.0 15.0 15.0 15.0 11.648 10.678 8.236 
7.448 7.118 6.89 6.785 5.818 5.501 5.043 4.511 4.112 4.412 
4.95 4.87 5.137 4.79 5.574 5.893 6.895 7.052 7.037 6.908 
7.083 7.12 6.892 7.517 8.19 6.79 6.455 5.37 5.013 4.589 
5.351 5.702 5.761 6.105 7.063 6.748 6.399 4.16 3.775 3.058 
2.967 3.218 3.372 3.984 4.463 5.679 6.822 7.469 8.466 7.84 
6.395 5.176 4.769 4.431 4.978 5.305 5.296 4.551 4.844 6.21 
6.581 6.404 6.407 5.918 4.878 4.381 4.171 4.124 4.094 4.105 
4.756 4.755 5.563 5.032 4.942 4.611 5.375 6.111 5.908 5.003 
5.25 5.193 4.406 4.359 4.52 4.562 4.374 4.297 3.877 4.018 
3.972 4.076 4.865 5.342 5.237 5.685 6.245 6.872 5.956 7.524 
6.462 6.543 6.458 7.162 6.348 5.381 6.081 6.56 6.222 6.109 
6.327 6.708 6.612 7.728 8.154 8.997 9.954 10.63 12.078 11.178 
11.786 12.225 12.601 13.424 12.198 12.352 12.98 
END
