PFRMAT local QA
AUTHOR LAW-CASP14
af2-standard_T1106s2_5.pdb local_accuracy_only 11.669 10.717 5.296 3.72 2.698 2.596 2.719 2.689 2.494 2.216 2.532 
2.405 2.017 1.925 2.375 2.031 1.883 2.003 2.179 1.918 1.882 
2.086 2.304 2.08 1.894 1.674 1.627 1.747 1.667 1.57 1.707 
1.691 1.564 1.629 1.813 1.68 1.673 1.912 2.214 1.829 1.813 
1.679 1.587 1.587 1.644 1.562 1.443 1.457 1.559 1.439 1.476 
1.522 1.499 1.505 1.584 1.594 1.567 1.68 1.623 1.716 1.721 
1.621 1.583 1.684 1.648 1.585 1.63 1.676 1.72 1.625 1.868 
1.935 2.007 2.089 2.223 2.368 2.147 2.154 2.087 1.878 1.841 
1.838 1.807 1.717 1.869 1.846 1.76 1.849 1.927 1.899 1.882 
2.031 1.966 2.024 2.096 1.902 1.872 1.872 1.847 1.756 1.831 
1.915 1.906 1.929 2.252 2.451 2.443 2.941 3.727 4.227 5.007 
6.585 7.244 8.416 
END
