PFRMAT local QA
AUTHOR MASS-CASP14
af2-standard_T1106s2_5.pdb local_accuracy_only 10.134 6.655 4.502 3.327 2.994 2.859 2.813 2.724 2.458 2.227 2.208 
2.203 1.954 1.958 2.074 2.19 1.974 1.719 1.847 1.991 1.69 
2.129 2.114 2.04 1.931 1.794 1.963 1.945 1.901 1.854 2.097 
1.831 1.765 2.047 2.06 1.716 1.959 2.375 2.42 2.11 2.191 
2.001 1.735 1.628 1.653 1.552 1.387 1.46 1.365 1.391 1.369 
1.297 1.292 1.252 1.402 1.805 1.928 1.809 1.602 1.619 1.627 
1.442 1.163 1.421 1.489 1.438 1.288 1.501 1.444 1.371 1.534 
1.687 1.923 1.955 2.288 2.296 2.06 1.89 2.123 1.747 1.529 
1.609 1.47 1.405 1.492 1.614 1.657 1.696 1.832 1.829 1.861 
1.851 1.838 1.893 2.098 2.007 1.884 1.887 1.932 1.685 1.679 
1.674 1.69 1.637 1.78 2.174 2.282 2.974 4.26 5.604 5.879 
6.474 9.664 11.738 
END
