PFRMAT local QA
AUTHOR MASS-CASP14
af2-standard_T1114s3_5.pdb local_accuracy_only 6.041 3.802 2.516 1.881 1.492 1.293 1.137 1.165 1.278 1.288 1.183 
1.361 1.313 1.523 1.796 1.916 1.842 1.461 1.185 1.151 1.063 
1.043 0.993 1.113 1.273 1.724 1.582 1.262 1.026 1.324 1.216 
1.043 1.079 1.184 1.24 1.473 2.101 2.285 2.315 2.568 2.46 
2.208 2.25 2.144 1.865 1.465 1.579 1.673 1.436 1.461 1.42 
1.451 1.447 1.446 1.367 1.594 1.532 1.479 1.807 1.7 1.689 
1.67 2.131 1.812 1.478 1.325 1.373 1.074 0.984 1.013 1.059 
1.044 1.128 1.285 1.225 1.124 1.189 1.361 1.339 1.403 1.564 
1.964 2.049 2.198 2.08 2.163 1.992 1.88 1.636 1.47 1.422 
1.416 1.391 1.413 1.417 1.216 1.354 1.324 1.277 1.318 1.343 
1.307 1.488 1.589 1.594 1.63 1.859 1.97 1.749 1.899 2.154 
2.057 2.02 1.783 2.101 2.182 2.014 2.445 3.112 3.91 4.249 
4.503 4.697 5.207 4.643 4.499 3.128 2.696 3.337 3.133 2.518 
2.05 2.313 2.074 2.092 2.132 2.563 3.57 3.524 2.766 2.512 
2.411 2.145 2.317 3.018 3.552 3.177 3.507 3.456 4.105 3.875 
3.372 2.809 2.188 1.989 1.676 1.455 1.667 1.73 1.521 1.763 
2.17 2.217 1.867 2.421 2.508 2.158 1.96 1.584 1.314 1.264 
1.356 1.32 1.277 1.453 1.654 1.969 2.083 2.013 1.87 2.114 
2.185 1.959 1.575 1.807 1.858 1.573 1.672 1.661 1.686 1.505 
1.702 1.776 1.476 1.723 1.81 1.792 1.564 1.587 1.727 2.029 
1.763 1.523 1.731 2.179 2.181 2.155 1.995 2.2 2.429 1.991 
2.218 2.744 2.749 2.359 2.29 1.768 2.105 2.245 1.861 2.016 
2.17 1.978 2.128 2.753 3.17 3.368 4.688 5.432 4.881 5.233 
4.54 4.299 3.671 3.103 2.703 2.494 2.159 1.934 1.981 1.876 
1.791 2.126 2.433 2.278 2.036 1.881 2.418 2.558 2.283 2.694 
3.003 3.396 2.81 3.075 3.154 2.965 3.521 4.129 4.211 4.766 
4.835 4.44 4.257 5.24 5.443 5.401 4.726 3.783 4.038 3.625 
3.94 4.759 4.371 5.613 5.727 5.686 5.598 4.797 3.388 2.81 
2.713 3.133 3.436 3.266 3.137 2.307 2.425 2.518 3.279 3.912 
3.433 3.078 3.075 3.554 3.921 3.755 3.961 4.071 3.193 2.617 
2.653 2.79 2.841 2.52 2.759 2.741 2.615 2.267 2.423 2.924 
2.832 3.053 2.345 1.979 1.685 2.043 2.009 1.972 2.315 2.713 
3.176 3.372 3.586 3.909 4.041 4.572 4.881 6.71 6.545 6.156 
6.003 5.532 6.089 5.901 4.25 3.149 2.75 2.634 2.711 2.676 
2.282 2.083 2.209 2.254 2.465 3.105 3.546 4.05 3.57 3.074 
2.393 1.78 1.465 1.308 1.178 1.161 1.156 1.359 1.34 1.32 
1.487 1.759 1.742 1.776 2.032 2.187 2.342 2.769 3.337 3.487 
3.885 4.356 4.012 3.31 3.337 3.581 3.609 3.391 2.739 2.592 
2.826 2.727 2.245 2.283 2.458 2.675 2.588 2.254 2.003 1.722 
1.47 1.365 1.4 1.415 1.535 1.527 1.452 1.471 1.459 1.575 
1.594 1.518 1.614 1.505 1.314 1.372 1.448 1.29 1.176 1.465 
1.569 1.396 1.448 1.884 1.956 1.915 2.253 2.707 3.091 3.004 
2.658 1.909 1.984 2.07 2.036 2.36 2.278 2.217 1.952 1.844 
1.715 1.489 1.194 1.074 0.552 1.064 1.103 1.148 1.24 1.256 
1.215 1.041 0.041 0.0 0.0 0.0 0.0 0.024 0.924 1.121 
1.36 1.671 2.135 2.005 1.4 1.108 1.141 0.353 0.169 0.135 
0.134 0.158 1.063 1.19 1.432 1.439 1.356 1.187 1.237 1.529 
1.417 1.536 1.706 1.877 2.187 1.914 1.382 0.69 0.02 0.017 
0.016 1.006 1.529 1.457 1.259 1.294 1.314 1.347 1.39 1.457 
1.779 1.946 1.92 1.974 1.577 1.537 1.475 1.481 1.487 1.572 
1.531 1.28 1.429 1.581 1.54 1.487 1.832 1.878 1.755 1.941 
2.744 3.312 4.135 4.402 4.482 4.669 4.595 4.917 5.099 5.913 
6.243 7.772 7.28 7.421 7.63 7.825 8.044 8.083 8.57 8.313 
8.515 9.153 10.717 12.424 
END
