PFRMAT local QA
AUTHOR LAW-CASP14
af2-standard_T1114s3_5.pdb local_accuracy_only 6.291 4.783 2.51 1.506 1.268 1.179 1.186 1.273 1.551 1.44 1.422 
1.79 1.899 1.774 1.884 1.928 1.704 1.484 1.388 1.245 1.064 
1.026 1.184 1.239 1.85 3.508 1.756 1.402 1.153 1.177 1.076 
1.076 1.11 1.218 1.539 1.51 1.725 2.696 3.161 2.867 1.791 
1.367 1.208 1.563 1.484 1.33 1.399 1.525 1.509 1.592 1.417 
1.232 1.303 1.137 1.066 1.224 1.177 0.996 1.05 1.069 1.036 
1.07 1.155 1.234 0.911 1.011 0.92 0.758 0.783 0.891 0.7 
0.676 0.73 0.722 0.734 0.696 0.769 0.792 0.865 0.878 1.012 
1.208 1.014 1.048 0.961 0.98 1.149 1.114 0.882 0.95 0.949 
0.864 0.748 0.834 0.853 0.877 0.79 0.947 0.964 0.961 0.941 
1.12 1.146 1.102 1.178 1.404 1.554 1.514 1.624 1.867 1.88 
1.869 1.723 1.908 2.165 1.94 1.953 2.186 2.43 3.373 5.889 
2.758 5.238 6.522 4.652 5.863 2.718 2.454 2.516 2.253 2.122 
2.123 2.342 2.163 2.106 2.199 2.269 3.113 2.987 2.563 2.837 
2.603 2.232 3.292 2.516 2.98 2.514 3.157 1.837 2.272 1.939 
1.583 1.375 1.358 1.534 1.408 1.187 1.522 1.595 1.474 1.429 
1.693 1.679 1.635 1.535 1.371 1.553 1.402 1.459 0.983 1.025 
0.913 0.935 0.956 1.015 1.249 1.556 1.81 2.336 2.668 2.995 
3.106 2.332 2.146 2.166 1.867 1.575 1.536 1.502 1.401 1.294 
1.227 1.195 1.186 1.095 1.178 1.148 1.182 1.193 1.298 1.334 
1.382 1.341 1.832 1.864 2.247 2.353 2.263 3.712 3.692 3.294 
3.799 5.354 5.877 6.189 5.959 6.418 7.61 7.536 7.135 7.008 
6.95 5.8 4.561 5.632 5.638 5.465 5.97 4.838 4.026 4.74 
5.822 2.301 3.501 2.279 2.856 2.742 2.146 1.983 1.96 1.952 
1.44 1.555 1.778 1.662 1.362 1.253 1.304 1.294 1.329 1.331 
1.416 1.193 1.197 1.216 1.119 0.899 0.969 0.953 1.041 1.058 
1.173 1.253 1.973 2.18 2.394 3.026 2.991 2.719 2.764 2.757 
1.6 1.808 1.208 1.646 1.514 1.429 1.227 1.389 1.43 1.193 
1.201 1.165 1.103 1.182 1.249 1.163 1.305 1.808 2.235 2.962 
2.718 2.043 1.836 1.954 1.464 4.271 5.128 5.571 3.034 2.419 
1.572 1.431 1.476 1.715 2.155 1.611 1.486 1.938 2.33 2.838 
2.331 2.065 1.891 1.514 1.439 1.486 1.147 1.089 1.465 1.474 
2.09 2.489 3.578 3.858 4.012 4.848 4.026 5.108 4.737 3.367 
3.475 3.846 3.73 2.529 2.064 1.819 1.407 1.599 1.345 1.235 
1.326 1.159 1.376 1.721 2.547 2.684 4.311 4.814 3.866 3.319 
2.547 1.903 1.244 1.056 0.889 0.802 0.815 0.833 0.875 0.802 
0.839 1.146 1.075 1.078 1.345 2.122 2.029 3.133 3.594 3.33 
3.43 3.517 2.102 1.83 2.343 3.274 3.365 4.002 3.872 3.021 
3.542 4.668 3.73 2.996 3.941 4.123 2.867 2.401 1.385 1.3 
1.288 1.206 1.331 1.092 1.222 1.243 1.125 1.034 1.361 1.606 
1.446 1.468 1.779 1.725 1.408 1.29 1.533 1.434 1.137 1.47 
1.681 1.277 1.367 1.751 1.622 1.505 2.31 2.731 3.312 2.356 
1.597 1.214 1.171 1.219 1.379 1.307 1.684 2.05 1.905 2.19 
1.883 1.284 1.043 0.792 0.812 0.729 0.778 0.793 0.798 0.8 
0.868 0.893 0.774 0.83 0.77 0.771 0.744 0.838 0.864 1.09 
1.333 1.726 2.122 2.05 1.715 1.361 1.292 1.08 1.01 0.902 
0.829 0.816 0.844 0.876 1.097 1.007 0.97 1.046 1.205 1.164 
1.327 2.86 2.196 4.108 6.148 5.124 3.539 1.708 1.274 1.125 
1.211 1.164 1.237 1.257 1.186 1.214 1.321 1.342 1.536 1.873 
3.692 4.782 5.706 6.47 5.748 2.906 2.117 1.672 1.617 1.768 
1.62 1.413 1.56 1.594 1.47 1.275 1.515 1.487 1.718 1.989 
3.947 5.12 10.282 14.545 15.0 15.0 15.0 15.0 15.0 15.0 
15.0 15.0 15.0 15.0 15.0 15.0 15.0 15.0 15.0 15.0 
15.0 15.0 15.0 15.0 
END
