PFRMAT local QA
AUTHOR LAW-CASP14
af2-standard_T1177_1.pdb local_accuracy_only 2.947 2.464 1.743 1.823 1.631 1.54 1.409 1.44 1.837 1.77 2.523 
2.116 1.835 1.845 1.987 2.08 2.372 2.292 1.957 2.272 2.855 
2.624 2.314 2.798 3.045 2.811 3.846 3.636 3.267 5.528 7.173 
6.259 6.865 5.374 5.849 4.377 4.081 2.631 2.893 1.877 2.871 
1.926 3.28 2.368 3.434 2.919 3.222 2.747 2.579 2.684 2.736 
2.788 2.351 2.606 2.674 2.647 2.367 2.908 2.909 2.804 2.952 
3.464 3.932 4.328 6.239 6.581 7.581 7.543 6.813 6.058 5.371 
3.811 3.915 1.954 2.727 2.169 1.657 1.695 1.446 1.708 1.74 
2.195 2.128 1.821 2.75 2.676 1.852 2.774 2.896 2.51 2.891 
3.079 2.159 1.802 1.628 1.68 1.792 2.245 1.925 3.051 2.409 
2.688 2.203 1.596 1.937 1.936 1.673 1.634 1.365 1.107 1.09 
1.066 1.244 1.32 1.798 1.714 2.293 3.367 5.379 6.617 7.911 
7.39 6.803 5.105 4.309 3.098 2.497 2.473 1.916 2.853 2.806 
2.469 1.803 1.666 1.631 1.746 1.7 1.607 1.905 1.757 1.869 
1.677 2.192 2.04 2.792 3.059 2.959 2.693 2.276 1.927 1.979 
2.021 1.816 1.55 1.414 1.24 1.344 1.301 1.28 1.348 1.466 
1.818 1.63 1.86 1.756 3.594 1.906 1.788 1.609 1.575 2.124 
1.819 1.665 1.343 1.211 1.091 1.163 1.214 1.513 1.584 1.729 
1.61 1.882 2.129 2.065 2.261 2.549 2.353 2.565 2.49 3.081 
2.957 2.062 1.616 1.488 1.457 1.472 1.664 2.112 2.424 2.706 
3.569 4.444 4.168 3.342 2.853 3.316 2.689 2.301 2.182 2.141 
1.875 1.618 1.667 1.701 1.647 1.632 1.513 1.492 1.634 1.67 
1.92 2.006 
END
