PFRMAT local QA
AUTHOR MASS-CASP14
af2-standard_T1177_1.pdb local_accuracy_only 4.782 3.321 2.26 1.591 1.222 1.119 1.002 1.254 1.421 1.926 2.136 
1.874 1.687 1.709 1.647 1.803 1.94 1.806 1.713 1.731 2.039 
1.999 1.963 2.297 2.261 2.456 3.271 3.648 3.695 4.917 5.798 
6.258 7.38 7.046 8.082 8.017 7.967 6.406 4.751 3.325 3.016 
2.361 2.504 2.289 2.179 2.226 2.32 1.987 1.921 2.024 2.209 
2.72 2.531 2.611 2.892 2.505 2.531 2.907 3.517 3.506 3.37 
3.853 4.343 4.884 5.888 6.541 8.494 10.111 8.692 8.031 7.729 
6.501 6.746 5.44 5.843 4.529 3.032 2.267 1.846 1.698 1.831 
2.082 2.341 2.308 2.187 1.985 1.889 2.195 2.525 2.339 2.341 
2.559 2.756 2.687 2.712 2.625 3.015 2.762 2.132 1.955 1.867 
1.943 1.847 1.653 1.745 2.141 2.141 1.923 1.727 1.512 1.447 
1.698 2.11 2.583 3.159 3.569 4.427 4.702 6.776 7.021 8.033 
7.9 5.577 4.777 3.224 2.718 2.241 2.013 1.727 1.923 1.882 
1.595 1.678 1.579 1.743 1.678 1.643 1.501 1.542 1.52 1.626 
1.96 2.313 3.129 3.709 3.899 3.279 2.898 2.352 1.716 1.631 
1.653 1.46 1.194 1.114 1.064 1.223 1.085 1.077 1.238 1.694 
1.944 2.146 2.133 2.24 3.132 3.249 3.541 2.697 2.847 2.562 
2.347 2.206 1.676 1.452 1.091 1.199 1.285 1.579 1.716 1.72 
1.486 1.492 1.863 1.858 1.784 1.793 1.754 2.022 2.073 2.558 
2.096 1.616 1.473 1.304 1.132 0.999 1.142 1.497 1.716 1.873 
1.713 1.834 1.697 1.691 1.524 1.673 1.594 1.35 1.655 1.658 
1.374 1.218 1.311 1.663 1.789 1.811 1.718 1.667 1.349 1.853 
2.06 2.917 
END
