PFRMAT local QA
AUTHOR LAW-CASP14
af2-standard_T1162_2.pdb local_accuracy_only 15.0 15.0 14.158 13.024 10.542 7.328 3.228 2.178 1.508 1.358 1.366 
1.118 1.14 1.637 1.281 0.955 1.013 1.084 0.9 0.799 0.926 
0.966 0.849 1.046 1.506 1.368 1.565 1.472 3.642 4.419 3.521 
4.544 4.099 2.841 1.689 1.111 1.189 1.318 2.43 4.529 6.289 
5.33 5.277 7.251 9.081 11.155 9.726 13.206 15.0 15.0 15.0 
15.0 15.0 15.0 13.34 9.877 7.321 5.744 2.242 1.91 1.299 
1.235 1.588 1.491 1.279 1.782 2.306 2.808 3.057 7.864 6.97 
9.912 9.177 9.464 9.722 8.75 9.666 8.679 8.013 8.064 6.995 
4.297 3.06 1.83 2.954 2.772 1.994 1.257 0.896 0.821 0.947 
0.947 1.383 1.341 1.825 2.38 2.401 1.946 2.175 1.526 1.228 
0.968 1.073 1.042 0.994 0.877 1.057 1.033 0.898 0.926 1.074 
1.046 0.958 1.002 1.137 1.087 1.138 1.28 1.308 1.338 1.405 
1.355 1.677 1.4 1.852 2.002 1.78 1.724 1.237 1.539 1.585 
2.034 1.466 1.587 1.153 1.217 1.239 1.11 1.099 0.96 0.936 
0.944 0.808 0.817 0.847 0.828 0.75 0.841 0.902 1.3 1.063 
0.945 1.027 1.022 0.942 1.082 0.899 1.027 1.086 1.427 1.999 
2.749 3.41 7.349 7.549 5.943 2.707 1.654 1.241 0.917 0.847 
0.78 0.839 0.832 0.983 1.002 0.938 1.04 1.277 1.468 1.566 
1.325 1.547 1.02 1.056 1.388 1.343 1.355 1.208 1.175 1.255 
1.247 1.113 1.201 1.233 1.273 
END
