PFRMAT local QA
AUTHOR MASS-CASP14
af2-standard_T1162_2.pdb local_accuracy_only 15.0 15.0 10.397 7.141 6.862 6.857 7.061 5.04 4.702 4.603 4.146 
3.503 3.203 2.844 2.402 1.562 1.504 1.441 1.251 1.142 1.307 
1.262 1.053 1.237 1.594 2.217 2.683 2.609 3.917 4.979 6.336 
6.163 6.289 7.172 7.209 5.5 6.28 5.966 7.122 7.787 7.767 
8.357 9.261 10.193 11.506 11.266 12.715 12.049 12.752 12.584 13.036 
12.282 11.596 9.404 8.843 7.167 6.757 4.751 3.661 2.853 2.37 
2.356 2.202 1.918 2.086 2.27 2.575 2.474 3.221 3.813 5.01 
5.246 5.755 6.594 6.867 7.607 8.284 8.056 8.305 8.061 9.302 
9.511 9.68 10.615 11.712 9.282 7.627 4.054 2.312 1.441 1.286 
1.318 1.309 1.41 1.751 2.036 2.769 3.134 3.077 2.717 2.043 
1.8 1.932 1.822 1.594 1.52 2.084 2.107 1.951 1.987 2.151 
2.356 2.148 2.012 2.021 2.224 1.984 2.412 3.036 2.909 3.059 
2.951 3.167 3.535 4.35 5.064 4.617 4.5 4.078 4.22 5.206 
4.826 4.364 4.084 3.557 2.765 3.15 3.236 3.101 2.504 2.119 
2.448 2.176 1.679 2.016 2.245 2.228 2.371 3.156 5.106 6.316 
5.931 5.898 5.528 6.103 4.421 5.657 5.424 5.275 4.669 5.451 
6.39 6.602 7.279 4.961 2.757 1.681 1.553 1.113 1.077 1.063 
1.032 1.101 1.156 1.254 1.897 2.086 2.0 2.258 2.819 2.327 
1.633 1.687 1.534 1.657 1.926 1.803 2.009 1.505 1.684 2.022 
2.036 1.899 2.309 2.64 2.626 
END
