PFRMAT local QA
AUTHOR MASS-CASP14
af2-standard_T1106s1_3.pdb local_accuracy_only 15.0 15.0 15.0 13.255 13.426 13.802 13.146 13.854 14.036 14.281 12.989 
13.172 13.301 11.483 12.375 11.432 11.325 11.218 10.798 12.02 14.087 
13.301 13.63 14.842 15.0 15.0 15.0 15.0 15.0 15.0 15.0 
15.0 15.0 15.0 15.0 15.0 15.0 15.0 15.0 15.0 15.0 
15.0 15.0 15.0 15.0 15.0 15.0 15.0 14.967 14.747 14.119 
11.967 10.487 11.212 11.053 10.762 10.461 11.093 11.501 13.365 13.106 
14.292 15.0 14.288 14.539 13.426 12.37 9.084 7.527 6.227 7.233 
5.571 5.373 4.923 3.58 3.244 2.9 2.687 2.531 2.163 2.242 
2.031 1.74 1.783 1.659 1.813 1.652 1.973 2.488 2.915 3.573 
3.623 3.797 4.138 3.449 4.052 3.887 3.198 3.255 3.235 3.347 
3.11 3.484 3.677 4.136 4.694 5.64 6.489 7.054 7.463 7.218 
8.004 8.034 9.1 9.395 10.456 9.999 12.239 14.21 15.0 15.0 
15.0 
END
