PFRMAT local QA
AUTHOR LAW-CASP14
af2-standard_T1106s1_3.pdb local_accuracy_only 15.0 15.0 15.0 15.0 15.0 15.0 15.0 15.0 15.0 15.0 15.0 
15.0 15.0 15.0 15.0 15.0 15.0 15.0 15.0 15.0 15.0 
15.0 15.0 14.484 12.981 13.147 10.729 14.2 14.701 10.2 12.635 
15.0 11.327 8.259 15.0 15.0 14.953 15.0 15.0 15.0 15.0 
15.0 15.0 15.0 13.832 15.0 15.0 11.568 9.117 6.936 4.272 
4.77 3.642 3.636 3.622 3.598 3.708 3.596 3.844 4.123 4.099 
5.012 6.681 11.734 7.851 6.832 10.379 9.86 4.988 3.533 4.155 
5.057 3.322 3.523 3.176 2.952 2.357 2.235 1.776 1.838 1.61 
1.735 1.622 1.565 1.751 1.694 1.594 1.776 1.945 2.155 2.545 
2.321 2.305 2.075 1.883 1.821 1.767 1.85 1.664 1.707 1.687 
1.656 1.68 1.811 1.84 2.085 1.89 1.962 2.019 1.955 1.999 
1.965 1.829 2.029 2.0 1.851 2.137 2.245 2.032 2.258 2.846 
2.192 
END
