PFRMAT local QA
AUTHOR LAW-CASP14
af2-standard_T1158_4.pdb local_accuracy_only 15.0 15.0 15.0 15.0 8.111 4.298 5.289 2.241 1.357 1.547 1.374 
2.817 5.677 5.733 8.533 7.49 8.004 7.022 4.261 5.077 2.454 
1.431 1.114 0.878 1.121 1.449 0.822 1.077 1.138 1.104 0.918 
1.318 1.274 1.11 1.259 1.817 1.454 1.302 0.984 1.038 0.989 
1.345 1.11 0.872 1.177 1.077 0.842 1.287 1.194 1.206 0.97 
0.963 0.706 0.816 1.054 0.763 0.703 0.931 1.0 0.859 0.907 
1.183 1.24 1.232 1.494 1.766 1.967 2.293 2.647 2.91 3.243 
3.701 4.64 4.738 5.489 4.191 4.173 2.624 1.955 1.36 1.703 
1.781 1.421 1.387 1.762 1.805 1.401 2.042 2.454 3.664 3.446 
2.616 4.63 5.663 3.038 5.505 7.019 4.856 3.629 5.619 4.535 
3.233 3.119 3.138 2.734 2.065 1.607 1.74 1.71 1.407 1.746 
1.685 1.303 1.14 1.448 1.415 1.029 1.098 1.243 1.003 0.976 
1.243 1.443 2.755 3.813 5.891 4.23 4.426 3.866 2.949 2.838 
2.869 2.89 2.366 2.535 2.399 2.049 1.854 2.691 2.504 2.316 
1.903 2.659 2.237 2.115 1.916 2.191 1.853 1.128 1.201 1.452 
1.155 0.782 0.936 1.111 0.797 0.636 0.766 0.762 0.677 0.592 
0.674 0.67 0.579 0.601 0.564 0.584 0.529 0.572 0.513 0.492 
0.528 0.505 0.514 0.479 0.56 0.566 0.521 0.557 0.607 0.616 
0.686 0.784 0.994 0.845 0.898 1.134 1.211 1.144 1.239 0.982 
1.154 1.13 1.033 0.859 1.047 0.997 0.8 0.954 1.024 0.992 
0.767 0.867 0.909 0.723 0.743 0.837 0.867 0.799 0.842 1.123 
1.027 1.484 1.405 1.506 1.553 2.09 1.71 1.685 1.5 1.569 
1.278 1.274 1.353 1.216 1.035 1.037 1.075 1.061 1.184 1.333 
1.266 1.157 1.21 1.434 1.3 1.182 1.441 1.287 1.46 1.557 
2.008 1.432 1.604 1.686 2.039 1.986 1.961 1.731 1.884 1.559 
1.485 1.28 1.29 1.108 1.061 0.952 0.925 0.932 0.912 0.787 
0.853 0.871 0.85 0.736 0.795 0.788 0.736 0.732 0.812 0.765 
0.754 0.74 0.818 0.804 0.732 0.82 0.895 0.772 0.77 0.935 
0.899 0.81 0.885 0.804 0.742 0.756 0.685 0.667 0.77 0.817 
0.902 1.059 1.037 0.94 0.981 0.951 0.842 0.786 0.837 0.825 
0.757 0.755 0.771 0.737 0.679 0.663 0.714 0.738 0.714 0.722 
0.779 0.818 0.914 0.954 1.045 1.144 1.242 1.314 1.405 1.504 
1.525 1.641 1.715 1.731 1.619 1.488 1.471 2.13 1.839 1.425 
1.302 1.559 1.312 1.386 1.303 1.792 1.326 1.281 1.398 1.521 
1.465 1.632 1.693 1.609 1.382 1.451 1.071 1.121 1.119 1.107 
1.114 1.173 1.104 1.277 1.186 1.169 1.226 1.301 1.389 1.388 
1.618 1.573 1.723 1.848 2.035 2.366 1.874 2.042 2.548 2.328 
1.527 2.189 1.973 1.244 1.32 1.621 1.29 1.05 1.435 1.436 
1.112 1.184 1.327 1.136 0.914 1.108 1.022 0.893 0.787 0.944 
0.841 0.812 0.794 0.934 2.346 8.652 9.976 10.631 9.631 10.552 
10.942 8.353 10.876 9.105 7.374 5.095 1.526 1.384 1.223 1.334 
1.423 1.651 1.746 1.563 1.661 1.453 1.592 1.49 1.734 2.132 
3.422 2.621 3.215 2.864 1.784 1.674 1.521 1.579 1.852 1.499 
1.543 1.304 1.29 0.93 1.031 0.914 0.887 0.883 0.796 0.794 
0.785 0.689 0.823 1.226 1.611 6.031 2.007 1.496 1.346 0.964 
0.94 1.204 1.062 0.825 0.99 1.068 1.042 0.799 1.21 0.861 
1.114 1.29 1.441 1.558 1.618 1.884 1.66 1.375 1.458 1.449 
1.604 1.129 0.738 0.654 0.67 0.72 0.744 1.103 1.223 1.67 
1.189 0.849 0.79 0.72 0.862 0.788 0.765 0.769 0.796 0.91 
0.821 0.88 1.083 1.088 1.418 1.405 2.394 2.077 2.5 2.079 
1.769 1.37 1.335 1.216 1.153 0.985 1.018 1.019 0.998 0.932 
1.028 0.994 1.099 1.175 1.14 1.097 1.275 1.439 1.072 1.18 
0.928 1.091 0.816 0.791 0.861 0.83 0.866 1.004 1.051 1.055 
0.987 1.056 1.885 1.584 2.957 1.975 1.929 1.353 1.102 1.3 
1.06 0.91 0.913 0.918 0.938 0.982 0.789 0.883 0.928 0.898 
0.786 0.706 0.675 0.565 0.579 0.594 0.722 0.776 0.913 1.061 
1.116 1.634 1.673 1.494 1.449 1.374 1.351 1.18 1.176 1.176 
1.088 0.948 0.982 1.141 1.011 1.017 0.946 1.069 1.257 1.054 
0.912 1.042 0.912 0.701 0.675 0.645 0.553 0.65 0.706 0.978 
1.555 2.454 2.45 2.87 2.354 2.055 2.409 2.163 1.452 1.164 
1.051 1.001 0.935 0.982 1.099 1.322 1.551 1.399 1.467 1.452 
1.316 1.187 1.269 1.433 1.713 2.175 5.708 5.321 6.65 10.438 
9.953 11.697 13.833 14.094 13.199 14.37 14.875 15.0 14.185 14.817 
15.0 15.0 15.0 15.0 15.0 15.0 15.0 15.0 15.0 15.0 
15.0 15.0 15.0 15.0 15.0 15.0 15.0 15.0 15.0 15.0 
15.0 15.0 15.0 15.0 15.0 15.0 13.769 10.069 8.081 5.45 
5.385 6.169 6.337 9.247 9.937 11.196 13.331 15.0 15.0 15.0 
15.0 15.0 15.0 15.0 15.0 15.0 15.0 15.0 15.0 15.0 
15.0 15.0 15.0 15.0 15.0 15.0 15.0 15.0 13.853 13.087 
10.473 10.365 6.822 5.598 3.053 2.328 1.913 1.518 1.314 1.243 
1.228 1.109 0.884 0.967 1.122 0.832 0.89 1.238 2.093 2.67 
3.926 3.318 3.09 4.669 4.749 3.36 4.716 5.159 3.401 3.544 
3.215 3.657 2.54 1.802 2.905 3.515 2.89 2.67 3.897 3.076 
2.86 2.984 2.683 1.986 1.879 2.067 2.875 1.974 5.782 5.057 
6.443 9.896 10.818 11.346 11.937 13.579 14.801 15.0 15.0 15.0 
15.0 15.0 15.0 15.0 15.0 15.0 15.0 11.969 12.969 12.446 
11.011 9.554 8.046 7.082 8.471 7.22 6.971 6.573 4.689 4.773 
3.006 5.236 5.21 3.126 2.816 2.793 2.606 2.036 1.673 2.214 
1.973 1.415 1.212 1.257 1.048 0.922 0.859 0.852 0.775 0.731 
0.729 0.712 0.678 0.645 0.652 0.635 0.601 0.651 0.659 0.651 
0.658 0.714 0.775 0.701 0.707 0.821 0.855 0.877 0.878 1.081 
0.963 0.917 1.139 1.208 1.024 1.089 0.879 0.856 0.861 0.795 
0.722 0.738 0.774 0.711 0.721 0.743 0.766 0.749 0.798 0.827 
0.796 0.786 0.84 0.811 0.806 0.786 0.71 0.723 0.648 0.702 
0.63 0.622 0.623 0.711 0.636 0.656 0.802 0.818 0.729 0.866 
1.102 0.941 1.0 1.204 1.195 1.293 1.617 1.54 1.241 1.865 
2.049 4.76 3.894 5.748 6.951 5.936 5.575 5.664 4.101 2.415 
2.261 1.944 1.497 1.166 1.271 1.138 0.884 0.949 0.938 0.851 
0.717 0.829 0.85 0.8 0.712 0.77 0.748 0.62 0.738 0.798 
0.741 0.738 0.94 0.935 0.742 0.803 0.905 0.783 0.64 0.689 
0.72 0.613 0.587 0.67 0.653 0.609 0.564 0.632 0.592 0.563 
0.608 0.645 0.618 0.659 0.651 0.656 0.802 0.82 0.833 1.043 
1.002 0.885 0.779 0.866 0.78 0.578 0.63 0.619 0.606 0.57 
0.581 0.572 0.56 0.534 0.593 0.565 0.54 0.498 0.533 0.575 
0.543 0.571 0.587 0.589 0.585 0.624 0.591 0.631 0.673 0.638 
0.68 0.79 0.793 0.886 0.847 1.023 1.081 1.324 1.23 1.524 
1.872 1.574 1.903 2.242 2.296 1.881 2.048 2.096 1.821 1.539 
1.744 1.504 1.263 1.043 0.976 1.184 1.206 0.998 1.037 1.251 
1.023 1.154 1.135 1.083 1.03 1.037 1.013 0.883 0.924 0.888 
0.782 0.745 0.799 0.745 0.645 0.763 0.877 0.731 0.876 1.051 
1.098 0.943 1.638 1.676 1.283 1.467 2.12 1.313 1.037 1.491 
1.129 0.831 0.911 1.118 0.887 0.842 1.193 1.103 1.167 1.032 
0.981 1.036 1.138 1.088 1.589 3.192 5.024 4.06 2.84 1.946 
2.182 1.866 1.447 1.086 0.809 0.836 0.761 0.677 0.665 0.657 
0.684 0.754 0.812 1.001 0.909 1.222 1.153 1.819 1.977 3.304 
5.911 6.439 4.431 3.515 1.694 1.527 1.158 1.186 1.201 1.024 
0.916 0.78 0.751 0.662 0.703 0.698 0.692 0.585 0.552 0.551 
0.629 0.609 0.724 1.016 1.875 3.072 1.808 1.269 0.991 0.871 
0.939 1.069 0.883 0.835 0.816 0.856 0.775 0.707 0.817 0.819 
1.005 0.967 1.009 1.019 0.995 0.859 0.766 0.749 0.769 0.782 
0.894 0.988 1.041 1.024 1.614 2.205 1.806 1.708 0.933 0.843 
1.029 0.786 0.689 0.698 0.709 0.65 0.673 0.622 0.699 0.852 
1.033 1.696 1.45 1.618 1.631 1.438 1.472 1.913 2.113 2.339 
1.775 1.883 1.709 1.353 1.752 1.299 2.048 2.583 3.277 1.997 
2.227 1.487 1.439 1.359 1.277 1.266 1.217 1.143 1.137 1.226 
1.193 1.179 1.317 1.361 1.369 1.899 2.295 1.945 2.216 2.868 
3.287 3.497 2.864 2.68 2.516 2.767 2.628 2.583 1.951 2.223 
1.577 1.624 1.976 2.77 3.867 2.921 3.133 2.484 2.128 1.591 
1.564 1.174 1.174 1.107 0.948 0.957 1.035 1.048 0.836 1.032 
1.058 0.955 0.968 0.784 0.74 0.577 0.585 0.532 0.594 0.686 
0.835 1.017 1.316 1.325 2.084 2.224 2.481 2.791 2.281 2.15 
1.804 1.771 1.556 1.283 1.27 1.258 1.183 1.113 1.122 1.149 
1.139 0.805 1.027 0.888 0.663 0.609 0.498 0.522 0.578 0.616 
0.826 1.088 1.296 1.323 1.495 1.282 0.845 1.341 1.49 0.82 
0.745 0.688 0.72 0.718 0.798 0.845 0.957 1.083 1.038 1.064 
0.984 0.942 0.968 0.892 0.918 1.057 1.183 2.189 1.569 1.495 
2.215 2.526 2.939 3.985 4.002 2.666 2.46 2.357 3.376 4.259 
4.104 3.821 5.372 5.88 6.995 9.57 10.562 9.873 8.606 8.005 
9.428 9.199 4.405 5.406 7.671 4.914 3.596 6.825 8.777 6.377 
5.135 9.396 9.814 9.45 10.405 11.52 12.811 14.972 14.275 14.519 
15.0 15.0 15.0 15.0 15.0 15.0 15.0 15.0 15.0 15.0 
15.0 15.0 15.0 15.0 15.0 15.0 15.0 15.0 15.0 15.0 
15.0 15.0 15.0 15.0 15.0 15.0 15.0 15.0 15.0 15.0 
15.0 15.0 15.0 15.0 15.0 15.0 15.0 15.0 15.0 
END
