PFRMAT local QA
AUTHOR MASS-CASP14
af2-standard_T1158_4.pdb local_accuracy_only 13.105 12.511 9.892 7.75 6.46 5.875 3.766 2.653 1.924 1.879 1.614 
1.921 1.917 2.851 3.154 3.896 4.007 4.044 4.233 4.063 3.698 
3.611 3.429 3.04 2.995 2.694 2.597 2.939 3.065 2.612 2.545 
2.896 3.368 3.938 5.122 4.725 4.904 4.493 3.962 4.549 4.706 
4.239 3.771 3.359 3.262 3.472 3.752 3.813 5.386 5.471 5.844 
4.317 3.395 3.282 2.414 1.8 1.757 1.987 2.105 1.929 2.276 
2.609 2.575 2.327 2.656 2.909 3.167 2.861 3.1 3.424 3.559 
4.215 4.365 5.245 5.118 4.811 4.646 3.929 3.121 2.746 2.771 
2.559 2.768 2.442 2.757 3.243 3.249 3.75 4.779 5.499 5.456 
4.503 5.33 4.51 4.927 4.871 5.261 4.745 4.728 4.693 4.627 
4.267 3.786 2.813 2.451 2.351 2.179 1.69 1.55 1.576 1.449 
1.25 1.364 1.467 1.679 1.412 1.446 1.796 1.899 2.059 2.375 
2.875 2.964 3.708 3.789 4.162 3.688 3.538 3.294 2.951 2.77 
3.152 2.966 2.7 2.926 2.824 2.583 2.623 2.84 2.841 2.431 
2.553 2.64 2.393 2.459 2.389 2.456 2.349 2.312 2.266 2.11 
2.259 2.347 1.987 2.203 2.224 2.149 1.876 1.61 1.579 1.458 
1.507 1.32 1.426 1.408 1.31 1.288 1.245 1.265 1.091 1.103 
1.166 1.298 1.108 1.241 1.548 1.393 1.274 1.27 1.211 1.177 
1.23 1.6 1.774 2.026 2.094 3.11 3.361 3.589 3.869 4.233 
4.141 3.016 2.392 2.684 2.596 2.166 2.031 2.19 2.772 2.455 
2.112 2.582 2.597 2.189 2.969 2.995 3.032 3.535 3.515 4.451 
4.638 4.274 4.277 4.265 4.424 4.672 4.277 4.248 3.819 3.598 
3.836 4.189 3.743 4.11 4.219 5.107 4.556 4.238 4.313 5.977 
5.672 5.474 6.343 6.837 6.449 6.623 6.608 7.314 6.898 6.926 
6.243 6.17 6.085 6.071 6.032 6.367 6.509 6.691 6.191 6.0 
5.009 4.645 3.931 3.878 3.125 3.167 3.085 3.412 3.536 2.868 
3.145 4.727 4.506 4.342 4.246 4.532 3.56 3.683 3.157 2.621 
2.475 2.141 2.232 2.703 2.377 2.654 2.519 2.304 2.091 2.598 
2.748 2.09 2.377 2.183 2.191 2.401 2.581 3.145 3.427 3.233 
3.073 2.864 2.268 1.937 2.185 2.289 2.547 2.128 2.852 3.299 
2.636 2.443 2.352 2.65 2.396 1.889 1.972 2.551 2.263 1.888 
2.184 2.669 2.603 2.537 2.166 2.611 3.142 3.201 2.894 3.034 
3.242 3.25 3.648 3.787 3.488 3.807 3.975 3.957 3.73 3.732 
4.241 4.514 4.637 4.456 4.265 4.455 4.072 4.378 4.748 4.707 
4.472 3.421 3.314 3.042 2.409 2.395 2.342 2.125 2.008 1.771 
1.815 1.947 1.938 2.24 1.991 1.986 2.318 2.791 3.138 2.697 
2.611 2.636 2.87 2.767 3.331 3.538 3.369 3.382 3.886 3.345 
2.737 2.756 2.694 2.598 2.191 2.315 2.581 2.222 2.635 2.305 
2.325 2.418 2.323 2.199 1.795 2.01 1.984 1.777 1.782 1.829 
2.007 2.252 2.41 2.65 3.746 5.025 5.519 5.252 6.192 7.334 
8.069 7.274 7.449 7.877 6.636 4.794 3.406 2.364 1.756 1.387 
1.54 1.661 1.686 1.646 1.913 1.974 2.575 3.095 3.908 4.846 
4.938 4.308 4.779 4.029 3.276 2.691 2.376 2.309 2.055 2.025 
1.705 1.52 1.417 1.31 1.421 1.753 1.669 1.549 1.374 1.249 
1.243 1.184 1.149 1.381 1.842 2.274 2.719 2.538 2.466 2.053 
2.246 2.069 1.711 1.57 1.697 1.865 1.93 1.617 1.794 1.864 
1.778 2.058 2.42 2.47 2.372 2.01 1.732 1.452 1.379 1.514 
1.491 1.463 1.327 1.331 1.343 1.549 1.761 2.284 3.01 3.337 
2.727 2.408 2.115 1.889 1.682 1.359 1.218 1.092 1.253 1.376 
1.475 1.47 1.657 1.813 2.258 3.025 3.456 3.28 3.281 3.336 
3.294 2.419 2.316 2.38 2.204 2.012 1.725 1.94 2.333 2.061 
2.457 2.591 3.161 3.553 3.29 2.854 3.079 3.143 2.78 2.808 
2.481 2.25 1.982 1.746 1.705 1.594 1.647 1.925 2.48 2.638 
2.451 2.095 2.246 2.046 2.043 2.315 2.332 2.38 2.042 2.139 
2.131 1.903 1.8 1.867 2.029 1.976 2.011 1.958 1.853 2.325 
1.964 1.737 1.384 1.085 1.005 1.039 1.135 1.382 1.474 1.771 
1.811 2.255 2.813 2.495 2.417 2.628 2.447 1.975 1.995 2.307 
1.942 1.83 1.798 2.207 2.148 2.172 2.313 2.363 2.674 2.596 
2.179 2.335 2.41 1.966 1.627 1.551 1.503 1.507 1.722 2.147 
2.676 2.814 3.085 2.967 2.754 2.554 2.588 2.661 2.135 1.932 
1.557 1.439 1.342 1.325 1.476 1.906 2.129 1.962 1.958 1.711 
1.762 1.637 1.778 1.544 1.597 1.691 2.295 2.304 2.051 2.097 
2.364 2.217 2.359 2.174 1.781 1.769 1.912 1.877 2.02 2.165 
3.097 4.649 6.614 7.243 8.275 8.807 8.167 9.401 7.947 6.531 
7.292 7.156 6.918 7.137 7.908 9.553 9.183 12.934 14.808 15.0 
15.0 15.0 15.0 15.0 12.66 14.029 11.081 10.774 7.732 7.514 
7.294 7.633 7.866 7.17 7.342 6.089 6.851 7.993 9.639 10.871 
13.543 15.0 15.0 15.0 15.0 15.0 15.0 15.0 15.0 15.0 
15.0 15.0 14.743 12.141 14.137 11.887 13.553 13.425 12.979 13.098 
11.572 9.188 7.238 6.018 3.919 3.264 3.18 2.468 2.089 1.92 
2.34 2.565 2.625 3.254 3.783 4.746 6.595 7.108 7.584 8.677 
9.189 8.282 6.781 7.161 7.067 7.288 6.23 6.163 5.639 4.651 
4.203 3.869 3.782 3.124 2.494 2.157 2.334 2.049 2.065 2.243 
2.316 2.461 2.162 2.497 2.292 2.746 2.092 2.477 2.801 3.716 
3.933 4.478 5.092 5.465 6.523 8.598 11.472 13.135 15.0 14.873 
15.0 14.413 15.0 8.751 5.703 4.464 3.596 2.883 2.202 2.518 
2.096 2.101 1.63 2.066 2.091 2.166 2.198 2.421 2.743 2.466 
2.617 2.672 2.931 3.078 2.733 2.665 3.186 3.715 3.685 3.418 
3.485 3.357 3.461 3.595 3.346 3.54 3.794 3.081 2.715 3.079 
2.768 2.361 2.0 2.075 1.777 1.533 1.541 1.946 1.965 1.713 
1.702 1.996 1.977 1.879 2.159 2.538 3.233 3.152 2.795 3.002 
2.868 2.584 2.481 2.506 2.835 2.229 1.852 2.01 1.881 1.572 
1.597 1.881 1.871 1.999 1.733 2.036 2.012 1.609 2.094 2.077 
1.75 2.14 2.174 1.867 1.702 1.805 1.914 1.644 1.503 1.879 
1.883 1.683 1.832 1.745 1.746 1.695 1.876 2.013 2.084 1.94 
2.574 2.481 2.72 2.931 3.281 3.269 3.408 3.435 3.755 3.635 
4.578 4.644 4.578 5.106 5.296 5.364 5.143 5.11 4.684 3.978 
4.635 4.269 3.681 4.16 4.743 4.452 3.615 4.083 3.774 3.682 
3.248 3.145 3.204 2.574 2.35 2.429 2.284 1.824 2.029 2.423 
2.503 3.104 4.25 4.714 4.728 4.881 5.837 4.466 2.87 2.57 
2.51 2.368 2.063 2.14 2.595 2.853 2.476 2.582 2.879 2.666 
3.104 2.681 2.341 2.417 2.629 2.751 2.596 2.212 2.332 2.56 
2.204 1.97 2.142 2.374 2.164 2.121 2.654 2.476 2.581 2.49 
2.452 2.062 2.069 2.217 2.585 2.626 2.827 3.066 3.124 3.217 
3.125 3.163 2.9 3.037 2.713 2.554 2.261 2.576 2.483 2.141 
2.006 2.036 1.922 2.035 2.054 2.387 2.498 2.534 2.547 2.514 
2.657 2.617 2.316 2.295 2.425 2.435 2.415 2.681 2.988 3.2 
3.156 2.716 2.501 2.379 2.464 2.958 2.603 2.188 2.527 2.437 
2.765 2.337 2.233 2.397 2.333 2.223 2.588 2.398 2.516 2.919 
2.367 2.273 2.263 2.333 2.196 1.988 2.396 2.484 2.524 2.662 
2.61 2.163 2.559 2.886 2.807 2.812 2.837 3.239 3.082 3.413 
3.137 2.982 2.85 2.861 3.02 3.483 3.717 3.412 3.475 2.823 
2.963 2.946 2.959 2.739 2.775 3.152 3.562 3.626 3.3 2.889 
2.699 2.933 2.686 2.467 2.35 2.564 2.164 1.883 1.519 1.258 
1.201 1.206 1.469 1.553 1.729 1.641 1.834 2.285 3.147 3.319 
4.292 4.485 4.745 4.606 3.692 3.506 2.999 2.756 2.427 2.286 
2.297 2.301 2.487 2.225 2.401 3.128 3.077 2.664 2.121 2.252 
2.104 2.293 2.116 2.24 2.444 2.892 2.76 2.484 2.358 2.006 
2.014 1.793 1.582 1.401 1.609 1.978 1.863 1.713 1.561 1.702 
1.904 1.96 1.729 1.718 1.676 1.517 1.2 1.282 1.276 1.471 
2.026 1.959 1.945 2.309 3.073 4.103 3.099 2.785 2.335 2.581 
2.396 2.28 2.152 2.087 1.827 1.566 1.39 1.339 1.245 1.677 
2.177 2.89 2.741 2.396 2.158 2.329 2.306 2.155 1.927 1.604 
1.444 1.6 1.302 1.092 1.266 1.549 1.869 2.361 2.864 2.757 
2.743 2.593 2.703 2.273 1.817 1.952 2.043 2.158 1.992 2.144 
2.262 2.293 2.261 2.339 2.646 3.061 3.33 2.807 3.08 3.791 
4.482 4.917 4.498 5.229 4.785 5.064 5.042 5.066 3.759 4.424 
4.637 4.672 3.951 3.926 3.643 2.73 2.28 2.29 2.41 2.184 
2.047 2.242 2.099 1.984 2.09 2.168 2.225 2.322 2.562 2.302 
2.438 3.019 3.275 2.61 2.277 1.756 1.353 1.412 1.501 1.65 
1.71 1.902 2.152 2.415 2.751 2.333 2.257 2.719 2.963 3.051 
2.661 3.046 2.436 2.104 2.085 2.356 2.42 1.885 2.452 3.103 
2.983 2.846 3.237 3.306 2.58 2.042 1.937 1.696 1.635 1.625 
2.098 2.053 1.979 1.877 1.817 1.891 1.711 1.78 1.99 1.991 
1.822 1.358 1.207 1.228 1.232 1.369 1.845 1.881 1.522 1.508 
1.397 1.441 1.299 1.354 1.563 1.576 1.633 1.779 2.159 1.879 
2.277 3.067 3.22 3.837 3.754 2.932 2.784 2.678 2.805 3.202 
3.31 3.269 3.997 4.988 4.68 5.298 5.666 6.24 4.627 4.395 
4.793 4.45 3.568 3.902 4.042 3.991 3.526 3.626 4.079 4.191 
3.836 4.478 4.846 5.876 5.73 6.257 7.314 7.282 8.716 9.36 
10.72 12.846 13.361 15.0 15.0 15.0 15.0 15.0 15.0 15.0 
15.0 15.0 15.0 15.0 15.0 15.0 15.0 15.0 15.0 15.0 
15.0 15.0 15.0 15.0 15.0 15.0 15.0 15.0 15.0 15.0 
15.0 15.0 15.0 15.0 15.0 15.0 15.0 15.0 15.0 
END
