PFRMAT local QA
AUTHOR MASS-CASP14
af2-standard_T1115_5.pdb local_accuracy_only 15.0 15.0 15.0 15.0 15.0 15.0 15.0 15.0 15.0 15.0 14.55 
15.0 12.854 12.106 10.888 10.486 9.502 12.294 11.893 11.39 10.903 
11.561 10.733 9.808 8.352 6.422 5.88 6.054 5.67 5.681 5.96 
6.404 5.534 6.227 5.583 5.214 5.541 5.81 5.706 5.752 7.042 
7.456 8.1 8.823 8.308 8.479 8.523 6.928 5.96 5.085 4.616 
3.507 2.288 2.153 2.16 1.931 1.74 2.057 2.623 3.033 2.847 
2.807 2.858 2.777 2.49 2.625 2.643 2.914 3.137 2.909 2.746 
3.385 4.105 5.483 6.717 6.599 7.727 8.318 7.484 6.737 6.17 
6.024 5.539 5.534 4.932 6.019 6.871 6.553 6.086 4.961 3.632 
3.398 2.957 2.834 3.001 2.967 2.459 2.089 1.8 1.273 1.243 
1.079 1.117 1.245 1.215 1.127 1.226 1.259 1.224 1.084 1.265 
1.392 1.33 1.291 1.115 0.827 0.108 0.026 0.0 0.0 0.0 
0.0 0.006 0.368 1.215 1.224 1.549 1.727 1.992 1.84 1.731 
1.456 1.554 1.602 1.638 1.259 1.646 1.518 1.541 1.501 1.307 
1.192 1.146 1.301 1.336 1.188 1.184 1.077 1.028 1.007 1.043 
1.12 1.12 1.109 0.968 1.21 1.295 1.233 1.241 1.196 1.269 
1.228 1.25 1.284 1.392 1.242 1.388 1.499 1.302 0.727 0.037 
0.0 0.0 0.0 0.0 0.0 0.0 0.0 0.0 0.016 0.079 
0.828 0.735 0.068 0.0 0.0 0.0 0.0 0.0 0.0 0.002 
0.542 1.179 1.353 1.472 1.363 1.39 1.507 1.618 2.279 2.807 
2.298 2.014 2.018 2.07 1.957 2.456 2.694 3.353 3.103 2.93 
2.863 2.681 2.472 2.487 2.572 2.73 2.709 2.932 3.052 3.643 
3.798 4.35 3.924 4.148 5.002 4.351 4.827 4.261 4.269 4.328 
4.016 3.969 4.375 3.819 3.768 3.388 3.875 3.917 4.146 3.79 
4.024 4.802 5.308 5.643 6.059 7.087 6.547 6.007 6.353 6.174 
6.917 7.184 9.334 8.939 9.801 11.204 11.336 11.259 12.726 13.75 
14.909 15.0 15.0 12.598 9.287 9.631 9.399 8.337 7.949 7.93 
8.555 7.684 8.191 9.199 8.986 9.275 9.351 9.468 9.581 10.044 
12.131 13.317 15.0 15.0 15.0 15.0 15.0 
END
