PFRMAT local QA
AUTHOR LAW-CASP14
af2-standard_T1115_5.pdb local_accuracy_only 15.0 15.0 15.0 15.0 15.0 15.0 15.0 15.0 15.0 15.0 15.0 
15.0 15.0 15.0 15.0 15.0 15.0 15.0 15.0 15.0 15.0 
15.0 15.0 15.0 15.0 15.0 15.0 15.0 15.0 15.0 15.0 
15.0 15.0 15.0 15.0 15.0 15.0 15.0 15.0 15.0 15.0 
15.0 15.0 14.394 14.371 14.838 15.0 13.556 13.335 11.595 11.976 
10.242 6.026 4.151 3.079 2.013 1.615 1.434 1.451 1.275 1.311 
1.345 1.637 1.705 2.621 4.725 4.281 8.517 5.343 3.944 2.827 
2.665 2.747 2.474 2.172 1.736 1.771 1.677 1.528 1.685 2.296 
2.535 4.016 5.117 9.629 10.577 13.038 11.864 8.413 8.489 3.894 
2.374 1.752 1.256 1.207 1.06 1.011 1.011 0.915 0.954 0.901 
1.115 0.94 1.107 1.056 1.041 1.044 0.949 1.019 0.968 1.046 
1.022 1.039 1.007 1.02 0.937 1.002 0.975 1.033 0.981 0.889 
0.8 0.744 0.723 0.755 0.816 0.824 0.92 1.07 1.255 1.062 
1.013 1.375 1.37 1.318 1.319 1.712 1.335 1.151 1.106 1.087 
1.001 0.883 0.89 0.887 0.823 0.782 0.9 0.858 0.851 0.833 
0.926 0.929 0.924 0.908 0.982 1.022 0.98 0.979 1.034 1.059 
1.062 0.985 1.085 1.1 1.217 1.089 1.26 1.256 1.023 1.024 
1.059 1.06 0.865 0.865 0.998 0.974 0.85 0.893 1.048 1.049 
0.838 0.924 1.017 0.942 0.86 0.745 0.768 0.717 0.761 0.826 
0.85 0.992 0.971 1.037 1.077 1.048 1.034 1.21 1.299 1.833 
1.765 1.625 1.766 1.828 1.806 1.855 2.053 2.329 2.938 4.493 
7.044 9.75 12.649 14.778 15.0 15.0 15.0 15.0 15.0 15.0 
13.29 11.767 8.083 6.65 4.742 3.849 3.576 2.92 3.109 2.71 
2.439 2.367 2.434 2.492 2.55 2.664 2.736 2.66 2.675 3.066 
2.973 3.188 3.431 3.518 3.626 3.435 4.042 5.0 7.151 11.892 
8.645 9.436 11.885 14.403 15.0 15.0 15.0 15.0 15.0 15.0 
15.0 15.0 15.0 15.0 15.0 15.0 15.0 15.0 9.022 8.657 
7.828 4.439 4.546 4.064 4.238 5.52 7.076 7.084 6.926 6.863 
7.331 8.214 10.015 11.889 12.896 12.117 12.89 
END
