PFRMAT local QA
AUTHOR MASS-CASP14
af2-standard_T1106s2_1.pdb local_accuracy_only 9.588 6.249 4.195 3.035 2.65 2.605 2.536 2.476 2.169 1.98 1.944 
1.911 1.684 1.719 1.848 1.942 1.78 1.583 1.706 1.786 1.573 
1.975 2.011 1.942 1.851 1.723 1.905 1.898 1.86 1.819 2.028 
1.794 1.715 1.996 1.999 1.666 1.918 2.317 2.305 2.057 2.155 
1.971 1.72 1.605 1.607 1.535 1.394 1.44 1.361 1.377 1.373 
1.294 1.269 1.227 1.406 1.804 1.893 1.787 1.592 1.61 1.584 
1.433 1.17 1.404 1.439 1.41 1.287 1.491 1.447 1.381 1.528 
1.707 1.956 1.983 2.29 2.309 2.053 1.904 2.125 1.739 1.504 
1.589 1.448 1.365 1.434 1.557 1.569 1.595 1.704 1.71 1.745 
1.7 1.662 1.731 1.885 1.851 1.734 1.752 1.766 1.553 1.563 
1.58 1.586 1.543 1.709 2.076 2.194 2.905 4.279 5.684 6.051 
6.647 10.087 12.192 
END
