PFRMAT local QA
AUTHOR LAW-CASP14
af2-standard_T1106s2_1.pdb local_accuracy_only 11.13 10.334 4.856 3.339 2.264 2.349 2.359 2.349 2.215 2.006 2.324 
2.185 1.886 1.808 2.163 1.879 1.797 1.92 2.042 1.856 1.816 
2.035 2.238 2.048 1.872 1.636 1.6 1.706 1.621 1.541 1.673 
1.639 1.52 1.586 1.743 1.617 1.621 1.831 2.075 1.756 1.763 
1.645 1.549 1.586 1.594 1.521 1.412 1.444 1.516 1.409 1.444 
1.482 1.46 1.466 1.533 1.547 1.532 1.618 1.552 1.616 1.596 
1.543 1.522 1.604 1.563 1.538 1.598 1.638 1.677 1.622 1.862 
1.924 1.989 2.063 2.177 2.313 2.116 2.111 2.066 1.856 1.826 
1.797 1.759 1.687 1.796 1.73 1.647 1.69 1.758 1.741 1.69 
1.775 1.804 1.883 2.049 1.831 1.78 1.83 1.798 1.726 1.86 
1.881 1.854 1.887 2.194 2.446 2.423 3.011 3.857 4.432 4.734 
7.084 7.895 9.664 
END
