PFRMAT local QA
AUTHOR MASS-CASP14
af2-standard_T1193_3.pdb local_accuracy_only 8.151 6.926 7.897 6.905 9.316 9.661 10.188 8.484 9.556 11.146 9.946 
15.0 11.529 13.622 11.146 13.247 15.0 15.0 15.0 15.0 13.059 
10.62 10.527 8.04 9.171 9.91 13.694 12.71 15.0 15.0 15.0 
15.0 15.0 15.0 15.0 15.0 15.0 15.0 15.0 15.0 14.744 
10.802 10.026 6.72 5.447 4.294 3.727 3.811 3.563 2.723 2.405 
2.523 2.415 2.37 2.887 2.778 3.098 3.279 2.916 2.815 3.618 
3.485 3.358 3.527 3.922 3.702 3.816 3.618 3.803 3.602 3.931 
3.289 3.287 2.851 2.809 2.542 2.926 2.581 2.361 2.087 2.043 
1.968 1.846 1.726 1.788 1.755 1.463 1.625 1.706 1.902 1.71 
1.892 2.542 3.749 4.164 5.298 5.956 7.414 8.006 8.632 9.099 
10.194 10.977 11.318 15.0 15.0 15.0 15.0 15.0 15.0 15.0 
15.0 14.15 12.713 11.418 8.972 6.478 4.322 2.893 2.706 2.518 
2.016 1.789 1.993 1.615 1.663 1.873 1.926 2.002 2.43 2.34 
2.517 2.767 3.285 3.802 4.084 3.781 3.922 4.076 3.149 2.788 
2.464 2.403 2.042 2.189 1.932 1.913 1.759 1.792 2.027 1.978 
2.152 2.209 2.109 1.897 1.781 2.054 1.912 1.526 1.642 1.912 
1.862 1.622 1.719 1.81 1.806 1.466 1.59 1.953 2.176 1.794 
1.648 1.864 1.567 1.783 2.027 1.967 2.354 2.731 2.54 2.897 
2.511 2.151 1.951 1.934 1.553 1.623 1.565 1.78 1.501 1.337 
1.452 1.545 1.385 1.427 1.908 1.757 1.393 1.442 1.728 1.606 
1.364 1.513 1.46 1.35 1.386 1.52 1.544 1.606 1.584 1.682 
1.642 1.69 1.613 1.667 1.889 1.878 2.06 2.961 3.506 3.787 
4.06 4.96 4.722 4.452 4.324 4.925 4.94 4.872 4.234 5.034 
4.984 4.149 3.285 3.62 3.154 3.184 3.405 3.358 2.605 3.26 
3.422 3.037 3.094 3.573 3.832 3.353 3.271 3.849 3.605 2.771 
2.851 2.538 2.341 2.132 1.894 2.104 1.999 1.843 2.254 2.042 
2.14 2.186 2.571 2.445 2.413 2.899 2.56 2.17 2.261 2.568 
2.444 2.404 2.441 2.641 2.696 2.834 3.521 3.445 3.774 3.38 
2.791 2.772 2.551 2.37 1.837 2.014 2.168 1.885 1.903 2.062 
1.952 1.554 1.861 2.332 2.243 2.715 2.22 2.58 2.44 2.166 
2.076 2.144 2.018 1.961 1.902 2.402 2.391 2.246 2.569 2.847 
2.87 2.685 2.804 2.609 2.427 2.559 2.39 2.482 2.418 2.135 
2.363 2.558 2.431 2.415 2.543 2.253 2.109 2.249 2.125 2.247 
2.167 2.23 2.492 2.655 2.634 2.299 1.976 1.802 1.628 1.86 
1.942 1.704 1.675 1.871 1.782 1.859 1.994 1.824 1.985 2.078 
2.276 2.488 2.833 3.137 3.302 3.304 4.368 3.932 4.205 4.374 
4.935 4.065 3.34 3.313 2.245 2.172 1.99 1.938 1.726 1.689 
1.969 1.877 1.618 1.921 1.58 1.373 1.35 1.692 1.597 1.523 
2.097 2.881 3.725 4.256 4.645 4.926 5.497 4.592 4.405 3.891 
3.725 4.016 3.629 3.541 3.232 3.551 3.534 3.106 2.813 2.235 
1.979 1.624 1.399 1.115 1.123 1.362 1.518 1.293 1.324 1.375 
1.57 1.972 2.416 3.01 3.324 4.004 3.914 3.495 2.956 2.351 
1.899 2.218 2.492 2.312 2.28 2.166 2.18 2.032 1.914 2.355 
2.163 1.615 1.296 1.067 1.162 1.086 0.887 1.157 1.506 2.022 
2.148 1.893 2.176 2.33 2.719 2.768 2.411 1.986 1.874 1.931 
1.789 2.062 1.946 1.746 1.748 1.892 1.958 2.03 1.724 1.507 
1.157 1.122 1.128 1.111 1.446 1.713 2.048 1.794 1.46 1.774 
1.814 1.601 1.578 2.013 2.376 2.554 2.254 2.425 2.238 2.15 
1.672 1.707 1.823 1.79 1.999 2.792 3.071 3.124 2.81 2.527 
2.347 2.35 1.98 1.733 1.385 1.51 1.562 1.467 1.221 1.299 
1.359 1.48 1.912 2.591 2.841 2.219 2.417 2.235 2.503 2.101 
1.587 1.877 2.085 1.932 1.731 1.867 2.182 1.996 1.708 2.079 
2.338 2.577 2.493 2.215 2.286 2.609 2.489 2.58 2.485 2.117 
1.896 1.561 1.712 1.659 1.544 1.819 2.269 2.782 2.775 2.798 
2.769 2.619 2.627 3.062 2.774 2.259 1.958 1.776 1.621 1.32 
1.544 1.478 1.612 1.781 1.802 1.803 1.922 2.317 2.616 2.306 
1.954 1.69 1.515 1.66 1.723 2.068 2.169 2.604 3.112 3.671 
4.473 3.993 4.081 4.632 4.678 4.202 4.144 4.431 4.269 3.957 
3.557 3.864 3.38 3.309 3.666 3.953 3.259 3.126 3.82 3.283 
2.777 2.565 2.291 1.99 2.191 2.198 2.674 2.905 2.748 2.593 
2.448 2.465 1.777 1.946 2.091 1.902 1.598 1.118 0.934 1.077 
1.007 0.947 1.213 1.429 1.384 1.443 1.383 1.091 1.104 1.067 
1.124 1.417 1.82 2.148 2.389 2.178 2.5 2.713 3.246 3.248 
3.127 2.987 2.68 2.815 3.18 2.664 2.529 3.058 4.198 4.497 
4.661 5.126 5.615 6.136 6.722 8.135 9.087 9.569 8.7 9.793 
9.755 10.924 9.511 10.27 10.206 13.017 14.355 15.0 15.0 15.0 
15.0 15.0 15.0 15.0 15.0 15.0 15.0 15.0 15.0 15.0 
15.0 15.0 15.0 15.0 15.0 15.0 15.0 15.0 15.0 15.0 
15.0 15.0 15.0 15.0 15.0 13.802 14.631 11.375 14.013 12.003 
12.449 12.939 11.551 12.992 12.201 12.48 13.078 13.307 14.323 12.8 
11.737 12.838 13.038 12.331 12.37 11.948 11.235 11.798 9.828 9.256 
9.049 7.877 5.953 5.729 5.332 3.896 3.21 3.142 3.188 3.361 
3.891 3.632 3.719 4.002 3.376 3.341 2.797 3.07 2.789 2.856 
2.779 2.632 2.351 2.195 2.103 2.042 1.698 1.806 1.822 1.768 
1.654 1.849 1.955 1.615 1.523 1.809 1.678 1.448 1.598 1.607 
1.588 1.504 1.721 1.934 2.197 1.655 1.863 2.149 2.472 1.943 
2.217 2.096 1.637 1.549 1.753 1.614 1.472 1.568 1.686 1.587 
1.534 1.611 1.652 1.525 1.482 1.666 1.639 1.468 1.583 1.872 
1.847 1.673 1.528 1.554 1.327 1.324 1.353 1.271 1.24 1.457 
1.434 1.451 1.36 1.724 1.486 1.49 1.426 1.619 1.588 1.36 
1.35 1.34 1.308 1.234 1.226 1.396 1.569 1.542 1.464 1.538 
1.49 1.242 1.161 1.285 1.408 1.41 1.37 1.553 1.406 1.559 
2.311 2.87 3.461 3.312 2.996 2.52 2.862 2.694 2.493 2.034 
2.144 1.958 1.847 1.744 1.758 1.925 1.963 1.922 2.04 2.345 
2.18 2.578 3.753 4.254 4.435 4.304 4.212 3.184 3.055 2.651 
2.36 2.466 2.197 2.176 2.147 1.88 1.809 1.997 1.935 1.966 
2.059 2.057 2.429 2.399 2.854 3.422 4.118 4.299 4.399 5.264 
5.545 5.391 4.582 5.674 5.517 5.237 5.001 5.435 6.076 5.627 
5.132 5.887 6.003 6.063 6.945 6.237 6.907 7.527 6.021 5.932 
5.278 6.231 4.744 4.156 4.223 4.822 4.765 4.62 3.923 3.546 
3.192 3.059 2.236 2.243 2.033 1.662 1.724 2.022 1.881 2.282 
2.395 2.339 2.293 2.751 2.633 2.376 2.07 2.485 2.215 2.148 
2.025 2.292 2.124 2.512 2.556 2.925 2.766 3.013 3.518 3.691 
2.575 2.052 2.123 2.185 1.936 1.927 2.087 2.968 2.83 2.766 
3.761 4.341 4.881 3.846 4.275 4.203 3.564 2.871 2.511 2.049 
1.781 1.947 1.788 1.949 2.173 2.514 2.778 2.549 2.453 2.412 
2.259 2.084 1.833 2.045 2.024 2.299 2.395 2.221 1.845 1.877 
1.984 1.807 1.807 1.741 1.738 1.796 1.676 1.961 1.877 1.715 
2.213 2.543 2.496 2.29 2.188 2.321 2.568 2.77 2.729 2.41 
2.887 3.087 2.806 2.52 2.506 2.81 2.581 2.166 2.696 2.634 
2.517 2.397 2.329 2.125 3.148 2.775 2.704 3.294 3.236 3.071 
3.514 3.835 3.586 3.343 3.627 3.188 3.163 2.908 2.853 2.45 
2.659 2.567 2.662 2.346 2.181 2.308 2.386 2.303 2.515 3.254 
3.556 3.431 3.747 3.363 3.607 3.108 2.788 2.802 3.618 4.256 
4.463 3.985 4.322 3.929 4.204 3.154 2.752 2.139 1.987 1.775 
1.405 1.138 1.316 1.297 1.287 1.144 1.24 1.237 1.413 1.741 
2.368 2.845 3.251 3.463 3.531 3.364 2.953 2.5 2.07 2.137 
2.225 2.266 2.043 1.952 1.833 1.512 1.545 1.978 1.764 1.436 
1.274 1.092 1.161 1.1 0.96 1.152 1.494 1.862 2.043 1.81 
2.067 2.221 2.762 2.992 2.584 2.027 2.092 2.088 1.99 2.345 
2.254 2.067 1.917 1.954 1.924 1.817 1.567 1.466 1.314 1.08 
1.168 1.132 1.422 1.892 2.046 2.351 2.428 2.794 2.783 2.404 
2.256 2.52 2.784 2.699 2.407 2.178 1.83 1.644 1.35 1.374 
1.436 1.445 1.883 2.967 3.752 3.391 3.247 3.031 3.143 2.852 
2.378 2.342 1.924 1.926 1.623 1.47 1.144 1.205 1.349 1.708 
2.066 2.279 3.251 3.623 3.369 2.425 2.323 2.23 2.379 1.901 
1.57 1.705 1.974 1.86 1.696 1.611 1.803 1.891 1.738 1.953 
2.267 2.637 2.91 2.504 2.814 2.647 2.331 2.048 2.096 1.89 
1.838 1.944 2.102 2.504 2.373 2.715 3.273 3.702 4.102 4.195 
3.879 2.98 2.955 3.224 3.441 2.898 2.402 2.036 1.913 1.663 
1.729 1.688 1.837 1.779 1.913 1.863 1.977 2.768 3.098 2.621 
1.888 1.579 1.308 1.358 1.297 1.492 1.633 1.99 2.517 3.156 
4.108 3.652 3.828 5.226 5.102 4.678 4.601 4.268 3.709 2.664 
2.652 2.702 2.526 2.33 2.843 3.111 3.22 3.085 3.911 3.569 
2.694 1.992 1.864 1.781 1.828 1.725 2.297 2.438 2.39 2.573 
2.59 2.519 1.924 2.386 2.632 2.423 2.108 1.532 1.482 1.536 
1.414 1.515 1.693 1.65 1.477 1.547 1.403 1.451 1.547 1.676 
1.583 1.847 2.282 2.786 2.886 2.513 2.596 3.198 3.235 3.215 
2.622 2.179 2.127 2.213 2.683 2.374 2.715 2.981 4.156 4.961 
7.022 9.032 11.505 13.518 15.0 15.0 
END
