PFRMAT local QA
AUTHOR LAW-CASP14
af2-standard_T1193_3.pdb local_accuracy_only 15.0 15.0 15.0 15.0 15.0 15.0 15.0 15.0 15.0 15.0 15.0 
15.0 15.0 15.0 15.0 15.0 15.0 15.0 15.0 15.0 15.0 
15.0 15.0 15.0 15.0 15.0 15.0 15.0 15.0 15.0 15.0 
15.0 15.0 15.0 15.0 15.0 10.981 10.035 7.104 5.894 4.645 
4.433 2.874 0.972 0.929 0.864 1.442 1.289 1.776 1.44 0.93 
0.999 1.261 0.848 0.988 1.298 1.452 1.105 0.752 0.9 0.886 
0.593 0.657 0.771 0.658 0.627 0.714 0.733 0.576 0.599 0.601 
0.6 0.605 0.592 0.603 0.706 0.73 0.654 0.732 0.754 0.728 
0.769 0.772 0.729 0.737 0.709 0.697 0.748 0.855 0.926 0.906 
1.05 2.068 2.999 5.796 4.607 7.256 8.744 10.016 10.833 12.685 
13.4 14.159 15.0 15.0 15.0 15.0 15.0 15.0 15.0 15.0 
15.0 13.041 10.394 7.147 4.074 2.385 1.515 0.99 1.001 0.987 
0.863 0.869 0.929 0.923 0.817 0.933 0.914 0.854 0.874 0.905 
0.808 0.762 0.752 0.652 0.607 0.573 0.549 0.493 0.494 0.49 
0.482 0.462 0.497 0.454 0.47 0.461 0.476 0.442 0.464 0.498 
0.45 0.501 0.506 0.521 0.472 0.572 0.568 0.523 0.518 0.601 
0.545 0.48 0.495 0.519 0.523 0.459 0.496 0.605 0.643 0.661 
0.601 0.747 0.726 0.736 0.878 0.954 0.914 1.07 0.86 1.224 
1.027 0.808 0.752 0.807 0.617 0.558 0.645 0.621 0.525 0.487 
0.547 0.561 0.484 0.512 0.584 0.615 0.525 0.539 0.514 0.631 
0.542 0.558 0.526 0.562 0.514 0.523 0.584 0.531 0.532 0.576 
0.575 0.52 0.545 0.601 0.58 0.574 0.625 0.68 0.673 0.699 
0.721 0.739 0.808 0.803 0.904 0.769 0.865 0.852 0.839 0.978 
0.968 0.969 1.116 1.197 1.168 1.055 1.286 1.211 1.044 1.031 
1.083 1.012 0.847 0.982 0.982 0.836 0.785 0.911 0.901 0.688 
0.858 0.894 0.821 0.726 0.843 0.8 0.661 0.678 0.727 0.686 
0.574 0.656 0.654 0.591 0.533 0.686 0.614 0.524 0.585 0.641 
0.559 0.478 0.493 0.47 0.434 0.444 0.47 0.461 0.488 0.48 
0.507 0.605 0.609 0.578 0.56 0.691 0.641 0.555 0.639 0.71 
0.643 0.556 0.629 0.624 0.637 0.541 0.564 0.55 0.59 0.521 
0.563 0.585 0.579 0.567 0.65 0.651 0.656 0.645 0.791 0.718 
0.711 0.738 0.803 0.73 0.767 0.795 0.796 0.8 0.828 0.866 
0.798 0.935 0.863 0.86 0.896 0.951 1.005 0.925 1.014 1.033 
1.002 0.917 1.103 1.037 1.2 1.189 0.855 0.91 0.846 0.748 
0.752 0.796 0.73 0.699 0.683 0.683 0.686 0.663 0.712 0.849 
0.746 0.754 1.002 1.353 1.004 1.156 2.133 2.131 1.592 2.684 
2.482 1.11 1.317 1.561 0.918 0.674 0.801 0.659 0.562 0.718 
0.687 0.518 0.519 0.599 0.555 0.496 0.552 0.653 0.555 0.545 
0.869 0.863 1.245 0.833 0.926 0.702 0.806 0.801 0.895 1.033 
1.018 1.014 0.933 0.919 0.93 1.018 1.093 1.087 0.816 0.744 
0.585 0.561 0.549 0.62 0.655 0.715 0.781 0.71 0.756 0.753 
1.116 1.078 1.061 1.235 1.745 1.663 1.99 1.611 0.999 0.758 
0.735 0.745 0.828 0.712 0.766 0.679 0.632 0.514 0.55 0.574 
0.71 0.517 0.536 0.453 0.495 0.455 0.513 0.601 0.66 0.702 
0.676 0.613 0.621 0.528 0.587 0.604 0.593 0.529 0.577 0.564 
0.568 0.562 0.617 0.574 0.613 0.679 0.671 0.793 0.737 0.76 
0.721 0.599 0.686 0.67 0.714 0.838 0.852 0.777 0.686 0.783 
0.857 0.834 0.851 0.796 0.771 0.734 0.669 0.625 0.625 0.662 
0.584 0.652 0.663 0.707 1.31 1.8 1.888 0.938 0.751 0.704 
0.722 0.839 0.695 0.694 0.651 0.663 0.609 0.61 0.576 0.652 
0.602 0.665 0.713 0.723 0.8 0.779 0.978 0.951 1.135 0.935 
0.736 0.888 0.887 0.722 0.68 0.77 0.815 0.71 0.811 0.687 
0.747 0.837 0.765 0.76 0.935 1.053 0.991 1.344 1.067 0.91 
0.739 0.8 0.909 0.847 0.904 1.087 1.071 0.982 0.977 1.921 
2.249 1.572 2.624 2.649 1.958 0.814 0.77 0.804 0.658 0.567 
0.608 0.621 0.63 0.633 0.689 0.708 0.711 0.751 0.805 0.665 
0.641 0.504 0.549 0.515 0.572 0.662 0.861 1.172 2.014 2.665 
7.236 6.997 8.048 8.497 5.274 3.685 2.858 2.468 1.562 1.084 
1.386 1.281 0.943 0.946 1.208 1.138 0.939 0.827 1.532 1.342 
0.677 0.555 0.49 0.423 0.458 0.51 0.729 0.901 1.137 1.181 
1.294 1.158 0.826 1.09 1.081 0.69 0.633 0.53 0.515 0.502 
0.576 0.555 0.671 0.659 0.646 0.704 0.644 0.65 0.655 0.618 
0.617 0.708 0.762 1.157 1.027 0.879 1.206 1.638 1.459 1.21 
1.005 0.76 0.78 1.2 1.332 1.381 2.177 4.352 5.878 5.689 
10.307 12.02 12.572 13.813 14.741 14.031 15.0 15.0 15.0 15.0 
15.0 15.0 15.0 15.0 15.0 15.0 15.0 15.0 15.0 15.0 
15.0 15.0 15.0 15.0 15.0 15.0 15.0 15.0 15.0 15.0 
15.0 15.0 15.0 15.0 15.0 15.0 15.0 15.0 15.0 15.0 
15.0 15.0 15.0 15.0 15.0 15.0 15.0 15.0 15.0 15.0 
15.0 15.0 15.0 15.0 15.0 15.0 15.0 15.0 15.0 15.0 
15.0 15.0 15.0 13.716 11.308 8.023 5.784 5.49 2.255 1.805 
1.145 1.008 1.324 1.004 1.406 1.378 1.32 1.391 1.682 1.661 
1.957 2.431 2.855 1.968 2.401 1.646 1.04 1.013 1.261 0.869 
0.745 0.774 0.767 0.644 0.643 0.694 0.696 0.712 0.719 0.78 
0.827 0.885 0.836 1.011 0.949 0.902 0.92 0.944 0.834 0.808 
0.795 0.854 0.777 0.818 0.874 0.876 1.072 1.268 1.553 1.494 
1.493 1.457 1.297 1.178 1.165 1.122 1.018 1.0 1.118 1.002 
0.948 0.954 0.988 0.94 0.893 0.902 0.918 0.849 0.789 0.818 
0.713 0.7 0.635 0.634 0.6 0.597 0.594 0.606 0.616 0.626 
0.56 0.629 0.664 0.614 0.566 0.648 0.656 0.527 0.494 0.543 
0.514 0.48 0.537 0.493 0.536 0.526 0.617 0.521 0.489 0.522 
0.573 0.45 0.472 0.521 0.566 0.596 0.599 0.775 0.631 0.648 
0.836 0.873 0.867 0.933 0.73 0.792 0.716 0.81 0.774 0.662 
0.666 0.646 0.592 0.515 0.581 0.561 0.571 0.521 0.571 0.626 
0.6 0.636 0.831 0.815 0.87 0.788 0.824 0.875 0.75 0.686 
0.691 0.682 0.641 0.66 0.708 0.677 0.685 0.73 0.761 0.777 
0.768 0.791 0.812 0.845 0.786 0.831 0.874 0.885 0.961 0.959 
0.983 0.993 0.926 0.866 0.933 0.945 0.917 0.982 1.215 1.038 
1.124 1.182 1.169 1.078 1.205 1.141 1.033 1.102 1.346 1.032 
0.956 1.204 1.273 1.135 1.358 1.899 2.135 1.826 2.224 2.117 
1.783 1.15 1.082 0.936 0.848 0.735 0.7 0.688 0.6 0.615 
0.617 0.528 0.499 0.588 0.591 0.507 0.547 0.618 0.587 0.497 
0.55 0.53 0.504 0.54 0.55 0.5 0.577 0.531 0.549 0.619 
0.604 0.513 0.569 0.643 0.629 0.594 0.734 0.762 0.793 0.739 
0.935 1.012 0.925 0.764 0.989 0.938 0.764 0.662 0.773 0.774 
0.525 0.597 0.655 0.617 0.552 0.634 0.808 0.64 0.667 0.749 
0.915 0.725 0.784 0.889 0.928 0.923 0.968 1.002 1.068 1.051 
1.087 1.005 1.043 1.072 1.071 1.018 0.963 1.005 0.973 0.953 
0.981 1.052 1.006 0.988 1.013 0.898 0.886 0.804 0.902 0.888 
0.82 0.86 0.852 0.867 0.873 0.82 0.843 0.913 0.832 0.857 
0.975 0.997 0.868 1.051 1.486 1.427 1.582 2.259 2.48 1.959 
2.31 1.774 1.222 1.132 1.063 0.838 0.719 0.764 0.727 0.603 
0.63 0.812 0.701 0.577 0.779 0.915 0.703 0.774 1.303 1.038 
1.414 0.722 1.0 0.632 0.801 0.619 0.845 1.29 1.445 1.505 
1.348 1.736 1.968 3.99 4.512 4.547 1.785 1.077 0.728 0.654 
0.635 0.647 0.728 0.784 0.955 0.781 0.83 0.814 1.328 1.306 
1.731 1.696 2.246 2.25 2.482 1.626 0.91 0.7 0.651 0.698 
0.772 0.699 0.733 0.639 0.63 0.524 0.618 0.654 0.689 0.541 
0.552 0.485 0.5 0.469 0.514 0.598 0.713 0.813 0.714 0.593 
0.559 0.526 0.601 0.611 0.617 0.558 0.634 0.638 0.64 0.615 
0.681 0.635 0.65 0.801 0.788 1.044 0.939 0.936 0.883 0.7 
0.742 0.759 0.828 0.791 0.851 0.863 0.791 0.932 1.005 0.999 
1.123 0.912 0.762 0.81 0.772 0.584 0.651 0.687 0.627 0.657 
0.64 0.673 0.926 1.096 1.137 0.875 0.758 0.808 0.731 0.829 
0.649 0.714 0.683 0.674 0.611 0.647 0.61 0.711 0.585 0.671 
0.696 0.695 1.137 1.059 1.115 0.893 1.06 0.922 1.014 0.888 
0.734 0.834 0.817 0.695 0.681 0.784 0.767 0.728 0.876 0.764 
0.855 1.04 1.055 0.959 1.14 1.444 1.181 1.562 1.187 1.293 
0.841 0.847 0.906 0.77 0.791 0.831 0.905 0.883 0.827 0.928 
0.888 0.859 0.928 1.021 1.064 0.789 0.745 0.758 0.735 0.642 
0.668 0.665 0.655 0.686 0.683 0.701 0.711 0.731 0.727 0.653 
0.694 0.562 0.568 0.528 0.539 0.667 0.763 0.831 1.279 1.496 
2.266 2.127 3.021 3.164 2.33 1.954 1.59 1.546 1.211 0.956 
1.088 0.982 0.846 0.817 0.941 0.88 0.804 0.81 1.002 0.998 
0.665 0.607 0.505 0.444 0.475 0.5 0.744 0.9 1.425 1.266 
1.745 1.309 0.897 1.126 1.239 0.695 0.646 0.548 0.512 0.48 
0.515 0.499 0.583 0.559 0.55 0.58 0.556 0.545 0.62 0.596 
0.634 0.731 0.802 1.327 1.326 1.17 2.281 2.915 3.263 2.917 
2.171 1.321 1.265 3.519 2.63 2.641 2.843 6.112 8.078 6.171 
11.009 12.962 14.13 14.143 15.0 15.0 
END
