PFRMAT local QA
AUTHOR LAW-CASP14
af2-standard_T1104_4.pdb local_accuracy_only 4.994 2.948 3.073 2.487 2.223 2.344 2.252 2.314 2.309 2.369 2.115 
2.22 2.264 2.078 2.162 2.188 2.005 2.184 2.567 2.72 2.92 
2.579 2.583 2.316 2.352 2.365 2.142 2.002 1.94 1.861 1.803 
1.816 1.835 1.9 1.864 2.05 2.102 2.092 1.933 1.921 2.075 
2.096 2.167 2.272 2.565 2.541 2.561 3.149 3.49 4.098 4.05 
4.82 3.945 4.026 2.713 3.555 3.118 3.149 3.4 3.506 3.439 
3.585 3.75 3.986 4.021 4.448 4.583 3.871 3.958 3.508 3.416 
3.168 2.724 2.667 2.546 2.409 2.335 2.505 2.505 2.322 2.567 
2.287 2.464 2.646 2.383 2.268 2.76 3.059 2.959 2.94 3.487 
3.761 3.642 4.022 4.73 4.735 4.282 4.267 4.437 3.941 3.479 
2.621 3.213 2.896 2.862 2.621 2.159 2.425 2.114 1.959 1.992 
2.054 1.989 2.015 2.105 2.017 2.069 
END
