PFRMAT local QA
AUTHOR MASS-CASP14
af2-standard_T1104_4.pdb local_accuracy_only 8.738 4.966 4.056 3.639 3.614 2.635 2.282 2.379 2.379 1.944 1.855 
1.928 1.964 1.763 2.057 2.032 2.154 2.369 2.871 3.312 3.312 
2.635 2.575 2.752 2.907 2.934 2.455 2.725 2.122 1.947 1.659 
1.835 2.307 2.351 1.908 2.112 2.203 2.717 2.198 1.705 2.095 
2.021 1.946 2.14 2.751 3.034 3.16 3.515 4.567 4.9 5.12 
5.41 5.837 6.117 5.643 5.574 6.001 5.767 5.643 4.432 4.461 
5.668 5.62 4.616 5.588 5.33 5.192 4.471 3.933 4.093 4.275 
3.67 2.883 3.313 3.428 3.313 3.369 3.997 3.927 3.554 2.669 
2.14 2.208 2.139 1.713 1.635 1.937 1.905 1.851 1.475 1.585 
1.765 1.894 2.012 2.568 2.758 2.695 2.92 3.252 2.991 2.102 
1.917 1.557 1.398 1.162 1.286 1.256 1.349 1.299 1.239 1.334 
1.423 1.626 1.97 2.086 2.255 2.915 
END
