PFRMAT local QA
AUTHOR MASS-CASP14
af2-standard_T1195_4.pdb local_accuracy_only 8.53 5.044 3.415 3.11 2.298 1.993 1.9 1.697 1.977 2.536 2.617 
1.947 1.6 1.576 1.499 1.718 1.672 1.663 1.525 1.821 2.058 
2.382 2.464 1.945 1.805 1.657 1.284 1.168 1.272 1.425 1.448 
1.983 2.636 2.385 1.79 1.393 1.24 1.079 1.119 1.124 1.02 
1.243 1.515 1.99 2.246 2.107 2.2 2.414 2.374 2.0 1.844 
2.087 1.877 1.578 1.763 1.882 1.81 1.457 1.816 1.679 1.402 
1.663 1.733 1.739 1.946 1.549 1.473 1.138 1.09 1.141 1.311 
1.186 1.268 1.195 1.366 1.516 2.076 2.755 3.155 2.028 1.51 
1.265 1.11 0.904 0.96 1.013 1.122 1.248 1.726 1.858 1.457 
1.207 1.136 1.48 1.48 1.467 1.456 1.858 2.274 2.501 2.978 
3.008 2.677 2.089 1.784 1.523 1.674 1.513 1.229 1.345 1.422 
1.181 1.203 1.258 1.222 1.134 1.13 1.293 1.121 1.073 1.181 
1.109 1.027 1.186 1.328 1.258 1.289 1.144 1.258 1.331 1.545 
1.526 1.244 1.066 1.311 1.367 1.29 1.117 1.255 1.305 1.899 
2.986 3.228 2.814 2.037 1.528 1.301 1.398 1.427 1.771 1.546 
1.962 1.928 2.596 3.228 3.62 4.587 5.154 5.605 5.186 6.26 
7.488 8.815 7.326 7.637 7.069 6.12 5.39 4.296 5.189 4.091 
2.705 2.124 1.672 1.539 1.481 1.326 1.431 1.5 1.375 1.37 
1.632 1.893 2.548 3.226 3.791 2.903 2.213 1.629 1.435 1.354 
1.333 1.115 0.272 0.0 0.0 0.0 0.0 0.0 0.0 0.0 
0.0 0.0 0.002 0.917 1.279 1.647 1.953 1.837 1.745 1.718 
1.78 2.116 2.501 2.458 2.928 2.404 2.442 2.101 1.992 1.509 
1.709 1.655 1.52 1.424 1.662 1.62 1.865 1.58 1.456 1.663 
1.7 1.651 1.499 1.837 1.597 1.305 1.455 1.765 1.73 1.404 
1.503 1.536 1.509 1.449 1.454 1.412 1.209 1.222 1.371 1.335 
1.084 1.068 1.318 1.573 1.652 2.05 2.259 2.027 1.776 1.733 
1.916 1.586 1.906 1.918 1.697 1.779 1.945 1.944 1.652 1.972 
1.94 1.847 2.231 2.437 2.671 2.444 2.69 3.974 
END
