PFRMAT local QA
AUTHOR LAW-CASP14
af2-standard_T1195_4.pdb local_accuracy_only 7.695 6.331 2.214 1.631 1.746 0.869 0.886 0.768 1.081 1.226 1.264 
1.069 0.949 0.947 0.786 0.867 0.864 0.905 0.948 1.153 1.586 
1.99 2.396 1.538 0.955 0.93 0.731 0.72 0.688 0.718 0.875 
0.91 1.208 0.958 0.727 0.59 0.576 0.543 0.57 0.638 0.72 
1.096 1.509 2.923 4.52 3.851 4.195 4.052 3.848 3.08 3.014 
2.515 2.04 1.676 1.706 1.459 1.193 0.992 1.367 1.016 0.978 
0.893 1.433 0.859 1.147 0.773 0.747 0.562 0.662 0.641 0.798 
0.646 0.669 0.582 0.611 0.695 0.869 1.102 1.114 0.935 0.717 
0.562 0.519 0.538 0.549 0.615 0.613 0.734 1.015 0.877 0.736 
0.571 0.54 0.642 0.788 0.97 0.837 0.952 1.326 1.81 2.783 
2.455 2.846 1.274 1.109 0.933 0.881 0.802 0.664 0.698 0.668 
0.58 0.555 0.614 0.542 0.503 0.528 0.555 0.546 0.519 0.616 
0.656 0.595 0.629 0.761 0.735 0.702 0.655 0.572 0.519 0.571 
0.572 0.499 0.508 0.485 0.515 0.498 0.506 0.573 0.649 0.809 
1.152 1.129 0.85 0.735 0.537 0.575 0.517 0.563 0.6 0.591 
0.785 0.937 0.882 1.691 1.804 2.054 3.606 3.625 3.368 4.86 
6.383 7.042 6.126 5.956 4.75 3.648 2.975 1.413 2.374 2.341 
0.82 0.845 0.666 0.538 0.575 0.549 0.667 0.638 0.614 0.67 
0.704 0.975 0.997 1.279 1.7 1.26 0.823 0.593 0.57 0.541 
0.54 0.528 0.502 0.49 0.473 0.513 0.465 0.489 0.48 0.496 
0.479 0.525 0.553 0.567 0.552 0.603 0.653 0.683 0.683 0.624 
0.765 0.935 1.248 1.187 1.534 1.295 1.231 1.136 1.086 0.939 
0.879 0.898 0.829 0.744 0.76 0.802 0.794 0.816 0.779 0.728 
0.6 0.737 0.709 0.788 0.743 0.689 0.779 1.019 1.087 0.803 
0.868 0.8 0.771 0.698 0.714 0.713 0.632 0.527 0.63 0.601 
0.503 0.539 0.587 0.621 0.677 0.623 0.656 0.676 0.547 0.568 
0.559 0.567 0.638 0.628 0.586 0.629 0.708 0.71 0.693 0.806 
0.921 0.866 0.952 1.192 1.331 1.273 1.625 1.758 
END
