PFRMAT local QA
AUTHOR MASS-CASP14
af2-standard_T1182_1.pdb local_accuracy_only 15.0 15.0 15.0 15.0 15.0 15.0 15.0 15.0 15.0 15.0 15.0 
15.0 15.0 15.0 15.0 12.836 13.443 12.633 11.813 10.566 8.571 
9.131 7.663 6.154 3.807 2.748 1.616 1.553 1.248 1.171 1.187 
1.362 1.231 0.914 1.241 1.924 2.107 1.454 1.42 1.401 1.263 
1.328 1.42 1.546 1.359 1.265 1.496 1.646 1.598 1.785 2.253 
2.563 2.193 2.451 2.853 2.553 2.427 2.16 2.286 2.123 1.901 
2.222 2.127 1.728 1.796 2.208 2.532 3.089 3.029 2.624 2.732 
2.653 3.401 3.9 4.591 3.546 3.706 3.649 3.063 2.207 2.322 
2.23 1.988 1.757 1.495 1.396 1.525 1.508 1.33 1.277 1.208 
1.342 1.23 1.317 1.355 1.394 1.196 1.153 1.208 1.33 1.356 
1.26 1.139 1.06 1.169 1.255 1.266 1.5 1.797 2.43 2.858 
3.328 4.411 4.973 6.825 7.716 8.173 9.36 9.5 9.861 7.213 
6.219 5.46 5.694 5.858 8.41 8.747 9.313 10.126 11.584 11.754 
13.608 11.221 10.333 10.51 10.647 9.393 10.222 10.832 11.228 11.299 
9.352 6.102 5.698 4.067 3.47 2.706 2.602 2.364 2.293 2.279 
2.501 2.875 3.217 2.704 3.256 3.155 3.126 2.517 2.059 1.852 
2.021 1.628 1.359 1.496 1.708 2.018 2.071 2.649 3.277 3.915 
4.586 4.146 2.894 2.152 1.902 1.522 1.164 1.215 1.138 1.143 
1.261 1.262 1.371 1.552 1.819 1.446 1.096 1.271 1.383 1.605 
1.115 1.098 0.977 1.129 1.475 2.103 2.049 1.793 1.459 1.348 
1.329 1.335 1.143 1.309 1.459 1.415 1.717 1.91 2.129 1.86 
1.419 1.199 1.133 1.145 1.144 1.201 1.254 1.502 1.83 2.537 
2.613 3.253 2.971 3.664 4.089 4.972 4.75 5.02 6.929 8.48 
10.625 8.93 12.207 11.438 13.046 12.507 14.544 12.458 8.638 5.439 
3.541 2.37 1.739 2.119 1.936 1.545 1.679 1.925 2.0 2.425 
2.906 4.155 5.351 5.921 5.026 5.747 7.197 6.614 4.622 3.411 
2.265 1.959 1.917 2.143 2.282 1.861 1.817 1.957 2.388 3.284 
3.568 3.945 3.935 2.875 2.018 2.357 2.14 1.574 1.554 1.517 
1.675 1.486 1.869 2.368 2.537 2.318 2.648 2.823 3.415 4.397 
5.917 5.494 6.011 6.013 6.93 6.128 5.211 4.204 3.684 4.076 
5.102 6.43 6.344 4.203 3.245 2.577 2.643 2.388 2.462 2.453 
2.367 2.013 1.93 2.665 2.473 2.32 2.743 3.008 3.363 2.765 
2.179 1.725 1.359 1.449 1.464 1.623 1.783 1.554 1.343 1.44 
1.614 1.441 1.328 1.347 1.325 1.273 1.233 1.425 1.402 1.364 
1.453 1.509 1.591 1.635 1.678 1.615 1.535 1.596 1.622 1.476 
1.541 1.929 2.246 2.516 2.375 2.679 2.664 3.159 3.02 3.106 
3.11 3.046 2.591 2.171 2.309 2.755 2.461 2.053 2.113 2.123 
2.148 2.251 2.018 1.562 1.378 1.623 1.519 1.241 1.22 1.29 
1.768 1.885 1.976 1.708 1.596 1.466 1.461 1.363 1.611 1.655 
1.506 1.436 1.454 1.452 1.614 1.822 1.946 1.873 1.811 1.918 
1.914 1.993 2.086 2.231 2.431 2.943 3.594 4.068 3.721 4.097 
4.354 4.395 5.794 5.936 7.976 7.028 6.219 4.706 3.086 3.039 
3.292 2.944 2.441 2.576 2.685 2.868 2.856 3.256 3.511 4.079 
3.823 4.033 4.035 3.586 3.07 2.542 2.385 2.2 2.53 2.706 
3.225 3.628 3.558 3.145 2.654 1.916 1.629 1.429 1.225 1.401 
1.555 1.781 1.704 1.891 1.951 2.15 2.021 1.966 1.714 1.477 
1.141 1.165 1.262 1.295 1.625 1.744 1.553 1.44 1.365 1.123 
1.154 1.191 1.409 1.422 1.939 2.947 3.181 3.526 3.527 3.128 
3.487 2.884 2.432 2.818 2.837 3.071 3.829 2.834 2.56 2.572 
2.375 2.074 2.059 2.321 2.012 2.065 1.835 1.718 1.725 1.871 
2.069 2.332 2.772 3.149 3.561 3.679 3.998 3.837 3.899 3.822 
2.95 2.71 2.389 2.602 2.593 3.098 2.965 2.787 2.88 2.929 
3.184 2.724 2.987 3.329 2.574 2.695 3.052 3.449 3.562 3.256 
3.348 3.073 2.92 2.876 2.914 2.992 3.071 3.209 3.375 3.615 
4.622 5.098 5.604 
END
