PFRMAT local QA
AUTHOR LAW-CASP14
af2-standard_T1182_1.pdb local_accuracy_only 15.0 15.0 15.0 15.0 15.0 15.0 15.0 15.0 15.0 15.0 15.0 
15.0 15.0 15.0 15.0 15.0 15.0 14.7 10.106 11.86 7.988 
5.832 4.806 4.043 1.953 2.298 1.736 1.646 1.278 1.284 1.038 
1.105 1.045 0.918 0.994 1.029 1.116 1.008 0.98 1.109 1.064 
0.953 1.026 1.055 1.099 0.974 1.072 1.279 1.272 1.267 1.32 
1.526 1.251 1.649 1.583 1.635 1.572 1.441 1.215 0.982 0.969 
1.102 1.223 1.279 1.229 1.488 1.733 2.137 1.897 1.51 2.17 
2.102 2.164 2.528 3.069 2.571 1.988 1.976 1.618 1.369 1.306 
1.1 1.064 0.815 0.761 0.692 0.744 0.79 0.692 0.691 0.762 
0.766 0.74 0.717 0.757 0.716 0.735 0.727 0.891 0.855 0.89 
0.882 0.881 0.973 1.134 1.437 1.478 1.682 2.03 2.121 1.995 
2.575 3.738 3.691 4.827 5.421 5.796 6.062 5.148 5.57 3.201 
2.489 1.396 2.159 6.111 5.877 6.103 6.651 6.929 8.782 5.684 
9.193 8.443 7.205 6.496 4.894 5.37 3.617 3.284 4.998 4.754 
5.517 4.943 3.342 2.13 1.684 1.445 1.42 1.361 1.339 1.095 
1.248 1.392 1.441 1.132 1.234 1.605 1.704 1.078 1.182 0.91 
1.327 1.272 1.108 1.215 1.582 2.526 1.693 2.036 3.396 3.997 
5.038 5.808 5.714 3.274 1.676 1.462 1.169 1.239 1.266 1.106 
1.21 1.077 1.104 1.178 1.298 1.148 1.041 1.129 0.979 0.898 
0.885 0.76 0.813 0.904 1.118 1.357 1.425 1.019 0.786 0.707 
0.687 0.734 0.845 1.064 1.133 1.162 1.357 1.489 1.445 1.386 
1.478 1.275 1.371 1.03 0.884 0.778 0.748 0.767 0.831 0.883 
0.877 0.883 0.909 1.153 1.559 1.599 2.503 3.055 4.03 2.677 
3.176 1.982 2.304 2.284 3.552 4.256 4.644 6.848 5.294 3.938 
2.539 1.409 1.017 1.003 1.032 1.084 1.23 1.217 1.215 1.251 
1.522 1.751 2.384 2.34 2.811 2.83 3.018 3.667 3.495 2.565 
2.538 2.055 2.683 3.253 2.518 2.296 1.588 1.678 1.732 2.004 
3.442 3.218 3.772 3.878 2.901 3.367 1.639 1.54 1.286 1.661 
1.731 1.371 2.543 4.816 4.251 8.284 9.209 9.929 10.749 13.119 
13.652 12.206 11.179 8.858 9.219 9.679 9.092 9.168 8.908 9.089 
9.48 10.6 11.097 9.93 9.467 6.603 3.587 2.791 2.22 2.025 
2.325 1.416 1.506 1.626 1.242 1.179 1.705 3.66 3.493 3.318 
2.19 2.268 1.297 1.122 0.998 0.935 0.835 0.83 0.807 0.846 
0.787 0.768 0.81 0.87 0.87 0.773 0.767 0.866 0.735 0.706 
0.704 0.709 0.664 0.702 0.747 0.732 0.709 0.806 0.869 0.919 
0.944 1.021 1.039 1.11 1.091 1.002 1.139 1.155 1.072 1.104 
1.415 1.615 1.721 1.502 1.334 1.503 1.485 1.179 1.465 1.519 
1.369 1.565 1.482 1.287 1.166 1.308 1.211 0.971 1.036 0.83 
1.015 1.245 0.967 0.986 1.525 1.349 1.009 1.374 1.858 1.092 
1.162 1.462 1.41 0.987 1.248 1.295 1.265 1.122 1.351 1.384 
1.323 1.525 1.596 1.678 1.812 1.905 2.104 2.526 2.606 3.754 
3.365 2.28 2.913 2.388 4.237 3.034 3.529 2.157 1.621 1.605 
1.561 1.288 1.074 1.373 1.456 1.208 1.166 1.779 1.973 1.364 
1.528 1.752 1.886 1.23 1.288 0.935 1.117 1.046 1.388 1.227 
1.416 1.837 1.999 1.732 1.451 1.226 1.201 1.152 1.314 1.1 
1.479 1.226 1.167 1.269 1.332 0.989 1.09 1.212 0.864 0.804 
0.734 0.821 0.817 0.862 0.936 0.782 0.92 0.836 0.858 0.773 
0.724 0.77 0.775 0.876 1.255 1.73 1.994 2.299 1.583 1.168 
1.816 1.418 1.007 1.502 1.097 1.348 1.275 1.237 1.031 1.207 
1.334 1.296 1.057 1.415 1.978 1.765 1.715 5.556 5.556 1.399 
3.711 3.485 2.0 2.311 1.795 2.533 1.831 2.755 3.246 2.68 
1.611 1.655 2.133 2.33 2.341 3.346 2.995 3.724 5.071 7.19 
8.813 8.502 8.914 7.123 7.169 8.121 8.939 9.576 9.177 4.062 
2.701 1.818 1.446 1.463 1.302 1.548 1.768 1.689 1.568 1.938 
2.504 2.174 2.138 
END
