PFRMAT local QA
AUTHOR LAW-CASP14
af2-standard_T1188_1.pdb local_accuracy_only 15.0 15.0 15.0 15.0 15.0 15.0 15.0 15.0 15.0 15.0 15.0 
15.0 15.0 15.0 15.0 15.0 15.0 15.0 15.0 13.867 9.781 
7.422 5.422 2.027 1.184 0.941 0.606 0.626 0.539 0.564 0.606 
0.624 0.757 0.834 1.036 1.147 1.374 1.535 2.347 2.732 1.462 
1.822 1.859 1.326 1.378 1.164 1.291 1.225 1.04 0.87 0.763 
0.817 0.717 0.621 0.604 0.521 0.521 0.504 0.55 0.559 0.658 
0.597 0.676 0.774 0.812 0.914 0.86 0.768 0.846 0.805 0.84 
0.851 0.898 1.048 1.143 1.207 1.094 1.059 1.253 1.437 1.365 
1.913 1.811 3.421 2.923 4.061 3.205 2.103 1.665 1.71 1.478 
1.483 1.646 1.307 1.309 1.114 1.049 1.01 1.052 1.1 0.973 
1.171 1.169 1.104 0.892 1.277 1.085 0.918 0.956 0.859 0.675 
0.618 0.561 0.544 0.543 0.54 0.574 0.639 0.64 0.78 1.348 
0.971 0.895 1.31 1.069 0.872 0.933 0.96 0.858 0.716 0.817 
0.893 0.891 0.944 0.85 0.751 0.862 0.776 0.7 0.65 0.688 
0.679 0.645 0.7 0.793 0.844 0.685 0.898 1.138 1.003 0.983 
0.634 0.644 0.584 0.522 0.546 0.535 0.596 0.59 0.65 0.735 
0.701 0.849 0.873 1.152 1.147 1.412 1.525 2.272 3.403 7.597 
5.671 4.786 5.079 3.361 2.623 1.821 1.561 1.373 1.345 1.211 
0.927 0.93 0.893 0.821 0.717 0.719 0.744 0.663 0.604 0.737 
0.733 0.642 0.695 0.794 0.815 0.682 0.777 0.875 0.797 0.716 
0.91 0.936 0.885 0.965 1.088 1.077 1.095 1.218 1.047 1.008 
0.737 0.635 0.554 0.515 0.494 0.531 0.523 0.674 0.737 1.016 
1.035 1.189 0.911 0.902 1.021 0.939 0.852 0.826 0.913 0.973 
1.105 1.013 0.872 0.804 1.035 0.845 0.643 0.617 0.559 0.507 
0.511 0.51 0.574 0.644 0.682 0.64 0.704 0.768 0.808 1.325 
1.476 1.191 1.705 1.272 0.989 0.863 0.664 0.665 0.683 0.815 
0.737 0.877 1.331 1.246 2.179 3.454 2.683 3.097 2.877 2.824 
1.361 2.127 1.417 1.165 0.932 0.753 0.84 1.0 0.875 0.802 
0.908 0.952 0.905 0.952 1.04 1.077 1.012 0.879 0.822 0.939 
0.887 0.66 0.598 0.544 0.56 0.605 0.611 0.663 0.673 0.661 
0.677 0.702 0.819 0.907 1.249 1.249 1.184 1.62 1.807 3.11 
2.428 3.388 2.62 3.318 2.533 1.364 2.036 1.367 1.573 1.733 
1.663 1.888 1.486 2.054 3.381 3.381 3.923 8.159 7.464 9.165 
11.99 14.614 11.716 7.36 3.766 2.186 1.601 1.49 2.239 2.559 
2.259 4.445 5.149 5.961 8.269 9.752 6.601 8.069 6.8 7.369 
4.881 2.602 1.329 1.061 1.071 1.094 0.896 0.764 1.075 1.339 
1.407 2.1 2.392 2.102 2.356 2.901 2.863 2.189 2.736 1.864 
1.26 1.158 0.916 0.841 0.799 0.733 0.747 1.004 0.766 0.709 
0.627 0.646 0.609 0.755 0.879 1.179 1.605 1.749 1.428 1.078 
0.952 0.787 0.629 0.603 0.598 0.627 0.633 0.802 0.694 0.636 
0.728 0.854 0.753 0.689 0.878 0.965 1.038 0.921 1.316 1.541 
1.787 1.472 0.945 0.753 0.681 0.59 0.559 0.651 0.657 0.718 
0.753 0.961 0.796 0.947 1.037 1.665 1.889 3.07 2.507 2.267 
1.491 1.266 1.134 1.188 0.914 0.935 1.065 1.072 0.945 1.017 
1.402 1.197 1.038 1.413 1.65 1.838 1.79 1.517 0.943 1.129 
1.032 1.158 1.266 1.399 1.392 1.49 1.393 1.726 2.032 2.114 
1.632 1.699 1.733 2.784 6.74 9.61 15.0 15.0 15.0 15.0 
15.0 15.0 15.0 15.0 15.0 15.0 15.0 13.45 10.097 5.43 
3.019 2.453 2.219 2.504 2.17 2.323 4.804 10.97 11.117 9.931 
8.409 5.566 2.928 1.439 3.336 8.134 3.646 2.779 7.677 8.683 
9.158 9.104 7.813 3.735 3.614 3.161 4.75 4.478 2.06 1.702 
1.583 1.398 1.652 3.193 4.596 7.669 11.584 14.013 15.0 15.0 
15.0 13.032 13.017 14.887 10.293 9.401 9.348 7.776 7.998 3.578 
2.915 2.648 3.285 2.73 2.077 3.202 2.267 2.907 4.412 6.828 
7.147 8.958 9.932 10.879 11.854 9.397 7.15 7.952 5.379 4.987 
3.321 3.08 3.054 2.775 3.306 6.403 7.016 12.748 15.0 15.0 
15.0 15.0 15.0 15.0 15.0 15.0 12.349 9.874 5.646 7.249 
1.881 1.635 1.328 1.039 0.993 1.051 1.092 1.235 1.301 1.21 
1.995 3.365 1.947 1.617 1.353 1.179 1.269 1.407 1.118 0.956 
0.973 0.961 1.134 1.408 2.856 11.241 13.865 15.0 15.0 15.0 
15.0 15.0 15.0 15.0 15.0 15.0 15.0 15.0 15.0 15.0 
15.0 15.0 15.0 15.0 15.0 15.0 15.0 15.0 15.0 15.0 
15.0 15.0 15.0 15.0 15.0 15.0 15.0 15.0 15.0 
END
