PFRMAT local QA
AUTHOR MASS-CASP14
af2-standard_T1188_1.pdb local_accuracy_only 13.878 12.639 11.735 10.958 10.689 11.974 12.363 12.231 11.923 13.273 14.385 
15.0 15.0 15.0 15.0 14.657 14.22 15.0 15.0 14.905 13.173 
9.322 6.152 4.028 2.785 1.744 1.273 1.108 0.891 0.691 0.766 
0.869 1.086 1.211 1.15 1.38 1.452 1.667 2.398 2.687 2.49 
2.509 2.11 1.69 1.843 1.931 1.885 1.888 1.591 1.855 2.162 
2.124 1.624 1.222 1.313 1.13 0.969 0.914 0.939 1.046 0.953 
1.017 1.09 1.086 1.412 1.795 1.811 1.714 1.607 1.521 1.494 
1.489 2.013 2.412 2.805 3.068 2.927 2.667 2.888 3.048 2.84 
2.823 2.95 3.077 3.122 3.165 2.892 1.993 2.264 2.397 2.344 
2.25 2.27 2.213 1.78 1.637 1.294 1.372 1.556 1.557 1.474 
1.582 1.653 1.392 1.785 1.891 2.007 1.921 2.345 1.762 1.727 
1.361 1.269 1.23 1.117 1.106 1.13 1.222 1.372 1.778 2.417 
2.836 3.147 3.521 2.687 1.917 2.018 1.868 1.413 1.34 1.551 
1.522 1.515 1.793 1.465 1.365 1.473 1.352 1.242 1.127 1.26 
1.229 1.212 1.178 1.349 1.009 1.355 1.738 1.763 1.936 1.816 
1.496 1.489 1.24 1.304 1.141 1.219 1.349 1.373 1.737 2.144 
2.691 2.919 3.418 3.494 3.422 3.845 4.389 4.436 5.286 4.781 
4.854 5.564 6.549 6.167 6.126 5.511 4.894 4.229 4.24 4.06 
2.76 2.641 2.719 2.447 1.986 1.87 2.094 1.778 1.583 1.682 
1.677 1.549 1.37 1.562 1.488 1.329 1.557 1.717 1.641 1.546 
1.791 1.761 1.869 2.073 2.162 2.41 2.355 2.592 2.267 1.959 
1.508 0.997 0.751 0.462 1.036 1.574 1.334 1.985 2.398 2.453 
2.405 2.526 2.266 2.137 2.779 2.796 3.036 2.332 2.301 1.986 
1.864 1.573 1.234 1.213 1.41 1.428 1.31 1.228 1.331 1.309 
1.262 1.348 1.69 1.824 1.978 2.436 2.677 3.136 4.318 5.496 
5.593 6.656 6.196 6.938 7.314 6.661 5.676 4.939 5.094 4.17 
3.652 3.808 3.445 4.057 4.676 4.625 4.536 5.129 5.301 5.31 
3.883 3.498 3.685 2.532 1.783 1.524 1.654 1.716 1.338 1.203 
1.207 1.287 1.109 1.397 1.794 1.829 1.677 1.46 1.318 1.246 
1.274 1.116 0.974 0.932 1.03 1.187 1.336 1.311 1.385 1.314 
1.417 1.327 1.493 1.461 1.908 2.267 2.515 3.531 4.35 5.253 
5.124 4.778 5.415 5.424 6.121 5.709 6.178 5.987 6.175 5.613 
5.989 6.813 6.884 6.68 8.397 7.701 7.684 6.884 7.206 6.28 
5.588 5.366 4.976 4.666 4.67 4.299 4.263 3.842 3.798 3.368 
3.217 3.365 3.063 2.786 2.512 2.553 2.443 2.467 2.846 2.47 
2.625 2.597 2.404 2.234 1.759 1.674 1.579 1.689 1.91 1.948 
1.942 2.374 2.211 2.057 2.454 2.569 2.482 2.403 2.544 2.148 
1.704 1.792 1.661 1.537 1.552 1.673 1.674 1.659 1.291 1.119 
1.294 1.279 1.18 1.068 1.278 1.645 2.583 3.041 2.36 1.782 
1.209 0.012 0.0 0.0 0.0 0.044 0.878 1.162 1.276 1.18 
1.202 1.261 1.363 1.276 1.369 1.371 1.301 1.186 1.675 2.209 
1.829 1.61 1.341 0.034 0.0 0.0 0.0 0.002 0.118 0.856 
1.097 1.089 1.239 1.403 1.767 2.351 2.979 3.709 3.768 3.296 
2.847 2.534 2.678 1.996 1.641 1.685 1.852 1.66 1.412 1.343 
1.646 1.683 1.648 1.639 1.97 2.25 2.42 2.391 2.081 2.433 
2.35 2.185 2.41 2.478 2.57 2.835 3.274 3.147 2.698 2.001 
1.651 1.524 1.444 1.337 1.365 1.375 1.711 1.753 2.829 3.276 
5.022 4.566 4.775 4.521 3.488 2.18 1.509 1.365 1.286 0.964 
1.017 0.931 1.134 1.397 1.818 2.811 4.128 6.83 8.6 8.041 
6.966 6.876 5.98 4.797 4.515 5.891 5.048 4.965 5.436 6.543 
7.173 7.114 5.062 3.694 2.83 2.828 2.914 2.577 2.632 2.354 
2.471 2.366 3.079 3.646 4.185 4.357 3.481 3.176 2.602 2.927 
3.411 3.669 3.965 3.77 4.142 3.924 4.272 4.525 3.608 3.575 
3.83 4.034 3.911 2.798 2.067 1.66 1.308 1.315 1.417 1.375 
1.728 1.838 1.962 2.613 2.713 2.643 2.2 1.839 1.6 1.812 
2.005 1.693 1.467 1.421 1.38 1.37 1.323 1.218 1.124 1.261 
1.58 2.0 2.882 3.3 4.019 4.14 3.852 3.408 3.427 2.725 
1.977 1.92 1.446 1.09 1.012 1.04 1.098 1.119 1.224 1.346 
2.152 2.642 2.747 2.052 1.926 1.678 1.502 1.465 1.401 1.429 
1.198 1.038 1.107 1.54 2.072 3.345 3.947 5.164 6.16 8.694 
13.468 15.0 15.0 15.0 15.0 15.0 15.0 15.0 15.0 15.0 
15.0 15.0 15.0 15.0 15.0 15.0 15.0 15.0 15.0 15.0 
15.0 15.0 15.0 15.0 15.0 15.0 15.0 15.0 15.0 
END
