PFRMAT local QA
AUTHOR MASS-CASP14
af2-standard_T1105_5.pdb local_accuracy_only 5.843 3.651 2.797 2.896 2.569 1.658 1.848 1.633 1.406 1.164 1.174 
1.251 1.095 1.058 1.119 1.321 1.372 1.602 2.114 2.343 2.208 
2.006 1.437 1.152 1.099 0.965 1.02 1.206 1.291 1.148 0.792 
0.002 0.004 0.0 0.028 1.066 1.144 1.093 1.272 1.531 1.541 
1.498 1.379 1.482 1.529 1.539 1.546 1.4 1.787 1.875 1.841 
1.639 1.592 1.628 2.12 2.629 2.419 2.038 1.856 1.658 1.394 
1.463 1.371 1.272 1.132 1.137 1.244 1.358 1.326 1.34 1.496 
1.32 1.43 1.477 1.727 1.794 2.563 3.151 2.828 1.816 1.559 
1.513 1.673 1.742 1.962 2.65 3.011 2.504 2.161 1.891 2.178 
1.919 1.553 1.47 1.289 1.112 1.29 1.296 1.164 1.063 1.142 
1.208 1.267 1.196 1.566 1.654 1.664 1.233 1.178 1.082 1.33 
1.25 1.24 1.247 1.077 1.009 1.226 1.313 1.038 1.151 1.301 
1.484 1.167 0.248 0.899 0.09 0.949 0.955 1.242 1.677 1.689 
2.04 1.705 1.38 1.636 1.563 1.545 1.572 1.409 1.33 1.257 
1.374 1.175 0.955 1.183 1.3 1.172 1.26 1.297 1.074 1.091 
1.543 1.846 1.644 1.607 1.608 1.55 1.407 1.293 1.559 1.465 
1.337 1.28 1.541 1.649 1.618 1.922 1.716 1.507 1.361 1.401 
1.431 1.181 1.179 1.392 1.316 1.142 1.328 1.342 1.352 1.215 
1.367 1.488 1.33 1.697 1.741 1.732 2.035 2.38 2.592 2.961 
3.33 2.1 1.469 1.234 1.167 1.17 1.164 1.197 1.218 1.217 
1.189 1.225 1.183 1.308 1.513 1.652 1.445 1.496 1.871 2.03 
1.9 2.029 2.266 2.45 2.742 2.433 3.119 3.069 2.54 3.121 
2.414 2.073 2.432 2.02 1.591 1.585 1.763 1.69 1.858 1.864 
1.978 2.07 1.611 1.377 1.453 1.231 1.388 1.54 1.84 1.794 
1.737 1.376 1.239 1.185 1.199 1.294 1.564 1.617 1.378 1.387 
1.706 1.615 1.503 1.72 1.842 1.835 1.968 1.69 1.457 1.735 
1.879 1.422 1.225 1.224 1.237 1.077 1.03 1.072 0.959 0.912 
1.049 1.066 1.123 1.141 1.167 0.311 0.254 0.068 1.376 1.322 
1.535 1.583 1.449 1.304 1.559 1.923 1.984 2.158 1.979 1.763 
1.695 1.441 1.324 1.323 1.2 1.106 1.416 1.429 1.495 1.504 
1.772 2.289 2.673 3.294 3.139 3.967 4.652 5.57 6.329 6.358 
5.62 4.695 4.709 3.874 4.266 4.14 3.423 3.186 2.532 2.09 
1.963 1.996 2.073 2.754 3.218 4.803 6.418 8.134 10.947 13.253 

END
