PFRMAT local QA
AUTHOR LAW-CASP14
af2-standard_T1105_5.pdb local_accuracy_only 8.26 4.721 4.432 4.365 2.79 0.986 1.729 0.768 0.848 0.62 0.655 
0.826 0.685 0.596 0.682 0.895 0.687 0.716 1.072 1.276 0.876 
0.983 0.74 0.631 0.744 0.686 0.901 0.998 1.316 1.01 0.892 
1.07 1.116 0.936 0.934 1.082 1.12 1.106 1.133 1.266 1.268 
1.316 1.258 1.304 1.124 1.191 1.396 1.153 1.3 1.058 1.106 
1.0 1.051 0.863 1.167 1.283 1.291 1.054 0.856 0.903 0.813 
0.75 0.724 0.733 0.714 0.726 0.734 0.745 0.731 0.828 0.86 
0.845 1.156 1.469 1.261 1.285 1.53 1.718 1.685 1.398 1.227 
1.146 1.048 1.468 1.195 2.491 2.237 1.877 1.448 1.086 1.115 
1.087 0.937 0.99 0.941 0.864 0.845 0.881 0.86 0.767 0.827 
0.838 0.851 0.828 0.961 0.999 1.038 0.974 0.874 0.764 0.798 
0.839 0.848 0.952 0.861 0.855 0.921 0.975 0.983 1.233 1.21 
1.332 1.224 1.105 1.203 1.313 0.968 0.99 1.115 1.239 1.232 
1.426 1.305 1.22 1.237 1.32 1.17 1.255 1.293 1.028 1.096 
1.133 1.053 0.887 0.966 1.038 0.884 0.896 0.968 0.978 0.908 
1.016 1.109 1.068 0.963 1.138 0.998 0.865 0.79 0.863 0.921 
0.795 0.86 0.904 0.84 0.795 0.893 1.079 0.902 0.804 0.827 
0.743 0.724 0.665 0.753 0.747 0.742 0.866 0.955 0.949 1.034 
1.241 1.822 0.919 1.069 0.892 0.931 0.865 1.551 0.986 2.6 
2.426 1.758 1.143 0.702 0.77 0.643 0.713 0.712 0.774 0.695 
0.685 0.713 0.691 0.692 0.769 0.77 0.822 1.001 1.043 0.973 
1.195 1.257 1.305 1.575 1.803 1.297 1.301 1.881 1.457 1.493 
1.259 1.033 1.008 0.984 0.803 0.74 0.686 0.699 0.588 0.672 
0.719 0.717 0.697 0.589 0.731 0.789 0.694 0.721 0.828 0.811 
0.841 0.782 0.688 0.739 0.724 0.847 0.943 0.945 0.793 0.901 
1.028 0.992 0.977 1.028 1.052 1.064 1.01 1.093 0.737 0.819 
0.914 0.774 0.627 0.607 0.539 0.576 0.539 0.505 0.49 0.523 
0.53 0.538 0.56 0.571 0.623 0.638 0.672 0.702 0.774 0.779 
0.798 0.881 0.936 0.966 1.033 1.224 1.133 1.219 1.172 1.129 
0.882 0.861 0.756 0.748 0.785 0.76 0.706 0.843 0.944 0.819 
0.896 1.125 1.161 1.004 1.513 1.655 1.708 2.679 2.788 2.417 
1.771 1.098 1.034 0.866 1.148 1.125 1.395 1.59 3.104 3.437 
2.762 5.038 8.243 8.264 10.161 9.529 9.954 10.252 10.546 11.509 

END
