PFRMAT local QA
AUTHOR LAW-CASP14
af2-standard_T1165_2.pdb local_accuracy_only 15.0 15.0 15.0 15.0 15.0 15.0 15.0 15.0 15.0 15.0 15.0 
15.0 14.976 13.724 12.416 10.323 10.632 8.236 4.713 3.526 2.336 
1.907 1.554 1.539 1.447 1.212 1.315 1.245 1.142 1.163 1.145 
1.183 1.143 1.06 1.064 1.207 1.172 1.067 1.275 1.462 1.564 
1.814 2.28 1.742 2.052 1.678 1.426 1.186 1.174 1.168 1.044 
1.291 1.596 1.338 1.408 1.523 1.278 1.295 1.376 1.306 1.118 
1.179 1.202 1.06 0.978 1.006 1.047 0.976 0.929 1.0 0.999 
0.922 1.103 0.874 1.1 1.863 3.698 5.612 7.093 6.41 4.382 
3.266 1.745 1.144 0.943 0.746 0.83 0.834 0.865 1.017 1.008 
1.026 0.94 0.885 0.937 0.929 0.791 0.852 0.97 0.872 0.759 
0.981 0.908 0.81 0.874 0.936 0.833 0.813 0.896 1.026 0.953 
1.066 1.298 1.118 1.777 1.757 1.667 2.315 1.47 1.44 1.301 
0.985 0.817 0.835 0.816 0.677 0.603 0.65 0.636 0.627 0.704 
0.696 0.845 0.67 0.601 0.673 0.767 0.586 0.528 0.684 0.642 
0.609 0.591 0.799 0.783 0.843 0.877 1.033 1.339 1.242 1.301 
1.538 1.878 2.319 3.432 3.179 4.668 4.433 4.497 2.855 1.76 
1.345 2.549 1.615 1.657 1.318 1.097 0.965 1.062 0.856 0.654 
0.662 0.816 0.612 0.567 0.794 0.747 0.792 1.314 1.485 1.935 
2.296 3.933 2.61 4.964 4.389 4.445 3.849 3.214 1.696 1.466 
1.245 0.942 1.299 1.151 1.009 1.291 1.593 1.932 1.764 1.969 
1.368 1.207 1.082 0.989 0.777 0.764 1.102 0.829 1.519 1.013 
1.704 1.412 1.965 2.554 4.158 5.898 8.829 11.916 13.911 15.0 
15.0 15.0 15.0 15.0 15.0 15.0 15.0 15.0 15.0 12.487 
9.894 7.551 3.771 3.255 2.202 2.005 1.717 1.416 1.539 1.513 
1.689 1.597 2.227 2.352 1.207 1.623 2.406 1.7 1.426 0.86 
0.955 1.148 0.984 0.787 0.942 1.06 0.825 0.824 0.996 1.042 
0.849 0.814 0.927 0.797 0.739 0.691 0.645 0.671 0.612 0.568 
0.576 0.596 0.565 0.528 0.571 0.597 0.626 0.621 0.667 0.77 
0.788 1.019 1.245 1.377 1.139 0.858 0.999 1.149 0.874 0.704 
0.81 0.866 0.646 0.627 0.641 0.538 0.551 0.474 0.517 0.484 
0.474 0.517 0.576 0.577 0.664 0.756 0.819 0.871 1.008 1.089 
1.184 1.098 0.907 1.04 1.095 0.975 0.828 1.078 1.086 1.063 
1.15 1.155 1.272 1.077 0.849 0.913 0.993 0.598 0.69 0.805 
0.669 0.638 1.035 1.453 2.339 1.785 1.86 1.353 0.935 1.019 
0.911 0.88 0.721 0.708 0.743 0.629 0.53 0.549 0.596 0.498 
0.513 0.611 0.614 0.626 0.686 0.856 0.929 0.969 1.127 0.904 
0.902 0.954 0.877 0.7 0.827 0.891 0.796 0.742 0.926 0.853 
1.14 1.006 1.013 0.977 0.916 0.914 0.829 0.85 0.936 0.923 
0.84 0.943 1.016 0.977 1.067 1.156 1.499 1.39 1.469 1.592 
1.88 2.102 2.86 2.36 1.866 1.288 1.156 1.007 0.817 0.918 
0.928 0.777 0.686 0.791 0.825 0.627 0.794 0.97 0.844 0.874 
1.103 1.148 1.155 1.546 1.729 1.154 1.309 1.571 1.475 1.145 
1.172 1.329 1.085 0.96 0.871 0.842 0.878 0.836 0.777 0.888 
0.964 0.911 0.906 1.172 1.308 1.622 1.937 1.719 1.778 1.286 
1.226 1.139 1.068 0.986 0.996 0.963 0.867 0.872 1.0 0.948 
0.907 1.038 1.306 1.18 1.247 1.581 1.754 1.877 1.605 1.47 
1.405 1.428 1.23 1.033 1.072 1.213 1.034 1.205 1.024 0.996 
1.215 1.112 0.959 1.035 1.11 1.03 0.913 1.032 1.016 0.895 
0.898 1.007 1.065 1.105 1.122 1.227 1.582 1.569 2.75 2.852 
2.115 2.604 1.936 2.336 2.942 4.053 3.547 4.033 2.351 1.902 
1.526 1.654 1.328 1.686 1.436 1.297 1.137 1.055 1.059 0.965 
0.866 0.912 0.876 0.836 0.783 0.861 0.812 0.8 0.874 1.036 
1.078 1.08 1.406 1.567 1.739 1.71 1.596 1.782 1.763 1.575 
1.322 1.65 1.293 1.325 1.41 1.408 1.306 1.154 1.359 1.272 
0.988 0.981 1.098 0.966 0.867 0.921 1.004 1.087 1.109 1.536 
1.246 1.104 1.31 1.197 1.085 0.959 0.917 0.994 0.923 0.82 
0.787 0.898 0.814 0.791 0.82 1.012 0.945 0.911 1.02 1.256 
1.113 1.071 1.139 1.032 1.1 1.454 1.521 1.646 1.999 1.976 
1.829 2.181 1.994 2.448 2.737 2.575 2.749 2.181 2.833 2.514 
2.134 2.029 2.008 1.997 1.498 1.345 1.236 1.159 1.101 1.075 
1.022 1.016 1.008 0.929 0.888 0.899 0.992 0.774 0.83 0.972 
0.819 0.774 0.825 0.952 0.928 1.029 1.071 0.939 0.906 1.106 
1.213 1.035 1.152 1.363 1.569 1.475 1.463 1.211 1.343 1.544 
1.235 1.25 1.392 1.3 1.17 1.298 1.307 1.247 1.313 1.271 
1.179 1.225 1.331 1.25 1.331 1.594 1.797 1.607 1.226 1.028 
0.921 1.018 0.839 0.777 0.857 0.869 0.771 0.834 0.841 0.882 
0.869 0.912 0.983 0.851 0.993 0.979 0.888 0.922 1.047 1.042 
0.951 1.134 1.117 1.118 1.025 1.214 1.111 1.217 1.17 1.337 
1.36 1.34 1.479 1.667 1.614 1.664 1.919 1.824 3.019 3.469 
2.296 1.584 1.151 1.195 1.457 1.698 2.398 2.609 2.153 1.988 
1.409 1.108 0.913 1.02 1.035 1.205 1.157 1.593 1.404 2.569 
3.006 2.712 2.81 2.604 4.381 8.818 11.508 11.629 11.198 7.523 
6.606 2.505 1.323 2.458 2.477 2.255 1.59 1.533 1.557 1.331 
1.1 0.984 0.94 0.959 0.865 0.803 0.825 0.78 0.752 0.798 
0.876 0.819 0.956 1.061 1.126 1.626 1.412 1.242 1.349 2.141 
2.125 1.921 2.538 2.743 2.123 1.954 2.173 1.393 1.518 1.46 
1.326 1.237 1.426 1.308 1.126 1.054 1.103 1.251 0.975 0.895 
0.976 0.843 0.997 0.826 0.838 0.978 0.897 0.945 0.872 0.814 
0.902 0.857 0.811 0.785 0.886 0.823 0.891 0.942 1.034 1.155 
1.181 1.256 1.31 1.402 1.49 1.372 1.346 1.057 1.001 1.111 
1.002 0.738 0.757 0.833 0.782 0.631 0.764 0.823 0.774 0.73 
0.893 1.143 0.97 1.249 1.454 1.022 0.867 1.279 1.231 1.122 
0.956 1.086 1.017 0.837 0.923 0.901 0.967 1.061 1.475 1.849 
2.595 2.288 2.092 1.618 1.35 1.172 1.054 0.897 0.746 0.819 
0.731 0.627 0.638 0.709 0.544 0.569 0.621 0.601 0.538 0.607 
0.625 0.665 0.738 0.781 0.887 0.903 0.997 1.156 1.58 2.008 
1.4 1.578 1.858 2.209 1.878 1.517 1.78 1.971 1.637 1.614 
1.952 1.766 1.548 1.534 1.768 1.663 1.489 1.267 1.077 0.98 
0.756 0.744 0.767 0.698 0.588 0.581 0.661 0.539 0.543 0.526 
0.571 0.509 0.569 0.599 0.573 0.601 0.628 0.685 0.718 0.74 
0.743 0.92 1.043 1.276 1.44 1.65 1.362 1.322 1.647 1.573 
1.017 1.106 0.965 2.579 7.893 9.66 11.553 10.651 11.216 6.798 
7.985 3.753 1.554 1.079 1.027 1.387 1.726 2.491 3.103 2.994 
4.508 4.066 6.81 12.559 12.286 12.877 11.402 8.95 7.0 6.036 
2.953 1.615 1.693 1.462 1.272 0.993 1.06 0.96 0.824 0.769 
0.804 0.695 0.653 0.665 0.701 0.598 0.568 0.636 0.655 0.549 
0.628 0.732 0.651 0.625 0.765 0.881 0.874 0.935 1.106 1.146 
1.291 1.426 1.807 1.945 3.724 5.159 3.47 7.696 7.937 6.831 
7.214 4.336 4.224 3.541 3.314 3.013 2.763 3.016 2.218 2.433 
2.228 1.988 1.511 1.758 1.667 1.119 1.039 1.319 1.17 0.829 
0.979 1.238 1.074 0.845 1.16 1.293 1.213 1.355 1.941 1.766 
2.262 2.236 1.607 1.604 1.291 0.933 1.333 1.344 1.05 1.159 
1.433 1.254 1.085 1.402 1.512 1.217 1.171 1.84 2.204 4.346 
5.176 8.214 11.533 10.191 9.518 7.627 10.2 8.194 4.897 3.224 
3.067 2.565 3.338 3.628 2.555 3.449 3.347 2.306 1.703 2.243 
2.366 1.62 1.5 1.523 1.504 1.614 1.446 1.526 1.458 1.575 
1.534 1.602 1.586 1.639 1.576 1.573 1.774 1.827 1.909 1.994 
2.076 2.41 3.233 3.744 3.701 6.351 6.445 4.465 5.556 7.775 
7.792 9.727 7.294 2.897 3.054 2.543 2.9 2.38 2.399 2.718 
2.11 1.835 1.968 1.768 1.691 1.865 1.883 1.56 1.723 1.686 
1.827 1.899 1.836 1.762 1.944 2.042 1.79 2.138 2.422 2.218 
2.601 2.62 2.901 3.134 3.359 3.017 3.575 3.189 3.341 3.942 
3.383 3.535 3.19 3.403 3.013 3.161 3.597 3.601 3.521 2.977 
3.678 2.932 2.933 3.14 3.086 2.373 2.66 2.283 1.944 1.76 
1.813 1.542 1.523 1.544 1.675 1.45 1.442 1.559 1.51 1.561 
1.698 1.794 1.844 2.136 2.07 2.182 2.218 2.337 2.475 2.832 
2.796 2.488 2.689 2.235 2.772 2.055 1.995 1.924 1.77 1.594 
1.803 1.633 1.533 1.573 1.561 1.619 1.573 1.611 1.666 1.628 
1.838 2.574 3.034 4.13 4.516 7.733 6.85 8.738 9.647 9.943 
10.444 9.919 9.226 10.051 4.08 8.535 8.498 5.575 4.112 4.745 
7.86 9.016 9.949 8.087 7.067 9.44 9.17 7.611 8.128 10.539 
9.412 10.178 8.448 7.976 7.193 4.402 3.964 4.001 4.502 3.826 
3.42 3.192 3.141 2.889 2.894 3.184 3.431 2.811 3.232 5.573 
5.877 6.278 7.237 6.896 8.643 8.487 8.039 7.241 6.487 7.538 
7.401 8.604 6.754 8.322 9.496 8.057 8.077 8.126 8.487 7.912 
9.74 9.283 8.993 9.376 11.666 11.783 10.222 11.17 10.638 13.005 
12.337 12.619 12.967 11.849 12.438 10.576 10.318 10.074 4.634 3.205 
3.206 3.369 3.391 3.122 2.367 2.825 2.811 2.484 2.549 3.008 
3.076 2.623 2.898 3.307 3.294 2.934 2.879 2.486 3.011 2.505 
2.165 2.139 2.187 1.891 1.396 1.465 1.634 1.436 1.304 1.345 
1.191 1.198 1.189 1.314 1.262 1.165 1.373 1.436 1.387 1.412 
1.678 1.605 1.893 2.07 2.074 2.242 2.638 2.602 2.534 2.047 
1.609 1.825 1.501 1.121 1.233 1.165 0.927 0.951 1.051 1.02 
0.959 1.154 1.187 1.199 1.435 1.476 1.672 1.297 1.147 1.124 
1.113 1.076 0.947 1.052 0.896 0.877 0.892 0.928 0.836 0.854 
0.98 0.917 0.87 0.969 0.999 1.149 1.319 1.156 1.208 1.558 
1.486 1.318 1.358 1.226 1.131 1.067 1.148 1.145 1.048 1.092 
1.192 1.206 1.134 1.188 1.405 1.452 1.22 1.391 1.165 1.44 
1.228 1.09 1.088 1.042 0.951 0.991 0.896 0.776 0.883 0.812 
0.676 0.802 0.761 0.669 0.664 0.782 0.817 0.771 0.879 0.936 
0.977 0.897 1.043 1.009 1.42 1.612 2.443 3.24 3.606 7.077 
9.619 10.403 7.563 8.065 5.741 4.425 6.786 8.392 8.911 6.302 
5.872 2.797 2.503 2.096 1.402 1.257 1.185 1.107 1.199 1.196 
1.162 1.088 1.031 1.01 0.992 0.897 0.81 0.945 0.929 0.865 
0.933 1.059 1.096 1.325 1.168 0.957 0.957 0.904 0.804 0.726 
0.769 0.697 0.638 0.627 0.632 0.549 0.567 0.565 0.57 0.568 
0.62 0.646 0.727 0.805 0.974 1.029 1.091 0.935 0.885 1.005 
1.065 0.851 1.011 1.217 1.083 1.152 1.031 0.973 1.161 1.05 
0.796 0.939 1.037 0.893 0.842 0.983 1.077 1.021 1.026 1.193 
1.152 1.22 1.009 0.934 1.013 0.895 0.689 0.684 0.719 0.622 
0.551 0.573 0.595 0.562 0.598 0.617 0.676 0.723 0.722 0.768 
0.909 1.02 0.985 0.855 0.774 0.75 0.77 0.671 0.585 0.635 
0.788 0.648 0.636 0.867 1.023 1.018 1.204 1.861 2.118 4.484 
5.239 7.333 7.892 6.894 7.734 3.026 1.57 1.694 1.337 1.129 
1.095 0.972 0.993 0.96 0.875 0.85 0.958 0.845 0.723 0.832 
0.75 0.645 0.658 0.744 0.702 0.734 0.73 0.765 0.655 0.62 
0.632 0.66 0.579 0.611 0.693 0.695 0.829 0.831 0.962 1.143 
1.226 1.567 2.726 2.948 4.183 4.285 3.959 4.031 2.365 2.445 
2.454 1.321 1.308 1.138 1.266 1.279 1.472 2.85 7.076 12.002 
14.827 12.15 15.0 15.0 15.0 15.0 15.0 15.0 15.0 15.0 
14.326 11.202 14.169 11.034 7.576 3.69 3.902 2.325 1.207 1.19 
0.907 0.851 0.919 1.047 0.784 0.869 0.988 0.962 0.835 1.082 
1.239 1.075 1.313 1.591 1.581 1.839 1.275 1.418 1.977 3.35 
6.218 9.686 13.36 15.0 15.0 15.0 15.0 15.0 15.0 15.0 
15.0 12.971 7.831 5.47 2.948 2.008 1.281 1.387 1.418 1.237 
1.062 1.065 0.978 0.887 0.772 0.754 0.722 0.678 0.652 0.704 
0.713 0.62 0.69 0.757 0.855 0.701 0.786 1.022 0.935 0.806 
0.92 0.917 0.749 0.863 0.955 0.988 0.852 0.941 1.164 0.956 
1.408 1.537 2.568 2.962 4.038 6.704 7.347 8.396 5.848 3.479 
1.713 1.195 1.125 1.102 1.136 0.938 0.993 1.152 1.051 1.039 
1.136 1.209 1.302 1.17 1.254 1.451 1.652 1.74 2.021 2.493 
2.752 3.489 2.41 2.245 2.263 1.714 1.701 1.664 1.425 1.187 
1.264 1.26 1.081 0.915 1.06 1.068 0.868 0.957 1.029 1.056 
0.904 1.041 1.146 1.053 0.97 1.059 1.328 1.625 1.273 1.207 
1.035 0.904 2.009 1.548 6.796 8.155 9.857 9.032 7.173 5.702 
5.326 2.835 2.047 1.698 1.428 1.26 1.216 1.111 0.933 0.93 
0.946 0.947 0.895 0.879 0.98 0.992 0.962 0.923 1.076 1.06 
1.058 1.29 1.539 1.576 1.822 2.421 3.11 6.528 6.625 7.45 
7.336 5.747 4.594 3.284 1.692 1.803 1.429 1.293 1.262 1.298 
1.269 1.272 1.432 1.44 1.507 1.649 2.183 1.905 1.848 3.0 
3.758 6.432 7.191 8.101 5.665 3.503 6.498 6.732 3.639 5.981 
6.227 9.816 10.673 9.736 7.992 10.07 9.273 5.396 4.526 3.771 
2.58 1.858 1.48 1.298 1.028 0.982 0.925 0.976 0.978 0.947 
0.859 0.817 0.841 0.896 0.841 0.73 0.823 0.981 0.769 0.769 
1.101 0.992 1.177 1.051 1.263 1.293 1.359 1.523 1.196 1.15 
1.239 1.177 0.958 1.181 1.176 1.03 1.122 1.246 1.181 0.974 
1.105 1.28 1.185 1.072 1.305 1.796 1.5 2.013 2.666 3.281 
4.298 4.245 5.36 9.547 14.037 15.0 15.0 15.0 15.0 15.0 
15.0 15.0 15.0 15.0 15.0 15.0 15.0 15.0 15.0 15.0 
15.0 15.0 15.0 11.427 11.94 9.825 7.385 3.08 1.398 4.908 
3.35 6.034 4.346 4.261 5.64 7.38 8.218 8.859 11.123 11.759 
12.703 14.088 13.843 13.994 14.279 13.824 13.171 12.818 11.478 12.155 
11.868 11.156 10.519 11.351 9.444 12.412 12.732 15.0 15.0 15.0 
15.0 15.0 15.0 15.0 15.0 15.0 15.0 15.0 15.0 15.0 
15.0 14.126 11.739 11.196 9.011 10.217 7.934 6.531 4.788 2.657 
1.98 1.268 0.945 1.084 1.051 1.004 0.969 0.782 0.681 0.749 
0.697 0.703 0.748 0.818 0.812 0.871 1.113 1.122 1.109 1.595 
2.117 2.034 2.415 2.533 1.493 1.27 1.744 1.426 1.095 1.077 
1.403 1.332 0.897 1.128 1.392 1.134 0.992 1.316 1.512 1.506 
1.413 1.966 2.542 3.317 4.889 7.215 7.978 11.215 13.85 15.0 
15.0 15.0 15.0 15.0 15.0 15.0 15.0 15.0 15.0 15.0 
15.0 15.0 15.0 15.0 15.0 15.0 15.0 15.0 15.0 15.0 
15.0 15.0 15.0 15.0 15.0 15.0 15.0 15.0 15.0 15.0 
15.0 15.0 15.0 15.0 15.0 15.0 15.0 15.0 15.0 14.016 
11.119 9.557 5.931 4.074 2.585 1.979 1.262 1.086 1.062 0.989 
1.202 1.188 1.457 1.705 1.347 1.179 1.049 1.075 1.149 1.565 
2.093 1.537 1.488 1.492 1.502 1.035 1.229 1.112 1.092 1.109 
1.211 1.104 1.102 1.104 1.183 1.164 1.267 1.502 1.593 1.41 
1.553 2.412 2.135 2.108 2.405 2.651 2.983 3.679 6.376 10.347 
11.816 14.219 14.908 15.0 15.0 15.0 15.0 15.0 15.0 15.0 
15.0 15.0 15.0 13.426 8.573 4.716 4.679 3.878 4.181 3.355 
3.062 2.268 3.629 2.562 4.274 5.668 3.636 5.508 8.202 7.929 
7.387 10.609 11.074 13.51 14.058 15.0 15.0 15.0 15.0 15.0 
15.0 15.0 15.0 15.0 15.0 15.0 15.0 15.0 15.0 15.0 
15.0 15.0 15.0 15.0 15.0 15.0 15.0 15.0 15.0 15.0 
15.0 15.0 15.0 15.0 15.0 15.0 15.0 15.0 15.0 15.0 
15.0 15.0 15.0 15.0 15.0 15.0 15.0 15.0 15.0 15.0 
15.0 15.0 15.0 15.0 15.0 14.325 10.999 7.181 4.298 2.524 
1.756 1.366 1.366 1.023 0.941 0.786 0.837 0.767 0.845 0.723 
0.625 0.622 0.615 0.553 0.514 0.553 0.542 0.581 0.621 0.756 
0.813 1.216 1.416 1.802 2.218 1.765 1.543 1.737 1.535 1.273 
1.043 1.092 0.988 0.813 0.964 0.914 0.868 0.78 0.922 0.99 
0.979 0.915 0.806 0.766 0.768 0.733 0.657 0.662 0.752 0.689 
0.615 0.715 0.758 0.671 0.691 0.863 0.82 0.774 0.878 0.934 
0.875 0.825 0.708 0.75 0.713 0.709 0.661 0.672 0.619 0.82 
0.773 0.646 0.762 0.979 0.974 0.836 1.141 1.435 2.166 2.555 
3.579 2.941 3.263 2.977 1.951 1.35 1.423 0.976 1.073 1.358 
1.081 0.901 0.899 0.882 1.048 0.923 0.762 0.749 0.807 0.78 
0.632 0.69 0.728 0.707 0.666 0.767 0.905 0.859 0.903 1.126 
1.195 1.076 1.158 1.019 0.87 0.995 1.114 0.911 0.882 1.148 
1.301 1.298 1.222 1.471 1.615 1.359 1.355 1.252 1.979 1.997 
2.427 3.218 6.421 7.063 8.91 11.911 12.79 13.949 12.452 10.828 
2.783 1.736 1.592 1.37 1.416 1.217 1.056 0.937 0.873 0.993 
0.896 0.827 0.955 0.98 0.879 1.019 1.077 1.133 1.272 1.433 
1.123 1.211 1.479 1.482 1.395 1.191 0.925 1.015 0.982 0.813 
0.774 0.877 0.976 0.816 0.91 1.107 1.343 1.106 1.586 2.597 
5.295 9.11 9.281 10.783 12.299 11.614 14.419 15.0 15.0 15.0 
15.0 15.0 15.0 15.0 15.0 15.0 15.0 14.102 10.96 7.096 
9.088 1.691 2.726 1.912 1.847 1.472 1.314 1.283 1.05 1.014 
1.02 0.867 0.864 1.044 0.843 0.757 0.913 1.112 1.51 1.506 
1.033 1.53 1.187 1.12 1.001 0.877 1.032 0.979 0.842 0.864 
1.007 0.937 0.839 1.008 1.12 1.113 1.193 1.501 1.608 1.753 
1.618 1.261 1.243 1.227 1.274 0.977 1.064 1.145 1.127 0.935 
1.055 1.175 1.009 0.838 1.164 1.148 0.88 1.014 1.242 1.133 
1.022 1.179 1.293 1.291 1.094 1.333 1.45 1.516 1.321 1.84 
2.074 1.993 2.202 2.537 4.874 7.263 9.592 9.132 9.525 13.611 
6.799 9.827 8.392 6.061 4.983 4.764 3.646 2.462 1.844 2.846 
2.27 1.791 1.019 1.061 0.908 0.776 0.79 0.654 0.647 0.666 
0.618 0.645 0.673 0.745 0.74 0.81 0.836 0.981 0.963 1.182 
1.542 1.728 4.234 6.251 8.651 7.294 7.766 5.951 4.284 3.172 
2.975 2.484 2.051 1.362 1.684 1.486 1.28 1.273 1.398 1.27 
1.131 1.422 1.276 1.93 1.342 1.092 1.158 1.21 1.038 0.935 
1.008 1.038 1.055 1.044 1.181 1.309 1.459 1.581 1.628 2.191 
2.6 3.657 3.115 2.78 3.345 2.706 1.978 2.362 2.128 1.517 
1.422 0.997 0.867 1.175 1.18 0.849 1.09 1.355 1.087 1.276 
1.617 1.752 1.959 2.341 5.036 5.819 9.319 9.85 9.546 11.926 
13.433 14.348 15.0 15.0 15.0 15.0 15.0 15.0 15.0 15.0 
14.42 12.053 7.358 6.838 5.079 4.754 3.776 3.245 2.187 2.791 
3.197 2.381 2.372 2.399 2.187 2.0 2.079 2.219 2.333 2.197 
2.044 2.292 2.159 2.329 2.418 2.479 2.006 2.026 2.127 2.451 
2.628 2.806 2.435 2.165 2.525 2.777 2.765 2.086 1.837 2.044 
1.783 2.029 1.799 1.833 2.195 1.62 2.019 1.908 1.656 1.519 
1.594 1.703 1.979 1.458 1.465 1.626 1.567 1.352 1.704 1.689 
1.485 1.25 1.732 1.871 2.25 2.914 3.506 2.833 1.536 1.194 
1.093 0.918 0.972 0.799 0.908 0.762 0.91 0.795 0.883 0.824 
0.689 0.711 0.834 0.837 0.802 0.795 1.138 1.052 1.153 1.152 
1.583 1.329 1.351 1.049 1.098 1.091 0.996 0.905 1.076 0.978 
0.974 0.823 0.869 0.72 1.016 1.034 1.102 1.806 2.318 3.221 
1.29 1.049 0.848 0.783 0.756 0.763 0.726 0.665 0.623 0.604 
0.567 0.536 0.578 0.582 0.575 0.619 0.715 0.695 0.676 0.81 
0.948 1.053 1.338 1.009 0.994 0.782 0.845 0.854 0.994 0.954 
1.238 1.449 1.262 1.287 0.94 0.789 0.759 0.735 0.8 0.852 
0.976 1.027 0.889 1.015 1.043 0.94 0.914 0.805 0.695 0.678 
0.64 0.608 0.602 0.651 0.585 0.539 0.622 0.611 0.522 0.524 
0.647 0.611 0.563 0.611 0.735 0.676 0.679 0.604 0.644 0.588 
0.709 0.68 0.715 0.594 0.648 0.613 0.593 0.53 0.532 0.556 
0.518 0.556 0.629 0.566 0.569 0.628 0.752 0.916 0.893 0.97 
0.824 0.865 0.909 0.933 0.921 0.952 0.935 0.848 0.801 0.815 
0.822 0.754 0.706 0.83 0.899 0.835 0.843 1.179 1.216 1.24 
1.191 1.277 1.53 1.451 1.178 1.06 0.86 0.799 0.776 0.822 
0.76 0.798 0.791 0.964 1.019 1.25 1.15 1.093 0.927 0.86 
0.835 0.774 0.944 0.788 1.033 1.206 1.17 0.935 0.927 0.91 
0.815 0.821 0.668 0.738 0.807 0.686 0.636 0.647 0.667 0.632 
0.603 0.615 0.72 0.699 0.681 0.769 0.908 0.879 0.959 0.951 
1.019 1.063 1.049 0.933 0.94 0.822 0.731 0.729 0.813 0.718 
0.644 0.717 0.813 0.682 0.655 0.814 0.856 0.792 0.831 0.943 
0.828 0.972 0.9 0.812 0.775 0.894 0.699 0.721 0.658 0.746 
0.71 0.689 0.71 0.743 0.718 0.601 0.73 0.698 0.776 0.828 
1.035 0.792 0.942 0.822 0.877 0.807 0.756 0.762 0.808 0.732 
0.666 0.689 0.759 0.77 0.864 0.776 0.957 0.899 0.938 0.85 
0.841 0.76 0.767 0.809 0.703 0.649 0.723 0.781 0.692 0.683 
0.825 0.831 0.758 0.815 0.8 0.664 0.608 0.596 0.571 0.64 
0.569 0.56 0.621 0.779 0.658 0.715 0.697 0.65 0.598 0.666 
0.697 0.721 0.797 0.894 0.78 0.709 0.903 0.853 0.744 0.871 
0.8 0.812 0.957 0.947 0.944 0.776 0.771 0.613 0.662 0.605 
0.676 0.801 0.889 2.184 4.173 4.771 3.247 7.683 7.161 6.435 
1.089 1.022 0.842 0.808 0.818 0.776 0.74 0.724 0.683 0.734 
0.755 0.845 1.269 1.073 1.022 1.107 0.947 0.765 0.87 0.962 
0.828 0.767 1.063 1.322 1.207 1.114 2.321 1.693 1.209 2.163 
4.816 6.301 5.709 12.655 13.126 14.665 15.0 15.0 15.0 15.0 
15.0 15.0 15.0 15.0 15.0 15.0 15.0 15.0 15.0 15.0 
15.0 15.0 15.0 
END
