PFRMAT local QA
AUTHOR MASS-CASP14
af2-standard_T1165_2.pdb local_accuracy_only 11.523 10.895 10.823 11.176 10.388 11.005 11.179 10.04 10.018 9.781 7.664 
6.699 6.427 5.633 4.522 4.115 4.036 3.875 2.441 2.572 2.598 
2.291 1.937 2.059 2.217 2.166 2.367 2.899 2.937 2.831 3.03 
2.838 2.307 1.608 1.496 1.753 1.685 1.564 1.823 2.033 2.068 
2.218 2.335 1.952 1.987 1.647 1.491 1.286 1.187 1.079 1.08 
1.29 1.311 1.113 1.292 1.337 1.141 1.08 1.09 1.009 0.937 
1.192 1.249 1.163 1.169 1.295 1.357 1.27 1.366 1.549 1.686 
1.453 1.432 1.435 1.665 1.953 2.208 2.485 2.602 2.499 3.942 
3.694 3.719 3.348 3.365 3.139 2.771 2.679 2.319 2.289 2.26 
1.709 1.231 1.177 1.259 1.184 0.991 1.098 1.124 1.091 1.065 
1.113 1.07 1.118 1.25 1.258 1.079 1.107 1.388 1.378 1.289 
1.587 1.733 1.779 2.018 1.655 1.556 1.756 1.785 1.969 1.806 
1.233 1.285 1.302 1.421 1.249 1.157 1.055 1.226 1.256 1.227 
1.094 1.231 0.958 0.977 0.955 1.026 1.017 0.976 1.145 1.026 
0.99 0.996 1.145 1.127 1.322 1.312 1.464 1.516 1.684 2.191 
3.163 3.768 4.274 5.173 4.834 6.214 6.842 6.308 4.797 3.869 
2.874 2.828 2.387 2.387 1.946 1.856 1.858 2.204 1.959 1.932 
1.911 2.346 2.16 2.207 2.484 2.867 2.627 3.624 4.45 5.832 
6.196 7.837 8.586 10.136 8.892 8.678 6.068 4.671 3.373 2.639 
2.562 2.392 2.258 1.862 2.383 2.695 3.374 4.269 3.838 3.498 
2.476 2.302 2.103 1.858 1.35 1.635 1.625 1.348 1.441 1.462 
1.365 1.265 1.376 1.692 2.379 3.038 3.742 5.222 6.425 10.233 
13.281 15.0 15.0 15.0 15.0 15.0 15.0 15.0 15.0 9.928 
8.157 7.659 5.433 4.366 3.521 3.278 3.134 2.609 3.049 3.049 
3.603 4.467 4.694 3.959 2.845 3.903 3.611 3.273 2.273 1.909 
2.081 2.003 1.501 1.488 1.843 1.883 1.884 1.843 1.962 1.916 
1.484 1.614 1.519 1.665 1.296 1.001 1.277 1.197 1.059 0.981 
1.067 1.121 1.048 1.271 1.234 1.235 1.443 1.492 1.42 1.754 
2.375 3.109 3.623 3.918 3.321 2.371 2.078 2.013 1.45 1.531 
1.416 1.425 1.315 1.081 1.177 1.18 1.049 1.138 1.087 1.161 
1.144 1.193 1.16 1.16 1.22 1.294 1.432 1.497 1.987 2.476 
2.696 2.221 1.837 2.009 2.885 2.814 2.385 2.334 2.236 2.154 
2.26 1.962 2.259 1.921 1.575 1.777 1.818 1.735 1.733 1.952 
2.078 2.35 3.282 3.604 4.016 3.373 2.774 1.851 1.447 1.429 
1.459 1.397 1.219 1.245 1.433 1.479 1.565 1.372 1.472 1.4 
1.278 1.344 1.261 1.359 1.625 2.317 2.593 2.92 2.481 1.881 
1.533 1.444 1.42 1.08 1.02 1.224 1.275 1.295 1.397 1.481 
1.84 2.179 2.145 2.271 2.09 1.623 1.41 1.628 1.857 1.809 
1.758 1.985 2.135 2.36 2.255 2.704 2.557 2.358 2.868 3.211 
3.338 3.151 3.159 2.657 2.199 2.102 2.335 2.319 2.09 1.889 
1.991 2.003 1.6 1.521 1.713 1.629 1.555 1.682 1.923 2.008 
2.466 3.487 4.061 4.62 4.72 3.546 2.926 2.859 2.562 1.886 
1.855 1.817 1.743 1.663 1.394 1.438 1.966 1.875 1.717 1.685 
1.64 1.741 1.949 2.46 2.725 3.573 4.359 4.2 3.762 3.273 
3.308 3.013 2.608 2.093 2.091 1.863 1.777 1.895 1.854 1.885 
2.019 2.293 2.474 2.819 2.357 2.877 3.297 3.329 2.763 2.275 
2.153 1.8 1.536 1.28 1.386 1.483 1.512 1.726 1.468 1.293 
1.379 1.342 1.243 1.185 1.35 1.581 1.379 1.441 1.553 1.671 
1.423 1.55 1.97 2.067 2.009 2.359 2.346 2.775 3.392 3.505 
3.487 3.738 3.662 3.502 3.675 3.477 3.849 3.596 2.758 1.927 
1.847 1.534 1.591 1.678 1.613 1.751 1.733 1.536 1.671 1.632 
1.392 1.583 1.773 1.864 1.784 1.976 1.779 2.144 1.753 1.837 
1.809 1.922 1.975 2.302 2.875 3.057 3.104 2.83 2.696 2.078 
2.149 2.182 1.773 1.64 1.708 1.681 1.763 1.467 1.42 1.57 
1.492 1.335 1.349 1.288 1.274 1.318 1.657 1.685 1.848 2.052 
1.466 1.331 1.213 1.213 1.341 1.043 1.131 1.199 1.307 1.415 
1.436 1.412 1.312 1.404 1.35 1.333 1.247 1.19 1.464 1.558 
1.864 1.57 1.704 1.504 1.793 1.903 1.946 1.611 1.834 1.977 
2.116 2.061 1.713 1.851 1.899 1.624 1.466 1.348 1.691 1.891 
1.755 1.875 1.798 1.539 1.39 1.389 1.58 1.434 1.292 1.389 
1.338 1.33 1.357 1.384 1.593 1.803 1.582 1.394 1.308 1.175 
1.199 1.044 0.996 1.114 1.26 1.52 1.504 1.425 1.322 1.472 
1.376 1.145 1.418 1.812 1.816 1.707 1.466 1.343 1.634 1.679 
1.417 1.291 1.211 1.276 1.29 1.398 1.549 1.927 1.878 1.721 
1.6 1.657 1.46 1.605 2.133 2.892 3.441 2.83 2.069 1.731 
1.742 1.455 1.232 1.214 1.234 1.316 1.1 1.337 1.396 1.31 
1.401 1.462 1.557 1.423 1.688 1.656 1.443 1.368 1.535 1.453 
1.15 1.217 1.237 1.257 1.167 1.112 1.257 1.335 1.291 1.435 
1.457 1.59 1.889 2.299 2.283 2.398 2.927 3.357 4.139 4.525 
4.012 3.358 3.19 3.082 3.078 2.815 3.413 3.477 3.375 3.258 
2.747 2.434 2.595 2.468 2.769 2.71 3.188 3.455 4.272 5.192 
5.225 6.414 7.104 8.24 10.386 10.168 10.279 10.136 8.395 6.909 
6.906 6.321 5.324 5.493 4.731 3.706 2.917 2.813 2.705 2.307 
1.436 1.851 1.621 1.356 1.08 1.255 1.388 1.24 1.185 1.44 
1.466 1.473 1.589 1.755 2.033 2.653 2.522 1.955 1.68 1.927 
1.844 1.645 1.955 1.897 1.613 1.564 1.501 1.377 1.454 1.393 
1.107 1.158 1.318 1.222 1.164 1.228 1.366 1.704 1.668 1.671 
1.593 1.711 2.012 1.727 1.992 1.901 1.556 1.471 1.417 1.211 
1.36 1.383 1.104 1.369 1.513 1.268 1.246 1.451 1.437 1.401 
1.647 2.203 2.638 2.429 2.469 2.619 2.113 1.864 1.567 1.985 
1.78 1.47 1.4 1.612 1.551 1.402 1.566 1.81 1.808 1.824 
2.175 2.088 1.977 2.083 2.26 1.847 1.762 2.052 2.891 3.292 
3.231 3.387 3.121 2.609 2.439 2.503 2.746 3.133 3.482 3.161 
3.236 2.659 2.195 1.587 1.458 1.546 1.349 1.209 1.168 1.197 
1.148 1.055 1.262 1.189 1.239 1.301 1.356 1.082 1.229 1.151 
1.273 1.21 1.533 1.812 1.93 2.128 2.609 2.893 3.035 3.335 
3.559 3.04 3.032 3.068 2.818 2.211 1.85 2.046 1.837 1.578 
1.654 1.816 1.741 1.958 2.736 3.23 3.582 2.772 2.379 2.081 
1.753 1.411 1.538 1.521 1.256 1.474 1.592 1.555 1.619 1.798 
1.699 1.715 1.941 2.168 2.091 2.062 1.928 2.038 1.707 2.123 
2.212 2.277 2.419 2.756 3.579 3.415 3.432 3.452 4.786 5.587 
5.785 6.782 7.197 8.269 9.405 10.576 11.007 9.624 9.589 8.855 
7.444 6.48 5.058 4.04 3.375 3.382 3.865 4.309 4.588 5.847 
7.254 9.351 10.697 15.0 15.0 15.0 15.0 15.0 15.0 13.719 
10.105 5.897 4.414 3.202 2.38 2.249 2.035 2.198 1.884 1.915 
1.975 1.655 1.518 1.739 1.868 1.48 1.51 1.695 1.694 1.528 
1.547 1.604 1.86 1.794 1.788 1.952 1.904 1.792 1.808 1.877 
1.627 1.472 1.773 1.959 2.595 3.28 4.669 5.503 5.964 5.4 
5.152 4.388 4.234 3.79 3.916 3.707 3.174 3.364 3.105 3.145 
2.764 2.495 2.053 1.755 2.01 1.97 1.605 1.265 1.545 1.86 
1.518 1.638 1.655 1.929 2.106 2.835 2.711 2.985 3.368 3.374 
3.339 3.315 2.624 2.296 1.91 1.588 1.534 1.611 1.572 1.418 
1.759 1.61 1.428 1.647 1.616 1.472 1.407 1.285 1.465 1.717 
2.386 2.907 3.515 4.993 5.508 5.546 4.324 3.414 2.781 1.977 
1.878 1.743 1.672 1.698 1.538 1.386 1.503 1.531 1.363 1.549 
1.686 1.778 1.839 1.426 1.377 1.547 1.495 1.337 1.29 1.318 
1.444 1.36 1.595 1.597 1.407 1.408 1.613 1.674 1.658 1.754 
1.855 2.21 2.521 2.728 3.179 3.838 4.332 4.943 5.63 6.007 
6.404 5.992 5.853 5.78 5.998 6.347 6.04 5.155 4.841 3.919 
3.416 2.632 2.54 2.838 2.352 2.113 2.375 2.271 2.081 1.745 
1.908 1.948 1.881 1.771 1.948 2.223 2.17 2.481 3.44 3.35 
2.831 2.697 2.672 2.679 2.58 2.711 2.486 2.315 2.664 2.635 
2.128 2.205 2.454 2.573 2.322 2.358 2.725 2.52 2.143 1.992 
2.028 2.15 1.993 1.888 1.827 1.747 1.587 1.546 1.306 1.114 
1.167 1.161 0.846 0.084 0.226 1.063 0.991 1.329 1.411 1.536 
1.859 2.05 2.742 2.489 2.592 2.467 2.542 2.872 3.052 3.494 
3.407 3.171 2.677 2.215 1.796 1.809 1.568 1.408 1.217 1.444 
1.384 1.362 1.445 1.426 1.281 1.192 1.388 1.298 1.201 1.354 
1.619 2.11 3.054 3.483 4.537 6.067 6.148 6.462 5.932 4.974 
3.848 3.633 3.318 3.223 3.036 2.615 2.437 2.369 2.196 2.223 
2.099 2.172 2.087 1.926 2.084 2.303 2.214 2.518 3.034 3.536 
3.541 3.662 3.607 3.382 3.467 3.63 3.257 2.51 3.207 3.04 
3.231 3.196 3.527 4.036 4.339 5.093 5.168 5.505 5.598 6.101 
6.422 7.369 7.049 6.851 6.786 6.368 5.816 4.992 4.857 4.988 
4.774 3.726 2.945 3.646 3.274 2.893 2.983 3.486 3.826 4.035 
5.043 6.481 6.657 6.776 6.213 6.841 6.326 7.414 7.507 9.206 
10.025 11.608 13.617 13.811 14.018 13.169 12.624 10.751 6.386 4.358 
3.468 2.714 2.42 2.281 1.744 2.297 2.856 2.286 2.32 2.552 
2.862 2.305 2.589 2.603 2.219 1.969 1.623 1.57 1.666 1.44 
1.359 1.444 1.345 1.171 1.218 1.24 1.163 1.077 1.496 1.513 
1.243 1.328 1.483 1.486 1.402 1.3 1.588 1.318 1.239 1.312 
1.416 1.423 1.767 2.494 3.346 4.184 5.139 5.577 4.767 3.666 
2.964 2.331 1.754 1.668 1.752 1.608 1.273 1.319 1.472 1.448 
1.282 1.479 1.696 1.691 2.05 2.255 2.435 1.995 2.03 1.742 
1.402 1.076 1.106 1.136 1.037 1.067 1.186 1.205 1.185 1.322 
1.35 1.271 1.245 1.622 2.011 2.311 2.236 2.009 2.069 2.513 
2.446 2.196 2.037 1.885 1.503 1.573 1.75 1.621 1.378 1.453 
1.684 1.569 1.561 1.828 2.214 2.571 2.637 3.353 4.133 4.88 
3.219 2.616 2.032 1.685 1.529 1.163 1.154 1.147 1.172 1.086 
1.062 1.061 1.148 1.105 1.269 1.294 1.179 1.21 1.511 1.487 
1.468 1.691 1.64 1.809 2.691 3.783 4.596 5.373 6.421 8.296 
10.807 12.283 12.17 12.892 14.196 14.446 15.0 14.643 12.702 11.433 
11.016 8.98 7.468 6.074 3.955 2.597 2.479 2.048 2.047 2.153 
2.386 1.862 1.5 1.661 1.452 1.428 1.386 1.498 1.553 1.594 
1.46 1.772 1.848 2.133 1.933 1.593 1.768 1.501 1.316 1.305 
1.235 1.171 1.126 1.111 1.154 1.113 1.101 1.016 1.044 1.148 
1.183 1.249 1.405 1.878 1.846 1.763 1.783 1.395 1.388 1.482 
1.4 1.162 1.254 1.714 2.041 1.992 1.532 1.447 1.726 1.529 
1.443 1.403 1.451 1.442 1.618 2.023 2.14 1.927 2.208 2.39 
2.445 2.735 2.239 1.724 2.017 1.638 1.393 1.507 1.629 1.443 
1.348 1.476 1.433 1.451 1.367 1.399 1.551 1.441 1.558 1.908 
2.305 2.247 2.52 2.107 1.547 1.453 1.564 1.338 1.225 1.358 
1.545 1.369 1.116 1.144 1.564 1.8 1.911 2.291 3.554 5.092 
7.704 8.761 9.805 7.691 7.71 6.077 4.934 3.959 2.887 2.65 
2.385 2.117 2.182 2.214 1.845 1.668 2.023 2.408 2.104 2.093 
1.808 1.609 1.477 1.301 1.303 1.29 1.349 1.5 1.512 1.349 
1.501 1.601 1.677 1.644 1.692 1.909 2.032 1.708 1.647 1.659 
2.164 2.441 2.429 3.352 4.715 5.909 6.138 6.481 6.353 6.893 
8.107 6.168 6.486 5.139 5.995 5.839 5.925 6.239 6.548 9.436 
9.244 14.369 14.697 15.0 15.0 15.0 15.0 15.0 15.0 15.0 
15.0 15.0 11.452 9.827 6.334 4.404 2.856 2.291 2.113 1.745 
1.591 1.532 1.585 1.41 1.186 1.153 1.443 1.487 1.498 1.638 
1.855 1.785 1.657 1.774 2.052 2.16 2.11 3.286 3.481 4.784 
4.823 6.671 7.408 7.504 8.159 10.208 13.594 13.816 14.585 15.0 
11.388 12.426 10.065 10.088 8.437 8.38 6.78 6.572 5.584 5.316 
4.666 3.505 2.752 2.172 1.918 1.661 1.569 1.487 1.332 1.375 
1.389 1.455 1.427 1.459 1.572 1.709 1.737 2.129 2.827 3.034 
3.059 3.163 2.51 2.276 2.1 1.582 1.339 1.442 1.782 1.541 
1.973 2.49 3.616 3.685 4.828 5.697 5.15 5.057 4.723 4.302 
4.075 3.444 3.21 2.957 2.676 2.22 1.87 1.556 1.633 1.598 
1.521 1.806 1.853 1.695 1.5 1.866 2.546 3.14 3.803 4.731 
4.675 5.213 4.528 3.331 2.569 2.079 1.897 1.753 1.647 1.456 
1.518 1.599 1.323 1.321 1.473 1.648 1.578 1.562 1.576 1.745 
1.818 1.856 1.686 1.486 1.492 1.392 1.642 2.112 2.633 3.37 
4.476 5.482 6.609 8.471 9.616 11.799 11.074 10.212 7.608 6.457 
5.552 4.626 3.082 2.52 2.028 1.797 1.813 1.815 1.472 1.493 
1.562 1.657 1.566 1.399 1.529 1.577 1.416 1.278 1.469 1.339 
1.087 1.348 1.427 1.622 1.805 2.573 3.478 4.563 5.51 5.711 
4.669 3.788 3.01 2.134 1.74 1.541 1.314 1.229 1.15 1.283 
1.02 1.203 1.205 1.223 1.222 1.571 2.031 2.516 2.41 2.799 
3.607 4.159 4.498 4.021 4.224 3.723 4.59 5.305 5.493 6.34 
6.89 8.481 9.072 9.182 8.812 9.107 7.872 6.789 5.222 4.501 
3.655 2.97 2.62 2.448 2.165 1.719 1.606 1.569 1.658 1.39 
1.291 1.37 1.577 1.643 1.462 1.49 1.74 1.918 1.71 1.909 
1.918 1.653 1.779 1.658 1.819 1.814 1.916 1.739 1.328 1.445 
1.357 1.208 1.245 1.37 1.44 1.367 1.295 1.455 1.277 1.343 
1.476 1.588 1.404 1.677 1.872 2.204 2.393 2.93 4.004 6.316 
7.182 10.552 11.232 13.931 14.502 15.0 15.0 15.0 14.924 14.091 
12.026 12.955 10.788 12.258 10.118 13.486 12.789 15.0 15.0 15.0 
15.0 15.0 15.0 14.763 13.11 11.121 7.287 6.157 4.493 4.405 
4.417 6.42 6.488 8.07 8.527 10.629 10.306 11.699 11.908 13.334 
14.106 14.428 13.92 14.671 13.993 14.123 15.0 15.0 14.88 15.0 
15.0 15.0 15.0 15.0 15.0 15.0 15.0 15.0 15.0 15.0 
15.0 15.0 15.0 15.0 13.767 13.964 13.348 14.256 15.0 15.0 
15.0 15.0 15.0 15.0 13.481 12.806 9.699 9.009 7.273 5.45 
3.725 3.004 2.757 2.316 1.956 1.621 1.465 1.473 1.361 1.332 
1.303 1.173 1.45 1.464 1.438 1.545 1.811 1.815 2.145 2.697 
3.997 5.016 5.134 5.286 3.779 3.833 3.48 3.209 2.215 2.129 
2.18 1.939 1.396 1.498 1.632 1.597 1.494 1.522 2.073 2.01 
1.861 1.657 2.073 1.854 2.167 2.334 2.886 3.517 4.957 6.349 
6.735 9.387 10.169 15.0 15.0 15.0 15.0 14.003 15.0 14.081 
15.0 13.078 15.0 14.536 15.0 15.0 15.0 15.0 15.0 15.0 
15.0 15.0 15.0 15.0 15.0 15.0 15.0 15.0 15.0 15.0 
15.0 15.0 15.0 15.0 15.0 15.0 15.0 15.0 15.0 12.429 
9.623 7.36 6.458 5.012 4.098 3.081 2.336 1.889 1.645 1.647 
1.496 1.538 1.977 2.068 1.684 1.379 1.361 1.395 1.299 1.614 
1.983 1.794 2.017 1.647 1.864 1.957 2.101 2.207 2.113 2.414 
2.787 2.822 3.063 3.232 3.768 3.218 2.165 2.358 2.336 1.901 
1.516 1.775 1.932 2.002 1.789 1.8 1.875 1.837 1.812 1.954 
2.212 2.566 2.918 3.925 5.302 6.914 10.669 11.151 12.795 9.771 
7.466 5.349 4.586 3.964 3.635 3.099 3.005 2.744 2.435 2.142 
2.149 2.313 2.151 2.166 2.385 2.412 2.039 2.094 2.261 2.754 
2.373 2.86 3.035 3.335 3.548 3.82 3.789 5.081 4.815 5.789 
5.92 7.748 8.15 10.145 12.108 12.768 14.277 14.93 15.0 14.098 
15.0 14.542 13.07 12.773 11.469 10.747 9.244 9.274 8.496 7.15 
6.288 7.08 6.21 6.425 6.775 7.781 8.106 8.457 10.156 9.125 
11.818 10.41 15.0 12.65 15.0 13.749 15.0 14.328 15.0 15.0 
15.0 12.749 15.0 15.0 15.0 12.979 10.365 9.318 7.471 6.432 
5.329 4.192 2.853 2.533 1.982 1.526 1.501 1.37 1.217 1.174 
1.083 1.197 1.276 1.254 1.269 1.51 1.829 1.76 1.694 1.975 
2.459 2.936 3.701 5.073 6.331 5.874 5.061 5.199 4.284 2.716 
2.749 2.752 2.218 1.884 2.109 2.269 2.092 2.061 2.36 3.013 
3.079 2.734 2.209 1.95 2.13 1.989 1.574 1.643 1.906 1.815 
1.625 1.593 1.755 1.755 1.645 1.776 1.894 1.803 1.729 1.892 
1.898 1.808 1.756 1.382 1.353 1.606 1.595 1.307 1.31 1.404 
1.508 1.277 1.331 1.681 1.876 2.429 3.046 4.411 4.438 5.278 
5.337 5.828 5.294 5.164 4.708 4.36 3.86 2.929 2.925 2.59 
2.906 2.294 2.343 2.175 2.452 2.374 2.045 1.817 1.893 1.731 
1.426 1.318 1.59 1.68 1.635 1.935 1.886 1.777 1.706 2.198 
2.271 2.292 2.175 2.024 1.891 1.786 2.084 1.82 1.665 1.709 
2.474 2.904 3.022 3.256 2.853 2.633 2.3 2.644 2.949 4.178 
4.627 5.407 6.31 8.751 9.485 10.459 10.078 10.043 8.943 6.889 
4.763 3.665 3.312 2.464 2.07 1.703 1.656 1.624 1.421 1.433 
1.38 1.397 1.306 1.464 1.66 2.006 2.199 2.585 3.069 2.839 
2.643 2.965 3.622 3.931 4.25 4.109 3.976 3.704 3.565 3.114 
2.738 2.615 3.111 3.105 2.876 3.455 4.0 3.209 3.887 4.136 
3.804 3.33 3.906 3.734 3.599 3.646 5.059 6.93 7.573 9.956 
10.702 13.717 12.964 15.0 12.769 11.777 8.207 7.208 5.211 4.166 
2.824 2.531 2.008 1.743 1.6 1.842 1.892 1.692 1.446 1.518 
1.539 1.398 1.485 1.401 1.375 1.36 1.668 1.962 2.256 1.705 
1.342 1.345 1.47 1.648 1.489 1.4 1.575 1.426 1.288 1.247 
1.376 1.324 1.173 1.319 1.483 1.571 1.702 2.088 2.653 3.061 
2.65 1.818 1.694 1.509 1.267 1.034 1.028 1.175 1.094 1.008 
1.048 1.15 1.178 1.072 1.182 1.135 1.043 1.058 1.205 1.254 
1.156 1.327 1.659 1.375 1.218 1.416 1.406 1.254 1.481 1.657 
2.056 2.176 2.94 3.715 4.212 4.875 5.19 5.392 4.842 3.635 
2.86 2.893 2.773 2.797 2.532 2.357 2.422 2.041 2.01 1.794 
1.922 1.898 1.652 1.386 1.488 1.409 1.284 1.204 1.211 1.238 
1.153 1.045 1.032 1.055 1.136 1.238 1.239 1.323 1.424 1.52 
2.116 3.567 5.183 7.36 8.943 8.19 8.078 7.254 6.306 5.228 
4.272 3.342 2.571 1.99 2.127 1.949 1.704 1.612 1.618 1.628 
1.49 1.745 1.565 1.59 1.426 1.168 1.093 1.335 1.343 1.074 
1.164 1.266 1.188 1.255 1.434 1.5 1.521 1.637 2.435 3.363 
4.933 5.732 5.876 5.591 5.176 4.131 3.544 2.97 2.926 2.077 
2.328 1.949 1.724 1.426 1.516 1.303 1.375 1.411 1.583 1.727 
1.868 1.995 2.216 2.247 2.913 2.999 4.675 5.945 5.881 6.991 
7.523 8.099 8.977 8.185 9.365 9.381 10.867 9.588 8.777 10.323 
9.605 8.207 6.09 5.135 5.236 4.833 3.456 3.225 2.512 2.735 
2.633 2.065 1.743 1.862 1.882 1.589 1.837 2.302 2.482 2.115 
1.657 1.997 1.63 1.447 1.576 1.595 1.439 1.133 1.536 1.705 
1.898 2.016 2.018 1.885 2.048 2.516 2.565 2.343 1.972 1.987 
1.812 2.132 2.316 3.04 3.213 3.344 2.711 2.045 1.688 1.514 
1.477 1.542 1.34 1.413 1.576 1.724 1.754 1.779 1.892 1.998 
1.895 1.554 2.017 2.657 3.414 3.628 3.496 2.76 1.937 1.783 
1.201 1.394 1.279 1.096 1.069 1.061 1.177 1.388 1.748 1.454 
1.219 1.143 1.357 1.384 1.253 1.293 1.544 1.615 1.532 1.833 
2.422 2.311 1.757 1.918 1.672 1.383 1.104 1.464 1.455 1.276 
1.202 1.176 1.108 1.172 1.15 1.245 1.542 2.015 2.494 3.311 
3.292 2.879 2.501 2.406 2.036 1.636 1.28 1.261 1.353 1.297 
0.993 1.138 1.202 1.197 1.084 1.178 1.173 1.148 1.073 1.244 
1.539 1.82 1.977 1.657 1.485 1.174 1.093 1.215 1.162 1.071 
1.599 2.015 2.09 1.924 1.585 1.052 0.916 0.93 0.876 1.001 
1.069 1.032 1.082 1.267 1.273 1.242 1.41 1.347 1.152 1.232 
1.24 1.12 1.173 1.215 1.075 1.088 1.138 1.251 1.135 1.214 
1.29 1.312 1.15 1.188 1.577 1.779 1.498 1.535 1.484 1.478 
1.48 1.649 1.549 1.501 1.482 1.844 1.804 1.442 1.412 1.523 
1.432 1.372 1.282 1.513 1.741 2.193 1.812 1.788 1.851 1.915 
1.53 1.348 1.676 1.623 1.503 1.456 1.539 1.65 1.539 1.393 
1.7 1.591 1.463 1.563 1.597 1.591 1.804 2.09 2.377 2.317 
1.816 2.103 2.421 2.25 1.896 1.758 1.941 1.61 1.697 1.839 
2.251 2.539 3.019 3.216 4.07 3.369 3.714 2.493 2.217 1.715 
1.248 1.259 1.274 1.269 1.449 1.864 1.653 1.518 1.534 1.586 
1.364 1.451 1.447 1.646 1.949 2.161 1.76 1.722 1.907 1.764 
1.688 1.625 1.8 1.821 1.521 1.467 1.655 1.714 1.854 1.755 
2.174 2.806 2.877 2.729 2.811 2.685 1.857 1.722 2.03 1.99 
1.888 1.738 1.843 2.123 1.832 1.945 1.99 1.969 2.09 2.207 
2.34 2.505 2.041 1.629 1.916 2.018 1.828 1.893 1.911 2.0 
1.62 1.366 1.336 1.439 1.371 1.309 1.269 1.379 1.282 1.573 
1.671 1.316 1.452 1.401 1.496 1.41 1.261 1.502 1.61 1.697 
1.717 1.66 1.464 1.624 1.567 1.459 1.726 1.802 1.843 1.688 
1.75 1.767 1.542 1.655 1.776 1.532 1.706 1.681 1.836 1.713 
1.82 2.124 1.978 2.146 2.318 2.669 2.054 2.028 1.95 1.842 
1.628 1.669 1.5 1.531 1.423 1.369 1.655 1.574 1.458 1.421 
1.18 1.239 1.545 1.622 1.558 1.426 1.536 1.636 1.596 1.688 
1.819 1.856 1.739 1.937 1.812 1.569 1.219 1.015 0.882 0.864 
0.945 1.207 1.45 1.854 2.061 2.759 2.852 2.829 2.124 1.653 
1.342 1.363 1.394 1.417 1.397 1.286 1.468 1.222 1.087 1.022 
1.093 1.117 1.419 1.79 1.919 2.397 2.072 1.96 2.373 2.115 
1.8 2.015 2.056 2.051 1.829 1.718 1.949 2.056 2.209 2.667 
3.599 4.491 4.761 5.45 5.228 6.415 5.966 7.015 6.728 6.976 
8.472 9.718 9.445 11.125 12.35 10.926 10.612 12.071 11.384 11.657 
10.412 11.428 10.795 
END
