PFRMAT local QA
AUTHOR LAW-CASP14
af2-standard_T1137s9_5.pdb local_accuracy_only 15.0 15.0 15.0 15.0 15.0 15.0 15.0 15.0 15.0 15.0 15.0 
15.0 15.0 15.0 15.0 15.0 15.0 15.0 15.0 15.0 15.0 
15.0 15.0 15.0 12.781 12.993 12.467 11.183 8.658 5.665 4.406 
3.575 3.529 3.171 2.501 2.462 2.409 1.953 2.081 2.292 2.266 
1.803 1.991 2.725 2.05 2.033 3.25 3.185 2.024 2.616 3.26 
3.013 1.771 1.941 1.44 1.281 1.098 1.087 1.087 0.935 0.901 
1.17 1.278 1.145 1.415 2.327 3.949 5.168 5.843 6.087 5.629 
5.256 5.382 5.332 3.961 3.321 1.674 1.785 1.681 1.355 1.017 
1.144 1.217 1.058 1.041 1.193 1.281 1.072 1.196 1.343 1.356 
1.337 1.509 1.634 1.618 1.477 1.664 1.806 1.956 1.863 2.166 
2.315 2.451 2.43 2.111 1.981 1.869 1.64 1.574 1.65 1.717 
1.522 1.458 1.543 1.538 1.222 1.187 1.149 1.131 1.048 0.91 
0.897 0.9 0.799 0.762 0.739 0.701 0.667 0.735 0.713 0.7 
0.701 0.776 0.772 0.735 0.772 0.802 0.801 0.908 1.01 1.053 
1.059 1.312 1.445 1.716 1.646 2.185 2.168 2.417 2.362 2.344 
2.42 2.922 2.601 2.698 2.993 3.329 2.852 2.437 2.148 1.693 
1.46 1.688 1.385 1.099 1.042 1.18 1.136 0.845 0.88 0.927 
0.836 0.804 0.84 0.83 0.898 0.911 0.984 1.014 1.008 0.958 
1.165 1.087 0.979 1.079 1.213 1.218 1.191 1.421 1.592 1.532 
1.646 1.963 2.263 2.177 2.191 2.623 2.938 2.898 3.025 3.095 
2.68 2.436 2.252 2.02 2.091 1.8 1.845 1.876 1.809 1.706 
1.878 1.963 1.921 1.786 1.563 1.364 1.215 1.203 1.161 1.134 
1.137 1.082 1.073 1.103 1.185 0.955 1.012 1.004 0.908 0.818 
0.921 0.928 0.822 0.781 0.957 0.86 0.801 0.848 1.056 1.07 
1.075 1.076 1.414 1.493 2.084 2.384 2.455 2.139 2.15 1.989 
1.488 1.592 1.473 1.23 1.038 1.133 1.06 0.897 0.8 0.925 
0.895 0.787 0.824 0.886 0.903 0.818 0.972 0.985 1.038 1.226 
1.172 1.165 1.269 1.311 1.52 1.464 1.759 1.917 1.941 2.071 
2.579 2.57 3.448 4.376 8.396 9.91 11.804 11.955 
END
