PFRMAT local QA
AUTHOR MASS-CASP14
af2-standard_T1137s9_5.pdb local_accuracy_only 15.0 15.0 15.0 15.0 15.0 14.042 13.22 12.668 11.117 10.155 9.421 
8.092 7.97 8.08 7.923 7.129 7.031 6.764 6.751 6.458 6.5 
6.705 5.533 5.824 5.901 5.171 4.875 4.714 4.482 4.441 3.757 
3.606 3.54 3.378 2.983 2.925 2.761 2.385 2.267 2.55 2.594 
2.455 2.503 2.788 2.896 3.175 3.758 3.63 3.621 3.488 3.741 
3.641 2.94 2.585 2.614 2.138 1.952 1.952 1.968 1.7 1.687 
1.967 1.927 1.734 1.998 2.314 2.886 3.423 3.946 4.009 3.927 
4.334 4.286 3.66 2.887 2.559 2.184 1.991 1.817 1.693 1.481 
1.693 1.648 1.537 1.442 1.452 1.364 1.367 1.329 1.453 1.273 
1.375 1.417 1.555 1.661 1.604 1.418 1.76 1.709 1.638 1.943 
2.41 2.76 2.419 1.978 2.219 2.188 1.653 1.909 1.748 1.8 
1.717 1.517 1.568 1.465 1.448 1.442 1.62 1.73 1.596 1.275 
1.313 1.206 1.353 1.138 1.131 1.127 1.084 1.002 0.912 0.956 
1.059 0.952 0.9 0.884 0.962 1.029 1.025 0.971 1.032 1.09 
0.932 1.235 1.257 1.231 1.282 1.611 1.767 2.013 2.03 1.75 
1.946 2.048 1.91 1.977 2.015 1.738 1.854 1.766 1.814 1.584 
1.778 1.939 1.759 1.472 1.256 1.228 1.246 1.196 1.084 1.234 
1.139 1.219 1.263 1.142 1.048 1.125 1.29 1.293 1.245 1.249 
1.352 1.37 1.351 1.237 1.414 1.33 1.547 1.433 1.682 1.655 
1.754 1.868 2.2 2.162 2.615 3.391 3.913 3.961 3.116 3.139 
2.673 2.175 1.804 1.723 1.52 1.241 1.363 1.303 1.24 1.176 
1.363 1.484 1.375 1.353 1.503 1.648 1.717 1.499 1.381 1.443 
1.454 1.562 1.475 1.569 1.586 1.45 1.639 1.576 1.51 1.531 
1.701 1.541 1.503 1.463 1.522 1.43 1.268 1.188 1.324 1.402 
1.424 1.43 1.677 1.982 3.334 4.257 3.894 3.923 4.249 3.146 
2.153 2.355 2.168 1.785 1.551 1.552 1.601 1.369 1.473 1.516 
1.753 1.659 1.702 1.978 1.862 1.948 2.13 2.14 2.069 2.166 
2.311 2.586 2.302 2.447 2.623 3.005 2.758 3.203 3.44 3.748 
3.993 4.511 5.905 7.017 7.492 7.984 9.496 10.379 
END
