PFRMAT local QA
AUTHOR MASS-CASP14
af2-standard_T1185s1_4.pdb local_accuracy_only 2.764 1.768 1.536 1.241 1.088 1.112 1.367 1.431 1.696 2.063 1.905 
1.711 1.783 1.672 1.412 1.242 1.341 1.243 1.105 1.268 1.599 
1.55 1.32 1.135 1.139 0.946 0.964 1.238 1.153 1.134 1.361 
1.575 1.531 1.658 1.829 1.989 1.811 1.632 1.792 1.957 1.675 
1.884 2.045 1.839 1.659 1.589 1.731 1.473 1.224 1.489 1.519 
1.218 1.399 1.584 1.491 1.285 1.563 1.764 2.092 2.15 2.855 
3.484 4.683 5.4 6.095 6.961 7.821 8.237 8.49 7.658 8.209 
8.065 8.92 7.974 7.801 7.587 6.206 5.565 3.724 2.584 1.913 
1.325 1.339 1.436 1.527 1.55 1.57 1.702 1.796 1.68 2.061 
2.251 2.342 2.225 2.268 2.438 2.092 1.913 1.886 1.734 1.598 
1.424 0.991 1.049 1.029 1.02 0.922 0.907 1.124 1.3 1.195 
1.012 1.172 1.182 1.347 1.3 1.171 1.224 1.317 1.436 1.376 
1.307 1.339 1.297 1.335 1.288 1.346 1.511 1.704 1.922 2.059 
1.834 1.577 1.405 1.455 1.318 0.995 0.751 0.768 0.567 0.743 
0.879 1.165 1.539 1.862 1.795 1.624 1.862 2.035 1.989 1.844 
1.704 1.813 2.089 1.813 1.897 2.159 2.294 2.059 2.036 2.452 
2.797 2.486 2.324 2.851 2.746 2.868 2.653 2.134 2.028 2.283 
2.287 2.101 2.055 1.808 1.367 1.093 1.106 1.048 1.064 1.343 
1.347 1.232 1.129 1.126 1.361 1.258 1.161 1.337 1.366 1.418 
1.282 1.573 1.52 1.46 1.789 1.895 1.815 1.495 2.157 2.31 
1.857 1.595 1.224 1.115 0.937 0.795 0.7 0.57 0.773 0.949 
0.955 1.037 1.167 1.175 1.325 1.493 1.789 2.077 2.1 2.948 
3.386 3.474 3.396 3.754 3.096 2.76 2.508 2.625 2.382 1.961 
2.11 1.995 1.602 1.572 1.746 1.645 1.318 1.264 1.428 1.327 
1.141 1.299 1.464 1.352 1.559 1.901 1.897 1.777 1.559 1.15 
1.068 0.93 0.836 0.895 1.001 1.16 1.216 1.311 1.952 2.635 
3.881 5.771 8.121 11.183 12.732 14.221 15.0 14.359 13.472 14.593 
13.207 13.798 11.619 13.958 12.409 14.809 15.0 15.0 15.0 15.0 
15.0 15.0 14.958 13.025 12.351 10.287 8.118 6.189 4.298 3.221 
2.547 2.267 2.27 2.218 2.07 2.232 2.725 2.713 2.222 2.337 
2.986 2.583 2.065 1.683 1.437 1.213 1.049 1.003 1.054 1.116 
1.329 1.502 1.732 2.139 1.837 1.374 1.321 1.162 1.185 1.13 
1.202 1.329 1.479 1.741 2.308 2.673 2.342 2.187 1.736 1.549 
1.292 1.073 1.025 1.065 1.292 1.417 1.602 1.796 1.756 1.597 
1.23 1.256 1.383 1.754 2.19 3.156 4.341 5.574 6.201 
END
