PFRMAT local QA
AUTHOR LAW-CASP14
af2-standard_T1185s1_4.pdb local_accuracy_only 5.263 3.499 2.671 2.75 2.994 3.136 3.414 3.436 3.689 3.575 3.345 
3.317 3.156 2.767 3.131 3.103 3.005 3.087 2.883 2.923 2.854 
2.894 3.127 3.459 3.684 3.098 3.222 3.355 3.879 3.145 4.033 
4.493 4.759 3.883 4.01 4.541 4.082 3.559 3.778 3.915 3.873 
3.101 3.492 3.726 3.699 3.728 3.706 3.574 3.192 3.287 3.379 
3.356 3.606 3.779 3.535 3.072 3.328 3.89 3.849 4.197 5.475 
5.801 7.089 9.08 9.357 9.952 10.355 10.438 10.644 10.202 10.141 
9.308 8.217 7.901 6.747 6.703 4.744 3.09 1.504 1.049 0.938 
0.865 0.829 1.024 0.955 1.248 1.154 1.369 1.308 1.166 1.165 
1.426 1.473 1.206 1.511 1.127 1.109 0.851 0.843 0.851 0.888 
0.84 0.706 0.676 0.663 0.597 0.653 0.613 0.683 0.737 0.756 
0.655 0.796 0.676 0.836 0.854 0.814 0.709 0.944 0.925 0.81 
0.759 0.953 0.849 0.755 0.868 0.972 1.13 1.24 1.598 1.399 
1.155 1.003 0.905 0.891 0.791 0.747 0.672 0.632 0.595 0.605 
0.747 0.766 0.832 1.005 1.1 1.15 1.946 2.104 2.126 1.65 
1.541 1.845 1.63 1.335 1.511 1.837 1.795 1.612 2.121 2.529 
2.939 2.817 2.479 3.159 3.169 3.113 3.037 2.774 2.384 2.792 
2.383 1.546 2.034 1.702 1.094 0.923 0.801 0.762 0.717 0.857 
0.87 0.953 1.021 1.13 1.396 1.173 1.012 1.401 1.334 1.208 
1.147 1.41 1.422 1.306 1.276 1.588 1.245 1.084 1.287 1.471 
1.02 0.98 0.738 0.741 0.649 0.607 0.554 0.592 0.634 0.663 
0.664 0.748 0.753 0.836 0.87 0.909 0.942 1.016 1.203 1.339 
1.895 2.646 2.257 2.459 2.141 1.698 1.797 1.713 1.605 1.286 
1.435 1.364 1.271 1.212 1.262 1.23 1.174 1.047 1.121 1.062 
0.816 0.849 1.048 0.901 0.821 0.946 0.983 0.957 0.959 0.789 
0.7 0.649 0.571 0.589 0.669 0.69 0.767 0.969 1.418 3.017 
3.996 7.424 8.606 10.309 11.545 11.291 10.36 8.321 7.454 6.71 
5.007 4.981 4.458 6.368 8.321 9.945 11.663 15.0 15.0 14.925 
15.0 15.0 15.0 14.807 14.617 13.612 9.673 8.185 6.285 5.375 
2.963 2.199 1.198 1.054 1.315 1.857 2.395 1.939 1.495 1.745 
1.78 1.272 0.941 0.925 0.872 0.794 0.706 0.659 0.655 0.635 
0.936 1.117 1.343 1.721 1.317 1.09 0.787 0.772 0.713 0.875 
0.989 1.016 1.052 1.211 1.204 1.569 1.488 1.673 1.405 1.325 
1.017 0.943 0.912 0.836 1.021 1.002 1.125 1.37 1.322 1.068 
0.981 1.051 1.09 1.163 2.087 3.424 6.322 7.747 9.151 
END
