PFRMAT local QA
AUTHOR LAW-CASP14
af2-standard_T1158v2_5.pdb local_accuracy_only 12.808 15.0 13.972 14.271 10.203 10.017 6.613 2.465 1.352 1.544 1.336 
3.306 6.379 6.207 9.253 8.473 8.976 8.061 3.585 7.215 2.857 
1.559 1.101 0.987 1.129 1.773 0.856 1.106 1.227 1.182 0.97 
1.451 1.46 1.282 1.418 2.151 1.735 1.54 1.117 1.114 1.035 
1.288 1.135 0.84 0.985 0.987 0.782 1.205 1.105 1.151 0.93 
0.883 0.697 0.783 0.981 0.737 0.689 0.808 0.895 0.823 0.863 
1.095 1.184 1.201 1.452 1.732 1.932 2.286 2.694 2.973 3.327 
3.844 5.16 5.252 6.018 4.647 4.133 2.626 1.927 1.356 1.675 
1.764 1.399 1.358 1.767 1.773 1.437 2.007 2.395 3.075 3.35 
2.429 4.509 5.076 2.817 4.976 6.548 4.119 3.285 5.063 3.828 
2.656 2.358 2.527 2.186 1.647 1.276 1.554 1.593 1.224 1.549 
1.694 1.314 1.145 1.606 1.58 1.134 1.201 1.393 1.164 1.085 
1.446 1.655 3.309 4.808 6.481 4.79 4.838 4.046 3.156 3.022 
3.032 3.098 2.531 2.673 2.588 2.245 1.944 2.799 2.537 2.295 
1.903 2.534 2.075 1.807 1.688 1.926 1.606 1.031 1.113 1.296 
1.092 0.745 0.907 1.047 0.766 0.612 0.737 0.73 0.642 0.561 
0.644 0.638 0.549 0.572 0.544 0.554 0.519 0.571 0.506 0.489 
0.531 0.52 0.513 0.465 0.547 0.562 0.502 0.536 0.6 0.647 
0.761 0.898 1.188 1.012 1.193 1.567 1.823 1.634 1.631 1.071 
1.321 1.303 1.191 0.921 1.102 1.014 0.809 0.926 0.979 0.931 
0.723 0.823 0.861 0.693 0.714 0.814 0.848 0.782 0.818 1.092 
0.983 1.417 1.36 1.466 1.508 1.844 1.494 1.402 1.24 1.229 
1.041 0.943 0.91 0.848 0.798 0.833 0.879 0.805 0.865 1.017 
1.022 0.844 0.904 0.826 0.851 0.779 0.846 0.866 0.955 0.901 
1.081 1.12 1.234 1.417 1.547 1.747 1.862 1.696 1.993 1.65 
1.579 1.302 1.311 1.164 1.12 1.008 0.964 1.04 1.023 0.89 
0.983 0.998 0.963 0.819 0.901 0.887 0.813 0.789 0.84 0.802 
0.74 0.723 0.782 0.763 0.705 0.81 0.839 0.758 0.775 0.919 
0.874 0.753 0.834 0.776 0.726 0.748 0.658 0.647 0.742 0.809 
0.871 1.021 1.003 0.922 0.902 0.928 0.83 0.766 0.812 0.813 
0.772 0.713 0.768 0.746 0.695 0.638 0.71 0.727 0.676 0.704 
0.791 0.805 0.854 0.919 0.992 0.993 1.116 1.255 1.302 1.413 
1.424 1.469 1.502 1.531 1.431 1.227 1.247 1.653 1.38 1.036 
1.074 1.283 1.048 0.991 1.035 1.385 1.012 0.991 1.151 1.246 
1.169 1.265 1.281 1.409 1.21 1.33 1.1 1.143 0.992 1.118 
1.069 1.078 0.907 1.086 1.031 0.944 0.973 1.106 1.13 1.123 
1.303 1.431 1.531 1.666 1.966 2.156 1.746 1.912 2.377 2.173 
1.462 2.104 1.901 1.21 1.272 1.555 1.235 1.003 1.371 1.399 
1.076 1.165 1.316 1.144 0.909 1.11 1.035 0.875 0.798 0.963 
0.883 0.869 0.83 1.01 1.968 7.014 8.364 11.048 11.242 11.195 
12.521 11.092 8.496 9.672 6.559 5.061 1.589 1.352 1.182 1.22 
1.243 1.435 1.461 1.338 1.358 1.211 1.386 1.212 1.568 1.816 
3.29 2.28 3.027 1.969 1.387 1.365 1.322 1.321 1.566 1.333 
1.355 1.195 1.234 0.96 1.101 0.988 0.957 0.921 0.827 0.829 
0.803 0.719 0.874 1.284 1.993 7.284 2.306 1.563 1.341 1.003 
0.951 1.193 1.046 0.826 0.987 1.028 1.02 0.809 1.219 0.898 
1.076 1.166 1.262 1.386 1.389 1.637 1.367 1.238 1.303 1.295 
1.43 1.08 0.758 0.659 0.682 0.714 0.751 1.083 1.205 1.618 
1.244 0.893 0.847 0.737 0.91 0.85 0.848 0.873 0.882 1.124 
0.889 0.956 1.195 1.357 2.184 1.591 2.419 2.092 2.325 1.985 
1.722 1.344 1.292 1.202 1.132 0.982 1.016 1.019 1.005 0.93 
1.049 1.003 1.087 1.148 1.121 1.078 1.255 1.437 1.106 1.256 
1.009 1.161 0.897 0.878 0.96 0.919 0.937 1.055 1.098 1.122 
1.099 1.136 1.533 1.589 3.393 2.071 2.079 1.338 1.165 1.282 
1.09 0.948 0.942 0.931 0.954 1.0 0.81 0.898 0.947 0.946 
0.824 0.722 0.708 0.585 0.581 0.591 0.718 0.765 0.894 1.09 
1.154 1.517 1.866 1.585 1.68 1.438 1.377 1.238 1.183 1.167 
1.109 0.967 0.97 1.104 0.996 1.002 0.948 1.088 1.225 1.059 
0.927 1.121 0.984 0.738 0.718 0.659 0.573 0.652 0.707 0.972 
1.425 2.09 2.265 2.512 1.993 1.808 2.033 1.71 1.441 1.256 
1.125 1.059 1.032 1.095 1.216 1.489 1.583 1.344 1.5 1.494 
1.501 1.344 1.402 1.528 1.841 2.011 5.889 5.314 6.926 10.391 
10.562 11.554 13.626 13.49 12.598 12.144 14.537 14.507 14.415 14.696 
15.0 15.0 15.0 15.0 15.0 15.0 15.0 15.0 15.0 15.0 
15.0 15.0 15.0 15.0 15.0 15.0 15.0 15.0 15.0 15.0 
15.0 15.0 15.0 15.0 15.0 15.0 15.0 12.127 11.294 6.436 
9.822 9.639 13.528 10.999 15.0 15.0 15.0 15.0 15.0 15.0 
15.0 15.0 15.0 15.0 15.0 15.0 15.0 15.0 15.0 15.0 
15.0 15.0 15.0 15.0 15.0 15.0 15.0 14.13 12.02 10.055 
9.057 8.055 5.031 4.625 2.618 2.286 1.781 1.434 1.253 1.187 
1.175 1.075 0.836 0.963 1.122 0.842 0.886 1.275 2.252 2.948 
4.395 3.609 3.338 5.132 5.046 3.43 4.665 4.917 3.291 3.106 
2.779 3.361 2.292 1.585 2.652 2.673 2.437 2.334 3.193 2.88 
2.658 2.81 2.744 2.298 1.902 2.597 3.057 1.884 6.104 6.518 
8.923 10.886 12.032 12.993 14.01 15.0 15.0 15.0 15.0 15.0 
15.0 15.0 15.0 15.0 15.0 15.0 15.0 11.226 12.91 12.167 
11.777 10.368 9.013 7.53 8.947 7.574 5.76 5.989 4.421 4.217 
2.482 4.734 4.609 2.972 2.424 2.594 2.379 1.905 1.64 2.198 
2.098 1.395 1.205 1.273 1.035 0.879 0.839 0.861 0.755 0.677 
0.73 0.718 0.661 0.626 0.644 0.636 0.579 0.615 0.626 0.623 
0.622 0.65 0.716 0.64 0.626 0.774 0.812 0.859 0.81 1.066 
0.965 0.973 1.103 1.213 1.044 1.042 0.89 0.889 0.861 0.806 
0.732 0.732 0.761 0.68 0.699 0.699 0.721 0.69 0.695 0.728 
0.71 0.696 0.75 0.736 0.726 0.715 0.722 0.674 0.61 0.66 
0.609 0.606 0.581 0.723 0.63 0.638 0.772 0.79 0.725 0.843 
1.08 0.947 1.006 1.213 1.35 1.343 1.677 1.601 1.334 2.064 
2.118 4.035 3.873 5.886 7.323 6.685 6.09 6.48 4.975 3.012 
2.878 2.594 1.847 1.406 1.485 1.246 0.961 0.988 0.965 0.873 
0.728 0.809 0.899 0.809 0.726 0.821 0.825 0.639 0.748 0.837 
0.76 0.719 0.932 0.946 0.732 0.815 0.907 0.789 0.643 0.701 
0.764 0.612 0.58 0.686 0.663 0.602 0.56 0.671 0.602 0.56 
0.637 0.656 0.612 0.647 0.651 0.646 0.795 0.828 0.801 1.048 
0.97 0.838 0.745 0.842 0.73 0.556 0.63 0.605 0.582 0.574 
0.575 0.567 0.547 0.525 0.582 0.549 0.522 0.485 0.537 0.558 
0.529 0.568 0.589 0.58 0.576 0.618 0.588 0.625 0.654 0.629 
0.679 0.764 0.769 0.858 0.845 1.003 1.082 1.231 1.258 1.525 
1.853 1.601 1.964 2.506 2.624 2.352 2.762 2.894 2.648 2.242 
2.366 1.972 1.48 1.218 1.154 1.319 1.29 1.133 1.121 1.358 
1.108 1.222 1.166 1.089 1.038 1.051 1.026 0.89 0.919 0.902 
0.803 0.752 0.809 0.766 0.656 0.815 0.92 0.75 0.934 1.238 
1.153 0.942 1.659 1.677 1.117 1.338 1.824 1.179 0.992 1.397 
1.085 0.856 0.927 1.138 0.895 0.849 1.271 1.23 1.462 1.244 
1.121 1.277 1.244 1.14 1.625 3.22 5.214 4.107 3.095 2.085 
2.273 1.908 1.452 1.078 0.785 0.816 0.74 0.655 0.653 0.648 
0.686 0.744 0.819 0.978 0.89 1.175 1.109 1.507 1.545 2.297 
3.546 3.785 2.949 2.632 1.694 1.465 1.122 1.158 1.15 0.991 
0.91 0.766 0.753 0.625 0.692 0.68 0.683 0.574 0.543 0.546 
0.628 0.596 0.708 0.962 1.566 2.366 1.739 1.167 0.976 0.812 
0.861 1.038 0.844 0.741 0.782 0.82 0.73 0.67 0.785 0.782 
0.945 0.922 0.963 0.982 0.969 0.831 0.755 0.738 0.755 0.772 
0.884 0.952 1.028 0.996 1.694 1.755 2.008 2.011 0.914 0.832 
1.045 0.77 0.65 0.655 0.678 0.612 0.637 0.594 0.669 0.815 
1.0 1.491 1.196 1.236 1.202 1.014 1.094 1.428 1.565 1.824 
1.49 1.458 1.386 1.228 1.361 1.188 1.402 1.612 1.69 1.523 
1.662 1.391 1.376 1.293 1.21 1.171 1.159 1.074 1.071 1.15 
1.141 1.083 1.224 1.265 1.265 1.581 1.893 1.632 1.922 2.35 
2.512 2.74 2.269 2.123 1.937 2.144 2.017 1.833 1.45 1.548 
1.165 1.213 1.445 2.144 3.171 2.429 2.692 2.137 1.899 1.432 
1.33 1.091 1.072 1.027 0.853 0.917 0.971 0.984 0.802 0.996 
1.027 0.928 0.95 0.776 0.702 0.547 0.558 0.511 0.565 0.657 
0.829 1.03 1.325 1.391 1.949 2.098 2.307 2.615 2.198 1.963 
1.728 1.701 1.456 1.181 1.259 1.258 1.14 1.126 1.157 1.193 
1.171 0.82 1.044 0.873 0.641 0.584 0.484 0.501 0.561 0.616 
0.831 1.137 1.48 1.396 1.571 1.405 0.882 1.426 1.649 0.842 
0.75 0.695 0.727 0.72 0.8 0.831 0.944 1.049 1.029 1.025 
0.945 0.941 0.98 0.904 0.947 1.09 1.244 2.346 1.683 1.598 
2.448 2.792 3.499 5.035 5.087 3.221 2.903 2.621 4.029 5.24 
4.905 4.332 6.361 6.861 7.852 10.61 11.113 10.061 8.749 8.202 
9.744 9.788 4.595 5.81 8.166 5.583 4.031 7.725 9.869 7.191 
5.126 9.242 9.429 9.578 10.137 11.909 12.933 15.0 15.0 14.807 
15.0 15.0 15.0 15.0 15.0 15.0 15.0 15.0 15.0 15.0 
15.0 15.0 15.0 15.0 15.0 15.0 15.0 15.0 15.0 15.0 
15.0 15.0 15.0 15.0 15.0 15.0 15.0 15.0 15.0 15.0 
15.0 15.0 15.0 15.0 15.0 15.0 15.0 15.0 15.0 
END
