PFRMAT local QA
AUTHOR MASS-CASP14
af2-standard_T1158v2_5.pdb local_accuracy_only 12.804 13.778 10.897 7.692 6.079 5.884 3.764 2.594 1.834 1.837 1.588 
1.949 1.913 2.959 3.341 4.363 4.47 4.469 4.661 4.344 4.026 
3.538 3.447 3.102 3.002 2.666 2.651 2.874 2.989 2.512 2.524 
2.82 3.416 3.871 5.152 4.937 5.198 4.86 4.184 4.675 4.973 
4.719 3.732 3.228 3.051 3.209 3.206 3.285 4.928 4.977 5.536 
4.261 3.485 3.27 2.431 1.805 1.721 1.908 2.029 1.812 2.174 
2.471 2.427 2.254 2.585 2.816 3.124 2.863 3.141 3.511 3.647 
4.259 4.42 5.419 5.342 4.998 4.821 4.03 3.226 2.777 2.852 
2.577 2.824 2.447 2.808 3.361 3.378 3.92 4.98 5.841 5.724 
4.762 5.62 4.82 5.364 5.316 5.773 5.166 5.046 5.111 5.008 
4.543 3.98 2.901 2.552 2.44 2.22 1.711 1.565 1.612 1.424 
1.24 1.369 1.454 1.702 1.478 1.489 1.938 2.049 2.271 2.535 
3.145 3.367 4.142 4.246 4.527 3.908 3.651 3.407 2.999 2.755 
3.136 3.001 2.778 3.013 2.979 2.755 2.766 3.119 3.113 2.685 
2.89 2.986 2.629 2.782 2.749 2.744 2.63 2.576 2.52 2.279 
2.4 2.448 2.046 2.24 2.26 2.209 1.896 1.626 1.57 1.45 
1.493 1.288 1.388 1.372 1.294 1.281 1.243 1.285 1.11 1.1 
1.185 1.288 1.114 1.247 1.537 1.398 1.285 1.298 1.233 1.189 
1.273 1.662 1.964 2.265 2.411 3.981 4.727 5.158 6.153 6.136 
5.436 3.756 2.762 3.092 2.86 2.227 2.138 2.257 2.888 2.405 
2.123 2.569 2.603 2.239 3.022 3.003 2.966 3.416 3.311 4.198 
4.293 3.926 3.812 3.764 3.839 3.82 3.431 3.255 2.916 2.501 
2.608 2.708 2.465 2.636 2.548 3.046 2.832 2.521 2.61 3.271 
3.229 3.173 3.582 4.229 3.803 4.163 4.21 5.271 4.67 5.192 
5.098 5.268 5.285 5.726 5.907 6.572 6.287 6.612 6.002 5.938 
5.119 4.773 3.938 4.085 3.365 3.325 3.227 3.585 3.681 3.065 
3.157 4.956 4.626 4.207 4.222 4.716 3.918 3.953 3.434 2.819 
2.61 2.16 2.287 2.721 2.385 2.624 2.473 2.214 2.069 2.524 
2.594 1.983 2.232 2.013 2.037 2.176 2.299 2.732 2.943 2.862 
2.743 2.667 2.082 1.78 1.976 2.096 2.278 1.855 2.616 3.144 
2.577 2.389 2.293 2.498 2.228 1.759 1.802 2.349 2.049 1.736 
2.027 2.472 2.454 2.464 2.116 2.536 3.275 3.174 2.924 2.988 
3.244 3.135 3.71 3.792 3.472 3.709 3.897 3.755 3.672 3.612 
4.179 4.425 4.44 4.178 4.011 4.071 3.734 4.01 4.35 4.267 
4.046 3.16 3.331 3.125 2.603 2.727 2.685 2.336 2.103 1.801 
1.9 1.912 1.917 2.132 1.882 1.889 2.201 2.654 2.982 2.506 
2.43 2.502 2.676 2.566 3.052 3.326 3.189 3.253 3.778 3.342 
2.746 2.758 2.745 2.628 2.195 2.374 2.621 2.249 2.708 2.347 
2.336 2.386 2.333 2.239 1.836 2.024 2.072 1.899 1.847 1.831 
2.101 2.326 2.424 2.633 3.516 4.643 4.791 4.686 5.603 7.003 
8.037 8.158 8.061 8.906 7.367 5.299 3.651 2.419 1.782 1.379 
1.518 1.607 1.633 1.625 1.937 2.003 2.694 3.229 4.018 4.93 
5.261 4.367 4.793 3.908 3.211 2.604 2.286 2.272 2.038 2.029 
1.734 1.589 1.476 1.346 1.466 1.798 1.726 1.602 1.411 1.276 
1.259 1.205 1.15 1.374 1.809 2.148 2.369 2.205 2.016 1.73 
2.057 1.925 1.592 1.498 1.653 1.828 1.873 1.638 1.84 1.993 
1.88 2.238 2.513 2.614 2.399 2.07 1.811 1.483 1.364 1.514 
1.515 1.534 1.374 1.388 1.394 1.57 1.777 2.369 3.079 3.309 
2.736 2.428 2.258 2.006 1.828 1.397 1.262 1.127 1.209 1.442 
1.521 1.522 1.691 1.909 2.467 3.347 3.576 3.348 3.288 3.347 
3.27 2.397 2.31 2.366 2.182 1.978 1.734 1.943 2.319 2.056 
2.402 2.521 3.21 3.601 3.373 2.847 3.06 3.082 2.879 3.159 
2.933 2.552 2.327 2.057 1.991 1.756 1.804 1.983 2.432 2.515 
2.214 1.88 2.071 1.866 1.881 2.143 2.208 2.242 1.941 2.046 
2.008 1.781 1.767 1.848 2.037 2.025 2.128 2.084 2.036 2.465 
2.16 1.881 1.457 1.122 1.012 1.031 1.092 1.351 1.404 1.727 
1.761 2.258 2.828 2.549 2.545 2.824 2.719 2.15 2.146 2.4 
2.052 1.928 1.92 2.263 2.263 2.251 2.4 2.45 2.689 2.598 
2.256 2.413 2.521 1.962 1.572 1.5 1.468 1.49 1.734 2.186 
2.6 2.641 2.861 2.759 2.682 2.485 2.543 2.641 2.19 1.994 
1.622 1.458 1.349 1.288 1.411 1.845 2.007 1.772 1.873 1.757 
1.783 1.684 1.788 1.634 1.649 1.837 2.426 2.473 2.195 2.227 
2.424 2.247 2.364 2.132 1.773 1.783 2.052 2.063 2.146 2.288 
3.135 4.922 6.796 7.695 9.183 10.114 8.438 10.709 9.423 8.805 
10.532 12.973 13.089 13.595 14.031 13.889 14.73 14.826 15.0 15.0 
15.0 15.0 15.0 15.0 15.0 13.483 15.0 10.115 14.17 8.22 
11.726 8.391 10.444 7.838 9.164 7.076 7.887 8.872 9.336 10.287 
12.178 12.622 14.178 15.0 15.0 15.0 15.0 15.0 15.0 15.0 
15.0 15.0 15.0 13.443 14.971 12.859 13.947 15.0 13.75 14.312 
11.694 9.161 7.44 6.115 3.94 3.313 3.218 2.46 2.066 1.912 
2.32 2.544 2.593 3.24 3.709 4.636 6.591 7.283 7.806 9.012 
9.592 8.771 7.073 7.798 7.707 8.02 6.724 6.765 6.346 5.304 
4.822 4.491 4.423 3.63 2.895 2.412 2.663 2.295 2.334 2.506 
2.691 2.889 2.644 3.024 2.87 3.41 2.589 2.976 3.328 4.37 
4.32 4.922 5.663 5.717 6.619 9.345 11.732 13.536 15.0 15.0 
15.0 14.02 15.0 9.198 6.155 4.724 3.731 3.148 2.338 2.688 
2.259 2.281 1.897 2.337 2.402 2.476 2.515 2.758 3.187 2.852 
3.056 3.146 3.296 3.379 2.982 2.903 3.498 3.994 3.995 3.722 
3.992 3.972 4.241 4.504 4.07 4.133 4.287 3.586 3.204 3.423 
3.21 2.612 2.151 2.167 1.816 1.485 1.419 1.752 1.77 1.505 
1.477 1.751 1.669 1.584 1.689 2.078 2.531 2.501 2.235 2.27 
2.311 2.153 2.072 2.294 2.514 2.183 1.844 2.009 1.793 1.511 
1.528 1.692 1.635 1.718 1.487 1.702 1.681 1.353 1.665 1.683 
1.467 1.756 1.765 1.59 1.507 1.592 1.707 1.53 1.496 1.753 
1.743 1.597 1.748 1.688 1.759 1.681 1.807 1.906 1.94 1.82 
2.394 2.322 2.515 2.736 3.042 3.048 3.147 3.204 3.536 3.436 
4.46 4.563 4.57 5.256 5.543 6.032 5.65 5.706 5.389 4.588 
5.567 5.06 4.667 5.181 5.967 5.126 4.119 4.403 4.485 4.347 
3.684 3.736 3.779 2.996 2.666 2.756 2.608 1.974 2.192 2.683 
2.768 3.415 4.651 5.282 5.274 5.334 6.253 4.781 3.15 2.716 
2.711 2.564 2.221 2.257 2.809 3.044 2.641 2.769 3.182 2.914 
3.386 2.965 2.704 2.705 2.948 2.898 2.881 2.345 2.537 2.697 
2.316 1.957 2.212 2.448 2.225 2.178 2.769 2.486 2.628 2.566 
2.474 2.108 2.137 2.31 2.545 2.63 2.809 3.037 3.013 3.129 
3.066 3.163 2.974 3.088 2.813 2.641 2.443 2.727 2.634 2.331 
2.145 2.229 2.094 2.28 2.304 2.626 2.789 2.78 2.822 2.753 
3.008 2.855 2.749 2.623 2.751 2.83 2.731 3.269 3.587 4.244 
4.124 3.814 3.453 3.574 3.556 3.772 2.867 2.452 2.629 2.603 
2.752 2.278 2.207 2.398 2.277 2.26 2.705 2.496 2.636 3.046 
2.486 2.402 2.476 2.472 2.331 2.21 2.575 2.624 2.682 2.827 
2.762 2.236 2.669 3.137 2.993 3.01 3.047 3.744 3.442 3.878 
3.616 3.26 3.159 3.233 3.356 3.811 4.21 3.697 4.013 3.234 
3.289 3.24 3.183 2.987 2.99 3.361 3.707 3.749 3.441 3.106 
2.967 3.256 2.835 2.557 2.41 2.495 2.127 1.823 1.504 1.211 
1.185 1.158 1.415 1.435 1.612 1.444 1.685 2.054 2.786 2.844 
3.94 4.362 5.051 5.104 3.962 3.64 3.04 2.841 2.469 2.297 
2.267 2.25 2.456 2.18 2.395 3.129 3.019 2.599 2.038 2.151 
1.976 2.128 1.92 2.081 2.224 2.821 2.691 2.479 2.262 2.077 
1.991 1.799 1.564 1.309 1.477 1.783 1.716 1.595 1.503 1.633 
1.878 1.944 1.743 1.705 1.679 1.514 1.19 1.276 1.257 1.452 
2.011 1.96 1.94 2.369 3.128 4.302 3.184 2.904 2.39 2.615 
2.395 2.257 2.118 2.04 1.782 1.543 1.387 1.348 1.253 1.706 
2.266 2.986 2.882 2.492 2.166 2.327 2.248 2.115 1.824 1.554 
1.4 1.576 1.244 1.003 1.174 1.448 1.799 2.161 2.739 2.68 
2.641 2.511 2.63 2.322 1.85 1.986 2.05 2.204 2.007 2.176 
2.31 2.313 2.254 2.318 2.695 3.165 3.372 2.846 3.167 4.023 
4.321 4.696 4.518 4.606 4.29 4.542 4.615 4.819 3.623 4.175 
4.377 4.527 4.028 3.906 3.661 2.829 2.308 2.217 2.233 2.047 
1.901 2.102 1.989 1.882 1.956 2.116 2.143 2.281 2.502 2.261 
2.313 2.817 3.047 2.52 2.263 1.803 1.435 1.507 1.588 1.837 
2.009 2.256 2.605 2.761 3.001 2.466 2.354 2.731 3.042 2.92 
2.545 2.889 2.314 2.056 2.045 2.313 2.387 1.835 2.414 3.137 
3.005 2.827 3.245 3.299 2.531 2.031 1.887 1.692 1.639 1.575 
1.989 2.097 2.193 2.128 2.06 2.154 1.864 1.941 2.09 2.024 
1.791 1.35 1.222 1.23 1.246 1.372 1.847 1.876 1.526 1.514 
1.412 1.452 1.298 1.372 1.565 1.586 1.624 1.792 2.188 1.954 
2.375 3.197 3.374 4.069 3.935 3.13 3.006 2.901 3.052 3.466 
3.607 3.541 4.458 5.56 5.297 5.964 6.065 6.47 4.753 4.519 
4.829 4.37 3.524 3.719 3.891 3.805 3.385 3.54 3.989 4.09 
3.77 4.651 4.667 5.406 4.883 5.245 5.738 5.636 6.887 7.552 
9.431 10.914 13.243 13.564 15.0 13.162 15.0 10.781 13.342 10.879 
14.036 14.213 15.0 14.818 14.192 15.0 15.0 14.755 15.0 15.0 
14.642 13.072 14.188 15.0 12.868 13.785 12.551 10.714 10.892 10.833 
11.465 13.791 14.927 15.0 15.0 15.0 15.0 15.0 15.0 
END
