PFRMAT local QA
AUTHOR MASS-CASP14
af2-standard_T1187_5.pdb local_accuracy_only 6.551 4.713 3.036 2.166 1.584 1.161 1.169 1.209 1.229 1.509 1.475 
1.333 1.311 1.21 1.321 1.511 1.587 1.855 1.638 2.018 1.841 
1.714 1.573 1.728 1.845 1.991 2.481 3.298 4.65 6.249 7.831 
7.144 7.821 7.555 8.336 8.972 8.601 7.798 6.821 5.663 4.623 
3.083 2.364 1.809 1.394 1.436 1.529 1.584 1.421 1.662 2.198 
2.531 2.809 2.431 2.834 2.742 2.284 1.578 1.269 1.014 1.065 
1.038 1.032 1.017 1.039 1.067 1.447 2.025 3.297 4.282 4.925 
5.422 6.073 6.641 6.649 7.052 6.858 6.487 5.53 5.432 5.041 
4.016 4.181 3.584 4.01 4.487 4.963 5.52 6.506 7.894 8.856 
8.811 9.904 8.059 6.849 5.446 4.083 3.442 3.18 2.783 3.048 
3.529 4.212 4.397 4.158 4.778 5.014 5.861 5.935 5.077 4.618 
3.889 2.968 2.605 2.207 1.967 1.904 1.947 2.438 2.096 1.749 
1.005 0.0 0.0 0.0 0.0 0.0 0.0 0.034 1.053 1.389 
1.599 2.089 2.379 2.858 2.942 2.351 1.87 1.367 0.183 0.002 
0.021 0.061 1.044 1.165 1.373 1.714 2.657 3.623 4.322 4.394 
4.199 4.248 3.639 2.738 2.23 2.26 1.726 1.691 1.427 1.211 
1.108 1.063 1.358 1.674 2.324 
END
