PFRMAT local QA
AUTHOR LAW-CASP14
af2-standard_T1187_5.pdb local_accuracy_only 12.044 12.519 11.935 1.493 1.148 1.043 1.065 1.235 1.207 1.421 1.205 
1.124 1.159 1.185 1.344 1.67 1.655 2.048 2.126 2.241 2.724 
2.322 2.399 2.554 2.883 3.268 4.462 4.628 6.183 6.49 6.481 
4.788 4.608 2.079 3.879 2.83 4.668 3.864 4.787 4.044 4.452 
3.658 2.552 1.525 1.08 1.103 1.058 1.123 1.194 1.546 1.494 
2.039 1.587 1.422 1.602 1.537 1.239 1.07 0.939 0.858 0.861 
0.831 0.823 0.867 0.924 1.041 1.17 1.764 2.055 2.633 2.769 
2.522 3.692 4.309 3.65 4.453 2.647 1.606 1.81 1.324 1.832 
1.412 1.736 2.072 2.38 3.24 3.621 5.204 7.997 9.179 10.246 
8.527 7.591 5.5 4.255 2.838 1.745 1.788 1.304 1.775 1.754 
2.738 2.346 4.322 4.967 6.71 7.691 7.867 6.932 5.715 3.118 
1.803 1.339 1.562 1.435 1.31 1.473 1.477 1.805 1.701 1.559 
1.259 1.136 0.991 0.978 0.883 0.947 0.951 0.905 0.906 0.951 
1.051 1.492 1.853 2.143 2.124 1.917 1.82 1.31 1.216 1.156 
1.015 1.026 1.04 1.149 1.518 2.448 3.413 3.49 3.83 3.779 
3.415 2.629 2.553 1.76 1.422 1.379 1.092 1.215 0.983 0.903 
0.898 0.903 1.006 1.197 0.919 
END
