PFRMAT local QA
AUTHOR LAW-CASP14
af2-standard_T1139_3.pdb local_accuracy_only 15.0 15.0 15.0 15.0 15.0 15.0 15.0 15.0 15.0 15.0 15.0 
15.0 15.0 15.0 15.0 15.0 15.0 15.0 12.921 10.405 5.077 
2.701 2.113 1.993 1.49 1.548 1.259 1.212 1.311 1.162 1.078 
1.199 1.344 1.302 1.26 1.29 1.308 1.205 1.092 1.311 1.43 
1.56 1.532 1.806 2.337 3.619 3.106 4.003 2.385 2.386 1.49 
1.614 1.701 1.708 1.611 1.632 1.353 1.378 1.137 1.273 1.068 
0.923 0.911 0.962 0.955 0.93 0.967 1.132 1.175 1.091 1.11 
1.301 1.032 0.921 1.137 1.177 1.037 1.172 1.303 1.23 1.327 
1.188 1.411 1.238 1.336 1.251 1.079 1.028 1.101 1.02 1.015 
0.89 0.904 0.844 0.792 0.765 0.815 0.845 0.82 0.929 0.982 
0.973 1.049 1.037 1.193 0.979 0.848 1.109 1.034 0.945 1.028 
1.211 1.205 1.414 1.164 1.303 1.011 0.986 0.99 0.962 0.978 
1.069 1.152 1.131 0.984 0.847 0.838 0.825 0.861 0.909 0.867 
0.927 1.09 1.089 1.211 0.965 1.105 1.093 0.912 0.916 1.063 
1.045 0.936 1.071 1.348 1.19 1.39 1.163 1.236 1.207 1.204 
1.026 1.18 1.155 1.418 1.494 1.509 1.236 1.118 0.964 1.135 
1.148 1.106 1.138 1.469 1.528 1.527 2.072 1.642 1.625 1.507 
1.216 1.399 1.652 1.557 1.461 2.376 3.651 3.873 5.498 7.122 
9.716 10.034 11.62 12.902 13.564 13.551 14.392 13.801 13.805 14.013 
15.0 14.188 15.0 15.0 15.0 15.0 15.0 15.0 15.0 15.0 
15.0 15.0 15.0 13.315 10.968 10.4 8.687 8.934 6.519 5.826 
4.239 4.994 4.457 3.308 4.647 4.775 3.804 4.145 3.596 3.79 
3.828 4.428 5.744 6.592 8.728 12.865 15.0 15.0 15.0 15.0 
15.0 15.0 15.0 15.0 15.0 13.995 13.918 13.686 14.536 12.817 
13.681 11.145 11.344 12.351 15.0 15.0 15.0 15.0 15.0 14.182 
12.872 13.247 13.572 14.798 12.699 6.824 5.159 3.891 3.342 3.339 
3.317 2.441 2.325 2.583 2.565 2.871 3.06 3.211 3.727 5.312 
8.439 10.111 12.424 13.318 13.599 13.373 12.714 11.918 12.471 12.12 
11.75 11.116 8.867 7.23 3.582 4.292 5.743 4.402 4.663 2.778 
2.747 2.202 2.655 2.371 3.58 3.207 3.338 5.051 5.054 5.599 
5.983 7.096 6.918 7.882 8.023 8.714 10.53 10.635 13.336 14.048 
15.0 15.0 15.0 15.0 15.0 15.0 
END
