PFRMAT local QA
AUTHOR MASS-CASP14
af2-standard_T1139_3.pdb local_accuracy_only 15.0 15.0 15.0 15.0 15.0 15.0 15.0 15.0 15.0 15.0 15.0 
15.0 14.741 14.047 11.383 10.368 9.735 9.588 7.2 6.708 4.339 
3.188 2.62 2.538 2.341 1.843 1.385 1.539 1.459 1.303 1.039 
1.199 1.451 1.407 1.231 1.15 1.407 1.318 1.054 1.256 1.529 
1.486 1.338 1.691 1.953 2.227 2.067 2.145 1.777 1.742 1.524 
1.675 1.606 1.639 1.598 1.641 1.536 1.407 1.284 1.341 1.191 
1.009 1.073 0.716 0.99 1.072 1.244 1.445 1.458 1.212 1.202 
1.276 1.156 1.087 1.237 1.212 1.163 1.255 1.557 1.393 1.511 
1.283 1.437 1.448 1.891 2.076 1.836 1.652 1.628 1.632 1.653 
1.349 1.256 1.322 1.222 1.165 1.108 1.062 1.15 1.372 1.54 
1.615 1.379 1.38 1.379 1.267 1.056 1.223 1.133 1.003 1.095 
1.432 1.44 1.617 1.401 1.485 1.551 1.667 1.684 1.677 1.673 
1.834 1.708 1.61 1.518 1.556 1.425 1.283 1.348 1.402 1.249 
1.126 1.418 1.547 1.626 1.32 1.516 1.488 1.311 1.188 1.291 
1.286 1.289 1.355 1.501 1.536 1.707 1.644 1.653 1.531 1.697 
1.611 1.599 1.739 1.813 2.165 2.075 1.81 1.594 1.383 1.463 
1.519 1.272 1.354 1.634 1.771 1.971 2.347 2.148 2.184 2.141 
1.768 1.798 2.068 1.912 1.831 2.268 2.667 3.218 3.449 4.379 
5.212 5.407 6.865 6.535 7.048 6.836 7.038 6.957 6.19 5.398 
6.692 7.112 6.885 6.378 8.239 8.276 8.404 7.205 8.325 8.279 
9.228 9.375 9.284 9.099 8.274 9.254 8.457 8.684 8.141 9.143 
8.793 9.752 11.109 13.174 12.932 15.0 15.0 13.518 15.0 13.775 
12.767 12.127 14.076 13.002 15.0 15.0 15.0 15.0 15.0 15.0 
14.25 15.0 15.0 15.0 13.79 11.656 9.902 9.256 9.625 10.315 
10.515 11.079 11.372 11.454 9.441 10.075 9.947 9.602 6.353 5.59 
5.352 5.022 4.295 3.782 3.009 2.813 2.947 2.616 1.735 2.055 
1.919 1.694 1.601 1.698 1.998 2.589 4.092 4.762 5.204 6.281 
7.229 6.74 8.07 8.697 8.153 5.617 4.792 3.857 2.646 2.057 
1.941 1.92 1.766 1.852 1.922 2.016 1.917 1.604 1.672 1.572 
1.29 1.287 1.23 1.302 1.463 1.767 2.473 4.436 5.163 6.857 
9.875 11.036 10.996 10.739 10.025 8.711 8.728 10.45 11.375 11.502 
10.523 13.205 13.479 14.631 15.0 15.0 
END
