PFRMAT local QA
AUTHOR MASS-CASP14
af2-standard_T1179_1.pdb local_accuracy_only 12.955 10.255 6.733 4.325 3.979 3.528 3.359 3.815 4.807 5.815 5.942 
7.253 7.977 9.524 10.701 11.319 11.453 12.01 9.89 8.362 7.26 
5.339 3.898 4.29 3.668 3.536 3.816 3.905 4.368 5.634 6.833 
8.213 9.975 10.831 13.524 14.17 15.0 15.0 15.0 15.0 15.0 
15.0 15.0 15.0 14.64 15.0 15.0 14.573 14.472 7.005 4.275 
2.774 2.085 1.911 1.822 1.803 1.769 1.656 1.942 1.892 2.825 
3.792 3.433 2.965 3.298 3.817 4.266 4.852 4.685 4.064 3.83 
4.455 4.986 5.346 6.462 7.336 8.673 9.204 9.203 9.93 10.424 
12.79 12.598 15.0 13.882 12.743 12.408 14.21 15.0 15.0 15.0 
15.0 15.0 15.0 15.0 15.0 15.0 15.0 15.0 14.962 13.844 
12.372 15.0 15.0 15.0 15.0 15.0 15.0 15.0 15.0 15.0 
14.913 10.564 6.495 3.426 2.279 1.689 1.42 1.413 1.302 1.358 
1.381 1.284 1.336 1.678 2.385 3.201 5.174 6.768 8.137 9.688 
9.626 10.396 11.606 13.909 13.641 13.263 14.218 14.802 14.541 15.0 
13.951 11.843 10.629 10.724 10.001 10.731 11.414 11.107 11.955 12.821 
15.0 15.0 15.0 15.0 15.0 15.0 15.0 15.0 12.834 11.932 
11.123 9.64 9.618 9.895 8.479 10.338 11.093 12.132 12.877 12.435 
13.134 11.654 8.262 6.428 6.058 5.718 4.212 3.532 3.063 2.445 
1.828 2.042 2.381 2.047 1.336 1.143 1.108 1.263 1.191 1.31 
1.277 1.366 1.604 1.883 2.344 3.179 3.818 3.478 2.898 2.67 
2.785 3.693 4.915 5.691 3.607 2.798 2.382 2.115 2.181 1.997 
1.811 2.448 2.979 3.155 4.42 4.324 4.776 4.871 5.52 5.26 
5.242 4.895 4.623 3.61 4.344 4.706 4.803 5.167 5.269 4.694 
4.138 5.135 4.971 5.422 6.051 5.791 7.364 7.459 7.113 6.067 
5.415 4.158 3.115 3.499 3.974 4.6 5.533 5.38 6.158 6.78 
10.277 12.504 14.164 14.58 15.0 15.0 15.0 15.0 15.0 15.0 

END
