PFRMAT local QA
AUTHOR LAW-CASP14
af2-standard_T1179_1.pdb local_accuracy_only 5.25 3.628 3.165 2.275 2.049 1.8 1.816 2.11 2.851 2.838 2.869 
2.783 4.322 6.998 8.094 9.127 9.734 11.738 9.218 9.492 6.669 
5.707 4.037 4.775 4.655 3.177 4.984 2.769 3.63 3.838 4.634 
9.184 10.893 14.417 14.337 15.0 15.0 14.928 10.235 9.668 5.362 
5.157 4.04 4.828 4.407 4.724 5.073 4.913 4.818 4.179 3.428 
2.379 2.29 1.945 2.356 2.876 2.164 2.197 1.834 1.719 2.346 
2.569 2.586 2.211 2.489 3.101 4.1 4.518 3.971 3.387 2.832 
2.731 2.441 3.226 2.864 3.212 3.495 4.429 4.519 5.318 4.972 
3.875 2.586 2.828 2.283 2.844 2.783 3.514 3.833 3.618 3.376 
2.944 2.537 2.396 2.389 2.522 2.134 5.638 5.413 4.728 2.057 
2.082 1.761 2.931 1.868 2.147 2.596 4.195 4.346 5.749 5.887 
6.754 6.107 5.608 2.581 2.15 1.686 1.508 1.355 1.361 1.255 
1.216 1.223 1.38 1.769 1.852 2.789 2.917 3.863 4.685 5.715 
6.362 7.796 8.705 10.457 11.48 10.531 10.375 8.921 8.996 8.08 
6.36 7.025 5.473 4.573 4.316 3.937 3.992 4.288 4.568 5.259 
8.029 11.072 13.634 15.0 14.473 15.0 14.779 13.332 11.154 8.759 
6.668 4.741 4.385 3.931 4.33 4.516 4.902 6.0 6.958 8.444 
9.55 9.886 9.96 11.332 10.509 10.195 7.933 6.674 5.7 5.308 
3.374 2.967 2.793 2.115 1.723 1.324 1.248 1.173 1.283 1.339 
1.337 1.301 1.512 1.877 1.971 2.143 2.98 3.272 2.912 2.861 
3.134 2.822 3.077 3.232 3.241 3.218 2.545 2.575 2.009 1.945 
2.283 2.468 2.252 2.772 5.176 6.627 7.716 7.819 6.091 5.836 
4.611 4.709 4.774 4.649 5.674 4.319 3.493 3.499 2.676 2.734 
2.934 2.524 2.174 2.149 2.991 2.946 2.948 2.788 2.528 2.115 
1.887 2.098 1.575 2.51 3.339 3.966 4.0 4.511 5.115 9.534 
12.903 12.354 15.0 15.0 15.0 15.0 15.0 15.0 15.0 15.0 

END
