PFRMAT local QA
AUTHOR LAW-CASP14
af2-standard_T1154_4.pdb local_accuracy_only 15.0 15.0 15.0 15.0 15.0 15.0 15.0 15.0 15.0 15.0 15.0 
15.0 15.0 15.0 15.0 15.0 15.0 15.0 15.0 15.0 15.0 
15.0 15.0 15.0 15.0 15.0 15.0 12.149 8.765 6.367 7.927 
5.387 3.792 1.603 1.752 1.672 1.651 1.584 1.4 1.124 1.129 
0.959 1.066 1.117 1.499 2.034 2.031 2.269 1.887 2.137 1.711 
1.709 1.155 1.138 0.909 1.058 1.027 1.204 1.297 1.481 1.671 
2.268 2.133 3.408 5.742 8.562 13.247 15.0 15.0 15.0 11.099 
11.985 12.207 10.474 5.436 9.922 7.856 5.367 5.528 6.579 5.056 
4.167 4.3 3.401 4.078 2.009 2.292 2.449 3.129 4.067 3.627 
4.045 3.803 3.989 4.838 3.285 2.955 2.566 2.6 1.827 2.193 
2.203 2.456 2.94 1.998 3.749 2.956 2.276 1.828 1.955 1.976 
2.348 2.84 3.048 4.212 4.644 2.957 2.364 1.783 1.753 1.385 
1.404 1.208 1.094 1.315 1.193 1.455 1.819 1.686 1.687 1.599 
1.962 1.844 2.331 1.927 2.243 1.968 1.908 2.09 2.486 1.949 
2.028 2.664 2.514 2.527 2.492 3.082 4.226 3.708 3.913 5.35 
4.953 4.475 3.337 5.681 5.067 9.182 9.462 8.725 5.944 4.179 
3.62 2.452 1.984 1.902 2.079 2.01 1.678 1.527 1.554 1.974 
1.955 1.741 2.081 1.948 2.38 2.657 2.502 2.428 2.258 1.872 
1.981 2.427 2.6 2.228 2.295 2.095 2.169 1.82 2.774 3.381 
3.863 7.461 6.855 5.66 7.984 9.129 8.019 7.532 8.923 10.27 
9.104 6.324 5.256 2.933 1.934 1.618 1.652 2.668 3.322 3.509 
3.123 3.943 4.276 4.211 5.474 4.9 5.18 5.496 4.399 4.708 
3.468 3.952 3.381 3.12 2.731 2.023 1.597 1.363 1.619 1.518 
2.526 3.956 4.741 6.005 4.262 4.017 4.078 3.815 3.317 2.972 
2.297 2.98 3.233 3.732 3.963 3.837 4.616 3.262 4.034 4.296 
3.833 6.463 6.949 10.326 13.965 15.0 15.0 15.0 15.0 15.0 
15.0 15.0 15.0 15.0 15.0 15.0 15.0 15.0 15.0 14.275 
11.659 10.234 6.129 5.695 6.055 7.257 7.542 10.553 11.703 14.994 
15.0 15.0 15.0 15.0 15.0 15.0 15.0 11.006 9.901 5.412 
2.962 2.379 1.973 1.88 1.73 2.331 7.884 12.472 14.751 15.0 
15.0 15.0 11.678 14.049 13.244 13.589 14.704 12.254 11.32 10.217 
9.083 8.326 12.421 11.543 11.341 9.136 6.477 3.095 2.193 2.003 
1.594 1.347 1.16 1.194 1.21 1.663 1.987 3.197 5.06 6.545 
3.448 3.471 2.33 3.157 4.911 4.595 3.193 2.559 1.802 1.578 
1.592 1.697 1.839 1.957 1.565 1.532 1.353 1.608 2.015 1.713 
2.022 1.478 1.919 1.234 1.12 1.0 0.96 1.006 1.235 1.315 
1.879 1.68 1.376 1.076 1.078 1.025 1.087 1.241 1.322 1.338 
1.179 1.166 1.077 1.095 1.108 1.229 1.461 1.595 1.54 1.387 
1.55 1.578 1.533 1.457 1.539 1.515 1.393 1.502 1.526 2.377 
3.277 10.454 13.866 15.0 15.0 15.0 15.0 15.0 12.223 5.09 
2.33 1.477 1.394 1.142 1.409 1.502 2.07 2.769 2.386 2.281 
1.568 1.604 1.18 1.189 1.12 1.161 1.113 1.053 1.021 1.007 
1.079 1.106 1.149 1.113 1.151 1.094 1.309 1.203 1.486 1.663 
2.12 2.275 2.509 3.03 2.431 2.066 1.85 1.629 1.298 1.245 
1.093 1.154 1.06 1.323 1.503 1.916 3.253 8.343 10.464 14.473 
15.0 14.61 15.0 14.287 11.21 7.287 6.934 4.539 3.335 2.798 
2.798 2.813 3.856 5.252 7.55 13.728 15.0 15.0 15.0 15.0 
15.0 15.0 15.0 15.0 15.0 15.0 14.814 11.46 10.598 9.582 
8.798 7.999 6.845 5.535 5.162 5.616 3.005 2.439 2.228 2.275 
3.791 5.066 6.864 7.811 10.063 11.719 15.0 15.0 15.0 14.289 
14.216 10.541 11.508 9.134 10.666 15.0 15.0 15.0 13.895 15.0 
15.0 15.0 14.803 11.417 14.568 15.0 15.0 15.0 15.0 15.0 
15.0 15.0 15.0 15.0 12.209 12.68 15.0 15.0 15.0 15.0 
15.0 15.0 15.0 15.0 15.0 15.0 15.0 15.0 15.0 15.0 
15.0 15.0 15.0 15.0 15.0 15.0 15.0 15.0 15.0 15.0 
15.0 15.0 15.0 15.0 15.0 15.0 15.0 15.0 15.0 15.0 
15.0 15.0 15.0 15.0 15.0 15.0 15.0 15.0 15.0 15.0 
15.0 15.0 15.0 15.0 15.0 15.0 15.0 15.0 15.0 15.0 
15.0 15.0 15.0 15.0 15.0 15.0 15.0 15.0 15.0 14.832 
15.0 15.0 15.0 15.0 15.0 15.0 15.0 15.0 15.0 15.0 
8.574 12.246 15.0 15.0 15.0 15.0 14.365 13.473 7.189 7.753 
3.913 3.27 2.914 3.037 3.311 6.387 6.118 8.77 4.145 3.387 
3.074 2.312 2.82 2.436 2.514 3.251 3.152 4.371 3.282 2.719 
4.037 4.152 6.719 3.935 4.917 2.144 2.082 1.773 1.872 1.74 
2.186 2.51 3.205 3.805 3.25 3.021 2.949 2.169 2.17 1.892 
2.254 2.129 2.47 2.76 3.304 4.875 4.273 3.437 2.099 1.603 
1.27 1.093 1.184 1.167 1.409 1.522 2.022 3.001 2.979 2.533 
1.74 1.557 1.986 1.817 1.566 1.824 2.24 2.274 2.133 2.349 
1.728 1.605 1.38 1.209 1.178 1.224 1.353 1.535 1.868 1.876 
5.437 6.117 7.17 8.235 7.299 7.367 6.172 7.73 12.097 6.258 
5.657 8.403 5.275 4.873 5.04 6.966 6.443 6.586 7.251 6.558 
7.935 8.487 5.993 5.927 6.636 5.207 6.598 6.49 8.614 7.939 
6.575 7.077 9.998 5.628 5.82 12.613 13.093 9.06 10.697 15.0 
13.604 15.0 15.0 15.0 15.0 15.0 15.0 15.0 15.0 15.0 
15.0 15.0 15.0 15.0 15.0 15.0 15.0 15.0 15.0 15.0 
15.0 15.0 15.0 15.0 15.0 15.0 15.0 15.0 15.0 15.0 
15.0 15.0 15.0 15.0 15.0 15.0 15.0 15.0 15.0 15.0 
15.0 15.0 11.151 8.01 4.928 2.728 2.53 2.16 1.633 1.556 
1.451 1.813 3.004 3.817 6.421 6.968 8.187 12.671 15.0 13.257 
15.0 15.0 15.0 15.0 15.0 15.0 15.0 15.0 15.0 15.0 
15.0 15.0 15.0 15.0 15.0 15.0 15.0 15.0 15.0 15.0 
15.0 15.0 15.0 15.0 15.0 15.0 15.0 15.0 15.0 15.0 
15.0 15.0 15.0 15.0 15.0 15.0 15.0 15.0 12.361 10.748 
8.855 7.633 3.457 2.995 2.229 2.102 1.84 1.644 1.624 1.369 
1.281 1.157 1.206 1.335 1.712 2.152 3.677 4.833 6.858 8.757 
14.427 14.624 15.0 15.0 15.0 11.947 6.598 7.42 6.512 5.705 
9.66 15.0 15.0 15.0 15.0 15.0 15.0 15.0 15.0 15.0 
13.989 4.356 2.506 1.924 2.007 2.24 1.845 1.906 1.838 1.594 
1.362 1.253 1.256 1.15 1.123 1.053 1.076 1.236 1.553 1.543 
1.662 1.627 1.438 1.43 1.603 1.66 1.623 1.898 2.362 2.342 
1.902 1.58 1.223 1.226 1.104 1.264 1.191 1.229 1.143 1.29 
1.413 1.847 2.387 2.571 2.208 1.488 1.519 1.231 1.16 1.522 
2.283 2.266 1.719 2.043 2.087 2.841 3.069 4.776 3.809 4.677 
6.595 3.529 3.882 2.788 2.239 2.823 2.576 2.106 1.478 1.537 
1.531 1.564 1.609 1.756 1.604 1.692 1.657 1.626 1.668 2.359 
2.155 3.324 2.923 4.247 6.967 7.374 12.465 10.438 9.2 13.564 
15.0 15.0 15.0 15.0 14.641 13.264 13.102 13.763 13.794 15.0 
15.0 12.472 9.272 6.477 2.491 1.753 1.256 1.619 1.124 0.896 
1.018 0.883 0.941 0.869 1.034 1.183 1.56 1.74 1.607 1.446 
1.173 1.105 1.116 1.193 1.251 1.789 2.159 2.71 2.88 2.096 
2.619 3.475 2.749 2.265 2.938 4.574 3.569 3.529 2.114 1.911 
1.992 1.648 2.72 1.658 1.763 1.406 1.522 1.498 1.822 1.687 
2.65 2.53 3.617 2.475 2.41 2.203 1.928 1.857 1.674 1.806 
1.693 1.685 1.463 1.912 1.8 2.165 2.515 2.616 1.791 1.689 
1.924 1.273 1.103 0.898 0.797 0.785 0.801 0.867 0.95 1.051 
1.153 1.342 1.4 1.493 1.369 1.515 1.405 1.169 1.014 0.904 
0.975 1.169 1.18 1.609 2.077 4.852 7.824 14.253 15.0 15.0 
15.0 15.0 15.0 15.0 15.0 15.0 15.0 15.0 15.0 15.0 
15.0 15.0 15.0 14.798 15.0 12.844 9.691 14.48 11.718 8.11 
8.651 10.447 10.776 15.0 15.0 15.0 15.0 15.0 15.0 14.576 
10.723 7.626 5.896 2.943 2.238 2.295 2.102 1.952 1.502 1.973 
1.9 2.7 2.267 2.594 2.319 3.697 2.575 2.542 2.695 2.962 
2.986 3.45 3.192 3.869 4.067 3.516 3.844 3.669 2.731 3.228 
2.564 1.504 1.207 1.046 0.971 1.109 1.177 1.72 2.214 2.017 
1.551 1.445 1.11 1.212 0.973 1.107 1.529 1.375 2.107 2.831 
2.436 2.48 1.59 1.383 1.169 1.17 1.743 1.802 1.809 1.991 
2.211 3.724 3.354 2.994 2.26 2.268 1.859 2.962 2.509 2.917 
3.105 3.14 4.842 5.209 4.341 2.863 2.504 2.334 2.687 2.734 
2.588 2.491 2.424 2.519 2.064 1.991 2.323 2.209 1.726 1.345 
1.208 1.129 1.561 1.478 3.608 5.233 8.497 10.081 13.741 15.0 
15.0 15.0 15.0 15.0 15.0 15.0 15.0 15.0 15.0 15.0 
15.0 15.0 15.0 15.0 12.059 8.076 2.915 1.78 1.307 1.019 
1.05 1.106 1.551 1.796 1.696 1.357 1.229 1.141 1.541 1.259 
1.592 2.348 2.374 7.732 2.459 2.179 2.412 6.435 7.489 9.484 
11.626 11.997 9.09 9.825 9.302 12.155 12.731 10.191 7.545 3.932 
2.669 1.425 1.289 1.074 1.019 1.113 1.203 1.398 1.578 1.852 
1.691 1.666 1.633 1.4 1.269 1.138 1.086 1.163 1.196 1.378 
1.435 1.931 2.627 2.979 5.515 5.028 1.822 1.504 1.272 1.179 
1.033 1.147 1.06 1.398 1.606 1.483 1.787 1.514 1.978 1.47 
1.925 1.939 2.182 2.179 1.869 1.646 1.834 1.429 1.329 1.177 
1.2 1.108 1.523 1.601 1.61 1.331 1.236 1.192 1.352 1.385 
1.511 1.416 1.545 1.394 1.323 1.25 1.152 1.149 1.184 1.284 
1.519 1.492 1.62 1.462 1.302 1.329 1.208 1.089 0.929 0.931 
0.82 0.852 0.846 0.941 0.863 1.0 1.026 1.066 1.388 1.292 
1.343 1.657 1.705 2.111 2.044 1.638 1.977 1.495 1.678 1.47 
1.42 1.167 1.089 1.065 1.032 1.345 1.214 1.35 1.172 1.031 
1.279 1.372 1.872 1.989 1.657 1.575 1.529 1.869 2.08 1.818 
2.088 1.73 1.614 1.546 1.328 1.408 1.24 1.573 1.241 1.992 
1.428 2.384 1.971 1.623 1.831 1.835 1.392 1.497 1.313 1.166 
1.032 0.954 0.898 0.957 0.851 0.801 0.835 0.947 0.857 1.121 
1.156 1.775 1.97 1.38 1.441 1.427 1.358 1.766 1.812 1.49 
1.263 1.155 0.967 0.939 0.947 1.118 1.105 1.14 1.051 1.11 
1.14 1.169 1.398 
END
