PFRMAT local QA
AUTHOR MASS-CASP14
af2-standard_T1154_4.pdb local_accuracy_only 15.0 11.955 12.024 10.022 11.353 10.44 12.859 10.882 11.824 10.015 11.693 
11.145 10.395 10.842 10.009 10.089 10.234 12.663 12.841 12.626 14.729 
14.952 15.0 15.0 15.0 15.0 13.498 12.869 12.054 12.975 9.675 
7.985 5.612 3.2 2.4 1.782 1.409 1.171 1.044 1.2 1.133 
1.182 1.239 1.373 1.781 2.272 2.636 2.722 2.358 2.652 2.482 
2.096 1.701 1.328 1.259 1.208 1.208 1.144 1.02 1.157 1.18 
1.721 2.139 2.325 3.756 4.696 6.009 9.307 10.065 10.436 8.269 
8.233 7.087 5.213 4.526 4.614 5.207 5.01 5.038 5.857 6.992 
7.139 8.652 10.07 14.015 14.975 15.0 15.0 15.0 15.0 15.0 
15.0 15.0 15.0 15.0 9.13 6.363 3.749 2.101 1.697 1.345 
1.335 1.325 1.399 1.624 2.537 2.977 3.008 2.533 2.746 2.46 
2.435 2.498 2.872 3.403 3.257 2.683 2.057 1.637 1.378 1.425 
1.5 1.22 1.139 1.176 1.215 1.519 1.588 2.314 2.296 3.276 
3.613 4.311 3.237 2.886 2.78 2.259 2.311 2.175 2.923 2.473 
2.365 3.218 3.743 4.016 4.576 6.551 7.365 6.777 7.414 9.128 
10.413 9.938 9.275 8.237 10.753 11.451 11.669 12.682 14.477 14.342 
11.996 10.912 9.029 6.436 5.352 4.608 4.47 3.291 2.832 3.212 
2.243 1.766 1.928 2.113 2.425 3.241 3.564 3.492 3.69 3.411 
3.196 4.442 5.265 4.38 3.86 3.796 3.746 3.923 4.624 5.057 
4.858 5.33 4.806 5.633 6.206 8.639 9.808 9.198 12.019 13.007 
13.531 9.816 9.222 7.944 6.099 5.477 4.642 4.848 4.65 3.542 
3.342 3.26 3.213 2.829 3.564 3.277 4.392 4.357 4.294 3.687 
3.342 3.942 3.502 3.163 3.389 3.384 3.708 2.93 2.554 2.589 
3.123 3.442 4.351 5.523 5.097 5.173 4.248 4.962 3.468 3.439 
3.376 3.282 3.142 3.668 4.218 3.544 3.769 3.342 3.469 3.804 
4.377 4.395 5.563 5.82 7.455 7.961 9.205 10.103 10.62 10.567 
10.425 11.43 11.036 13.73 13.67 13.902 14.91 15.0 14.793 13.136 
11.132 12.801 10.644 9.788 7.926 7.97 7.735 7.999 8.128 8.989 
9.166 10.359 9.351 9.697 9.544 8.201 6.344 5.311 4.449 4.159 
4.488 4.545 5.404 5.661 6.87 7.716 7.821 7.851 9.488 11.34 
11.434 11.037 10.476 9.565 9.952 9.098 8.329 7.829 6.943 5.406 
5.555 5.678 6.695 7.571 7.709 7.561 6.775 5.995 4.479 4.104 
3.419 2.505 2.667 2.477 2.857 3.088 3.668 3.412 3.968 3.919 
3.813 3.632 3.066 2.392 2.066 1.795 1.725 1.536 1.608 1.892 
2.611 3.991 4.329 3.668 3.199 3.428 4.133 4.604 4.825 4.165 
4.034 3.801 3.75 3.329 2.815 2.667 2.067 2.061 2.284 2.279 
2.988 3.852 3.365 2.524 1.789 1.629 1.391 1.291 1.329 1.308 
1.51 1.523 1.884 2.398 3.03 3.394 3.818 4.27 3.997 3.973 
3.887 3.571 3.042 2.911 2.969 2.943 2.426 2.455 2.366 2.866 
3.204 3.661 4.423 6.689 6.556 5.994 6.053 5.299 4.14 3.896 
3.749 3.338 3.137 2.657 2.77 3.249 4.261 4.243 3.495 2.614 
2.233 1.887 1.502 1.319 1.023 0.989 0.907 0.5 0.753 1.059 
1.202 1.182 1.087 1.203 1.292 1.214 1.25 1.245 1.321 1.575 
2.285 2.942 4.458 5.018 4.276 3.772 2.847 2.601 2.087 1.905 
1.622 1.961 1.957 2.587 3.566 4.801 4.968 5.142 5.554 6.108 
5.377 4.58 3.908 3.566 3.288 3.046 2.404 2.532 2.405 2.407 
2.33 2.626 2.858 3.512 4.201 4.529 4.977 7.046 8.038 9.518 
8.925 10.02 9.758 9.516 8.191 8.991 7.994 7.51 6.719 5.565 
5.061 4.194 3.754 3.621 2.958 2.795 2.505 1.965 2.174 1.986 
2.437 3.407 4.825 5.855 6.378 5.509 7.588 8.011 10.367 8.048 
9.312 9.781 11.491 12.034 11.022 9.115 8.544 8.325 7.211 5.736 
5.664 4.369 4.707 4.804 5.2 5.45 5.414 4.295 3.651 3.307 
3.746 3.666 3.497 3.295 3.3 3.358 4.216 5.492 4.904 4.598 
3.437 3.361 3.096 3.017 2.817 2.735 3.805 4.666 5.279 5.481 
6.019 6.718 6.989 7.318 7.888 7.128 6.641 6.393 5.145 3.33 
2.906 2.785 2.512 2.835 2.926 3.339 3.638 3.977 4.594 5.214 
5.582 5.088 3.803 3.453 2.85 3.017 2.656 3.264 3.819 5.44 
6.681 6.245 6.796 6.287 7.804 8.616 10.504 10.695 11.856 10.743 
11.39 9.909 11.327 10.847 10.541 8.589 9.76 9.391 8.539 7.454 
6.689 6.52 6.162 6.181 6.877 8.107 7.916 8.755 9.685 10.204 
9.088 10.56 9.597 9.921 8.154 7.498 5.746 5.286 3.869 3.57 
3.229 3.118 2.799 2.934 3.39 4.221 5.477 4.982 4.609 3.595 
2.963 2.055 1.9 1.565 1.789 1.804 1.554 1.853 1.462 1.55 
1.952 2.892 3.18 2.732 2.259 2.084 2.04 2.454 2.099 1.845 
1.939 1.902 2.065 2.888 2.775 2.833 2.604 2.57 2.82 3.063 
3.165 3.69 3.383 2.838 2.416 2.455 1.899 1.881 1.667 1.8 
1.979 1.89 1.598 1.346 1.643 1.912 2.036 3.101 3.147 3.21 
2.958 3.285 2.771 2.248 2.474 2.438 3.633 4.311 4.031 3.915 
3.09 2.263 2.292 2.024 1.817 1.858 2.256 2.619 3.554 3.955 
4.583 5.004 6.197 7.123 8.631 10.132 12.332 13.771 12.759 14.107 
15.0 15.0 15.0 15.0 15.0 13.887 13.327 15.0 13.899 15.0 
14.789 14.976 13.767 14.138 15.0 15.0 15.0 15.0 15.0 15.0 
15.0 15.0 15.0 15.0 15.0 15.0 15.0 15.0 15.0 15.0 
15.0 15.0 15.0 15.0 15.0 15.0 15.0 15.0 15.0 15.0 
15.0 15.0 15.0 15.0 15.0 15.0 15.0 15.0 15.0 15.0 
15.0 15.0 15.0 15.0 15.0 13.26 13.606 15.0 15.0 15.0 
15.0 15.0 15.0 15.0 15.0 15.0 15.0 15.0 15.0 14.392 
15.0 14.543 15.0 15.0 13.356 10.106 8.853 7.426 6.119 6.135 
6.476 7.588 8.869 9.295 11.295 11.049 15.0 14.754 15.0 15.0 
15.0 15.0 15.0 15.0 15.0 15.0 15.0 15.0 15.0 15.0 
15.0 15.0 15.0 15.0 14.631 15.0 14.32 15.0 15.0 14.384 
12.871 11.364 9.618 9.316 7.859 7.837 8.049 8.066 8.976 11.183 
11.586 13.961 12.732 13.295 12.316 10.894 11.012 12.328 11.054 11.682 
10.835 15.0 13.863 11.288 10.546 5.728 3.567 2.541 1.906 1.676 
1.609 1.706 1.737 2.119 3.022 3.187 3.088 3.639 4.046 4.304 
4.553 5.184 5.46 6.148 5.582 5.362 4.291 4.779 5.217 5.262 
6.426 6.568 8.005 10.661 11.291 10.284 8.413 8.498 7.555 6.877 
7.915 7.516 8.479 7.449 6.96 5.016 4.264 3.383 3.356 2.904 
2.876 2.18 2.452 2.164 1.955 2.047 2.188 2.456 2.442 2.196 
1.849 1.955 1.825 2.15 2.454 2.651 2.965 3.485 4.359 4.446 
3.707 2.943 2.487 2.34 2.182 2.171 1.936 1.868 1.801 2.094 
2.152 2.692 2.978 3.05 2.781 2.355 1.932 1.622 1.721 1.793 
2.346 3.056 3.468 4.024 4.839 5.471 5.371 6.773 7.485 7.531 
8.26 7.429 8.26 6.68 6.686 6.093 6.693 6.801 6.02 4.629 
3.718 2.98 2.4 2.353 2.342 2.285 1.87 1.699 1.841 1.842 
1.797 2.002 2.032 2.7 3.462 4.249 4.661 5.442 6.228 6.376 
7.124 8.265 7.414 7.802 8.009 8.794 8.321 9.172 9.844 10.087 
11.488 11.426 10.159 7.719 5.607 3.997 2.975 2.633 2.049 1.813 
1.649 1.471 1.486 1.312 1.637 1.786 2.231 2.369 2.342 2.107 
1.963 1.987 2.031 1.858 2.486 2.544 3.483 4.333 4.986 4.129 
3.607 3.826 3.611 3.185 3.845 4.393 5.52 5.15 5.28 5.698 
5.981 5.944 5.553 5.319 5.21 4.219 3.436 3.45 3.049 2.759 
2.118 2.009 1.773 1.689 1.835 1.968 2.142 2.349 1.868 2.086 
2.085 2.119 1.955 2.346 2.154 2.544 2.62 2.612 2.416 1.84 
2.202 2.018 1.546 1.304 0.991 1.09 1.027 1.011 1.078 1.173 
1.081 1.27 1.451 1.663 2.07 1.975 1.846 1.585 2.071 1.971 
1.959 1.927 1.751 1.942 2.056 2.672 3.854 4.729 5.147 5.513 
5.984 7.622 7.668 8.004 7.775 8.925 9.443 10.688 12.664 13.727 
14.379 14.822 13.384 14.517 12.19 12.917 11.764 11.699 8.419 9.275 
6.975 7.517 6.426 6.804 7.267 7.111 6.741 5.484 5.492 4.518 
4.277 4.024 4.372 3.788 3.003 2.818 2.583 2.553 2.381 2.277 
2.043 2.059 2.523 2.378 2.523 3.169 3.574 3.176 3.911 4.308 
5.339 5.867 7.211 6.652 5.702 4.15 3.394 2.489 1.996 1.94 
1.855 1.733 1.464 1.292 1.383 1.46 1.42 1.736 1.79 1.717 
1.535 1.576 1.344 1.071 0.963 0.972 1.316 1.551 2.151 2.593 
2.101 1.779 1.405 1.193 1.073 1.041 1.308 1.543 1.625 2.288 
2.797 2.908 3.654 3.002 3.287 3.007 3.456 4.314 4.139 4.502 
4.35 4.238 4.826 4.32 4.331 4.176 4.157 4.078 3.862 3.483 
2.783 2.17 1.98 1.56 1.369 1.262 1.353 1.554 1.417 1.18 
1.101 1.221 1.337 1.399 2.068 2.431 3.311 3.597 3.242 3.237 
3.622 3.418 4.775 4.989 6.128 6.029 6.205 6.263 5.916 5.79 
4.811 3.355 2.251 1.719 1.749 1.581 1.377 1.202 1.114 1.044 
1.028 1.397 1.718 2.578 2.805 2.406 1.864 1.61 1.74 1.514 
1.797 2.041 1.965 2.19 2.132 2.184 2.537 3.105 4.259 4.079 
4.49 5.036 5.358 6.58 6.406 6.063 5.454 4.427 3.935 3.762 
3.108 2.419 1.698 1.389 1.227 1.097 1.158 1.258 1.598 2.022 
2.73 3.853 3.46 3.749 3.216 2.644 2.368 2.23 1.829 1.798 
1.914 2.112 2.817 2.696 3.208 2.423 2.007 1.614 1.385 1.393 
1.446 1.505 1.571 1.703 2.423 2.47 3.396 4.09 4.811 4.407 
4.963 4.506 7.315 7.496 7.518 6.166 5.373 4.85 3.266 3.083 
2.884 3.222 3.409 3.73 2.662 1.893 1.859 1.716 1.85 2.936 
3.158 2.893 2.0 1.665 1.463 1.34 1.136 1.11 1.188 1.126 
1.306 1.286 1.49 1.502 1.488 1.846 2.001 1.459 1.181 1.151 
1.103 1.104 1.17 1.125 0.99 1.121 1.394 1.53 1.926 1.714 
1.363 1.719 1.905 2.522 2.363 2.347 2.75 2.862 3.572 3.784 
3.618 2.896 2.344 1.955 1.743 1.561 1.482 1.601 1.542 1.491 
1.861 2.213 2.533 2.615 1.965 2.042 2.281 2.666 3.416 3.55 
4.561 4.516 4.889 4.093 3.859 3.484 3.421 3.727 3.81 3.674 
3.457 4.219 3.517 2.982 3.435 3.834 3.54 4.286 3.918 2.82 
1.468 1.329 1.152 1.021 1.009 1.012 1.14 1.163 1.148 1.213 
1.372 1.813 2.362 2.8 2.799 2.606 2.674 3.514 4.105 3.581 
2.831 2.252 1.983 1.388 1.312 1.163 1.457 1.346 1.23 1.348 
1.439 1.896 3.047 
END
