PFRMAT local QA
AUTHOR LAW-CASP14
af2-standard_T1170_4.pdb local_accuracy_only 8.23 7.586 3.072 1.434 1.203 1.076 0.971 0.941 0.916 1.038 1.166 
1.092 1.049 0.866 0.93 0.88 1.259 1.281 0.944 1.143 1.339 
1.25 1.056 1.27 1.36 1.275 1.093 1.457 1.537 1.464 1.474 
1.937 1.984 2.009 1.592 1.223 1.018 0.857 0.622 0.606 0.562 
0.593 0.665 0.748 0.847 0.937 0.824 0.77 0.901 0.659 0.76 
0.795 0.684 0.599 0.69 0.69 0.669 0.64 0.749 0.794 0.779 
0.803 0.721 0.75 0.697 0.759 0.789 0.809 0.858 0.808 1.056 
1.223 1.048 1.328 1.234 1.17 1.27 1.217 1.016 1.089 1.137 
1.016 0.842 1.02 1.064 0.876 1.039 1.085 0.947 0.753 0.591 
0.625 0.591 0.605 0.728 0.727 0.657 0.743 0.79 0.853 1.062 
1.119 1.201 1.042 0.994 1.072 0.999 0.908 0.985 0.992 0.902 
0.776 0.999 1.016 1.058 1.11 1.101 1.629 1.77 3.733 3.936 
6.747 8.207 8.776 8.76 8.013 6.165 4.42 2.838 2.354 1.578 
1.255 1.173 0.941 1.025 0.952 0.799 0.63 0.542 0.48 0.518 
0.569 0.62 0.79 0.834 0.848 1.105 1.028 0.934 1.352 1.36 
1.496 1.121 1.205 1.265 1.06 0.794 0.93 0.733 0.731 0.673 
0.767 0.724 0.822 0.796 0.754 0.811 0.76 0.764 0.72 0.716 
0.684 0.682 0.691 0.692 0.734 0.705 0.753 0.808 0.872 0.964 
0.897 0.957 0.938 1.007 0.906 0.992 0.876 0.932 0.89 0.778 
0.773 0.816 0.737 0.712 0.772 0.772 0.739 0.751 0.786 0.747 
0.764 0.895 0.807 0.786 0.875 0.952 0.831 0.808 0.928 0.98 
0.936 0.955 1.101 1.183 1.275 1.779 2.23 2.409 2.039 2.278 
1.513 1.259 0.999 1.055 1.057 1.108 1.125 0.979 1.119 1.163 
1.096 1.022 1.175 1.199 1.137 1.008 0.928 0.907 0.894 0.853 
0.827 0.843 0.852 0.862 0.785 0.765 0.786 0.79 0.771 0.68 
0.747 0.755 0.768 0.802 0.912 0.915 0.944 1.018 0.91 0.958 
1.048 0.942 1.159 1.033 1.228 1.088 0.892 1.023 1.149 1.006 
0.854 1.179 1.111 1.335 1.24 1.53 1.358 1.181 1.265 1.177 
1.215 0.994 0.981 0.976 0.856 0.745 0.729 0.755 0.718 0.656 
0.634 0.637 0.673 0.848 1.024 1.308 1.206 1.083 0.829 0.778 
0.661 0.657 0.739 0.674 0.64 0.786 0.94 0.8 0.773 1.122 
1.183 1.588 1.449 3.228 5.113 7.158 9.291 
END
