PFRMAT local QA
AUTHOR MASS-CASP14
af2-standard_T1170_4.pdb local_accuracy_only 7.247 5.011 3.49 2.346 1.95 1.612 1.428 1.308 1.25 1.338 1.516 
1.441 1.171 1.17 1.256 1.378 1.443 1.449 1.134 1.331 1.566 
1.536 1.49 1.689 1.752 1.56 1.478 1.602 1.71 1.757 1.728 
1.882 2.295 2.592 2.091 1.759 1.681 1.442 1.055 0.897 0.689 
0.443 0.37 0.809 1.057 1.041 0.967 0.904 1.027 1.021 1.059 
1.04 0.871 0.917 1.005 1.045 0.965 1.059 1.171 1.367 1.407 
1.577 1.392 1.338 1.059 1.187 1.069 1.091 1.104 1.015 1.396 
1.448 1.184 1.566 1.618 1.496 1.929 1.432 1.202 1.272 1.46 
1.291 1.214 1.536 1.644 1.695 2.096 2.234 1.967 1.344 0.803 
0.007 0.0 0.0 0.0 0.014 0.757 1.147 1.215 1.185 1.315 
1.509 1.631 1.229 1.258 1.48 1.274 1.136 1.261 1.405 1.26 
1.301 1.553 1.71 1.661 1.352 1.514 1.87 2.133 2.551 3.283 
4.63 6.134 6.818 7.795 6.051 4.886 3.861 2.805 2.007 1.722 
1.686 1.624 1.53 1.569 1.486 1.145 0.936 0.819 0.808 1.065 
0.894 0.898 1.087 1.505 1.537 2.062 1.76 1.58 1.762 2.228 
1.931 1.538 1.629 1.824 1.623 1.528 1.46 1.3 1.4 1.581 
1.644 1.546 1.732 1.294 1.336 1.287 1.559 1.651 1.334 1.163 
1.423 1.52 1.378 1.214 1.423 1.427 1.369 1.646 1.838 1.933 
2.126 2.288 1.591 1.348 1.227 1.149 1.168 1.282 1.136 1.087 
1.102 1.17 1.059 1.062 1.264 1.197 1.191 1.342 1.358 1.052 
1.054 1.118 1.048 1.01 1.177 1.193 1.116 1.064 1.269 1.256 
1.225 1.46 1.47 1.464 1.593 2.023 2.618 2.812 3.516 2.99 
2.531 1.762 1.642 1.926 1.874 1.729 1.544 1.517 1.781 1.561 
1.406 1.263 1.458 1.613 1.689 1.514 1.284 1.456 1.641 1.491 
1.354 1.247 1.375 1.361 1.368 1.352 1.28 1.219 1.106 1.018 
1.075 1.167 1.127 1.122 1.438 1.6 1.693 1.929 1.865 1.725 
1.589 1.398 1.446 1.463 1.546 1.232 1.159 1.122 1.255 1.422 
1.488 1.719 1.798 1.721 1.67 1.885 1.916 1.761 1.836 2.003 
1.647 1.559 1.341 1.357 1.288 1.188 1.219 1.338 1.259 1.372 
1.177 1.107 1.283 1.704 2.054 2.134 1.994 1.782 1.277 1.202 
1.219 1.121 1.116 1.116 1.015 1.05 1.301 1.332 1.187 1.385 
1.5 1.737 2.042 2.932 3.777 5.224 6.278 
END
