PFRMAT local QA
AUTHOR MASS-CASP14
af2-standard_T1112_4.pdb local_accuracy_only 8.246 6.525 4.352 2.72 1.762 1.178 1.005 0.837 0.865 0.846 0.916 
0.908 0.988 1.125 1.399 1.504 1.765 1.829 1.698 1.277 1.357 
1.478 1.434 1.233 1.548 1.794 1.615 1.959 2.435 2.667 2.564 
1.84 1.602 1.427 1.205 1.148 1.147 0.927 0.908 0.938 1.047 
1.651 1.646 1.64 1.942 1.643 1.757 2.052 2.149 2.93 2.371 
2.17 2.14 1.997 1.73 2.019 2.273 2.135 1.765 1.99 1.657 
1.711 1.424 1.482 1.772 1.851 2.344 1.877 2.294 2.128 2.004 
1.79 1.901 1.617 1.766 1.642 1.321 1.495 1.498 1.366 1.313 
1.529 1.961 1.825 1.81 1.39 1.209 0.916 0.749 0.723 0.803 
0.835 1.056 1.186 1.511 1.568 1.277 1.157 1.385 1.534 1.427 
1.305 1.244 1.18 1.334 1.252 1.193 1.279 1.244 1.161 1.236 
1.804 1.984 2.171 1.76 1.428 1.644 1.759 2.211 2.653 2.628 
1.967 1.9 1.878 2.105 2.327 2.221 2.574 2.409 2.035 2.126 
2.01 1.599 1.534 1.069 1.017 0.645 0.243 0.095 0.221 0.588 
0.98 1.197 1.521 1.682 1.921 1.416 1.505 1.381 1.456 1.293 
1.087 1.12 1.189 1.182 1.233 1.093 1.278 1.234 1.186 1.311 
1.661 1.657 1.434 1.145 1.199 1.007 0.966 0.864 0.931 1.015 
1.237 1.446 2.068 2.76 2.99 3.322 3.357 3.007 2.818 2.429 
2.414 2.626 2.942 3.434 3.662 3.127 3.074 2.842 2.244 2.079 
2.133 2.082 1.86 1.596 1.758 1.923 1.885 1.993 2.209 2.213 
2.276 2.15 2.152 2.132 1.946 1.96 2.002 1.755 1.615 1.839 
1.869 1.845 1.648 1.817 1.929 1.934 1.657 1.601 1.373 1.341 
1.439 1.248 1.23 1.35 1.57 1.773 2.136 2.246 2.509 2.074 
2.415 2.656 2.013 2.038 1.755 1.849 1.529 1.553 1.829 1.884 
1.807 1.722 1.599 1.614 1.57 1.765 1.878 2.036 2.324 2.055 
1.694 1.289 1.129 0.911 1.012 1.048 1.076 1.094 1.298 1.411 
1.34 1.476 1.589 1.736 1.356 1.371 1.443 1.394 1.194 0.925 
1.027 1.064 1.104 1.105 1.269 1.301 1.64 1.596 1.75 1.825 
2.153 2.07 1.802 2.068 2.467 2.417 2.217 2.302 2.391 2.103 
2.039 1.654 1.878 1.958 2.109 1.54 1.207 1.277 1.212 1.286 
1.715 1.796 1.722 1.862 1.933 1.986 2.018 1.74 1.879 1.92 
1.79 1.56 1.491 1.728 1.677 1.488 1.868 1.767 1.596 1.445 
1.801 1.905 1.907 2.05 2.349 2.589 2.186 2.173 1.824 1.88 
2.05 2.108 2.106 2.071 2.387 2.628 3.006 3.454 3.847 3.554 
3.06 2.482 2.134 1.866 1.476 1.096 0.896 0.885 0.841 0.783 
0.888 1.066 1.385 1.829 2.435 2.889 2.41 2.305 2.563 2.315 
1.877 1.683 1.861 1.896 1.84 2.063 2.422 2.27 1.965 1.907 
1.794 1.916 1.7 1.728 1.518 1.317 1.307 1.392 1.316 1.507 
1.914 1.767 1.709 2.055 1.939 1.742 1.936 1.929 1.76 1.624 
1.884 2.1 2.202 2.592 2.799 3.443 3.017 2.61 1.783 1.508 
1.334 1.548 1.634 1.763 1.99 1.805 1.7 1.632 1.828 1.505 
1.353 1.229 1.233 1.26 1.377 1.332 1.594 1.875 1.831 1.735 
1.497 1.424 1.382 1.261 1.255 1.331 1.676 2.041 2.169 2.279 
2.685 3.212 4.422 4.94 5.367 5.625 4.574 4.418 3.429 2.524 
2.28 2.18 1.894 1.516 1.569 1.699 1.597 1.504 1.739 1.751 
1.674 1.632 1.793 1.819 1.72 2.2 2.903 3.873 4.725 
END
