PFRMAT local QA
AUTHOR LAW-CASP14
af2-standard_T1112_4.pdb local_accuracy_only 9.796 6.913 6.244 3.185 1.105 0.978 0.824 0.805 0.8 0.805 0.861 
1.009 1.156 1.322 1.196 1.626 1.862 2.044 1.878 1.489 1.914 
1.837 1.733 1.447 1.764 1.983 1.461 1.502 2.243 2.879 3.675 
3.663 1.39 1.096 0.916 0.937 0.965 0.88 0.881 0.98 1.121 
1.335 1.711 2.109 1.859 1.894 2.54 3.472 3.5 3.682 3.683 
2.693 2.962 3.078 2.535 2.157 2.528 2.646 2.142 2.242 1.378 
1.246 1.387 1.302 2.444 3.351 4.784 4.423 3.317 2.929 2.568 
1.909 1.536 1.323 1.394 1.374 1.181 1.346 1.356 1.194 1.107 
1.323 1.312 1.164 1.27 0.966 0.976 0.863 0.78 0.804 0.948 
1.042 1.015 1.268 1.483 1.56 1.213 1.451 1.549 1.619 1.801 
1.539 1.429 1.558 1.63 1.174 1.088 1.365 1.308 1.062 1.151 
1.518 1.394 1.412 1.119 1.029 0.954 1.035 1.692 2.316 3.632 
2.251 1.643 1.148 1.287 1.582 2.096 2.157 1.938 1.728 1.484 
1.494 1.165 1.209 0.997 0.922 0.861 0.788 0.8 0.732 0.893 
0.986 1.243 1.379 1.407 1.221 1.135 0.935 0.844 0.849 0.877 
0.789 0.743 0.889 0.885 0.878 0.861 1.019 1.069 1.043 1.187 
1.3 1.354 1.432 1.283 1.154 0.954 0.876 0.8 0.876 0.983 
1.214 1.634 2.46 2.697 2.65 3.162 4.151 3.898 2.505 1.909 
1.532 1.365 1.843 2.15 2.568 3.508 3.415 3.431 2.459 2.657 
2.117 2.67 2.513 2.089 2.133 2.442 2.351 2.184 2.416 2.55 
2.46 2.425 2.37 1.884 1.471 1.644 1.305 1.085 1.217 1.135 
1.045 1.21 1.241 1.185 1.131 1.343 1.122 1.166 1.005 1.045 
1.491 2.184 3.379 2.758 3.577 3.567 3.593 3.419 4.019 2.878 
2.443 2.944 2.924 3.577 2.908 2.636 2.05 1.756 1.656 1.691 
1.417 1.267 1.432 1.415 1.069 1.281 1.699 1.643 1.988 1.172 
1.149 0.949 0.827 0.758 0.82 0.848 1.034 1.407 1.311 1.441 
1.916 1.403 1.647 1.766 1.469 1.379 0.966 1.032 0.92 0.863 
0.799 0.906 0.864 1.076 1.392 1.798 1.851 2.113 2.612 2.754 
3.186 2.63 2.431 3.2 2.819 3.325 3.252 3.0 2.903 2.344 
1.539 1.902 2.236 1.588 1.294 1.085 1.015 0.994 0.997 1.292 
1.348 1.744 2.026 2.716 3.175 3.606 2.762 2.6 2.994 3.237 
3.502 2.915 2.578 3.243 3.219 2.831 2.694 3.109 2.908 2.314 
2.538 2.814 2.652 2.16 2.485 1.883 1.366 1.187 1.266 1.283 
1.558 1.596 1.685 1.536 1.56 1.555 1.509 1.63 1.697 2.085 
2.535 2.179 2.939 2.357 1.924 1.838 1.63 1.62 1.371 1.355 
1.384 1.513 2.036 2.454 2.686 3.82 3.07 2.935 3.765 3.32 
2.602 2.97 3.394 2.761 2.506 2.945 3.255 3.231 3.094 2.929 
2.405 2.033 1.956 1.961 1.738 1.699 1.578 1.767 1.506 1.541 
1.685 1.624 1.755 1.971 1.804 1.767 2.117 2.295 2.115 2.225 
2.79 2.773 2.478 2.825 3.248 2.356 2.03 1.855 1.797 1.693 
1.451 1.464 1.332 1.528 1.532 2.146 1.657 1.602 1.796 1.948 
1.88 1.763 2.046 2.15 2.504 2.287 2.582 2.928 3.044 2.813 
2.182 1.969 1.869 1.73 1.542 1.505 1.333 1.356 1.232 1.377 
1.711 2.361 2.709 4.125 3.941 4.644 3.213 2.805 2.227 1.708 
1.37 1.616 1.384 1.106 1.229 1.331 0.988 0.993 1.258 1.199 
1.022 1.178 1.452 1.496 1.311 2.476 3.353 3.786 4.205 
END
