PFRMAT local QA
AUTHOR MASS-CASP14
af2-standard_T1137s7_1.pdb local_accuracy_only 3.161 2.118 1.923 1.59 1.145 1.128 1.087 1.276 1.367 1.205 1.22 
1.353 1.775 2.058 2.572 2.697 2.686 2.257 1.788 1.842 2.076 
1.948 1.642 1.395 1.269 1.33 1.013 1.154 1.13 1.022 0.923 
0.846 0.803 0.893 0.909 0.829 1.054 1.337 1.661 1.635 1.395 
1.151 1.155 1.203 1.022 1.036 1.059 1.123 1.206 1.292 1.197 
1.401 1.488 1.314 1.512 1.505 1.598 1.577 1.607 1.044 1.037 
1.029 1.126 1.648 2.04 1.752 1.471 1.294 1.627 1.694 1.367 
1.733 1.988 1.851 1.704 1.475 1.76 2.013 1.573 1.951 2.033 
1.955 1.775 2.105 1.987 1.966 2.484 3.011 3.029 2.706 2.697 
1.995 1.808 1.907 1.691 1.384 1.263 1.147 1.144 1.426 1.36 
1.432 1.352 1.724 1.688 1.601 2.253 2.757 3.201 3.231 3.831 
3.265 2.132 2.366 2.149 2.101 1.41 1.835 1.925 1.577 1.584 
1.795 2.051 1.948 1.961 2.214 2.289 2.337 2.636 2.797 3.919 
4.729 4.6 4.001 3.004 2.433 1.962 1.934 1.955 1.741 1.292 
1.254 1.481 1.478 1.205 1.231 1.276 0.995 1.043 1.02 1.022 
1.133 1.165 1.187 1.152 1.239 1.558 1.598 1.542 1.266 1.149 
1.141 1.171 1.203 1.393 1.252 1.438 1.494 1.559 1.655 1.419 
1.658 1.828 1.838 2.019 1.906 2.101 2.374 2.267 2.153 2.038 
1.825 1.46 1.586 1.851 1.699 1.861 2.188 2.377 2.262 2.24 
1.874 1.543 1.338 1.284 1.166 1.35 1.347 1.754 1.711 1.794 
1.99 2.385 2.696 3.028 3.99 4.467 5.17 6.141 5.128 3.817 
3.973 3.672 3.602 4.004 4.06 3.992 2.675 2.197 2.05 1.982 
1.505 1.588 1.315 1.578 1.607 1.411 1.357 1.62 1.756 1.605 
1.841 1.673 1.547 1.459 1.389 1.45 1.402 1.268 1.453 1.505 
1.837 1.809 2.05 1.754 1.96 1.869 1.774 2.169 3.039 3.855 
4.66 5.009 4.778 4.851 4.628 4.689 4.537 4.839 5.787 5.699 
6.025 5.779 6.053 5.582 5.91 6.921 7.79 8.626 10.041 11.025 
11.856 10.471 9.527 8.292 7.902 6.544 5.527 5.022 4.683 4.374 
4.273 3.646 3.109 2.801 2.64 2.926 2.975 3.655 3.829 3.523 
4.108 4.032 4.11 3.684 3.169 2.939 3.123 2.743 2.582 2.562 
2.512 2.057 1.745 1.992 2.085 1.811 1.75 2.044 2.069 1.743 
2.11 2.514 2.482 2.085 1.86 1.825 1.552 1.499 1.594 1.805 
1.771 1.946 2.386 2.654 3.613 4.749 5.271 6.744 8.85 9.38 
10.63 10.017 10.984 11.1 11.912 12.811 13.785 12.845 12.672 10.608 
8.23 7.184 7.299 7.077 7.513 7.129 6.928 6.509 6.642 6.871 
7.072 7.598 7.093 7.458 6.483 6.695 7.608 8.051 7.319 5.95 
5.423 4.957 4.851 5.26 5.483 5.78 6.142 6.737 6.686 6.402 
7.046 6.754 6.015 6.882 7.608 7.923 6.877 6.098 5.686 6.377 
6.252 6.305 5.21 5.33 4.721 5.107 5.185 5.889 5.324 4.956 
5.077 5.568 6.096 6.116 5.629 4.21 3.151 2.786 2.414 2.264 
1.769 1.465 1.193 1.262 1.228 1.177 1.123 1.202 1.18 1.336 
1.301 1.245 1.446 1.824 1.897 1.478 1.202 0.942 0.909 0.924 
0.997 0.931 0.972 0.99 1.076 1.195 1.383 1.468 1.558 1.194 
0.952 0.564 0.162 0.127 0.165 0.424 0.894 1.088 1.495 1.799 
2.068 2.044 1.636 1.726 1.583 1.551 1.51 1.915 2.028 1.864 
1.787 1.961 2.04 1.859 2.046 2.14 2.158 1.933 1.843 1.623 
1.512 1.475 1.455 1.574 1.939 1.974 2.203 1.713 1.737 1.833 
1.825 1.563 1.458 1.404 1.403 1.372 1.388 1.345 1.389 1.471 
1.322 1.332 1.288 1.258 1.413 1.338 1.334 1.234 1.276 1.195 
1.4 1.795 1.701 1.652 1.414 1.389 1.289 1.194 1.184 1.14 
1.095 0.964 1.076 1.061 1.353 1.826 1.845 1.463 1.25 1.159 
1.357 1.316 1.245 1.185 1.185 1.273 1.435 1.454 1.912 1.913 
2.697 3.286 3.196 2.924 2.413 2.098 2.137 2.113 1.989 2.052 
1.598 1.74 1.687 1.987 1.81 2.117 2.296 2.276 1.764 1.569 
1.39 1.551 1.62 2.127 2.338 3.047 3.168 2.425 1.927 1.373 
1.242 1.189 1.338 1.401 1.553 1.406 1.354 1.433 1.612 1.701 
1.803 2.277 2.745 2.907 2.787 2.536 2.473 2.149 1.941 1.567 
1.454 1.706 1.84 1.955 2.418 2.245 2.597 2.952 3.98 5.253 
5.434 5.118 4.305 3.621 3.38 3.149 2.702 2.172 1.498 1.338 
1.24 1.295 1.469 1.543 1.46 1.314 1.272 1.446 1.877 2.258 
2.755 2.933 3.114 2.984 2.609 1.867 1.501 1.348 1.162 1.129 
1.194 1.18 1.149 1.221 1.253 1.479 1.696 1.87 1.869 2.384 
2.745 3.412 3.651 4.088 4.334 4.858 5.33 6.061 6.717 8.259 
10.76 11.291 14.127 13.911 13.095 10.908 10.783 9.591 9.631 10.921 
12.595 14.001 15.0 15.0 15.0 15.0 15.0 15.0 15.0 15.0 
15.0 15.0 
END
