PFRMAT local QA
AUTHOR LAW-CASP14
af2-standard_T1137s7_1.pdb local_accuracy_only 0.523 0.47 0.567 0.614 0.665 0.738 0.698 0.749 0.761 0.644 0.615 
0.669 0.812 1.104 1.595 1.47 1.194 0.835 0.658 0.606 0.61 
0.652 0.603 0.786 0.682 0.717 0.494 0.469 0.492 0.409 0.362 
0.325 0.391 0.347 0.382 0.402 0.471 0.601 0.715 0.643 0.626 
0.527 0.452 0.485 0.519 0.468 0.479 0.588 0.59 0.559 0.682 
0.759 0.733 0.72 0.795 0.638 0.666 0.698 0.696 0.752 0.679 
0.838 0.876 1.433 1.587 1.076 0.87 0.865 0.881 0.951 0.939 
0.967 0.961 1.003 0.941 0.918 1.017 1.002 1.035 0.97 0.965 
0.785 0.686 0.628 0.525 0.529 0.6 0.642 0.759 0.643 0.781 
0.744 0.956 1.177 1.248 1.135 1.016 0.862 0.786 0.883 0.781 
0.634 0.753 0.883 0.822 0.888 1.042 1.059 1.11 1.078 1.107 
1.007 0.999 0.974 0.956 0.914 0.847 0.811 0.798 0.686 0.619 
0.665 0.667 0.551 0.562 0.612 0.55 0.504 0.609 0.649 0.83 
1.179 0.981 0.955 1.177 1.044 1.246 1.024 1.534 1.225 1.145 
0.954 0.946 0.727 0.72 0.7 0.599 0.551 0.542 0.559 0.487 
0.506 0.553 0.522 0.525 0.592 0.68 0.642 0.574 0.515 0.43 
0.427 0.414 0.396 0.452 0.465 0.449 0.577 0.667 0.97 0.799 
0.819 0.734 0.695 0.703 0.624 0.594 0.568 0.502 0.469 0.568 
0.46 0.42 0.482 0.547 0.434 0.39 0.544 0.555 0.477 0.427 
0.431 0.407 0.341 0.355 0.346 0.365 0.398 0.505 0.549 0.55 
0.626 0.528 0.464 0.613 0.757 0.486 0.442 0.406 0.423 0.431 
0.52 0.515 0.558 0.632 0.802 0.661 0.644 0.677 0.651 0.667 
0.601 0.572 0.52 0.473 0.555 0.588 0.53 0.599 0.717 0.566 
0.662 0.608 0.623 0.532 0.478 0.527 0.525 0.487 0.449 0.757 
0.627 0.639 0.835 0.986 0.785 0.89 0.844 1.816 2.623 2.953 
1.346 2.202 3.652 7.964 9.933 11.792 10.717 9.472 12.302 12.411 
12.212 11.984 14.392 14.592 12.684 14.26 15.0 13.752 12.54 10.275 
4.205 8.439 8.653 9.632 9.628 9.15 7.725 1.825 1.063 0.923 
1.067 1.284 0.868 0.866 0.803 0.868 1.118 1.717 1.7 0.988 
0.825 0.767 0.558 0.492 0.426 0.44 0.538 0.493 0.493 0.617 
0.729 0.717 0.821 0.956 1.222 1.231 1.326 1.494 1.353 0.938 
0.871 0.881 0.817 0.665 0.786 0.767 0.703 0.625 0.687 0.722 
0.737 0.811 0.91 1.084 1.185 1.63 2.958 5.523 8.695 12.282 
15.0 15.0 15.0 15.0 15.0 15.0 15.0 15.0 15.0 15.0 
15.0 15.0 15.0 15.0 15.0 15.0 15.0 15.0 15.0 15.0 
15.0 15.0 15.0 15.0 15.0 15.0 15.0 15.0 15.0 15.0 
15.0 15.0 15.0 15.0 15.0 15.0 15.0 15.0 15.0 15.0 
15.0 15.0 15.0 15.0 15.0 15.0 15.0 15.0 15.0 15.0 
15.0 15.0 8.721 8.55 6.297 5.435 3.697 4.587 4.435 3.436 
2.603 3.416 2.748 1.826 1.43 1.786 1.475 0.882 1.077 0.995 
0.906 0.873 0.88 0.676 0.686 0.52 0.565 0.559 0.571 0.589 
0.599 0.608 0.693 0.697 0.633 0.629 0.53 0.547 0.459 0.494 
0.513 0.592 0.674 0.712 0.653 0.663 0.638 0.697 0.567 0.521 
0.529 0.568 0.581 0.54 0.481 0.421 0.429 0.472 0.516 0.541 
0.586 0.58 0.56 0.588 0.707 0.713 0.61 0.877 0.766 0.732 
0.751 0.791 0.764 0.638 0.789 0.76 0.677 0.65 0.611 0.552 
0.547 0.537 0.568 0.593 0.611 0.685 0.737 0.552 0.638 0.692 
0.577 0.576 0.581 0.558 0.631 0.777 0.726 0.704 0.876 0.756 
0.652 0.611 0.562 0.554 0.561 0.562 0.575 0.536 0.6 0.642 
0.702 0.797 0.783 0.694 0.605 0.542 0.532 0.577 0.553 0.572 
0.597 0.588 0.707 0.885 1.172 1.917 1.403 1.075 0.783 0.647 
0.582 0.579 0.579 0.596 0.571 0.571 0.602 0.627 0.738 0.75 
0.952 1.296 1.442 1.08 1.037 0.871 0.952 1.26 0.964 1.028 
0.986 1.119 1.065 1.268 1.141 1.024 0.997 0.754 0.742 0.636 
0.613 0.604 0.643 0.826 0.816 0.951 1.095 0.904 0.904 0.744 
0.671 0.636 0.59 0.717 0.647 0.704 0.649 0.879 0.858 1.368 
1.222 1.703 2.567 2.192 1.857 1.319 0.824 0.718 0.619 0.635 
0.574 0.606 0.61 0.595 0.593 0.665 0.72 0.751 0.893 1.173 
1.14 1.144 0.846 0.708 0.753 0.629 0.768 0.731 0.571 0.576 
0.525 0.634 0.637 0.712 0.802 0.81 0.858 0.798 0.918 1.489 
2.539 2.899 1.225 1.75 0.601 0.602 0.496 0.538 0.553 0.559 
0.56 0.54 0.529 0.486 0.525 0.516 0.541 0.659 0.681 0.952 
1.014 1.376 1.551 1.97 2.184 2.268 2.717 3.055 3.365 4.382 
5.944 10.103 13.058 15.0 15.0 15.0 15.0 15.0 15.0 15.0 
15.0 15.0 15.0 15.0 15.0 15.0 15.0 15.0 15.0 15.0 
15.0 15.0 
END
