PFRMAT local QA
AUTHOR LAW-CASP14
af2-standard_T1158_2.pdb local_accuracy_only 13.994 15.0 15.0 14.299 9.078 5.435 6.456 2.743 1.413 1.699 1.435 
3.854 7.237 6.787 9.68 8.859 9.092 8.121 4.879 6.446 2.913 
1.475 1.131 0.9 1.169 1.708 0.835 1.097 1.122 0.968 0.88 
1.235 1.174 1.064 1.188 1.642 1.343 1.234 0.953 1.025 0.976 
1.279 1.046 0.866 1.205 1.066 0.841 1.265 1.185 1.189 0.969 
0.908 0.716 0.81 1.057 0.764 0.734 0.945 1.037 0.897 0.964 
1.245 1.306 1.321 1.625 1.943 2.247 2.59 3.007 3.28 3.798 
4.395 6.077 6.214 6.726 5.346 4.977 3.047 2.155 1.47 1.866 
1.959 1.539 1.488 1.851 1.923 1.548 2.104 2.5 3.004 3.19 
2.323 3.986 4.385 2.495 4.017 5.661 3.012 2.856 3.695 3.303 
2.313 2.406 2.503 2.089 1.659 1.404 1.485 1.576 1.287 1.522 
1.566 1.239 1.083 1.346 1.309 0.971 1.022 1.179 0.954 0.934 
1.169 1.352 2.694 3.628 5.605 4.238 4.256 3.801 2.844 2.733 
2.784 2.768 2.199 2.436 2.362 1.98 1.813 2.565 2.329 2.149 
1.815 2.402 2.02 1.735 1.609 1.804 1.586 1.003 1.081 1.242 
1.156 0.737 0.892 1.009 0.77 0.62 0.738 0.739 0.659 0.575 
0.661 0.65 0.566 0.592 0.559 0.569 0.535 0.586 0.522 0.506 
0.559 0.541 0.534 0.506 0.601 0.605 0.566 0.579 0.642 0.697 
0.808 0.971 1.328 1.088 1.282 1.632 1.85 1.609 1.587 1.111 
1.322 1.272 1.038 0.907 1.06 0.968 0.768 0.907 0.951 0.938 
0.723 0.818 0.858 0.69 0.718 0.801 0.819 0.773 0.806 1.045 
0.952 1.355 1.337 1.448 1.521 1.937 1.617 1.606 1.433 1.484 
1.183 1.185 1.293 1.164 0.991 0.975 1.018 0.981 1.099 1.254 
1.18 1.038 1.082 1.15 1.128 1.025 1.096 1.148 1.258 1.295 
1.631 1.453 1.569 1.633 1.94 2.011 1.838 1.69 1.733 1.466 
1.365 1.167 1.104 1.019 0.996 0.892 0.879 0.911 0.911 0.799 
0.861 0.885 0.888 0.767 0.83 0.825 0.768 0.753 0.812 0.78 
0.72 0.7 0.782 0.737 0.695 0.809 0.825 0.736 0.786 0.905 
0.896 0.81 0.833 0.805 0.74 0.77 0.671 0.67 0.743 0.828 
0.876 1.019 0.98 0.896 0.899 0.919 0.82 0.74 0.8 0.8 
0.743 0.697 0.74 0.729 0.678 0.635 0.704 0.741 0.691 0.694 
0.755 0.775 0.827 0.864 0.889 0.969 1.084 1.125 1.148 1.291 
1.344 1.454 1.528 1.596 1.483 1.431 1.41 2.051 1.759 1.409 
1.256 1.485 1.244 1.222 1.236 1.683 1.27 1.225 1.355 1.492 
1.437 1.632 1.639 1.532 1.299 1.387 1.019 1.062 1.041 1.099 
1.055 1.12 1.048 1.229 1.142 1.103 1.172 1.239 1.293 1.319 
1.466 1.427 1.523 1.66 1.786 2.005 1.665 1.815 2.148 1.934 
1.361 1.9 1.688 1.146 1.189 1.447 1.204 0.992 1.361 1.474 
1.127 1.238 1.452 1.319 0.96 1.246 1.152 1.078 0.837 1.041 
0.934 0.921 0.885 1.066 3.316 10.077 12.148 14.182 15.0 14.256 
13.633 10.157 11.701 8.118 5.632 2.607 1.152 1.083 1.088 1.177 
1.336 1.6 1.822 1.621 1.818 1.628 1.784 1.52 1.963 2.511 
4.659 3.409 4.36 3.255 1.985 1.915 1.726 1.785 2.039 1.563 
1.468 1.197 1.123 0.858 0.939 0.866 0.887 0.859 0.793 0.795 
0.792 0.712 0.862 1.333 1.828 6.19 2.115 1.592 1.464 1.038 
0.996 1.306 1.134 0.871 1.039 1.122 1.059 0.831 1.215 0.923 
1.185 1.354 1.514 1.8 1.922 2.149 1.794 1.386 1.384 1.275 
1.376 0.89 0.728 0.664 0.682 0.743 0.778 1.193 1.308 1.738 
1.192 0.857 0.774 0.703 0.841 0.802 0.835 0.851 0.874 0.983 
0.843 0.899 1.13 1.128 1.957 1.518 2.705 2.051 2.334 1.889 
1.658 1.306 1.268 1.185 1.13 0.969 1.008 1.013 1.011 0.934 
1.042 0.997 1.123 1.259 1.205 1.18 1.455 1.788 1.24 1.468 
1.101 1.273 0.947 0.954 0.983 0.885 0.884 0.99 1.02 1.124 
1.002 1.044 1.247 1.214 1.55 1.548 1.565 1.208 1.046 1.178 
1.031 0.902 0.911 0.912 0.924 0.959 0.779 0.85 0.905 0.873 
0.761 0.676 0.648 0.564 0.567 0.602 0.728 0.791 0.922 1.082 
1.086 1.503 1.551 1.391 1.398 1.355 1.355 1.182 1.135 1.184 
1.1 0.958 0.986 1.159 1.026 1.032 1.015 1.093 1.289 1.103 
0.928 1.099 0.916 0.698 0.674 0.634 0.568 0.652 0.726 0.98 
1.597 2.548 2.376 2.758 2.264 1.881 2.463 2.138 1.46 1.181 
1.055 1.013 0.963 1.027 1.202 1.446 1.801 1.613 1.691 1.595 
1.461 1.262 1.292 1.527 1.823 2.412 7.777 7.125 9.327 12.811 
13.192 14.302 15.0 15.0 15.0 15.0 15.0 15.0 14.828 15.0 
15.0 15.0 15.0 15.0 15.0 15.0 15.0 15.0 15.0 15.0 
15.0 15.0 15.0 15.0 15.0 15.0 15.0 15.0 15.0 15.0 
15.0 15.0 15.0 15.0 15.0 15.0 15.0 14.249 12.568 9.628 
8.532 6.745 7.238 8.854 8.613 10.629 11.584 15.0 15.0 15.0 
15.0 15.0 15.0 15.0 15.0 15.0 15.0 15.0 15.0 15.0 
15.0 15.0 14.301 13.058 11.481 13.634 13.777 14.874 13.242 12.352 
8.073 9.006 6.175 4.618 2.645 2.227 1.741 1.47 1.216 1.18 
1.169 1.072 0.815 0.958 1.113 0.819 0.87 1.274 2.197 2.865 
4.166 3.447 3.212 4.846 4.756 3.283 4.593 4.84 3.134 3.265 
2.929 3.325 2.26 1.648 2.621 2.962 2.476 2.311 3.187 2.849 
2.631 2.772 2.763 2.308 1.876 2.489 3.327 1.839 7.97 6.214 
7.987 10.863 11.437 11.775 12.635 14.169 15.0 15.0 15.0 15.0 
15.0 15.0 15.0 15.0 15.0 15.0 15.0 11.145 12.57 12.307 
10.697 9.449 8.199 6.877 8.206 6.959 6.077 6.055 4.171 4.107 
2.612 4.582 4.321 2.962 2.482 2.46 2.288 1.839 1.512 2.064 
1.793 1.271 1.133 1.231 1.016 0.881 0.84 0.862 0.761 0.681 
0.732 0.717 0.661 0.619 0.634 0.617 0.562 0.613 0.622 0.619 
0.623 0.651 0.702 0.637 0.642 0.684 0.777 0.823 0.829 1.055 
0.925 0.94 1.215 1.111 1.018 1.024 0.892 0.902 0.885 0.805 
0.721 0.727 0.733 0.668 0.686 0.688 0.701 0.674 0.702 0.735 
0.718 0.708 0.753 0.749 0.743 0.73 0.68 0.701 0.636 0.68 
0.641 0.613 0.605 0.686 0.627 0.64 0.774 0.792 0.693 0.821 
1.044 0.9 0.942 1.137 1.136 1.235 1.553 1.441 1.162 1.8 
1.96 3.933 4.096 5.939 7.09 6.634 5.694 6.0 4.286 2.503 
2.256 1.92 1.466 1.14 1.242 1.115 0.866 0.926 0.931 0.844 
0.712 0.839 0.873 0.806 0.722 0.787 0.756 0.605 0.707 0.761 
0.723 0.696 0.882 0.872 0.725 0.778 0.855 0.766 0.647 0.67 
0.696 0.595 0.58 0.661 0.627 0.597 0.564 0.616 0.585 0.562 
0.611 0.662 0.611 0.652 0.656 0.657 0.72 0.789 0.812 0.997 
0.975 0.861 0.785 0.856 0.783 0.586 0.653 0.625 0.613 0.555 
0.575 0.569 0.546 0.517 0.573 0.544 0.521 0.487 0.518 0.56 
0.537 0.567 0.589 0.587 0.574 0.616 0.581 0.62 0.646 0.62 
0.648 0.727 0.739 0.842 0.772 0.945 1.01 1.167 1.161 1.437 
1.823 1.516 1.831 2.143 2.248 1.782 1.939 2.005 1.675 1.396 
1.607 1.383 1.126 0.964 0.915 1.084 1.084 0.961 0.998 1.187 
0.997 1.094 1.073 1.02 0.948 0.937 0.924 0.805 0.815 0.819 
0.741 0.703 0.76 0.732 0.641 0.757 0.88 0.741 0.88 1.067 
1.115 0.939 1.637 1.679 1.198 1.357 1.879 1.251 0.947 1.299 
1.009 0.771 0.851 1.037 0.832 0.795 1.021 1.039 1.22 0.975 
0.929 0.953 1.018 0.976 1.322 1.92 3.213 2.665 2.048 1.633 
1.881 1.664 1.341 1.02 0.78 0.804 0.75 0.678 0.658 0.644 
0.672 0.736 0.814 0.975 0.88 1.167 1.119 1.672 1.713 3.854 
7.126 7.192 5.51 3.608 1.776 1.549 1.149 1.164 1.15 0.99 
0.904 0.763 0.741 0.657 0.704 0.706 0.729 0.608 0.581 0.581 
0.671 0.619 0.744 0.969 1.773 2.76 2.331 1.275 1.047 0.901 
0.96 1.078 0.905 0.849 0.828 0.863 0.789 0.698 0.815 0.812 
0.983 0.949 0.983 0.973 0.961 0.83 0.737 0.729 0.748 0.758 
0.846 0.869 0.907 0.877 1.074 1.129 1.299 1.165 0.83 0.76 
0.92 0.73 0.66 0.68 0.689 0.634 0.679 0.62 0.711 0.873 
1.087 1.589 1.36 1.239 1.168 0.887 1.012 1.326 1.455 1.758 
1.388 1.32 1.242 1.172 1.3 1.053 1.305 1.535 1.798 1.583 
1.603 1.335 1.282 1.222 1.14 1.128 1.109 1.044 1.035 1.105 
1.107 1.078 1.217 1.271 1.28 1.894 2.66 1.987 2.441 3.349 
3.723 3.682 2.642 2.653 2.054 2.122 2.133 1.777 1.352 1.457 
1.101 1.142 1.38 2.032 3.223 2.704 3.047 2.778 2.319 1.524 
1.449 1.178 1.103 1.039 0.937 0.938 0.971 0.978 0.824 0.986 
0.973 0.94 0.934 0.78 0.724 0.584 0.593 0.54 0.603 0.699 
0.873 1.025 1.67 1.605 2.569 3.045 3.009 3.214 2.626 2.413 
2.102 1.917 1.613 1.251 1.336 1.326 1.214 1.184 1.21 1.239 
1.222 0.866 1.129 0.939 0.696 0.626 0.513 0.525 0.591 0.628 
0.847 1.139 1.522 1.59 2.135 1.586 1.062 1.876 2.078 0.998 
0.829 0.765 0.792 0.758 0.852 0.877 0.982 1.148 1.077 1.056 
0.964 0.96 1.027 0.944 1.004 1.204 1.407 2.701 1.767 1.702 
2.545 2.821 3.087 4.094 4.179 2.917 2.686 2.746 3.585 4.738 
4.66 4.689 6.254 7.109 8.834 11.736 12.444 11.323 10.775 10.009 
11.415 11.447 7.372 7.867 10.229 6.878 5.149 8.818 10.542 7.634 
5.458 9.275 9.005 9.348 9.895 12.134 13.243 15.0 15.0 15.0 
15.0 15.0 15.0 15.0 15.0 15.0 15.0 15.0 15.0 15.0 
15.0 15.0 15.0 15.0 15.0 15.0 15.0 15.0 15.0 15.0 
15.0 15.0 15.0 15.0 15.0 15.0 15.0 15.0 15.0 15.0 
15.0 15.0 15.0 15.0 15.0 15.0 15.0 15.0 15.0 
END
