PFRMAT local QA
AUTHOR MASS-CASP14
af2-standard_T1158_2.pdb local_accuracy_only 13.444 13.251 10.817 8.084 6.621 6.497 4.119 2.942 2.064 2.084 1.76 
2.102 2.029 3.097 3.375 4.21 4.275 4.308 4.432 4.159 3.823 
3.548 3.443 3.016 2.906 2.556 2.487 2.788 2.95 2.439 2.372 
2.618 2.963 3.301 4.231 4.067 4.251 3.968 3.503 4.175 4.466 
4.212 3.704 3.442 3.279 3.513 3.735 3.79 5.299 5.334 5.854 
4.23 3.255 3.067 2.299 1.752 1.698 1.915 2.019 1.855 2.237 
2.558 2.523 2.308 2.637 2.948 3.147 2.912 3.152 3.488 3.597 
4.247 4.272 5.08 4.948 4.636 4.472 3.91 3.082 2.721 2.752 
2.5 2.707 2.414 2.731 3.207 3.241 3.665 4.727 5.434 5.484 
4.44 5.306 4.487 5.057 5.013 5.432 4.963 4.906 4.843 4.843 
4.426 3.983 2.889 2.47 2.534 2.147 1.663 1.517 1.562 1.43 
1.277 1.356 1.458 1.678 1.429 1.392 1.739 1.892 2.073 2.408 
2.962 2.933 3.73 3.722 4.169 3.762 3.537 3.276 2.983 2.749 
3.128 2.933 2.635 2.892 2.821 2.656 2.679 2.98 2.961 2.588 
2.746 2.851 2.637 2.7 2.577 2.668 2.728 2.571 2.457 2.202 
2.358 2.47 2.019 2.217 2.212 2.268 1.962 1.755 1.649 1.616 
1.602 1.372 1.483 1.426 1.339 1.36 1.305 1.327 1.166 1.133 
1.227 1.365 1.17 1.273 1.515 1.411 1.326 1.275 1.263 1.225 
1.356 1.777 2.041 2.464 2.682 4.083 4.478 4.793 5.086 5.15 
4.697 3.217 2.536 2.878 2.647 2.026 1.972 2.056 2.507 2.045 
1.779 2.127 2.337 1.964 2.824 2.781 2.794 3.305 3.186 3.912 
4.306 3.816 3.9 3.9 4.096 4.272 4.095 3.863 3.5 3.2 
3.445 3.768 3.354 3.673 3.726 4.455 4.047 3.788 3.854 5.5 
5.119 4.849 5.73 6.28 5.949 6.162 6.155 6.95 6.444 6.599 
5.995 6.21 5.932 6.115 5.958 6.531 6.149 6.669 5.864 5.737 
4.751 4.36 3.582 3.606 2.999 2.98 2.846 3.226 3.339 2.824 
2.904 4.636 4.431 4.153 4.123 4.577 3.637 3.708 3.186 2.566 
2.402 2.053 2.155 2.558 2.282 2.481 2.358 2.101 2.004 2.384 
2.545 1.924 2.208 2.002 2.066 2.262 2.382 2.86 3.152 2.999 
2.823 2.754 2.099 1.791 2.01 2.134 2.316 1.89 2.699 3.212 
2.597 2.412 2.319 2.53 2.258 1.788 1.88 2.396 2.047 1.755 
2.054 2.517 2.413 2.409 2.089 2.471 3.103 2.944 2.787 2.908 
3.039 2.981 3.579 3.654 3.306 3.527 3.677 3.579 3.472 3.511 
4.037 4.368 4.47 4.294 4.13 4.32 3.934 4.194 4.646 4.521 
4.134 3.289 3.304 3.115 2.577 2.614 2.467 2.201 2.038 1.756 
1.831 1.919 1.932 2.195 1.918 1.913 2.274 2.81 3.123 2.719 
2.623 2.672 2.876 2.786 3.359 3.497 3.264 3.173 3.683 3.192 
2.631 2.63 2.615 2.507 2.196 2.278 2.605 2.239 2.694 2.314 
2.375 2.386 2.322 2.171 1.766 1.966 1.997 1.81 1.777 1.804 
1.988 2.201 2.374 2.607 3.638 4.824 5.423 5.308 6.264 7.692 
8.577 7.675 7.333 7.192 5.775 3.926 2.801 1.99 1.488 1.183 
1.345 1.478 1.564 1.509 1.786 1.87 2.517 2.989 3.831 4.748 
4.913 4.188 4.254 3.494 2.783 2.304 1.992 2.159 1.951 1.914 
1.684 1.537 1.409 1.309 1.436 1.782 1.694 1.565 1.376 1.245 
1.243 1.179 1.142 1.37 1.797 2.182 2.529 2.341 2.247 1.928 
2.186 2.007 1.616 1.513 1.649 1.842 1.881 1.609 1.801 1.928 
1.883 2.267 2.804 2.75 2.614 2.15 1.718 1.515 1.355 1.422 
1.33 1.344 1.191 1.27 1.323 1.556 1.83 2.423 3.136 3.443 
2.858 2.441 2.23 2.021 1.816 1.41 1.275 1.142 1.271 1.454 
1.54 1.566 1.694 1.9 2.393 3.218 3.508 3.26 3.145 3.242 
3.22 2.391 2.307 2.406 2.205 2.038 1.787 2.019 2.407 2.107 
2.571 2.666 3.426 3.75 3.62 3.046 3.201 3.389 3.097 3.535 
3.283 2.838 2.526 2.204 1.977 1.833 1.776 2.052 2.588 2.714 
2.394 2.012 2.169 1.877 1.85 2.112 2.169 2.217 1.993 2.094 
2.165 1.905 1.812 1.887 2.067 2.013 2.062 2.004 1.876 2.292 
1.928 1.743 1.411 1.12 1.017 1.062 1.164 1.404 1.45 1.728 
1.762 2.216 2.728 2.455 2.378 2.617 2.467 2.008 2.012 2.293 
1.944 1.812 1.782 2.179 2.161 2.168 2.276 2.308 2.538 2.554 
2.173 2.316 2.377 1.952 1.607 1.542 1.503 1.516 1.743 2.167 
2.691 2.837 3.064 2.945 2.718 2.537 2.599 2.679 2.11 1.914 
1.544 1.435 1.346 1.326 1.441 1.781 1.946 1.766 1.797 1.555 
1.634 1.583 1.762 1.58 1.68 1.919 2.585 2.724 2.443 2.507 
2.719 2.526 2.493 2.346 1.812 1.791 1.858 1.784 1.911 1.936 
2.758 4.091 5.459 6.214 7.107 8.216 7.544 10.188 8.943 7.995 
9.333 10.153 10.0 9.078 9.503 9.692 9.479 9.903 13.671 13.32 
15.0 13.59 15.0 13.13 13.91 10.538 14.989 12.098 15.0 9.182 
11.195 7.696 9.296 8.621 11.671 8.313 9.476 9.789 9.989 12.383 
13.66 15.0 15.0 15.0 15.0 15.0 15.0 15.0 15.0 15.0 
15.0 15.0 11.558 10.096 12.474 10.809 12.285 13.494 12.932 14.041 
11.316 9.154 7.005 5.667 3.483 2.92 2.838 2.246 1.896 1.748 
2.163 2.353 2.445 3.063 3.577 4.487 6.358 7.038 7.581 8.774 
9.273 8.529 6.872 7.472 7.412 7.834 6.563 6.51 5.979 5.102 
4.676 4.205 3.971 3.266 2.598 2.156 2.338 2.058 2.113 2.287 
2.38 2.496 2.311 2.681 2.522 3.027 2.377 2.806 3.115 4.249 
4.356 5.111 6.211 6.368 7.831 10.393 13.504 14.792 15.0 15.0 
15.0 15.0 15.0 9.228 6.079 4.706 3.798 2.984 2.25 2.568 
2.13 2.181 1.75 2.235 2.327 2.367 2.399 2.63 3.057 2.716 
2.885 2.96 3.168 3.365 2.961 2.88 3.555 4.108 4.024 3.734 
3.932 3.895 4.101 4.317 3.96 4.047 4.224 3.521 3.231 3.507 
3.229 2.644 2.243 2.253 1.896 1.578 1.531 1.891 1.934 1.645 
1.602 1.855 1.85 1.689 1.972 2.213 2.722 2.574 2.227 2.389 
2.322 2.122 2.095 2.326 2.48 2.28 1.892 2.091 1.884 1.582 
1.573 1.753 1.674 1.843 1.594 1.814 1.737 1.396 1.725 1.717 
1.485 1.823 1.779 1.596 1.529 1.622 1.644 1.559 1.529 1.802 
1.743 1.602 1.805 1.726 1.75 1.686 1.832 1.945 2.012 1.885 
2.501 2.426 2.669 2.884 3.231 3.225 3.374 3.401 3.73 3.634 
4.637 4.72 4.651 5.188 5.398 5.514 5.244 5.147 4.743 3.958 
4.655 4.262 3.635 4.012 4.694 4.327 3.43 3.782 3.649 3.532 
3.109 2.988 3.128 2.609 2.364 2.492 2.346 1.866 2.095 2.467 
2.474 3.068 4.201 4.573 4.635 4.86 6.023 4.582 3.029 2.555 
2.617 2.326 2.08 2.078 2.563 2.713 2.406 2.503 2.829 2.588 
3.051 2.673 2.385 2.46 2.703 2.791 2.668 2.238 2.396 2.607 
2.262 1.99 2.155 2.397 2.196 2.089 2.623 2.463 2.544 2.53 
2.457 2.112 2.096 2.218 2.522 2.542 2.702 2.887 2.914 2.995 
2.937 2.989 2.736 2.958 2.644 2.499 2.266 2.612 2.45 2.12 
1.975 1.981 1.908 2.089 2.072 2.268 2.427 2.433 2.444 2.401 
2.613 2.591 2.283 2.263 2.4 2.419 2.377 2.644 2.948 3.201 
3.16 2.685 2.476 2.38 2.438 2.999 2.598 2.22 2.509 2.43 
2.736 2.315 2.237 2.416 2.28 2.188 2.497 2.32 2.349 2.7 
2.251 2.198 2.191 2.274 2.143 1.969 2.35 2.488 2.509 2.693 
2.536 2.077 2.39 2.797 2.707 2.704 2.736 3.303 3.087 3.496 
3.298 3.061 2.899 2.894 2.996 3.451 3.605 3.375 3.404 2.777 
2.875 2.79 2.805 2.619 2.579 2.968 3.189 3.205 2.916 2.639 
2.582 2.906 2.598 2.444 2.304 2.53 2.127 1.872 1.515 1.254 
1.201 1.209 1.452 1.548 1.734 1.647 1.856 2.309 3.141 3.215 
4.18 4.518 4.688 4.625 3.678 3.541 3.058 2.853 2.481 2.297 
2.225 2.236 2.339 2.093 2.209 2.843 2.834 2.518 2.041 2.143 
1.969 2.161 1.957 2.101 2.227 2.737 2.608 2.43 2.295 2.034 
2.045 1.827 1.625 1.41 1.608 1.96 1.826 1.664 1.521 1.668 
1.898 1.928 1.724 1.664 1.638 1.45 1.172 1.302 1.283 1.466 
2.065 2.018 1.895 2.184 2.749 3.512 2.691 2.548 2.262 2.419 
2.22 2.219 2.069 1.99 1.771 1.516 1.385 1.361 1.263 1.716 
2.301 3.012 2.844 2.542 2.246 2.387 2.281 2.119 1.866 1.58 
1.402 1.602 1.245 1.013 1.171 1.487 1.872 2.354 2.747 2.555 
2.454 2.279 2.369 2.047 1.621 1.792 1.919 2.05 1.885 2.078 
2.177 2.241 2.224 2.336 2.567 3.023 3.171 2.626 2.884 3.613 
4.249 4.601 4.442 4.802 4.39 4.679 4.713 4.883 3.615 4.269 
4.457 4.554 3.916 3.879 3.591 2.721 2.278 2.294 2.409 2.178 
2.021 2.254 2.123 1.995 2.123 2.215 2.28 2.366 2.638 2.409 
2.438 2.971 3.114 2.496 2.279 1.761 1.389 1.453 1.586 1.761 
1.854 2.05 2.296 2.549 2.921 2.502 2.458 2.897 3.054 2.797 
2.452 2.698 2.231 1.986 2.011 2.31 2.447 1.933 2.556 3.338 
3.262 3.095 3.511 3.536 2.718 2.217 2.117 1.914 1.867 1.894 
2.485 2.571 2.563 2.379 2.18 2.462 2.119 2.253 2.523 2.317 
1.998 1.417 1.24 1.208 1.229 1.323 1.759 1.828 1.494 1.477 
1.338 1.412 1.278 1.336 1.579 1.602 1.63 1.802 2.239 1.943 
2.355 3.252 3.417 4.076 3.921 3.165 3.003 2.919 2.982 3.34 
3.474 3.485 4.234 5.069 4.834 5.635 6.013 6.51 4.902 4.641 
5.08 4.625 3.788 4.074 4.319 4.245 3.875 4.132 4.538 5.001 
4.55 5.624 5.839 6.788 6.417 7.389 8.329 8.08 10.023 10.48 
11.987 14.395 15.0 15.0 15.0 15.0 15.0 15.0 15.0 14.369 
15.0 15.0 15.0 15.0 15.0 15.0 15.0 15.0 15.0 15.0 
15.0 15.0 15.0 15.0 15.0 15.0 15.0 14.819 15.0 13.388 
14.42 15.0 15.0 15.0 15.0 15.0 15.0 15.0 15.0 
END
