PFRMAT local QA
AUTHOR MASS-CASP14
af2-standard_T1114s1_4.pdb local_accuracy_only 15.0 15.0 15.0 15.0 15.0 15.0 15.0 15.0 15.0 15.0 15.0 
15.0 15.0 15.0 15.0 15.0 13.853 13.392 13.379 11.908 11.372 
11.578 12.851 12.583 12.53 12.645 12.779 12.465 12.666 13.094 12.448 
13.406 13.601 10.667 8.842 8.405 6.981 7.846 7.351 6.795 6.517 
6.143 7.959 8.764 9.001 9.001 9.027 7.594 8.232 8.109 7.861 
6.942 7.293 7.32 6.118 6.747 6.999 7.206 6.75 5.67 5.777 
5.882 5.098 5.649 4.946 5.126 5.378 4.816 4.532 4.666 5.54 
5.146 5.898 6.767 6.826 7.536 8.523 8.8 8.33 6.944 9.022 
9.227 10.716 10.225 10.598 11.115 13.176 12.901 12.88 14.249 13.305 
12.274 11.447 10.579 10.696 9.831 8.973 9.894 8.688 8.73 8.677 
8.714 7.558 8.335 7.668 7.881 7.487 7.331 7.565 7.342 8.134 
7.415 8.397 8.331 8.111 8.759 8.127 7.551 6.941 7.771 6.034 
6.885 7.027 7.027 6.417 6.275 6.069 5.986 5.171 4.907 5.407 
5.186 5.364 5.304 5.872 5.781 5.509 5.878 6.579 6.571 5.972 
6.243 5.47 5.252 5.734 6.016 6.247 6.621 7.178 9.153 9.194 
10.008 9.956 9.683 7.982 8.572 6.96 6.977 6.877 7.87 7.592 
7.343 6.384 5.606 5.756 4.973 5.2 4.564 4.757 4.233 4.332 
4.296 4.048 3.673 3.507 3.848 4.213 4.25 4.598 4.847 4.784 
5.114 6.047 7.075 7.9 8.887 9.459 12.235 12.345 
END
