PFRMAT local QA
AUTHOR LAW-CASP14
af2-standard_T1114s1_4.pdb local_accuracy_only 15.0 15.0 15.0 15.0 15.0 15.0 15.0 15.0 15.0 15.0 15.0 
15.0 15.0 15.0 13.081 12.195 8.87 7.494 3.687 3.262 2.719 
2.565 2.478 2.368 2.047 1.931 1.914 1.968 1.936 1.864 1.774 
1.802 1.807 1.935 1.783 1.847 1.779 1.944 1.885 1.999 1.904 
2.015 2.462 2.203 2.681 3.512 3.394 3.451 5.216 4.574 4.752 
5.135 5.759 4.089 3.779 3.315 3.158 3.259 3.079 2.804 2.454 
2.433 2.653 2.863 2.9 3.107 3.31 3.186 3.568 4.551 6.674 
7.28 8.778 10.245 11.294 11.903 13.011 14.15 14.54 14.425 15.0 
15.0 15.0 15.0 14.822 13.978 13.335 12.777 14.991 14.104 15.0 
10.758 10.602 11.336 6.916 5.067 3.989 2.751 2.571 2.802 2.547 
2.963 3.048 2.858 2.824 3.013 2.929 3.267 3.825 3.856 3.672 
4.316 4.814 4.954 4.922 5.189 4.384 3.985 4.105 3.802 3.413 
3.209 3.06 2.813 2.721 3.059 2.615 2.95 2.865 2.887 2.828 
3.216 3.375 3.208 3.245 3.162 4.086 2.996 3.383 3.342 3.046 
2.665 2.704 2.65 2.782 2.696 2.61 2.694 2.863 2.704 2.806 
2.466 2.414 2.225 2.213 2.183 2.183 2.045 1.972 2.344 2.04 
1.979 2.116 2.162 2.169 2.185 2.242 2.178 2.006 1.945 1.952 
1.943 1.783 1.759 1.599 1.75 1.776 1.69 1.565 1.693 1.585 
1.646 1.804 2.08 2.213 2.517 2.958 3.352 3.552 
END
