PFRMAT local QA
AUTHOR LAW-CASP14
af2-standard_T1118_1.pdb local_accuracy_only 15.0 15.0 15.0 15.0 15.0 15.0 15.0 13.876 6.322 5.895 3.529 
3.102 3.201 1.817 2.256 1.551 1.765 1.895 1.876 2.296 1.647 
2.02 1.564 1.442 1.288 1.358 1.307 1.268 1.325 1.382 1.355 
1.387 1.55 1.47 1.642 1.538 1.983 2.65 3.518 3.817 5.245 
3.655 3.189 3.467 3.422 2.636 2.481 2.028 2.087 1.991 1.898 
2.69 2.697 3.283 2.292 2.5 1.854 2.014 1.881 1.615 1.545 
1.797 1.725 1.564 1.761 1.974 2.132 2.224 2.323 2.282 2.057 
1.986 1.89 1.891 1.786 2.083 1.959 1.785 1.763 1.648 1.875 
2.073 2.148 2.699 2.975 6.467 10.238 11.658 14.084 14.938 15.0 
15.0 15.0 15.0 15.0 15.0 13.364 9.825 9.085 7.962 6.817 
7.251 5.397 6.312 6.477 6.133 3.026 2.857 2.736 2.213 2.084 
1.554 1.295 1.334 1.598 1.651 1.754 1.791 2.192 1.538 1.432 
1.79 2.554 4.402 5.384 1.266 0.994 0.946 0.888 0.869 0.842 
0.835 0.716 0.728 0.767 0.7 0.758 0.753 0.956 0.756 0.859 
0.792 0.79 0.812 0.771 0.734 0.847 0.869 0.98 1.011 0.889 
1.064 0.912 0.812 0.879 0.951 0.9 0.864 0.831 0.828 0.961 
1.13 1.582 2.654 1.908 2.038 2.363 2.534 2.059 1.672 1.631 
1.935 1.324 2.003 1.503 1.197 0.935 0.839 1.025 1.196 3.049 
4.135 3.9 3.242 3.059 3.067 1.482 1.373 1.264 1.172 1.091 
1.541 1.608 1.707 2.25 3.196 4.334 3.794 4.693 3.887 3.041 
2.833 2.815 3.887 2.897 1.852 1.28 1.066 0.948 1.136 0.917 
0.81 0.795 0.732 0.72 0.757 0.741 0.78 0.798 0.797 0.787 
0.827 0.766 0.822 0.933 0.933 0.848 1.552 0.942 1.425 0.803 
0.914 0.855 0.916 0.819 0.928 0.877 0.821 0.831 0.853 1.011 
1.082 1.499 1.909 1.964 1.811 1.602 1.556 1.503 1.682 1.772 
1.849 1.629 1.635 1.335 1.351 1.97 2.089 1.709 1.957 2.003 
1.977 1.672 1.488 1.212 1.283 1.435 1.547 1.916 2.088 2.305 
3.127 2.873 2.264 1.905 1.571 1.381 1.148 1.071 1.123 1.198 
1.363 1.668 1.81 1.905 2.057 2.303 3.639 4.856 4.913 4.325 
4.921 5.246 4.376 3.425 2.398 2.257 1.671 1.631 1.495 1.363 
1.239 1.211 1.14 1.184 1.417 1.619 2.075 2.301 2.661 2.638 
1.876 1.945 1.866 1.52 1.334 1.25 1.295 1.48 1.526 1.617 
1.658 1.829 2.129 2.225 2.381 2.576 3.348 2.779 2.641 2.762 
2.335 2.199 1.983 1.71 1.999 2.236 2.084 1.875 2.324 2.939 
2.704 3.302 3.673 2.84 2.698 2.636 2.943 2.269 3.572 3.13 
3.398 3.15 3.702 4.388 4.533 5.157 3.718 3.441 2.861 2.42 
2.281 2.214 2.145 2.027 1.879 1.635 1.576 1.431 1.357 1.367 
1.519 1.504 1.607 1.68 1.779 1.802 1.981 1.894 1.919 1.721 
1.889 1.733 1.717 1.779 1.719 1.812 2.034 2.411 2.29 2.565 
2.407 2.486 2.636 2.862 3.038 3.371 3.321 3.049 3.023 2.586 
2.488 2.847 3.561 4.811 5.818 4.333 4.008 3.602 3.668 3.322 
3.423 3.369 3.414 3.238 3.0 2.961 2.524 2.491 2.311 2.34 
2.51 2.672 2.862 2.6 2.0 2.016 1.791 2.026 1.797 1.863 
1.865 1.819 2.235 2.617 3.448 3.117 3.735 3.113 2.109 1.782 
1.404 1.392 1.266 1.29 1.207 1.331 1.478 1.62 1.597 1.873 
1.964 2.554 2.344 2.328 2.109 2.186 2.304 2.551 3.208 3.518 
4.1 4.352 4.131 4.846 4.449 3.999 3.722 3.311 3.243 4.194 
4.303 5.296 5.457 5.687 5.588 5.378 5.349 4.84 5.043 4.235 
4.109 3.393 3.027 2.278 2.019 1.8 1.832 1.701 1.796 1.677 
1.501 1.157 1.339 1.073 1.109 0.941 1.02 1.017 1.012 1.065 
1.154 1.265 1.724 1.935 1.491 1.225 1.089 0.973 0.959 0.924 
0.871 0.915 0.871 0.934 0.981 1.04 1.161 1.188 1.335 1.519 
1.574 1.625 1.8 1.733 2.154 2.295 2.117 2.165 1.87 1.731 
1.501 1.403 1.193 1.1 1.061 0.944 1.008 0.811 0.89 0.815 
0.874 0.792 0.948 0.941 1.101 1.115 1.461 1.731 2.617 1.326 
1.219 0.969 0.974 0.845 0.828 0.826 0.792 0.771 0.736 0.813 
0.862 1.122 1.307 1.633 2.396 2.395 2.598 2.498 3.058 2.748 
2.367 2.088 2.05 1.911 1.522 1.097 1.026 0.832 0.837 0.786 
0.748 0.861 0.803 0.985 0.843 1.011 0.872 1.033 1.175 2.079 
3.795 4.928 3.189 1.863 1.279 1.036 0.945 0.883 0.885 0.863 
0.851 0.76 0.764 0.784 0.793 0.88 1.029 1.418 1.485 2.485 
3.123 4.115 6.266 6.633 7.948 5.976 4.917 3.556 3.018 2.6 
2.184 2.177 1.827 1.268 0.983 0.887 0.783 0.777 0.742 0.792 
0.785 0.874 0.922 1.007 1.069 1.199 2.418 2.809 3.673 3.885 
3.007 2.385 1.647 1.145 0.978 0.898 0.855 0.791 0.766 0.818 
0.898 0.916 1.02 1.094 1.375 1.528 1.737 2.69 3.697 4.292 
3.881 1.87 2.124 1.454 1.282 1.146 1.164 1.221 1.242 1.02 
0.852 0.862 0.802 0.758 0.807 0.812 0.867 0.855 0.948 1.199 
1.341 1.922 2.436 3.39 3.272 3.622 3.958 2.861 2.634 1.9 
1.193 1.303 1.013 0.868 0.824 0.782 0.791 0.801 0.825 0.83 
0.885 0.933 0.947 1.095 1.211 1.299 1.331 1.513 1.208 1.231 
1.128 1.05 1.094 1.036 0.963 0.945 0.85 0.809 0.779 0.724 
0.754 0.759 0.831 0.932 0.979 1.184 1.519 2.127 2.562 2.986 
2.959 2.542 2.413 1.692 1.445 1.078 0.979 0.864 0.806 0.732 
0.711 0.744 0.776 0.761 0.827 0.902 0.913 1.44 1.261 1.435 
1.652 1.387 1.398 1.478 1.495 1.493 1.755 1.72 1.629 1.759 
1.709 2.897 2.12 1.556 0.872 0.883 0.868 1.063 1.053 1.224 
1.244 1.465 1.557 1.791 1.8 
END
