PFRMAT local QA
AUTHOR MASS-CASP14
af2-standard_T1118_1.pdb local_accuracy_only 15.0 15.0 15.0 15.0 15.0 15.0 15.0 14.843 12.643 7.925 5.22 
4.335 3.576 3.345 2.969 2.559 2.863 2.941 2.424 2.032 1.766 
2.238 2.282 1.712 1.718 1.684 1.653 1.372 1.506 1.712 2.162 
2.245 2.261 1.964 1.939 1.68 2.029 2.238 2.562 3.55 4.465 
4.438 4.816 6.989 8.231 8.028 8.085 8.36 8.188 6.536 6.075 
6.154 5.599 4.61 3.399 2.918 2.504 2.379 2.342 1.873 1.696 
2.045 2.357 1.823 1.661 2.262 2.321 2.043 1.91 1.586 1.765 
1.692 1.755 1.941 2.056 2.333 2.033 1.887 1.444 1.312 1.317 
1.243 1.494 1.902 2.037 2.57 3.285 5.28 6.983 10.079 13.431 
14.699 15.0 15.0 15.0 15.0 13.464 13.941 13.086 13.451 11.871 
12.961 12.673 15.0 15.0 15.0 15.0 15.0 15.0 15.0 15.0 
15.0 15.0 15.0 15.0 15.0 12.986 11.792 11.041 10.49 10.21 
8.595 7.715 6.312 5.763 4.832 3.846 3.274 3.132 2.577 2.267 
2.166 1.864 1.393 1.494 1.407 1.287 1.211 1.263 1.517 1.657 
1.435 1.336 1.694 1.781 1.653 1.821 1.84 2.05 1.996 1.717 
1.946 1.942 1.739 1.674 2.014 2.115 1.776 1.969 2.215 1.917 
2.574 3.324 4.621 5.768 5.985 7.342 8.341 9.897 9.759 7.233 
4.717 4.544 4.274 3.421 2.814 2.666 3.01 3.33 2.773 3.375 
4.611 6.084 6.446 6.864 6.865 6.354 5.323 5.512 6.213 7.744 
9.278 8.653 9.363 10.677 12.7 15.0 15.0 15.0 15.0 15.0 
15.0 15.0 10.78 7.466 4.436 3.349 3.091 2.241 2.406 2.12 
2.018 2.342 1.684 2.106 1.862 1.826 1.692 1.651 1.527 1.613 
1.641 1.829 2.132 2.517 3.012 2.832 2.447 2.297 2.364 1.937 
1.884 1.563 1.423 1.582 1.885 2.392 2.564 2.449 2.654 2.894 
2.796 4.072 5.415 6.532 6.43 6.401 6.753 6.951 6.426 6.047 
5.377 5.414 5.485 5.672 6.038 7.121 8.617 9.915 8.714 8.271 
8.223 9.569 7.978 9.022 8.346 9.565 8.679 8.188 8.33 8.688 
9.485 7.994 5.469 5.32 5.368 5.899 5.851 6.952 7.623 6.912 
7.09 7.372 9.547 9.61 10.572 10.373 12.555 13.735 13.775 12.204 
11.603 11.821 10.615 9.22 8.662 8.148 7.223 7.554 8.56 7.913 
10.49 11.198 11.147 10.266 9.919 8.616 10.29 8.16 9.744 9.003 
8.968 7.334 9.321 7.887 9.963 9.757 10.648 10.045 9.901 10.032 
10.655 10.675 11.015 12.957 15.0 15.0 12.786 9.966 8.804 5.305 
4.412 3.004 2.88 3.108 3.549 3.386 3.619 3.303 4.322 4.916 
5.264 5.199 5.091 4.083 3.862 3.162 3.524 3.577 4.093 4.012 
4.803 6.046 7.098 7.141 7.257 8.563 9.727 10.447 8.858 7.539 
6.942 6.535 5.818 5.256 4.053 3.157 3.284 2.544 2.291 2.191 
2.102 2.454 2.234 2.447 2.906 3.074 3.404 2.969 2.534 3.038 
3.094 3.547 3.741 3.883 4.244 4.457 5.745 7.308 9.276 10.211 
12.697 11.09 11.316 10.913 11.856 9.978 8.387 8.115 7.771 7.214 
6.741 5.229 5.731 5.96 5.335 4.131 3.994 3.264 2.827 2.935 
3.277 4.064 4.224 4.745 5.414 7.281 8.332 9.581 10.458 10.654 
9.818 10.863 10.36 8.878 9.002 9.728 10.524 12.095 12.238 11.649 
10.707 10.188 10.233 7.944 9.022 7.919 8.66 8.325 5.639 5.247 
5.44 5.264 5.978 5.868 6.389 5.761 6.728 6.034 7.321 8.046 
9.174 10.851 12.877 15.0 15.0 15.0 15.0 15.0 14.328 12.456 
10.587 10.43 8.982 7.464 5.845 5.336 5.228 4.936 5.106 5.013 
5.136 6.435 6.16 6.749 8.793 8.254 8.702 6.862 7.248 6.873 
8.046 9.154 9.616 10.21 9.846 9.388 9.557 9.227 9.727 8.613 
8.096 7.144 5.387 5.358 4.088 4.292 3.627 3.749 3.177 3.195 
2.736 2.828 3.241 3.298 2.572 1.909 1.567 1.506 1.469 1.487 
1.346 1.675 1.751 1.984 1.929 2.222 2.49 2.576 2.636 3.145 
3.596 3.811 4.304 5.275 7.041 9.755 10.342 10.182 8.026 6.005 
4.757 3.445 2.696 2.128 2.134 2.003 1.683 1.563 1.408 1.281 
1.188 1.197 1.184 1.221 1.483 1.672 2.082 2.392 2.139 1.768 
1.183 0.111 0.029 0.016 0.072 0.153 0.947 1.096 1.179 1.024 
1.136 1.253 1.447 1.838 1.995 2.062 2.719 3.497 4.16 4.548 
3.699 2.481 1.951 1.499 1.683 1.402 1.295 1.293 1.207 1.262 
1.21 1.412 1.638 1.731 1.804 2.035 2.182 2.391 2.952 4.02 
5.731 6.798 6.203 5.221 3.192 1.996 1.612 1.605 1.37 1.462 
1.406 1.472 1.592 1.535 1.989 2.505 3.116 3.694 3.99 5.299 
5.354 6.103 6.71 7.27 8.046 8.157 7.401 4.677 3.259 2.876 
3.105 3.035 2.175 1.599 1.364 1.464 1.557 1.714 1.746 2.074 
2.774 2.966 3.976 3.834 4.737 4.516 4.948 5.463 6.834 7.495 
5.998 3.359 2.569 2.002 1.805 1.71 1.643 1.627 1.83 2.148 
3.227 3.855 4.745 5.638 5.296 5.674 5.884 6.338 6.789 8.36 
9.894 8.187 6.287 4.677 3.829 3.426 3.034 2.993 2.91 2.669 
2.661 2.495 2.597 2.346 2.286 2.805 3.15 3.781 4.395 4.573 
5.222 5.613 5.478 6.652 8.365 8.743 9.575 8.46 5.526 4.006 
2.853 2.292 1.736 1.704 1.473 1.453 1.539 1.611 1.972 2.385 
2.915 3.023 2.664 2.471 2.88 3.56 3.618 3.669 2.903 2.411 
1.979 1.847 1.576 1.894 1.829 1.473 1.493 1.173 1.306 1.357 
1.447 1.682 1.634 1.562 1.576 1.721 2.138 2.805 3.891 4.57 
5.525 4.734 4.851 4.366 3.436 2.132 1.781 1.451 1.3 1.135 
1.24 1.25 1.287 1.36 1.783 1.89 2.353 2.525 2.021 1.918 
2.288 2.648 2.661 3.0 3.561 4.076 4.098 4.231 4.208 3.889 
4.013 6.03 7.204 7.204 6.727 8.942 9.042 9.741 9.607 10.733 
10.341 10.208 8.925 10.243 11.525 
END
