PFRMAT local QA
AUTHOR LAW-CASP14
af2-standard_T1184_3.pdb local_accuracy_only 15.0 15.0 15.0 15.0 15.0 15.0 15.0 15.0 15.0 15.0 15.0 
15.0 15.0 15.0 15.0 15.0 15.0 15.0 15.0 15.0 15.0 
15.0 15.0 15.0 15.0 15.0 15.0 15.0 15.0 11.497 10.386 
9.629 7.804 6.004 4.754 4.739 4.386 2.659 5.159 6.283 1.901 
2.097 1.815 2.124 2.514 2.05 3.11 2.533 1.544 2.286 1.721 
1.39 1.258 1.056 1.087 0.951 1.006 0.975 0.995 1.054 1.163 
1.258 2.032 2.133 4.46 5.316 4.933 4.741 4.521 5.037 5.379 
3.626 1.89 1.601 1.202 1.242 1.245 1.255 1.483 1.327 1.456 
1.397 1.711 1.338 2.03 1.789 3.528 3.913 3.465 3.968 2.287 
5.435 1.946 2.122 2.168 1.804 2.079 1.441 2.096 2.095 1.933 
2.622 2.019 1.831 1.306 1.384 1.037 1.073 1.084 0.996 0.995 
1.028 1.131 1.102 1.395 1.605 2.026 2.547 4.374 2.511 5.056 
2.765 3.72 2.7 4.237 4.684 3.943 3.473 2.496 1.588 1.49 
1.767 2.031 4.458 5.019 6.378 6.642 6.191 6.209 7.632 8.898 
9.782 10.914 9.58 12.066 14.612 15.0 15.0 15.0 13.846 11.856 
11.53 10.772 10.253 8.366 8.064 9.444 9.05 7.834 7.78 6.315 
6.73 6.095 2.343 1.993 1.706 1.691 1.857 1.994 2.554 3.582 

END
