PFRMAT local QA
AUTHOR MASS-CASP14
af2-standard_T1184_3.pdb local_accuracy_only 15.0 15.0 15.0 15.0 15.0 15.0 15.0 15.0 15.0 15.0 15.0 
15.0 15.0 15.0 15.0 14.933 13.918 15.0 14.24 14.932 13.907 
11.654 10.748 9.931 11.074 9.588 10.934 8.791 9.162 8.05 8.433 
7.544 7.0 4.629 3.044 2.747 2.2 1.923 1.977 1.662 1.735 
1.522 1.638 1.85 2.13 1.915 2.502 3.097 2.749 2.676 2.338 
1.562 1.256 1.131 1.159 1.178 1.067 1.082 1.127 1.316 1.493 
1.966 2.923 4.321 6.571 7.918 7.564 8.827 8.403 6.93 5.576 
3.426 2.238 1.625 1.427 1.443 1.37 1.219 1.547 1.952 2.15 
2.284 2.332 2.321 2.491 2.77 3.739 4.276 3.583 3.511 2.995 
3.463 3.221 3.717 3.853 4.767 4.841 5.619 5.659 6.793 6.592 
8.278 7.557 5.02 3.964 2.672 2.342 2.075 1.66 1.501 1.28 
1.218 1.077 0.955 1.176 1.704 2.246 2.393 2.362 2.038 1.926 
1.844 2.347 3.12 3.58 4.386 4.405 3.897 4.33 3.949 4.992 
4.45 4.12 4.43 4.978 5.887 7.458 7.094 7.813 7.108 5.912 
5.185 4.691 4.298 5.49 6.379 5.754 6.145 6.22 7.24 5.366 
4.697 5.484 5.141 4.138 4.262 5.142 8.774 7.484 7.677 6.287 
5.517 4.066 3.555 3.478 3.511 4.0 4.082 5.175 6.636 7.571 

END
