PFRMAT local QA
AUTHOR MASS-CASP14
af2-standard_T1173_3.pdb local_accuracy_only 7.701 6.209 4.129 3.817 3.831 4.032 3.996 4.829 5.696 7.977 9.12 
10.132 10.114 10.768 11.038 10.358 7.572 5.895 3.823 2.465 1.843 
1.485 1.259 1.491 1.496 1.958 3.041 4.036 5.614 7.033 9.339 
9.551 7.748 5.618 3.717 2.816 1.867 1.644 1.629 2.114 2.662 
2.692 2.0 1.717 1.241 1.182 1.097 1.227 1.343 1.963 1.906 
1.7 1.616 1.562 1.419 1.441 1.358 1.5 1.736 2.348 3.389 
4.381 6.274 7.672 8.805 10.076 11.125 10.892 11.042 11.158 11.962 
12.851 13.88 14.784 14.167 13.308 13.102 13.493 11.716 10.744 8.551 
7.547 6.905 5.799 4.831 6.356 6.804 7.357 7.852 7.302 6.428 
5.07 5.289 4.931 4.361 3.554 3.138 3.191 2.672 2.53 2.681 
3.158 3.309 3.169 3.484 4.03 5.385 6.042 5.564 5.24 4.783 
2.895 2.087 1.69 1.823 1.571 1.397 1.661 1.514 1.337 1.397 
1.142 1.251 1.309 1.678 2.276 2.974 3.273 3.169 2.433 2.187 
2.385 2.873 2.528 2.067 1.664 1.719 1.679 1.954 2.495 4.108 
5.878 6.983 9.106 8.951 7.854 6.902 5.055 3.225 2.756 2.164 
1.6 1.788 1.937 2.044 2.639 2.734 4.018 5.009 6.964 8.179 
9.208 10.287 7.798 6.827 5.108 4.395 4.61 4.258 4.191 3.964 
3.622 2.756 2.59 2.504 2.761 2.561 3.314 2.899 2.716 3.045 
3.298 3.533 3.477 3.762 3.545 3.276 4.225 4.9 5.787 6.191 
4.856 5.216 4.711 4.053 3.594 5.103 5.793 5.468 4.111 3.577 
3.381 3.267 3.568 
END
