PFRMAT local QA
AUTHOR LAW-CASP14
af2-standard_T1173_3.pdb local_accuracy_only 4.718 3.619 3.463 3.699 4.489 5.034 5.493 6.393 5.197 7.379 8.745 
7.677 8.582 9.416 9.52 8.406 7.307 4.905 4.603 2.574 2.644 
2.24 2.127 2.296 2.506 4.197 4.619 5.638 6.135 5.23 5.517 
5.113 3.988 2.724 1.787 1.658 1.55 1.692 1.829 2.249 2.862 
2.838 2.374 2.029 1.725 1.724 1.595 1.611 1.611 1.96 2.92 
2.015 2.923 2.298 2.15 1.887 1.965 1.863 1.769 2.342 2.947 
3.368 4.691 6.23 6.664 8.037 8.427 9.969 11.868 11.64 13.406 
14.781 15.0 15.0 15.0 15.0 15.0 15.0 15.0 15.0 15.0 
15.0 14.595 12.679 12.456 12.84 10.962 9.728 8.657 8.162 7.324 
6.148 5.421 4.519 3.808 3.829 3.499 3.366 3.571 4.093 4.471 
5.524 5.314 4.539 4.371 3.976 3.104 2.903 2.392 2.572 2.368 
2.344 2.177 2.366 2.794 2.992 3.653 4.004 3.026 2.731 2.245 
1.99 2.065 2.139 2.263 3.376 4.566 4.024 4.425 5.412 3.942 
4.459 4.27 4.051 3.579 3.283 2.808 2.834 2.646 2.602 2.699 
2.625 2.998 3.094 3.234 2.604 2.596 2.301 2.358 2.324 2.577 
2.999 3.305 3.743 3.451 2.942 2.328 2.1 1.908 1.977 2.029 
2.212 2.495 2.318 2.219 2.217 2.076 2.175 2.396 2.706 3.558 
3.733 3.92 3.674 3.398 3.008 2.64 2.343 2.383 2.994 3.443 
4.361 5.308 5.211 4.659 4.582 3.296 3.646 3.734 3.761 3.773 
4.392 4.703 5.675 5.401 3.674 4.277 5.14 4.029 5.367 4.168 
4.581 3.457 3.64 
END
