PFRMAT local QA
AUTHOR MASS-CASP14
af2-standard_T1137s2_2.pdb local_accuracy_only 15.0 15.0 14.453 13.775 13.47 14.127 14.461 15.0 15.0 15.0 15.0 
15.0 15.0 15.0 15.0 15.0 15.0 15.0 15.0 15.0 15.0 
15.0 15.0 13.768 12.114 10.856 11.401 11.766 10.67 10.418 10.778 
10.539 10.945 8.42 5.199 3.192 2.358 1.685 1.282 1.09 1.017 
1.003 0.923 1.301 1.451 1.173 1.215 1.332 1.079 1.555 1.625 
1.64 1.399 1.519 1.407 1.749 1.972 2.131 2.442 2.13 1.683 
1.687 1.588 1.515 1.557 1.879 1.835 1.682 1.807 2.526 3.189 
4.015 6.54 6.192 5.427 4.063 2.817 2.236 1.965 1.501 1.524 
1.358 1.436 1.516 2.036 2.341 2.413 2.367 1.824 2.003 2.13 
1.877 1.448 1.475 1.569 1.516 1.154 1.285 1.438 1.865 1.889 
2.527 2.496 2.344 1.994 1.925 1.527 1.579 1.414 1.371 1.491 
2.021 2.898 3.996 4.29 4.926 4.319 4.522 4.375 5.45 6.867 
8.087 5.322 4.618 4.406 4.605 5.803 6.513 5.831 5.394 5.805 
5.011 5.129 5.101 3.775 4.004 4.674 5.117 4.789 5.161 6.244 
6.364 6.169 6.945 8.443 8.347 8.38 8.695 7.969 8.553 8.126 
8.603 9.295 8.521 7.85 8.043 6.952 6.867 6.601 6.79 6.778 
6.611 7.435 7.951 7.65 8.36 10.117 14.573 15.0 15.0 14.593 
13.344 12.247 9.893 9.922 10.263 10.714 12.417 11.633 12.16 12.549 
12.742 11.031 12.458 9.693 9.751 8.763 10.065 9.652 11.368 9.697 
10.321 8.764 9.575 9.584 9.817 8.923 9.24 10.975 10.247 9.874 
11.664 8.756 7.468 5.879 6.82 6.174 8.218 7.816 9.025 8.518 
9.964 11.558 9.982 8.494 8.014 8.024 7.153 7.633 8.439 9.045 
7.785 7.358 7.377 6.638 7.179 6.039 6.288 5.702 6.2 6.004 
6.848 6.921 6.991 6.497 6.246 6.404 6.218 6.298 6.236 7.866 
6.631 7.404 6.935 7.673 7.8 9.212 9.227 9.116 9.853 9.023 
9.583 9.201 8.566 9.01 9.594 8.622 8.554 8.606 9.217 7.675 
7.352 8.105 7.979 8.727 8.934 8.253 6.978 6.883 7.363 6.569 
5.678 5.521 5.422 4.692 4.586 4.135 3.554 3.697 3.616 3.276 
3.049 3.029 2.977 3.137 2.82 2.812 2.804 2.748 2.621 2.653 
2.492 2.558 2.553 2.962 3.051 3.238 3.476 3.284 3.642 3.828 
4.766 5.363 6.298 6.896 6.334 6.923 7.274 8.066 8.317 8.616 
9.325 10.821 10.157 11.845 11.485 12.962 13.331 13.579 15.0 15.0 
15.0 15.0 15.0 15.0 15.0 15.0 15.0 14.032 14.453 13.513 
12.5 13.322 12.744 13.587 13.773 15.0 12.923 14.586 15.0 15.0 
15.0 15.0 
END
