PFRMAT local QA
AUTHOR LAW-CASP14
af2-standard_T1137s2_2.pdb local_accuracy_only 10.094 15.0 15.0 15.0 15.0 15.0 15.0 15.0 15.0 15.0 15.0 
15.0 15.0 15.0 15.0 15.0 15.0 15.0 15.0 15.0 15.0 
15.0 15.0 15.0 15.0 15.0 15.0 15.0 15.0 15.0 12.141 
7.468 4.936 2.461 1.783 1.073 1.034 0.808 0.701 0.751 0.722 
0.827 0.894 1.128 1.139 0.958 1.108 1.195 0.848 0.897 0.859 
0.961 0.8 0.992 0.67 0.986 0.998 1.449 1.679 1.377 1.246 
0.838 0.823 0.785 0.701 0.78 0.824 0.851 1.032 1.946 1.826 
2.695 2.695 2.304 2.083 1.445 1.144 0.913 0.67 0.682 0.685 
0.723 0.729 1.1 1.314 1.478 1.093 1.472 1.352 1.75 1.704 
1.441 1.081 1.035 0.794 0.905 0.857 1.018 1.311 1.359 1.65 
1.823 2.194 1.717 1.38 1.044 0.863 0.756 0.911 0.886 1.061 
1.298 1.744 2.899 3.265 3.402 2.635 1.993 1.608 1.608 1.238 
1.143 1.099 0.876 0.858 0.964 1.003 1.325 1.07 1.085 1.022 
1.191 1.342 2.011 2.152 2.493 2.482 2.531 2.513 2.678 2.89 
3.022 3.298 3.65 4.285 4.378 5.072 5.527 6.113 6.523 6.315 
7.918 14.881 11.325 9.405 7.073 8.628 9.479 12.549 13.447 8.22 
6.03 7.567 10.601 9.988 11.821 9.641 7.997 11.852 10.741 11.484 
14.177 15.0 15.0 15.0 15.0 15.0 15.0 15.0 15.0 15.0 
15.0 15.0 15.0 15.0 15.0 15.0 15.0 15.0 15.0 13.459 
12.98 9.499 7.444 8.9 13.503 13.451 15.0 15.0 13.272 14.339 
15.0 15.0 15.0 15.0 15.0 15.0 15.0 15.0 15.0 15.0 
15.0 15.0 15.0 15.0 15.0 15.0 15.0 15.0 15.0 15.0 
15.0 15.0 15.0 10.491 13.919 15.0 14.843 7.379 6.859 7.337 
11.355 13.208 7.854 6.016 6.115 7.658 10.11 8.434 7.233 6.912 
6.097 6.549 8.667 8.611 5.928 4.832 4.704 4.501 4.189 4.387 
4.061 3.725 3.552 3.747 4.074 3.755 3.649 3.462 3.386 3.322 
3.315 3.3 3.298 3.262 3.353 3.375 3.329 3.436 3.638 3.584 
3.326 3.403 3.174 3.103 3.12 3.196 2.971 2.927 2.798 2.708 
2.798 2.983 3.077 2.93 2.926 3.233 3.018 3.265 3.766 3.666 
3.368 3.554 3.558 4.048 3.99 4.153 3.935 3.749 3.794 3.903 
4.015 3.739 3.733 3.968 3.753 4.112 5.456 5.681 6.659 11.461 
15.0 15.0 14.411 15.0 15.0 15.0 15.0 15.0 15.0 15.0 
15.0 15.0 15.0 15.0 15.0 15.0 15.0 15.0 15.0 15.0 
15.0 15.0 15.0 15.0 15.0 15.0 15.0 15.0 15.0 15.0 
15.0 15.0 
END
