PFRMAT local QA
AUTHOR LAW-CASP14
af2-standard_T1105_2.pdb local_accuracy_only 8.551 5.495 4.691 4.701 3.033 1.011 1.674 0.808 0.855 0.619 0.65 
0.806 0.679 0.59 0.692 0.904 0.691 0.724 1.134 1.363 0.907 
1.034 0.76 0.637 0.748 0.695 0.924 1.066 1.391 1.039 0.909 
1.095 1.132 0.936 0.94 1.077 1.079 1.043 1.105 1.19 1.159 
1.186 1.162 1.208 1.115 1.133 1.413 1.227 1.394 1.303 1.215 
1.006 1.1 0.904 1.706 1.555 1.482 1.075 0.852 0.841 0.816 
0.736 0.703 0.687 0.697 0.703 0.719 0.731 0.722 0.82 0.913 
0.829 1.303 1.502 1.239 1.257 1.584 2.194 1.975 1.35 1.162 
1.074 0.992 1.315 1.126 2.271 2.012 1.633 1.236 0.99 1.0 
1.004 0.868 0.893 0.903 0.815 0.807 0.831 0.821 0.748 0.803 
0.808 0.832 0.818 0.945 0.984 1.037 0.97 0.881 0.749 0.778 
0.833 0.849 0.947 0.855 0.843 0.906 0.938 0.938 1.163 1.171 
1.306 1.175 1.063 1.144 1.225 0.918 0.942 1.059 1.167 1.186 
1.339 1.198 1.179 1.204 1.321 1.133 1.223 1.286 1.025 1.055 
1.104 1.036 0.867 0.928 1.027 0.871 0.884 0.956 0.979 0.914 
1.02 1.123 1.085 0.976 1.154 1.005 0.865 0.791 0.85 0.927 
0.803 0.865 0.907 0.849 0.807 0.904 1.098 0.923 0.829 0.859 
0.76 0.737 0.681 0.778 0.766 0.76 0.92 1.005 0.979 1.065 
1.304 1.799 0.929 1.116 0.877 0.93 0.862 1.521 0.976 2.474 
2.346 1.71 1.134 0.726 0.755 0.587 0.708 0.695 0.757 0.703 
0.681 0.71 0.691 0.702 0.777 0.777 0.832 1.023 1.08 1.008 
1.225 1.316 1.349 1.601 1.82 1.287 1.366 1.935 1.601 1.585 
1.364 1.094 1.073 1.102 0.825 0.737 0.685 0.671 0.582 0.713 
0.705 0.749 0.713 0.602 0.74 0.769 0.698 0.715 0.811 0.809 
0.841 0.781 0.691 0.733 0.724 0.868 1.0 1.016 0.831 0.964 
1.124 1.067 1.029 1.088 1.118 1.099 1.021 1.021 0.739 0.784 
0.846 0.764 0.619 0.605 0.542 0.57 0.54 0.509 0.494 0.515 
0.526 0.537 0.559 0.563 0.63 0.641 0.682 0.716 0.771 0.789 
0.825 0.92 0.973 0.993 1.118 1.324 1.213 1.318 1.202 1.202 
0.908 0.883 0.756 0.75 0.791 0.769 0.697 0.815 0.888 0.788 
0.811 0.951 0.929 0.896 1.157 1.129 1.225 1.693 1.794 1.697 
1.372 1.048 1.039 0.921 1.036 1.032 1.129 1.294 2.501 3.062 
2.208 6.373 9.96 10.315 10.588 8.962 8.68 9.094 9.185 8.172 

END
