PFRMAT local QA
AUTHOR MASS-CASP14
af2-standard_T1105_2.pdb local_accuracy_only 5.446 3.142 2.503 2.634 2.395 1.586 1.828 1.687 1.451 1.156 1.171 
1.264 1.116 1.07 1.135 1.356 1.423 1.692 2.25 2.455 2.287 
2.047 1.42 1.137 1.06 0.928 0.991 1.18 1.307 1.149 0.743 
0.0 0.0 0.0 0.0 0.018 1.095 1.035 1.265 1.582 1.558 
1.485 1.358 1.512 1.589 1.606 1.599 1.471 1.882 2.078 1.998 
1.657 1.624 1.666 2.203 2.666 2.354 2.037 1.863 1.62 1.375 
1.455 1.358 1.263 1.129 1.123 1.223 1.359 1.322 1.368 1.548 
1.404 1.533 1.645 1.93 1.977 2.732 3.371 3.043 1.942 1.677 
1.626 1.79 1.826 2.05 2.635 2.99 2.498 2.134 1.833 1.982 
1.834 1.475 1.427 1.256 1.11 1.276 1.292 1.168 1.085 1.171 
1.238 1.306 1.222 1.597 1.687 1.699 1.255 1.178 1.088 1.327 
1.231 1.21 1.254 1.088 1.023 1.237 1.329 1.028 1.17 1.34 
1.547 1.229 0.965 1.256 1.223 0.988 1.013 1.263 1.688 1.745 
2.102 1.797 1.476 1.707 1.653 1.595 1.607 1.424 1.338 1.231 
1.361 1.151 0.934 1.163 1.279 1.17 1.255 1.292 1.071 1.087 
1.542 1.854 1.651 1.607 1.613 1.563 1.425 1.324 1.596 1.492 
1.36 1.307 1.565 1.689 1.673 1.978 1.757 1.516 1.382 1.431 
1.448 1.201 1.219 1.416 1.323 1.163 1.371 1.369 1.352 1.228 
1.379 1.509 1.357 1.732 1.75 1.767 2.07 2.405 2.672 3.09 
3.441 2.162 1.527 1.259 1.183 1.191 1.181 1.187 1.221 1.23 
1.186 1.223 1.181 1.3 1.476 1.615 1.437 1.496 1.895 2.024 
1.948 2.065 2.335 2.557 2.811 2.581 3.292 3.367 2.815 3.474 
2.658 2.341 2.564 2.132 1.564 1.583 1.726 1.678 1.784 1.641 
1.658 1.755 1.487 1.319 1.362 1.219 1.36 1.511 1.801 1.747 
1.736 1.382 1.246 1.214 1.232 1.353 1.625 1.669 1.424 1.407 
1.752 1.606 1.51 1.712 1.835 1.783 1.962 1.752 1.512 1.762 
1.932 1.463 1.228 1.242 1.255 1.087 1.057 1.108 1.014 0.952 
1.052 1.038 1.113 1.087 1.126 0.301 0.45 0.41 1.477 1.395 
1.61 1.629 1.516 1.351 1.568 1.92 2.035 2.131 1.915 1.748 
1.647 1.383 1.217 1.23 1.142 1.036 1.328 1.334 1.387 1.405 
1.547 1.871 2.199 2.574 2.282 2.526 2.742 3.25 3.917 3.69 
3.449 3.127 3.095 2.612 3.107 3.211 3.038 2.843 2.381 1.905 
1.836 1.781 1.896 2.471 2.834 4.366 6.081 7.912 10.784 11.796 

END
