PFRMAT local QA
AUTHOR MASS-CASP14
af2-standard_T1195_3.pdb local_accuracy_only 6.573 3.779 2.752 2.71 2.077 1.825 1.866 1.626 1.848 2.412 2.525 
1.899 1.582 1.559 1.49 1.715 1.701 1.682 1.582 1.867 2.137 
2.597 2.909 2.413 2.102 1.814 1.396 1.228 1.342 1.459 1.482 
1.968 2.61 2.373 1.8 1.4 1.286 1.119 1.176 1.199 1.136 
1.473 1.794 2.307 2.453 2.183 2.25 2.395 2.298 1.885 1.748 
1.918 1.688 1.433 1.534 1.647 1.603 1.358 1.634 1.566 1.335 
1.587 1.678 1.753 1.878 1.522 1.373 1.087 1.024 1.038 1.108 
0.97 1.121 1.028 1.109 1.219 1.661 2.17 2.575 1.661 1.238 
1.075 0.952 0.779 0.81 0.871 0.977 1.094 1.58 1.777 1.364 
1.026 0.933 1.148 1.155 1.148 1.169 1.5 1.637 1.743 1.778 
2.007 2.073 1.838 1.774 1.598 1.697 1.52 1.27 1.366 1.429 
1.165 1.198 1.271 1.219 1.133 1.128 1.281 1.114 1.074 1.194 
1.114 1.04 1.208 1.338 1.227 1.311 1.161 1.25 1.243 1.414 
1.478 1.242 1.017 1.204 1.295 1.249 1.069 1.253 1.376 1.839 
2.77 3.246 2.724 1.858 1.362 1.155 1.213 1.264 1.551 1.313 
1.584 1.548 1.75 2.184 2.797 4.287 5.312 6.601 6.77 8.27 
8.602 8.983 7.467 5.873 6.029 4.71 4.1 3.207 3.631 3.235 
2.283 1.918 1.546 1.43 1.436 1.266 1.38 1.449 1.343 1.349 
1.656 1.924 2.622 3.439 3.751 2.908 2.181 1.533 1.396 1.338 
1.349 1.165 0.611 0.0 0.0 0.0 0.0 0.0 0.0 0.0 
0.0 0.0 0.215 0.988 1.342 1.678 1.925 1.819 1.703 1.656 
1.74 2.014 2.404 2.339 2.84 2.343 2.378 2.017 1.864 1.393 
1.607 1.596 1.43 1.37 1.626 1.647 1.908 1.636 1.503 1.734 
1.767 1.788 1.598 1.92 1.674 1.342 1.507 1.819 1.744 1.465 
1.533 1.587 1.523 1.501 1.537 1.506 1.292 1.312 1.504 1.458 
1.178 1.145 1.462 1.746 1.803 2.223 2.364 2.113 1.852 1.771 
1.913 1.57 1.913 1.932 1.736 1.831 2.009 2.042 1.726 2.077 
2.056 1.988 2.408 2.606 2.785 2.482 2.735 4.008 
END
