PFRMAT local QA
AUTHOR LAW-CASP14
af2-standard_T1195_3.pdb local_accuracy_only 5.29 5.182 1.968 2.12 2.073 0.731 0.768 0.655 0.923 1.046 1.157 
0.956 0.86 0.874 0.732 0.809 0.805 0.829 0.873 1.033 1.572 
2.125 3.096 1.638 0.944 0.873 0.669 0.663 0.633 0.656 0.795 
0.811 1.059 0.837 0.653 0.516 0.514 0.493 0.523 0.589 0.738 
1.037 1.423 2.832 4.429 3.695 3.889 3.769 3.361 2.811 2.643 
2.138 1.671 1.25 1.379 1.157 0.967 0.796 1.115 0.861 0.821 
0.951 1.228 0.774 0.923 0.719 0.702 0.532 0.621 0.576 0.668 
0.585 0.557 0.485 0.51 0.589 0.715 0.904 0.928 0.834 0.662 
0.503 0.469 0.471 0.47 0.504 0.539 0.679 0.857 0.781 0.67 
0.516 0.479 0.532 0.676 0.72 0.674 0.811 0.949 1.12 1.217 
1.354 1.768 1.056 1.047 0.862 0.839 0.753 0.624 0.659 0.631 
0.556 0.52 0.573 0.518 0.484 0.498 0.526 0.529 0.511 0.589 
0.639 0.579 0.602 0.736 0.714 0.676 0.618 0.535 0.477 0.516 
0.546 0.47 0.482 0.446 0.46 0.472 0.479 0.537 0.631 0.76 
0.927 0.949 0.806 0.657 0.525 0.557 0.491 0.541 0.604 0.623 
0.917 0.649 0.626 1.154 1.449 2.733 3.17 4.411 5.531 6.975 
7.059 6.304 5.465 4.83 3.869 3.586 2.357 1.697 1.795 1.783 
0.763 0.794 0.61 0.51 0.55 0.518 0.653 0.609 0.581 0.639 
0.72 1.069 1.332 1.95 2.108 1.511 0.93 0.568 0.544 0.52 
0.522 0.506 0.484 0.468 0.451 0.499 0.441 0.467 0.455 0.467 
0.453 0.499 0.504 0.53 0.521 0.57 0.644 0.627 0.639 0.587 
0.726 0.872 1.145 1.114 1.421 1.239 1.221 1.189 1.119 0.944 
0.882 0.932 0.862 0.8 0.784 0.831 0.801 0.84 0.797 0.742 
0.59 0.715 0.686 0.773 0.72 0.661 0.733 0.923 0.982 0.756 
0.811 0.742 0.714 0.652 0.67 0.657 0.591 0.497 0.594 0.568 
0.478 0.518 0.561 0.606 0.652 0.597 0.63 0.643 0.522 0.531 
0.527 0.529 0.588 0.58 0.544 0.581 0.663 0.672 0.651 0.768 
0.886 0.825 0.914 1.17 1.294 1.241 1.606 1.748 
END
