PFRMAT local QA
AUTHOR MASS-CASP14
af2-standard_T1137s8_5.pdb local_accuracy_only 15.0 15.0 15.0 13.591 12.284 10.012 7.947 5.698 5.446 4.946 4.839 
3.827 4.368 4.174 4.035 3.656 3.825 3.434 3.142 3.166 3.095 
3.085 2.759 2.887 2.656 2.229 2.317 2.066 2.079 2.055 1.943 
1.978 1.882 2.122 2.107 2.074 2.172 2.368 2.598 2.685 2.959 
2.475 2.126 1.996 2.39 1.966 1.715 1.867 1.84 1.618 1.595 
1.683 1.908 1.989 2.105 2.978 3.437 3.795 3.898 4.244 3.541 
3.032 2.981 2.782 2.599 2.684 2.736 2.507 2.561 2.29 2.534 
2.786 2.391 2.414 2.707 2.572 2.342 2.46 2.391 2.243 2.288 
2.464 3.17 3.109 3.025 2.361 2.225 2.285 1.804 1.498 1.554 
1.686 1.583 1.352 1.301 1.37 1.406 1.369 1.315 1.525 1.437 
1.132 1.438 1.178 1.438 1.107 1.173 1.187 1.219 0.988 1.019 
1.03 1.155 1.115 1.025 0.996 1.121 1.312 1.25 1.227 1.445 
1.349 1.173 1.457 1.543 1.726 2.1 2.627 2.657 2.579 2.273 
1.956 2.241 2.42 2.188 2.337 2.46 2.104 2.027 1.721 1.705 
1.608 1.635 1.928 1.789 1.502 1.21 1.444 1.431 1.365 1.223 
1.227 1.089 1.154 1.124 1.042 1.0 1.063 1.14 1.303 1.203 
1.284 1.312 1.345 1.348 1.3 1.368 1.376 1.542 1.571 1.786 
2.148 2.002 1.991 2.128 2.168 2.676 2.677 3.014 2.735 2.201 
2.233 1.655 1.587 1.581 1.906 1.728 1.361 1.628 1.799 1.7 
1.624 2.068 2.164 2.264 2.077 2.216 1.905 1.604 1.438 1.363 
1.491 1.411 1.41 1.241 1.36 1.273 1.175 1.25 1.192 1.149 
1.158 1.26 1.161 1.067 1.14 1.167 1.177 1.157 1.205 1.261 
1.374 1.394 1.286 1.528 1.774 3.061 3.868 4.3 3.924 4.464 
3.403 2.207 2.339 2.124 1.852 1.492 1.562 1.594 1.501 1.643 
1.658 1.771 1.696 1.843 2.275 1.958 1.961 2.111 2.169 2.207 
2.574 2.786 2.958 2.739 3.423 3.897 4.293 5.024 5.871 6.574 
7.078 7.645 9.291 10.637 12.413 
END
