PFRMAT local QA
AUTHOR LAW-CASP14
af2-standard_T1137s8_5.pdb local_accuracy_only 15.0 15.0 15.0 15.0 15.0 15.0 15.0 14.71 13.416 13.432 14.177 
13.168 13.051 13.314 13.141 11.776 11.198 10.948 9.94 8.802 8.098 
7.553 6.422 5.426 4.46 2.462 3.395 2.986 2.367 2.313 2.663 
2.296 1.864 2.622 2.669 2.338 2.591 3.308 3.433 3.728 3.679 
2.731 1.77 1.462 1.496 1.276 1.06 1.158 1.221 0.99 0.949 
1.246 1.405 1.039 1.454 1.879 1.625 1.382 1.618 1.668 1.279 
1.129 1.281 1.423 1.364 1.359 1.674 1.763 1.784 2.017 2.412 
2.277 2.014 2.249 2.233 2.446 1.912 2.246 2.136 2.164 2.011 
2.138 2.119 2.158 2.137 2.027 2.024 1.966 1.87 1.849 1.963 
2.025 2.015 2.047 1.909 1.917 1.758 1.582 1.474 1.545 1.44 
1.3 1.103 1.032 0.965 0.957 0.886 0.866 0.825 0.851 0.811 
0.791 0.792 0.879 0.817 0.769 0.82 0.873 0.823 0.895 0.978 
1.035 1.026 1.338 1.472 1.842 1.862 2.979 2.582 3.191 3.363 
2.818 4.114 4.993 4.538 4.668 5.619 5.852 5.627 4.213 2.361 
1.796 1.428 1.411 1.405 1.064 0.96 1.09 1.025 0.85 0.813 
0.862 0.871 0.806 0.856 0.841 0.877 0.853 0.892 0.875 0.964 
0.971 1.065 1.098 1.074 1.272 1.312 1.61 1.639 1.791 1.997 
2.173 2.254 2.595 2.945 2.926 2.796 2.602 3.087 3.183 3.012 
2.826 2.307 2.149 2.146 2.055 2.027 1.986 2.121 2.152 2.053 
2.001 2.2 2.313 2.292 1.907 2.026 1.793 1.641 1.552 1.42 
1.398 1.302 1.133 1.055 1.134 1.062 0.93 0.917 0.918 0.851 
0.814 0.834 0.83 0.781 0.783 0.82 0.857 0.805 0.824 0.999 
1.068 1.124 1.246 1.703 1.916 3.313 3.497 3.481 2.916 2.866 
2.553 1.619 1.761 1.733 1.333 1.03 1.069 1.118 0.899 0.873 
0.936 0.976 0.851 0.937 1.048 1.094 0.983 1.102 1.142 1.111 
1.119 1.088 1.062 1.078 1.129 1.175 1.18 1.539 1.759 2.13 
2.427 2.192 3.472 4.867 6.567 
END
