PFRMAT local QA
AUTHOR MASS-CASP14
af2-standard_T1158_3.pdb local_accuracy_only 11.834 10.637 8.664 6.626 5.5 5.377 3.6 2.55 1.908 1.915 1.647 
1.985 1.961 3.031 3.405 4.358 4.426 4.418 4.638 4.278 3.937 
3.519 3.475 3.137 3.052 2.7 2.71 3.003 3.054 2.575 2.67 
2.902 3.488 3.965 5.192 5.104 5.594 5.22 4.587 5.389 5.483 
5.201 4.423 3.987 3.807 3.803 3.935 3.906 5.353 5.418 5.669 
4.141 3.279 3.125 2.335 1.759 1.705 1.915 2.022 1.857 2.219 
2.512 2.531 2.293 2.603 2.893 3.13 2.841 3.079 3.371 3.524 
4.131 4.292 5.132 4.987 4.585 4.422 3.78 3.021 2.597 2.63 
2.42 2.627 2.329 2.638 3.126 3.098 3.583 4.521 5.324 5.276 
4.436 5.289 4.466 4.854 4.919 5.178 4.584 4.748 4.805 4.719 
4.377 3.914 2.944 2.545 2.488 2.219 1.716 1.568 1.606 1.413 
1.253 1.374 1.451 1.672 1.452 1.465 1.859 1.938 2.078 2.37 
2.82 2.906 3.534 3.56 3.979 3.468 3.301 3.141 2.806 2.549 
2.921 2.821 2.565 2.859 2.767 2.618 2.675 2.9 2.939 2.5 
2.486 2.566 2.404 2.375 2.371 2.468 2.473 2.369 2.243 2.127 
2.314 2.458 2.045 2.304 2.276 2.25 1.971 1.779 1.674 1.614 
1.597 1.36 1.459 1.4 1.298 1.296 1.252 1.275 1.113 1.08 
1.188 1.347 1.11 1.22 1.466 1.375 1.276 1.264 1.239 1.202 
1.276 1.692 1.881 2.312 2.388 3.643 4.035 4.189 4.376 4.548 
4.376 2.997 2.377 2.706 2.545 2.103 2.033 2.164 2.782 2.276 
2.056 2.476 2.641 2.279 3.16 3.173 3.141 3.731 3.697 4.612 
4.813 4.42 4.369 4.313 4.482 4.598 4.155 4.139 3.694 3.382 
3.676 3.991 3.568 3.881 3.933 4.739 4.255 3.912 4.029 5.686 
5.377 5.097 6.145 6.681 6.281 6.361 6.395 6.925 6.424 6.494 
5.861 5.838 5.722 5.754 5.662 6.11 6.25 6.417 6.024 5.795 
4.865 4.486 3.77 3.701 3.029 3.081 2.941 3.288 3.422 2.867 
3.0 4.645 4.4 4.151 4.104 4.504 3.603 3.643 3.114 2.587 
2.439 2.072 2.178 2.592 2.253 2.508 2.402 2.2 2.038 2.474 
2.565 1.965 2.259 2.065 2.105 2.293 2.433 2.905 3.172 2.96 
2.872 2.765 2.119 1.862 2.1 2.213 2.399 2.055 2.815 3.261 
2.722 2.484 2.489 2.62 2.405 1.879 1.961 2.536 2.254 1.837 
2.103 2.621 2.568 2.477 2.148 2.585 3.201 3.134 2.85 2.985 
3.223 3.05 3.504 3.655 3.371 3.554 3.7 3.756 3.548 3.526 
4.028 4.385 4.448 4.234 4.057 4.178 3.794 4.043 4.352 4.277 
4.08 3.183 3.212 3.034 2.45 2.473 2.424 2.131 2.0 1.715 
1.838 1.903 1.926 2.141 1.913 1.885 2.245 2.712 3.106 2.584 
2.542 2.583 2.813 2.708 3.286 3.502 3.39 3.42 4.01 3.427 
2.836 2.826 2.762 2.623 2.217 2.301 2.573 2.194 2.621 2.233 
2.256 2.316 2.233 2.169 1.741 1.941 1.955 1.78 1.733 1.799 
1.941 2.163 2.307 2.615 3.672 4.923 5.639 5.382 6.381 8.052 
9.082 8.399 7.968 8.099 6.361 4.368 3.031 2.066 1.549 1.217 
1.374 1.499 1.56 1.503 1.776 1.836 2.485 2.966 3.806 4.796 
4.954 4.24 4.741 3.911 3.16 2.548 2.256 2.303 2.073 2.028 
1.736 1.554 1.418 1.292 1.387 1.718 1.613 1.46 1.267 1.13 
1.102 1.058 1.028 1.246 1.593 1.874 2.152 2.064 2.076 1.94 
2.163 2.071 1.769 1.605 1.668 1.829 1.833 1.567 1.81 1.919 
1.869 2.169 2.448 2.483 2.368 2.044 1.723 1.504 1.389 1.441 
1.365 1.384 1.268 1.312 1.342 1.539 1.774 2.317 2.98 3.28 
2.734 2.398 2.111 1.896 1.696 1.375 1.233 1.085 1.221 1.327 
1.436 1.489 1.615 1.814 2.243 3.002 3.377 3.219 3.254 3.269 
3.23 2.384 2.331 2.363 2.19 1.983 1.722 1.939 2.326 2.067 
2.449 2.591 3.274 3.642 3.401 2.869 2.914 3.096 2.886 3.231 
2.962 2.583 2.321 1.995 1.872 1.781 1.743 2.026 2.533 2.792 
2.644 2.257 2.234 1.895 1.853 2.225 2.464 2.454 2.273 2.267 
2.319 1.945 1.889 1.968 2.098 2.049 2.129 2.047 1.942 2.38 
2.03 1.799 1.42 1.118 1.022 1.059 1.136 1.379 1.471 1.745 
1.793 2.215 2.742 2.414 2.32 2.49 2.282 1.864 1.89 2.208 
1.85 1.763 1.779 2.142 2.117 2.125 2.281 2.299 2.54 2.458 
2.075 2.221 2.312 1.923 1.618 1.549 1.504 1.517 1.738 2.221 
2.709 2.838 3.071 2.937 2.735 2.554 2.586 2.735 2.188 1.986 
1.618 1.484 1.354 1.284 1.369 1.725 1.831 1.594 1.711 1.51 
1.632 1.637 1.831 1.633 1.744 1.945 2.72 2.839 2.59 2.685 
2.996 2.752 2.796 2.705 2.19 2.187 2.195 2.16 2.327 2.305 
3.268 4.531 6.134 6.419 7.576 8.037 7.399 9.107 8.312 7.711 
8.996 9.985 10.093 10.402 11.244 12.694 12.077 13.452 15.0 15.0 
15.0 15.0 15.0 15.0 15.0 10.628 12.284 8.981 14.413 8.714 
15.0 13.441 15.0 15.0 15.0 13.788 15.0 15.0 15.0 15.0 
15.0 15.0 15.0 15.0 15.0 15.0 15.0 15.0 15.0 15.0 
13.296 14.752 10.817 9.639 12.095 9.799 11.295 11.118 11.469 11.466 
10.348 8.43 6.601 5.466 3.358 2.842 2.777 2.229 1.826 1.733 
2.132 2.294 2.363 2.969 3.443 4.327 6.281 6.946 7.301 8.33 
8.821 8.168 6.671 7.214 7.149 7.456 6.457 6.474 6.092 5.166 
4.75 4.443 4.218 3.482 2.787 2.32 2.538 2.142 2.182 2.301 
2.363 2.419 2.172 2.475 2.304 2.684 2.054 2.449 2.745 3.668 
3.883 4.556 5.29 5.917 6.952 9.421 12.233 13.796 15.0 15.0 
15.0 14.648 15.0 9.087 5.993 4.66 3.762 2.996 2.261 2.553 
2.125 2.197 1.755 2.231 2.251 2.357 2.324 2.586 2.975 2.65 
2.83 2.915 3.094 3.216 2.854 2.815 3.378 3.882 3.833 3.48 
3.482 3.37 3.545 3.562 3.246 3.363 3.589 2.939 2.654 3.002 
2.688 2.258 1.925 1.969 1.661 1.416 1.415 1.758 1.774 1.555 
1.515 1.794 1.692 1.678 1.726 2.096 2.435 2.412 2.104 2.162 
2.136 2.09 1.984 2.1 2.439 2.096 1.812 1.982 1.831 1.524 
1.532 1.719 1.752 1.836 1.677 1.994 1.935 1.567 1.949 1.916 
1.663 2.078 2.185 1.888 1.734 1.893 1.888 1.592 1.489 1.838 
1.773 1.576 1.753 1.686 1.648 1.609 1.771 1.842 1.896 1.816 
2.38 2.285 2.495 2.648 2.901 2.888 2.931 3.001 3.181 3.058 
3.939 4.05 3.958 4.522 4.775 4.878 4.539 4.688 4.442 3.613 
4.378 4.006 3.56 4.042 4.691 4.311 3.463 3.99 3.829 3.75 
3.367 3.25 3.42 2.919 2.623 2.781 2.611 2.075 2.184 2.637 
2.62 3.253 4.187 4.361 4.269 4.098 4.908 4.103 2.663 2.246 
2.32 2.19 1.935 1.981 2.448 2.66 2.262 2.429 2.785 2.567 
2.992 2.614 2.315 2.492 2.681 2.858 2.703 2.271 2.408 2.65 
2.28 1.971 2.145 2.393 2.205 2.165 2.664 2.478 2.523 2.568 
2.463 2.184 2.138 2.305 2.656 2.727 2.878 3.139 3.15 3.186 
3.082 3.149 2.869 3.025 2.67 2.482 2.213 2.501 2.389 2.04 
1.93 1.953 1.856 1.949 2.012 2.193 2.379 2.368 2.407 2.388 
2.621 2.549 2.326 2.283 2.394 2.412 2.361 2.648 2.924 3.065 
2.957 2.484 2.215 2.086 2.236 2.585 2.474 2.012 2.445 2.331 
2.656 2.233 2.119 2.249 2.17 2.015 2.322 2.161 2.267 2.642 
2.123 2.057 2.12 2.161 2.081 1.963 2.375 2.485 2.599 2.805 
2.711 2.224 2.606 3.0 2.947 2.961 2.969 3.568 3.388 3.754 
3.533 3.26 3.161 3.233 3.328 3.842 4.153 3.749 3.974 3.187 
3.238 3.207 3.136 2.947 2.931 3.315 3.636 3.659 3.353 3.009 
2.873 3.111 2.763 2.497 2.322 2.487 2.116 1.843 1.502 1.235 
1.206 1.196 1.454 1.527 1.705 1.58 1.796 2.193 2.975 3.062 
3.96 4.177 4.631 4.456 3.618 3.441 2.948 2.793 2.456 2.308 
2.29 2.292 2.455 2.177 2.376 3.11 3.062 2.649 2.111 2.236 
2.089 2.281 2.082 2.216 2.44 2.912 2.789 2.566 2.34 2.02 
2.008 1.824 1.609 1.364 1.532 1.844 1.796 1.664 1.55 1.632 
1.845 1.901 1.719 1.704 1.696 1.517 1.21 1.307 1.287 1.497 
2.06 2.064 2.036 2.406 3.145 4.161 3.136 2.84 2.347 2.58 
2.366 2.233 2.088 2.024 1.803 1.548 1.405 1.376 1.302 1.772 
2.286 2.951 2.865 2.469 2.293 2.413 2.386 2.227 1.996 1.669 
1.488 1.628 1.254 1.032 1.198 1.494 1.81 2.214 2.756 2.602 
2.558 2.377 2.548 2.258 1.749 1.896 1.983 2.142 1.93 2.129 
2.275 2.224 2.279 2.35 2.672 3.112 3.295 2.737 2.984 3.48 
3.923 4.133 4.137 4.653 4.353 4.74 4.954 5.191 3.86 4.569 
4.72 4.851 4.116 3.968 3.658 2.769 2.292 2.275 2.343 2.133 
1.988 2.198 2.088 1.946 1.999 2.154 2.215 2.335 2.606 2.334 
2.451 2.963 3.143 2.541 2.217 1.749 1.363 1.431 1.536 1.743 
1.895 2.168 2.46 2.67 3.019 2.546 2.423 2.843 3.016 2.85 
2.497 2.809 2.24 2.003 2.039 2.271 2.321 1.83 2.421 3.145 
2.934 2.783 3.109 3.108 2.388 1.987 1.857 1.687 1.625 1.615 
2.079 2.187 2.258 2.117 2.028 2.105 1.82 1.907 2.081 2.005 
1.757 1.331 1.197 1.193 1.219 1.348 1.795 1.851 1.5 1.49 
1.371 1.451 1.281 1.347 1.573 1.601 1.644 1.784 2.138 1.902 
2.321 3.119 3.319 4.012 3.907 3.153 3.076 3.044 3.154 3.641 
3.788 3.72 4.54 5.476 5.037 5.898 6.032 6.522 4.814 4.621 
4.943 4.508 3.597 3.919 4.135 3.928 3.545 3.746 4.272 4.452 
4.194 5.158 5.528 6.432 6.425 7.626 9.011 8.923 11.1 11.357 
13.269 15.0 15.0 15.0 15.0 15.0 15.0 15.0 15.0 15.0 
15.0 15.0 15.0 15.0 15.0 15.0 15.0 15.0 15.0 15.0 
15.0 15.0 15.0 15.0 14.37 15.0 15.0 12.458 13.655 12.324 
14.967 15.0 15.0 15.0 15.0 15.0 15.0 15.0 15.0 
END
