PFRMAT local QA
AUTHOR LAW-CASP14
af2-standard_T1158_3.pdb local_accuracy_only 15.0 15.0 15.0 15.0 12.467 12.476 7.646 3.061 1.45 1.712 1.439 
3.688 6.412 6.679 9.474 8.361 8.896 7.859 4.224 7.034 2.694 
1.492 1.07 0.985 1.105 1.709 0.847 1.102 1.213 1.207 0.973 
1.445 1.41 1.237 1.396 2.092 1.631 1.435 1.091 1.109 1.041 
1.218 1.17 0.888 1.258 1.074 0.821 1.291 1.196 1.226 0.971 
0.963 0.719 0.823 1.063 0.773 0.734 0.889 1.004 0.866 0.925 
1.165 1.23 1.221 1.488 1.77 1.968 2.222 2.706 2.923 3.272 
3.715 4.574 4.626 5.256 4.075 4.212 2.697 1.859 1.324 1.668 
1.742 1.4 1.337 1.719 1.737 1.475 2.015 2.409 2.98 3.226 
2.387 4.233 4.713 2.699 4.536 6.056 3.289 3.087 4.548 3.675 
2.652 2.581 2.531 2.39 1.819 1.438 1.559 1.557 1.238 1.483 
1.5 1.176 1.041 1.264 1.22 0.908 0.955 1.116 0.863 0.882 
1.071 1.217 2.36 3.171 4.595 3.668 3.828 3.493 2.673 2.601 
2.655 2.644 2.069 2.194 2.196 1.831 1.724 2.432 2.29 2.037 
1.792 2.449 2.05 1.736 1.751 1.942 1.628 1.026 1.111 1.277 
1.169 0.738 0.895 1.033 0.778 0.619 0.743 0.745 0.654 0.577 
0.669 0.666 0.573 0.602 0.574 0.588 0.541 0.595 0.545 0.521 
0.556 0.558 0.548 0.491 0.585 0.584 0.534 0.561 0.617 0.65 
0.758 0.873 1.166 0.964 1.046 1.371 1.555 1.267 1.323 0.957 
1.135 1.084 0.857 0.848 1.035 0.945 0.753 0.888 0.972 0.965 
0.758 0.852 0.88 0.72 0.743 0.839 0.859 0.794 0.834 1.084 
0.992 1.416 1.365 1.479 1.539 1.967 1.639 1.64 1.457 1.486 
1.226 1.181 1.209 1.091 1.026 0.981 1.014 0.962 1.06 1.228 
1.164 1.036 1.075 1.178 1.117 1.013 1.152 1.132 1.259 1.285 
1.659 1.422 1.514 1.644 1.99 2.057 1.944 1.752 2.027 1.622 
1.506 1.282 1.296 1.099 1.049 0.941 0.905 0.917 0.91 0.794 
0.843 0.877 0.87 0.749 0.811 0.814 0.757 0.749 0.807 0.753 
0.727 0.699 0.777 0.748 0.685 0.787 0.841 0.737 0.745 0.873 
0.862 0.744 0.786 0.772 0.717 0.724 0.652 0.646 0.728 0.801 
0.843 0.979 0.953 0.868 0.874 0.889 0.795 0.736 0.797 0.803 
0.737 0.717 0.758 0.738 0.679 0.646 0.71 0.742 0.709 0.725 
0.791 0.813 0.906 0.942 1.009 1.044 1.138 1.237 1.297 1.392 
1.406 1.439 1.66 1.675 1.445 1.356 1.345 1.945 1.712 1.369 
1.227 1.493 1.21 1.219 1.219 1.78 1.244 1.214 1.344 1.497 
1.423 1.592 1.638 1.479 1.282 1.263 0.977 0.995 1.017 1.08 
1.001 1.072 0.992 1.171 1.087 1.065 1.125 1.263 1.261 1.288 
1.599 1.54 1.659 1.774 2.049 2.224 1.771 1.945 2.421 2.152 
1.465 2.095 1.877 1.208 1.271 1.508 1.217 1.002 1.322 1.355 
1.075 1.156 1.309 1.154 0.918 1.131 1.039 0.877 0.801 0.964 
0.85 0.869 0.838 1.002 2.725 9.747 12.159 14.508 14.617 15.0 
14.314 11.222 12.862 9.713 7.414 4.089 1.27 1.139 1.105 1.146 
1.224 1.383 1.441 1.326 1.357 1.221 1.388 1.23 1.7 2.228 
3.58 2.584 2.935 2.057 1.397 1.377 1.316 1.388 1.526 1.317 
1.283 1.118 1.112 0.869 0.974 0.89 0.897 0.861 0.781 0.776 
0.765 0.695 0.84 1.286 1.892 6.532 2.894 1.751 1.339 0.923 
0.861 1.026 0.953 0.774 0.901 0.968 0.975 0.822 1.124 0.849 
1.004 1.094 1.252 1.343 1.427 1.634 1.479 1.302 1.38 1.302 
1.523 0.968 0.841 0.703 0.731 0.762 0.787 1.18 1.25 1.753 
1.256 0.886 0.788 0.706 0.905 0.8 0.824 0.817 0.849 0.928 
0.827 0.881 1.067 1.099 1.426 1.342 1.986 1.942 2.298 2.0 
1.711 1.337 1.289 1.187 1.111 0.97 0.99 0.993 0.985 0.92 
1.016 0.974 1.078 1.16 1.11 1.086 1.303 1.366 1.109 1.271 
0.999 1.122 0.873 0.901 0.961 0.965 0.951 1.176 1.345 2.003 
1.229 1.231 1.419 1.5 2.309 2.089 2.098 1.37 1.115 1.241 
1.05 0.9 0.891 0.918 0.929 0.969 0.806 0.887 0.921 0.901 
0.813 0.735 0.701 0.601 0.594 0.608 0.726 0.767 0.89 1.068 
1.088 1.526 1.711 1.463 1.534 1.347 1.317 1.167 1.129 1.166 
1.078 0.944 0.969 1.139 1.01 1.015 0.95 1.073 1.261 1.066 
0.921 1.054 0.922 0.714 0.694 0.656 0.565 0.646 0.693 1.026 
1.535 2.418 2.411 2.855 2.268 1.955 2.244 1.99 1.37 1.147 
1.011 0.979 0.968 1.061 1.216 1.58 1.818 1.504 1.595 1.597 
1.535 1.328 1.353 1.449 1.627 1.874 5.721 5.127 6.697 10.136 
9.746 11.347 13.7 13.726 14.216 15.0 15.0 15.0 15.0 15.0 
15.0 15.0 15.0 15.0 15.0 15.0 15.0 15.0 15.0 15.0 
15.0 15.0 15.0 15.0 15.0 15.0 15.0 15.0 15.0 15.0 
15.0 15.0 15.0 15.0 15.0 11.565 11.027 5.915 8.702 5.026 
7.232 6.374 5.982 6.173 6.139 7.099 11.381 15.0 15.0 15.0 
15.0 15.0 15.0 15.0 15.0 15.0 15.0 15.0 15.0 15.0 
15.0 15.0 13.504 12.067 10.238 12.468 12.479 13.376 11.76 10.703 
7.971 8.861 5.611 5.503 3.066 2.342 1.733 1.479 1.337 1.207 
1.188 1.088 0.84 0.95 1.105 0.813 0.869 1.264 2.127 2.749 
4.034 3.407 3.151 4.777 4.726 3.313 4.515 4.817 3.209 3.115 
2.953 3.434 2.384 1.753 2.835 2.949 2.506 2.546 3.496 2.911 
2.673 2.736 2.599 2.102 1.663 2.211 2.787 1.643 4.476 4.602 
5.965 8.687 9.745 10.694 10.83 12.484 13.98 15.0 15.0 15.0 
15.0 15.0 15.0 15.0 15.0 14.647 15.0 11.609 13.27 12.313 
11.703 10.171 8.6 7.216 8.333 7.081 6.148 6.23 3.941 4.28 
2.707 4.349 4.317 2.586 2.085 2.387 2.307 1.818 1.606 2.082 
1.976 1.339 1.194 1.256 1.052 0.906 0.856 0.848 0.77 0.697 
0.72 0.704 0.663 0.623 0.631 0.634 0.585 0.613 0.621 0.631 
0.619 0.673 0.751 0.644 0.623 0.749 0.776 0.794 0.766 0.943 
0.853 0.83 0.956 1.078 0.938 0.938 0.83 0.829 0.817 0.758 
0.684 0.7 0.756 0.677 0.689 0.709 0.767 0.729 0.775 0.832 
0.808 0.781 0.862 0.865 0.865 0.809 0.822 0.786 0.692 0.732 
0.66 0.654 0.612 0.751 0.626 0.624 0.783 0.801 0.693 0.819 
1.068 0.897 0.938 1.115 1.098 1.175 1.457 1.384 1.064 1.499 
1.735 4.035 2.999 5.232 6.426 5.355 4.841 5.418 3.566 2.051 
1.984 1.731 1.385 1.122 1.253 1.146 0.905 0.928 1.005 0.903 
0.755 0.874 0.943 0.861 0.737 0.808 0.779 0.599 0.675 0.715 
0.681 0.637 0.875 1.031 0.634 0.686 0.96 0.675 0.57 0.611 
0.664 0.563 0.542 0.664 0.632 0.608 0.565 0.685 0.602 0.576 
0.622 0.682 0.625 0.674 0.674 0.671 0.803 0.817 0.83 1.023 
1.005 0.884 0.809 0.867 0.78 0.573 0.632 0.613 0.571 0.546 
0.564 0.541 0.518 0.506 0.566 0.524 0.511 0.48 0.508 0.548 
0.525 0.559 0.578 0.579 0.57 0.612 0.601 0.618 0.647 0.625 
0.662 0.754 0.765 0.863 0.812 0.976 1.067 1.289 1.195 1.458 
1.81 1.459 1.692 1.914 1.913 1.474 1.647 1.63 1.333 1.124 
1.262 1.095 0.961 0.85 0.844 0.996 0.946 0.859 0.926 1.106 
0.954 1.065 1.058 1.005 0.962 1.017 0.954 0.821 0.85 0.838 
0.741 0.692 0.773 0.743 0.65 0.791 0.921 0.78 0.971 1.346 
1.31 1.093 2.024 2.321 1.457 1.743 2.78 1.676 1.24 2.079 
1.556 0.945 1.03 1.32 0.953 0.852 1.233 1.188 1.17 1.132 
1.027 1.226 1.256 1.164 1.734 3.327 5.411 4.238 3.135 2.04 
2.22 1.878 1.448 1.074 0.786 0.812 0.73 0.649 0.65 0.653 
0.693 0.756 0.808 1.014 0.924 1.216 1.169 1.669 1.623 3.812 
7.078 6.737 4.99 3.189 1.802 1.438 1.185 1.224 1.247 1.031 
0.928 0.777 0.758 0.618 0.68 0.662 0.669 0.564 0.542 0.541 
0.616 0.593 0.704 0.96 1.583 2.053 1.611 1.203 1.053 0.863 
0.927 1.081 0.877 0.766 0.797 0.834 0.749 0.68 0.797 0.779 
0.949 0.938 0.99 1.005 0.983 0.847 0.77 0.75 0.763 0.775 
0.897 0.967 1.047 1.018 1.721 1.778 2.049 2.048 0.973 0.834 
1.059 0.773 0.654 0.652 0.677 0.612 0.647 0.597 0.678 0.819 
1.045 1.627 1.382 1.41 1.405 1.129 1.235 1.696 1.823 2.146 
1.596 1.585 1.523 1.268 1.461 1.137 1.548 1.822 2.233 1.633 
1.811 1.389 1.352 1.27 1.199 1.176 1.15 1.078 1.081 1.164 
1.164 1.119 1.245 1.288 1.281 1.588 1.923 1.691 1.988 2.413 
2.689 2.98 2.551 2.374 2.312 2.608 2.355 2.316 1.7 1.796 
1.321 1.385 1.634 2.431 3.781 2.956 3.294 2.833 2.228 1.53 
1.438 1.145 1.1 1.05 0.865 0.924 0.982 0.982 0.797 0.99 
1.001 0.914 0.929 0.75 0.69 0.545 0.558 0.515 0.565 0.659 
0.825 1.058 1.377 1.78 2.589 2.72 3.091 3.073 2.434 2.144 
1.79 1.714 1.398 1.181 1.237 1.239 1.137 1.116 1.142 1.17 
1.141 0.804 1.019 0.84 0.625 0.577 0.482 0.506 0.56 0.597 
0.815 1.189 1.697 1.403 1.607 1.403 0.871 1.279 1.499 0.809 
0.728 0.672 0.721 0.702 0.785 0.834 0.944 1.084 1.05 1.078 
0.941 0.93 0.955 0.876 0.911 1.048 1.178 2.227 1.617 1.528 
2.353 2.71 3.414 4.944 4.965 3.109 2.789 2.533 3.903 5.139 
4.795 4.22 6.23 6.761 7.688 10.487 11.334 10.279 8.792 8.192 
8.965 8.947 4.288 5.115 7.066 4.703 3.43 6.189 8.126 6.004 
4.348 8.555 8.988 8.94 10.143 12.615 13.358 15.0 15.0 15.0 
15.0 15.0 15.0 15.0 15.0 15.0 15.0 15.0 15.0 15.0 
15.0 15.0 15.0 15.0 15.0 15.0 15.0 15.0 15.0 15.0 
15.0 15.0 15.0 15.0 15.0 15.0 15.0 15.0 15.0 15.0 
15.0 15.0 15.0 15.0 15.0 15.0 15.0 15.0 15.0 
END
