PFRMAT local QA
AUTHOR LAW-CASP14
af2-standard_T1125_2.pdb local_accuracy_only 10.77 12.048 10.92 9.127 6.089 5.071 6.162 5.789 8.052 8.945 13.731 
12.82 14.989 15.0 15.0 15.0 12.066 10.189 7.246 6.772 2.872 
2.601 1.592 1.652 1.528 1.501 1.372 1.292 1.256 1.229 1.124 
1.162 1.165 1.175 1.21 1.319 1.523 1.655 2.068 2.175 2.783 
3.733 5.324 7.529 7.651 7.245 10.395 13.58 13.203 12.176 15.0 
15.0 15.0 15.0 15.0 15.0 15.0 15.0 15.0 15.0 15.0 
12.862 9.745 7.159 1.972 1.62 1.334 1.251 1.301 1.202 1.19 
1.17 1.215 1.209 1.34 1.388 1.605 1.571 1.881 2.065 2.475 
3.808 4.294 5.17 3.473 2.553 1.646 1.48 1.429 1.311 1.15 
1.12 1.023 1.025 1.038 1.075 1.019 1.115 1.184 1.12 1.079 
1.426 1.27 1.37 1.092 1.166 1.098 1.079 1.048 0.996 1.012 
1.076 0.94 1.018 1.007 1.08 0.999 1.049 1.081 1.043 1.092 
1.145 1.208 1.198 1.238 1.272 1.386 1.327 1.417 1.508 1.529 
2.29 2.122 4.971 5.553 5.503 4.473 6.365 5.55 5.472 3.7 
2.685 2.388 2.253 2.142 1.918 1.982 1.869 1.666 1.879 1.719 
1.774 1.632 1.768 1.732 1.635 1.72 1.745 1.676 1.552 1.665 
1.745 1.86 1.552 1.835 2.076 1.862 1.745 1.625 1.407 1.366 
1.298 1.596 1.354 1.395 1.381 1.506 1.526 1.671 1.544 1.968 
2.274 3.323 6.76 7.85 8.774 5.438 4.099 2.882 2.469 2.651 
2.607 2.047 1.99 1.842 1.902 1.725 1.581 1.645 1.625 1.568 
1.513 1.45 1.403 1.386 1.466 1.412 1.442 1.507 1.544 1.487 
1.427 1.323 1.409 1.235 1.235 1.157 1.297 1.16 1.246 1.335 
1.328 1.533 1.539 1.722 1.475 1.578 1.509 1.625 1.79 1.698 
2.726 2.8 3.344 2.91 2.402 2.389 2.48 1.956 2.02 2.344 
2.142 1.863 2.244 2.399 2.996 4.525 3.523 7.913 5.783 6.076 
6.037 5.802 4.841 4.748 4.212 3.003 3.245 3.187 2.5 2.221 
1.887 1.759 1.681 1.848 1.601 1.71 1.556 1.638 1.847 1.839 
1.885 2.558 2.641 2.628 2.959 3.107 3.182 3.077 3.356 3.693 
3.846 3.979 4.631 7.197 9.434 10.717 9.826 8.478 3.959 3.503 
2.789 2.757 2.42 2.234 1.864 1.856 1.649 1.7 1.519 1.594 
1.664 1.606 1.556 1.599 1.736 1.639 1.701 1.905 2.021 2.042 
2.233 2.495 2.777 3.247 3.88 5.137 5.418 6.682 6.852 7.992 
10.283 14.223 15.0 15.0 15.0 15.0 15.0 15.0 15.0 15.0 
15.0 15.0 15.0 15.0 15.0 15.0 15.0 15.0 15.0 15.0 
15.0 15.0 15.0 15.0 12.672 11.074 10.228 9.334 9.483 8.543 
7.047 7.229 6.57 6.671 6.153 6.084 5.481 5.066 5.103 5.11 
4.346 4.341 3.884 2.907 2.672 2.577 2.572 2.443 2.283 2.089 
2.334 1.828 1.802 1.606 1.7 1.33 1.255 1.075 1.168 1.032 
0.953 0.991 0.959 0.946 0.981 0.993 0.962 1.028 1.219 1.218 
1.511 1.718 2.051 2.874 2.143 1.736 2.476 2.76 1.56 1.967 
2.507 2.385 1.752 3.064 3.166 2.859 3.543 4.872 5.56 9.353 
7.165 7.546 3.12 2.595 2.469 1.969 1.774 1.494 1.308 1.477 
1.436 1.206 1.184 1.16 1.167 1.127 1.214 1.139 1.124 1.154 
1.297 1.238 1.137 1.396 1.429 1.629 1.507 2.379 2.827 5.643 
8.67 9.769 13.623 15.0 15.0 15.0 15.0 15.0 15.0 15.0 
15.0 15.0 15.0 15.0 15.0 15.0 15.0 15.0 15.0 15.0 
15.0 15.0 15.0 15.0 15.0 15.0 15.0 15.0 15.0 15.0 
15.0 15.0 15.0 15.0 15.0 15.0 15.0 15.0 15.0 15.0 
15.0 15.0 15.0 15.0 15.0 15.0 15.0 15.0 15.0 15.0 
15.0 15.0 15.0 15.0 15.0 15.0 15.0 15.0 15.0 15.0 
15.0 15.0 15.0 15.0 15.0 15.0 15.0 15.0 15.0 15.0 
15.0 15.0 15.0 15.0 15.0 15.0 15.0 15.0 15.0 15.0 
15.0 12.962 12.519 15.0 12.691 14.251 12.735 13.755 9.473 15.0 
15.0 15.0 15.0 15.0 15.0 15.0 15.0 15.0 15.0 15.0 
15.0 15.0 15.0 15.0 15.0 15.0 15.0 15.0 15.0 15.0 
12.436 15.0 15.0 13.962 15.0 12.376 15.0 15.0 15.0 15.0 
15.0 15.0 15.0 15.0 15.0 15.0 15.0 15.0 15.0 15.0 
15.0 15.0 15.0 15.0 15.0 15.0 15.0 15.0 15.0 15.0 
15.0 15.0 15.0 15.0 15.0 15.0 15.0 15.0 15.0 15.0 
15.0 15.0 15.0 14.543 15.0 15.0 15.0 15.0 15.0 15.0 
15.0 15.0 15.0 15.0 15.0 15.0 15.0 15.0 15.0 15.0 
15.0 15.0 15.0 15.0 15.0 15.0 15.0 15.0 15.0 15.0 
15.0 15.0 15.0 15.0 15.0 15.0 15.0 14.553 9.937 8.005 
6.093 3.664 4.643 4.115 3.986 3.788 4.195 4.823 5.452 3.639 
4.686 5.789 7.245 7.729 9.642 9.111 9.085 11.034 13.335 13.764 
13.924 15.0 12.903 15.0 15.0 11.959 9.383 6.269 4.62 3.612 
3.026 2.098 1.732 1.556 1.251 1.057 1.077 1.066 1.06 1.042 
1.149 1.172 1.217 1.338 1.177 1.432 1.328 2.127 2.82 3.543 
2.557 2.187 1.914 1.574 1.595 1.425 1.342 1.335 1.332 1.111 
1.26 1.381 1.428 1.376 1.509 1.471 1.498 1.674 1.365 1.41 
1.513 1.545 1.409 1.387 1.67 1.657 1.783 1.885 1.85 1.992 
2.004 1.925 1.879 1.892 2.231 2.944 3.903 4.023 3.901 2.527 
2.069 2.003 1.808 1.878 1.765 1.771 1.721 1.722 1.984 2.578 
6.043 9.876 11.612 10.546 12.713 14.892 15.0 14.978 14.346 9.33 
8.616 5.024 4.52 3.803 2.956 3.126 3.226 3.077 2.854 2.536 
2.4 2.79 2.685 2.678 2.624 2.925 3.069 3.97 5.744 5.745 
5.877 8.209 10.143 15.0 15.0 15.0 15.0 15.0 15.0 15.0 
15.0 15.0 15.0 15.0 15.0 15.0 12.322 9.67 12.641 12.7 
15.0 15.0 15.0 15.0 15.0 15.0 15.0 15.0 15.0 15.0 
15.0 9.517 3.454 2.396 1.962 1.739 1.755 1.853 1.688 1.548 
1.493 1.622 1.654 1.525 1.621 1.678 1.794 1.675 2.166 2.138 
2.986 4.533 3.869 8.212 9.847 12.929 12.412 11.736 14.322 10.189 
6.906 3.662 3.599 3.016 2.928 3.103 2.885 2.634 2.414 2.332 
2.013 1.85 1.577 1.542 1.371 1.239 1.185 1.308 1.159 1.093 
1.18 1.313 1.047 1.128 1.028 1.035 0.99 0.847 0.919 0.898 
0.88 0.806 0.956 0.873 0.878 0.958 0.862 1.185 1.077 1.043 
1.306 1.136 1.092 1.036 1.033 0.914 0.973 1.027 0.933 0.914 
1.136 1.113 1.024 1.225 1.124 1.072 1.059 0.887 1.031 1.055 
0.967 0.996 1.5 1.139 1.157 1.27 1.421 1.319 1.408 1.45 
1.498 1.934 1.728 1.622 1.789 1.934 2.284 2.617 3.168 3.135 
3.989 4.512 2.76 3.063 4.276 4.216 5.691 5.641 5.654 4.291 
3.716 9.127 9.803 11.249 11.659 11.565 14.385 15.0 15.0 15.0 
15.0 15.0 15.0 15.0 15.0 15.0 15.0 15.0 15.0 15.0 
15.0 15.0 15.0 15.0 15.0 15.0 15.0 15.0 15.0 15.0 
15.0 15.0 15.0 15.0 15.0 15.0 15.0 15.0 15.0 15.0 
15.0 15.0 15.0 11.782 8.597 5.811 4.286 2.719 1.867 1.864 
2.187 2.135 2.062 2.166 2.557 2.363 2.805 2.632 2.649 2.55 
2.633 2.464 2.609 2.328 2.521 2.352 2.112 2.06 2.381 2.194 
2.135 2.308 2.475 2.262 2.496 2.35 1.279 1.124 1.01 0.959 
0.953 0.978 0.94 0.875 0.929 1.011 0.959 0.903 1.082 1.167 
1.134 1.352 1.515 1.596 1.766 1.332 1.383 1.191 1.083 1.041 
0.962 0.929 0.881 0.881 0.906 0.94 0.888 0.983 1.053 1.057 
1.216 1.34 1.47 2.101 2.336 2.059 2.028 2.519 2.598 2.796 
2.539 2.908 2.011 2.03 2.035 1.992 1.872 1.98 2.14 2.285 
2.071 2.518 2.996 2.722 2.46 3.086 3.132 2.731 2.284 2.217 
1.643 2.077 2.049 2.639 3.229 3.538 2.73 2.423 2.146 2.48 
2.133 2.69 2.267 2.274 1.865 1.9 1.788 1.759 1.837 1.9 
2.074 2.604 2.975 3.199 10.831 12.177 15.0 15.0 15.0 15.0 
15.0 14.904 15.0 15.0 15.0 15.0 15.0 15.0 15.0 15.0 
15.0 15.0 15.0 15.0 15.0 15.0 15.0 15.0 12.809 15.0 
14.005 12.146 15.0 15.0 15.0 15.0 15.0 15.0 15.0 15.0 
15.0 15.0 15.0 15.0 15.0 15.0 15.0 15.0 15.0 15.0 
15.0 15.0 15.0 15.0 15.0 15.0 15.0 15.0 15.0 15.0 
15.0 15.0 15.0 15.0 15.0 10.865 9.716 9.686 12.244 12.103 
12.837 10.066 14.703 15.0 14.936 15.0 13.537 12.9 11.66 15.0 
15.0 15.0 15.0 15.0 15.0 15.0 15.0 15.0 15.0 15.0 
15.0 15.0 15.0 15.0 14.226 9.727 8.177 4.878 4.553 4.018 
5.963 4.892 6.133 3.72 3.667 7.981 11.886 11.603 8.349 7.918 
9.263 13.364 13.844 14.125 15.0 15.0 15.0 15.0 15.0 15.0 
15.0 15.0 15.0 15.0 15.0 15.0 15.0 15.0 15.0 
END
