PFRMAT local QA
AUTHOR MASS-CASP14
af2-standard_T1125_2.pdb local_accuracy_only 15.0 15.0 13.399 11.224 10.129 8.361 7.609 6.576 8.364 8.75 9.871 
9.521 9.688 9.717 8.516 8.708 7.928 7.932 5.925 6.228 5.46 
5.089 4.921 4.234 3.998 3.4 3.169 2.995 3.403 3.074 2.944 
2.811 2.973 2.822 2.771 2.686 3.616 3.97 3.978 5.287 5.926 
6.996 9.561 11.416 11.595 10.118 10.473 10.648 9.636 8.88 8.853 
8.307 8.638 9.155 11.066 11.68 13.422 15.0 15.0 15.0 14.659 
12.939 10.797 10.261 8.84 8.594 7.585 8.599 8.527 6.701 7.178 
7.758 7.382 7.139 7.026 7.869 7.635 6.674 7.026 7.115 7.76 
7.535 7.236 6.581 5.424 4.929 4.657 4.57 3.533 3.236 3.215 
3.181 2.374 2.487 2.292 2.502 2.127 2.047 2.226 2.258 2.2 
2.644 2.994 3.241 3.416 3.77 4.661 4.399 3.582 2.95 3.075 
2.702 2.341 2.428 2.711 2.453 2.188 2.531 2.382 2.099 2.163 
2.57 2.23 2.296 2.458 2.922 3.078 3.412 4.384 4.53 4.943 
4.829 4.706 4.733 4.969 5.045 5.443 6.322 7.745 7.286 7.574 
6.816 5.562 4.012 3.327 3.016 2.874 2.734 2.64 2.742 2.818 
2.413 2.724 2.547 2.579 2.288 2.441 2.524 2.787 2.126 2.448 
2.701 3.306 2.942 3.896 4.609 3.846 3.336 3.372 2.925 2.896 
2.728 3.274 3.68 3.445 4.463 4.608 4.974 6.0 6.239 7.658 
7.856 6.806 8.046 6.496 5.25 4.131 3.183 3.499 2.763 2.779 
2.678 2.703 2.588 2.486 2.845 3.166 2.618 3.043 3.414 3.076 
3.148 2.668 2.81 2.547 2.328 2.457 2.337 2.601 2.325 2.183 
2.64 2.472 2.418 2.237 2.484 2.451 2.159 2.231 2.667 2.822 
2.593 2.903 3.111 3.159 3.099 3.255 3.563 3.797 3.028 2.284 
3.14 3.803 4.403 4.288 4.209 4.146 3.605 3.07 3.288 3.841 
4.308 4.18 4.999 5.777 6.555 5.829 6.035 4.945 4.835 4.653 
4.46 4.182 4.62 4.747 4.406 4.325 4.633 4.018 3.928 3.698 
3.911 4.008 3.485 2.978 2.925 2.75 2.757 2.715 3.449 3.448 
3.517 4.626 5.12 4.943 4.554 4.792 4.746 4.004 4.152 4.398 
4.83 4.823 5.505 6.177 6.37 6.733 7.154 7.539 6.407 4.986 
4.692 4.841 4.095 3.742 3.901 4.903 4.597 4.247 4.873 5.125 
4.587 4.138 4.551 4.512 4.333 5.378 5.515 5.784 5.6 5.614 
5.778 5.463 5.734 6.448 5.8 6.744 6.624 7.737 8.88 9.566 
9.676 8.921 9.621 10.723 11.422 12.468 14.437 13.247 14.957 14.455 
15.0 14.427 13.274 11.798 9.849 9.145 8.412 8.017 9.145 9.278 
9.169 8.86 9.021 8.864 7.907 6.702 6.558 6.341 6.3 6.145 
5.747 6.354 6.061 6.008 6.269 8.258 7.266 7.347 7.632 7.14 
6.96 7.282 7.207 6.245 5.397 5.345 4.914 4.848 4.341 4.001 
3.93 4.229 3.418 3.483 3.03 3.166 3.212 3.154 2.868 2.778 
3.007 2.644 2.607 3.005 2.92 3.182 3.028 2.965 3.739 4.07 
4.713 3.966 4.688 4.44 4.672 4.299 4.742 4.47 3.828 3.989 
4.095 3.762 3.574 3.226 3.893 3.966 4.255 5.167 5.375 5.723 
6.38 7.024 6.104 6.32 5.808 5.413 4.64 4.33 4.211 3.368 
3.42 3.139 3.072 3.306 2.824 3.058 3.136 3.586 3.333 3.851 
4.214 3.692 3.539 3.926 3.345 2.889 2.669 3.19 4.042 4.38 
5.028 5.892 6.975 7.394 8.651 8.613 9.825 8.468 8.924 8.665 
10.025 9.021 8.643 8.332 8.208 8.392 9.279 10.114 8.957 8.495 
8.808 8.524 8.941 8.477 7.994 8.235 8.942 9.597 8.945 10.662 
11.106 10.297 8.994 8.661 7.978 6.22 7.108 7.689 7.25 8.147 
8.32 10.168 10.564 10.327 8.864 8.573 9.305 8.588 8.9 9.913 
9.034 9.631 9.033 10.211 10.023 11.089 11.492 11.408 10.534 10.813 
11.234 10.888 11.045 10.534 9.091 9.159 9.76 9.97 9.284 8.17 
7.135 6.236 5.521 5.092 4.628 4.967 4.667 4.304 3.731 3.852 
4.075 4.453 4.973 4.657 4.299 3.601 3.246 2.879 2.667 2.38 
2.778 2.438 2.454 2.584 2.844 2.936 3.58 4.576 5.256 4.862 
4.204 3.954 3.462 3.642 3.173 3.867 3.204 2.759 2.543 2.428 
2.523 2.988 3.914 4.457 5.281 5.061 5.275 5.066 4.69 4.4 
4.091 3.499 4.029 3.812 4.496 4.348 5.325 6.51 6.916 8.227 
7.973 8.307 7.436 7.657 7.993 8.267 7.852 6.034 5.616 4.871 
5.535 4.548 4.453 4.931 5.984 6.082 4.981 6.212 6.875 6.684 
6.63 7.095 8.064 8.442 10.335 11.341 11.41 12.927 10.435 11.038 
10.638 12.617 13.549 13.885 15.0 14.342 14.628 15.0 15.0 15.0 
15.0 15.0 15.0 15.0 15.0 15.0 15.0 15.0 14.505 11.483 
12.519 11.384 12.558 12.191 11.061 10.319 11.254 10.284 8.164 6.543 
4.96 3.968 3.404 4.153 3.972 5.507 4.751 6.226 6.92 7.023 
7.845 8.244 8.95 8.837 10.148 10.718 11.2 11.227 10.078 9.408 
9.479 8.838 9.058 8.832 8.745 9.273 7.957 5.429 4.942 4.369 
3.674 3.326 2.76 3.556 2.866 2.503 2.503 2.822 2.638 2.685 
2.675 3.193 3.273 3.728 3.641 4.418 4.793 5.73 6.154 6.285 
6.288 5.288 4.812 4.498 5.005 4.508 4.131 4.118 4.17 3.51 
3.52 3.999 3.907 3.317 3.551 3.907 3.379 2.959 3.224 3.018 
3.004 3.191 3.8 3.762 3.272 3.207 3.22 3.184 3.435 4.493 
4.282 4.956 5.019 5.759 6.185 8.018 8.75 10.361 12.182 12.191 
12.402 14.119 13.795 13.083 11.854 12.97 12.312 12.736 11.319 13.051 
13.34 13.661 15.0 14.353 15.0 15.0 15.0 15.0 15.0 15.0 
15.0 15.0 13.633 13.289 12.368 11.821 10.5 9.671 8.743 8.923 
8.707 9.62 8.433 7.631 7.287 7.879 7.402 7.329 8.45 9.619 
9.32 9.572 9.51 10.459 11.539 12.107 12.43 11.696 14.44 14.145 
15.0 15.0 15.0 15.0 15.0 15.0 15.0 15.0 15.0 15.0 
15.0 14.543 14.81 15.0 15.0 15.0 15.0 15.0 14.127 13.829 
13.114 10.9 8.665 7.171 5.484 4.763 4.11 4.404 4.363 4.974 
4.827 5.729 5.085 5.735 5.255 7.058 7.392 7.725 7.945 8.846 
10.248 10.966 11.787 12.385 14.673 14.988 15.0 13.425 8.107 5.81 
4.248 3.972 2.786 3.293 3.26 3.238 3.097 2.804 3.013 2.554 
2.594 2.42 2.245 2.525 2.497 2.591 3.366 3.279 3.447 3.133 
3.619 3.847 3.703 2.989 2.732 2.47 2.052 1.577 1.791 1.761 
1.822 1.363 1.85 2.363 2.48 2.571 2.467 2.46 2.096 1.946 
2.301 2.08 2.105 2.144 2.345 1.953 1.923 2.109 1.847 1.652 
2.103 2.314 1.985 2.196 2.087 2.239 2.129 1.633 1.671 1.809 
1.839 1.696 1.716 1.74 1.807 1.756 2.212 2.699 2.936 2.413 
2.225 2.389 2.102 1.883 2.112 2.065 2.365 2.608 3.305 3.278 
3.8 3.509 2.728 2.748 2.852 2.502 2.232 2.482 3.249 3.44 
3.449 3.744 5.435 6.568 7.018 6.854 7.291 8.038 7.226 6.706 
6.626 7.539 6.296 6.149 5.856 5.964 6.584 7.296 7.949 9.566 
10.465 12.129 12.169 13.031 12.964 11.374 10.061 9.747 9.206 9.162 
8.239 8.376 7.806 8.324 7.957 8.307 8.976 9.797 9.52 9.386 
8.485 7.251 6.729 6.23 5.27 4.61 5.085 5.631 5.845 5.546 
5.729 6.348 5.33 5.245 5.968 5.564 4.971 5.203 4.532 4.287 
3.926 4.223 4.151 4.072 3.399 3.806 3.535 3.74 3.688 4.136 
4.566 3.63 4.18 4.032 4.17 3.532 3.022 3.21 2.991 2.597 
2.145 2.109 2.235 2.159 1.67 1.857 1.985 1.843 1.992 2.124 
2.361 2.324 3.046 3.986 4.448 3.803 4.07 3.994 3.197 2.984 
3.018 3.138 2.829 2.859 2.836 2.733 2.543 2.493 2.653 2.522 
2.42 2.788 3.39 3.888 3.892 3.751 3.81 3.881 3.781 3.61 
3.394 4.295 3.987 3.742 3.334 3.714 3.982 4.018 3.962 4.935 
5.787 6.759 6.385 5.652 5.86 5.047 5.22 4.973 4.725 5.769 
5.507 4.812 5.454 5.783 6.76 5.538 5.547 5.324 4.762 5.725 
4.978 5.745 4.28 3.565 3.357 3.026 3.078 2.8 3.113 3.087 
3.178 2.814 3.881 4.703 4.418 4.75 5.646 6.752 7.254 7.379 
9.311 10.677 10.442 9.891 10.163 12.647 11.188 10.587 10.13 9.31 
8.119 7.446 7.872 6.886 6.442 5.894 5.485 5.497 5.76 5.45 
5.258 5.099 4.96 5.259 5.174 5.481 4.723 5.107 5.474 5.384 
6.072 5.897 6.189 5.238 5.409 6.31 6.754 6.069 6.712 7.043 
7.559 7.437 8.588 7.987 8.122 6.543 6.689 6.689 6.525 5.958 
6.503 6.567 6.432 6.321 6.341 6.558 5.757 4.707 4.491 3.889 
4.261 3.666 4.334 4.209 4.626 5.416 5.463 7.547 8.096 8.499 
8.16 8.23 8.466 8.772 10.326 12.003 10.53 10.859 10.842 11.957 
11.527 10.55 8.737 6.627 5.232 3.691 3.502 2.877 2.633 2.791 
2.853 2.699 2.105 2.408 2.83 2.574 2.765 2.992 3.034 3.286 
3.03 3.366 3.529 4.589 5.319 5.8 5.826 6.844 6.47 7.591 
7.554 10.686 8.774 9.536 9.264 9.35 8.57 10.114 12.006 
END
