PFRMAT local QA
AUTHOR MASS-CASP14
af2-standard_T1185s3_5.pdb local_accuracy_only 2.934 2.062 1.675 1.35 1.703 2.048 2.112 2.172 2.208 2.778 3.166 
2.735 2.732 2.872 2.911 2.165 1.937 2.198 2.137 1.736 1.968 
2.085 2.14 1.825 1.516 1.378 1.274 1.265 1.62 1.663 1.55 
1.708 2.089 2.023 1.728 1.758 2.056 1.812 1.467 1.679 1.837 
1.922 1.746 2.025 1.884 2.019 2.005 2.368 2.263 1.912 2.439 
2.359 2.216 2.187 2.547 2.477 2.237 2.56 2.722 2.955 3.195 
3.552 4.73 6.276 7.238 8.678 9.206 10.151 12.067 11.446 11.291 
12.169 10.655 9.782 9.468 9.177 8.079 6.597 4.539 2.592 1.772 
1.518 1.362 1.285 1.444 1.11 1.425 1.323 1.297 1.477 1.54 
1.408 1.611 2.055 2.292 1.812 1.454 1.556 1.716 1.635 1.264 
0.97 1.161 1.112 1.018 0.999 1.178 1.562 2.094 2.295 2.006 
1.879 1.597 1.797 1.668 1.317 1.313 1.517 1.51 1.541 1.322 
1.409 1.281 1.41 1.512 1.742 2.053 1.949 1.732 1.516 1.326 
1.014 0.933 0.868 0.83 0.987 1.249 1.638 1.846 1.811 1.445 
1.621 1.832 1.788 1.481 1.283 1.558 1.621 1.489 1.367 1.656 
1.998 2.337 2.33 2.777 2.495 2.41 2.403 2.146 2.074 1.905 
1.999 1.746 1.643 1.626 1.495 1.276 1.347 1.186 1.182 1.192 
1.242 1.356 1.386 1.257 1.417 1.339 1.21 1.353 1.396 1.302 
1.278 1.454 1.469 1.287 1.464 1.701 1.716 1.549 1.794 2.276 
2.539 3.664 4.56 5.509 5.862 5.635 4.395 2.278 1.371 1.088 
0.884 0.801 0.716 0.668 0.879 1.08 1.023 1.185 1.405 1.441 
1.666 2.147 2.535 2.657 2.865 4.465 5.161 5.036 3.941 3.701 
3.073 2.662 2.353 2.477 2.0 1.788 1.903 1.707 1.514 1.628 
1.752 1.537 1.219 1.317 1.405 1.436 1.45 1.865 2.002 1.93 
1.77 1.337 1.308 1.073 0.955 1.038 1.112 1.386 1.477 1.755 
1.998 2.488 3.261 4.437 5.167 5.007 4.028 3.213 2.708 2.353 
2.289 2.067 1.884 2.045 2.048 1.693 1.278 1.495 1.663 1.159 
1.246 1.11 0.946 0.969 0.982 0.919 0.996 1.233 1.621 2.269 
3.014 3.968 5.096 6.085 5.888 4.907 4.16 2.431 1.564 1.11 
0.984 0.897 0.452 0.679 0.7 0.969 1.238 1.559 1.771 1.865 
1.716 1.658 1.458 1.356 1.446 1.439 1.391 1.329 1.347 1.38 
1.695 1.697 1.542 1.84 2.203 2.928 3.494 5.168 6.422 8.878 
10.19 12.324 15.0 15.0 15.0 15.0 15.0 
END
