PFRMAT local QA
AUTHOR LAW-CASP14
af2-standard_T1185s3_5.pdb local_accuracy_only 14.074 13.021 10.346 10.108 13.253 13.694 15.0 14.75 14.534 14.443 13.956 
14.003 15.0 13.662 9.728 11.369 11.172 10.209 10.111 7.684 6.48 
7.116 9.597 7.761 10.519 11.313 10.592 12.516 13.711 11.753 10.975 
14.136 15.0 15.0 10.589 13.915 15.0 14.433 12.138 12.589 12.345 
10.537 9.513 11.906 12.119 12.724 14.257 15.0 12.672 12.65 14.622 
14.262 14.756 14.871 15.0 13.669 12.685 13.7 13.909 12.136 12.135 
11.716 10.156 10.54 12.827 13.914 14.802 15.0 15.0 15.0 15.0 
15.0 14.455 12.441 10.683 10.142 9.73 7.627 4.984 2.772 1.829 
1.417 1.509 1.294 1.413 1.315 1.536 1.393 1.264 1.449 1.526 
1.356 1.441 1.602 1.6 1.443 1.138 1.231 1.195 1.048 0.868 
0.746 0.731 0.692 0.702 0.763 0.839 1.003 1.008 1.071 0.951 
1.0 0.856 1.011 1.008 0.999 0.843 1.109 1.168 1.042 0.85 
1.164 1.186 1.115 1.147 1.476 1.553 1.476 1.505 1.301 1.057 
0.781 0.662 0.605 0.604 0.795 0.768 0.993 1.022 1.284 1.251 
1.67 1.612 1.74 1.579 1.433 1.679 1.846 1.601 1.523 2.083 
2.318 2.256 2.221 2.577 2.464 2.387 2.144 2.095 1.817 1.735 
1.581 1.4 1.289 1.24 1.138 0.904 0.808 0.719 0.718 0.844 
0.823 0.943 0.903 0.911 0.935 0.934 0.801 0.93 0.959 0.895 
0.911 1.082 1.149 1.191 1.281 1.681 1.848 2.218 2.469 3.064 
3.817 4.164 5.533 6.609 6.725 6.071 3.391 2.673 1.098 1.142 
0.8 0.667 0.599 0.596 0.713 0.782 0.73 0.848 0.981 0.871 
0.982 1.125 1.368 1.392 1.598 2.646 3.363 3.913 2.491 1.955 
1.54 1.339 1.401 1.226 1.069 1.006 1.026 1.026 0.932 0.952 
1.0 0.987 0.84 0.958 1.052 0.967 0.914 1.085 1.103 1.165 
1.229 0.944 0.841 0.704 0.661 0.657 0.733 0.76 0.867 1.068 
1.15 1.614 1.711 2.654 2.889 3.15 2.266 2.107 1.491 1.368 
1.017 1.095 1.367 1.663 2.26 2.187 1.406 1.723 1.592 1.068 
0.922 0.911 0.847 0.8 0.822 0.846 0.875 0.934 1.185 1.591 
2.674 3.497 4.566 5.009 3.47 3.492 3.0 2.342 1.62 1.099 
1.077 0.999 1.09 1.123 1.095 1.06 1.268 1.219 1.557 1.752 
1.831 1.729 1.509 1.491 1.282 1.24 1.313 1.183 1.789 1.433 
2.636 2.985 2.283 3.276 5.992 6.651 10.729 11.963 11.947 13.21 
15.0 15.0 15.0 15.0 15.0 15.0 15.0 
END
