PFRMAT local QA
AUTHOR LAW-CASP14
af2-standard_T1114s1_2.pdb local_accuracy_only 15.0 15.0 15.0 15.0 15.0 15.0 15.0 15.0 15.0 15.0 15.0 
15.0 15.0 15.0 12.281 12.082 9.335 7.676 3.618 3.103 2.638 
2.464 2.38 2.261 1.988 1.852 1.834 1.909 1.867 1.81 1.748 
1.793 1.745 2.014 1.752 1.826 1.808 1.937 1.942 2.071 1.948 
2.06 2.509 2.204 2.474 3.155 3.148 3.148 4.408 4.018 4.007 
4.205 4.445 3.584 3.421 3.08 2.995 3.174 3.061 2.774 2.529 
2.534 2.777 3.02 3.087 3.258 3.437 3.28 3.576 4.206 6.018 
6.189 7.547 8.307 9.745 10.308 11.803 13.073 13.614 13.513 14.774 
14.876 15.0 15.0 15.0 15.0 15.0 15.0 15.0 15.0 15.0 
15.0 14.015 13.638 9.375 3.634 2.743 2.472 2.408 2.368 2.311 
2.49 2.458 2.32 2.347 2.537 2.447 2.612 3.029 3.094 2.979 
3.079 3.291 3.421 3.476 3.26 3.467 3.094 3.224 3.165 2.898 
2.843 2.911 2.834 2.693 2.972 2.553 2.74 2.728 2.744 2.686 
2.93 3.313 3.424 3.074 2.944 3.884 2.723 3.157 2.94 2.666 
2.306 2.345 2.31 2.39 2.345 2.346 2.497 2.691 2.634 2.779 
2.5 2.542 2.367 2.336 2.288 2.268 2.122 2.008 2.365 2.053 
1.987 2.126 2.146 2.085 2.152 2.211 2.13 2.041 2.094 2.003 
2.093 1.957 1.933 1.742 2.026 2.061 1.937 1.734 1.896 1.739 
1.845 2.055 2.425 2.505 2.894 3.438 3.883 4.431 
END
