PFRMAT local QA
AUTHOR MASS-CASP14
af2-standard_T1114s1_2.pdb local_accuracy_only 15.0 15.0 15.0 15.0 15.0 15.0 15.0 15.0 15.0 15.0 15.0 
15.0 15.0 15.0 15.0 15.0 15.0 15.0 14.855 13.806 12.8 
13.316 14.074 14.532 14.711 13.816 13.948 13.251 13.906 14.236 13.763 
14.265 15.0 11.728 9.728 8.938 7.797 8.57 8.257 6.965 6.985 
6.54 8.096 9.386 9.648 9.967 9.67 8.192 8.662 8.909 8.606 
7.743 7.65 8.171 6.48 7.287 7.405 7.593 7.142 5.934 6.124 
6.337 5.562 6.14 5.61 5.708 6.13 5.282 5.102 5.097 6.114 
5.583 6.189 6.838 7.221 7.887 9.082 9.087 8.508 7.391 9.79 
10.211 11.73 11.995 12.295 13.353 15.0 14.969 14.381 15.0 14.752 
13.036 12.118 10.623 10.585 9.27 8.307 9.232 8.613 8.466 8.792 
8.919 8.564 9.407 9.313 9.556 9.934 9.991 10.111 10.874 11.568 
11.507 12.215 11.209 9.843 10.8 8.345 8.044 6.146 7.396 5.14 
6.17 6.184 6.201 5.874 6.282 6.207 5.904 4.926 4.749 5.191 
5.27 5.643 5.571 6.286 6.246 6.011 6.444 7.316 7.39 6.781 
7.122 6.295 6.047 6.573 6.772 7.009 7.318 7.795 9.68 9.823 
10.584 10.522 10.357 8.58 9.25 7.484 7.582 7.464 8.556 8.195 
7.965 7.165 6.271 6.464 5.679 6.106 5.348 5.603 5.087 5.262 
5.127 4.948 4.444 4.222 4.629 5.134 4.988 5.475 5.543 5.481 
5.635 6.6 7.664 8.281 9.472 9.869 12.64 12.582 
END
