PFRMAT local QA
AUTHOR MASS-CASP14
af2-standard_T1196_1.pdb local_accuracy_only 10.067 9.297 6.35 4.494 3.116 2.442 2.027 1.95 1.632 1.567 1.529 
1.807 1.745 1.739 2.272 2.191 1.629 1.325 1.263 1.12 0.972 
1.082 1.07 1.074 1.013 1.147 1.128 1.102 1.175 1.202 1.136 
1.363 1.766 2.041 2.085 1.775 1.553 1.557 1.316 1.321 1.619 
1.348 1.599 1.66 1.941 2.299 2.645 2.576 2.012 1.763 1.254 
1.077 0.906 0.927 0.895 0.918 1.141 1.207 1.373 1.532 1.788 
1.755 2.043 1.938 1.778 1.72 1.687 1.484 1.212 1.142 1.332 
1.197 1.045 1.182 1.14 1.003 1.215 1.155 1.146 1.318 1.264 
1.311 1.322 1.008 1.082 1.215 1.12 1.054 1.017 0.899 0.981 
1.127 1.353 1.368 1.548 1.604 1.772 2.019 2.061 1.919 2.078 
1.527 1.026 0.857 0.777 0.628 0.196 0.787 1.067 1.47 1.666 
1.315 1.068 0.885 1.129 1.289 1.196 1.331 1.567 1.709 1.885 
2.045 1.797 1.836 2.009 1.717 1.22 1.13 1.116 1.108 0.937 
0.836 0.847 0.935 0.843 0.909 1.154 1.093 0.922 1.02 0.938 
0.924 1.04 1.113 1.138 1.244 1.139 1.295 1.197 1.284 1.326 
1.085 1.167 1.175 1.343 1.145 1.093 1.271 1.16 1.486 2.321 
2.287 1.779 1.453 1.179 1.013 0.992 1.261 1.342 1.409 1.705 
1.885 2.421 3.42 4.775 5.993 7.417 9.531 8.887 8.176 8.456 
8.056 6.431 4.931 3.179 2.199 1.639 1.231 1.16 1.243 1.151 
1.089 1.127 1.201 1.216 1.228 1.466 1.401 1.66 1.962 1.729 
1.651 1.48 1.115 0.211 0.0 0.0 0.0 0.0 0.053 1.087 
1.076 0.948 0.999 1.108 1.285 1.136 1.278 1.406 1.469 1.445 
1.343 1.054 1.087 1.336 1.41 1.588 1.785 1.711 1.64 1.485 
1.215 1.093 1.243 1.165 1.033 1.1 1.256 1.206 1.107 1.227 
1.272 1.41 1.626 1.722 1.884 1.724 1.713 1.883 1.614 1.464 
1.625 1.798 1.856 1.811 1.496 1.526 1.494 1.466 1.363 1.534 
1.746 1.7 1.785 1.722 1.573 1.651 1.558 1.489 1.353 1.264 
1.453 1.411 1.34 1.252 1.515 1.7 1.514 1.274 1.225 1.264 
0.972 0.004 0.0 0.0 0.0 0.023 1.116 1.064 1.171 1.207 
1.343 1.477 1.86 1.678 1.45 1.044 1.133 1.184 1.141 1.162 
1.117 0.835 0.942 0.998 1.124 1.076 1.081 1.022 1.289 1.497 
1.305 1.509 1.464 1.696 1.97 1.995 2.088 2.153 2.103 1.807 
1.851 1.653 1.514 1.583 1.791 1.959 2.032 2.497 2.807 3.059 
3.386 2.735 2.259 2.046 1.973 1.535 1.137 1.174 1.332 1.274 
1.218 1.209 1.462 1.484 1.299 1.57 1.646 1.373 1.452 1.567 
1.694 1.952 2.546 3.581 4.126 5.588 6.22 6.054 7.103 8.177 

END
