PFRMAT local QA
AUTHOR LAW-CASP14
af2-standard_T1196_1.pdb local_accuracy_only 15.0 14.679 8.739 4.396 2.669 1.699 0.93 0.826 0.732 0.783 0.907 
0.997 1.321 0.998 1.463 1.58 1.193 1.125 0.818 0.792 0.619 
0.665 0.636 0.551 0.555 0.563 0.629 0.632 0.703 0.721 0.667 
0.708 0.92 1.234 1.475 1.049 0.769 0.668 0.529 0.551 0.581 
0.555 0.57 0.559 0.592 0.638 0.72 0.651 0.591 0.607 0.477 
0.495 0.416 0.429 0.454 0.549 0.843 0.932 0.795 0.945 1.053 
1.01 1.018 0.96 0.951 0.866 0.778 0.803 0.701 0.665 0.647 
0.694 0.564 0.66 0.635 0.62 0.702 0.719 0.601 0.835 0.654 
0.704 0.533 0.599 0.6 0.666 0.475 0.469 0.418 0.406 0.413 
0.479 0.621 0.789 0.897 1.066 0.923 1.143 1.015 0.806 0.813 
0.625 0.438 0.389 0.376 0.393 0.45 0.538 0.588 0.565 0.659 
0.575 0.548 0.499 0.606 0.641 0.676 0.737 0.915 0.965 0.974 
0.943 0.721 0.749 0.685 0.658 0.609 0.526 0.468 0.493 0.475 
0.397 0.398 0.447 0.396 0.417 0.434 0.447 0.38 0.464 0.446 
0.425 0.408 0.505 0.486 0.463 0.421 0.46 0.501 0.58 0.638 
0.507 0.545 0.489 0.517 0.483 0.449 0.47 0.564 0.652 0.843 
0.814 0.66 0.635 0.481 0.505 0.451 0.502 0.602 0.693 0.798 
0.736 1.26 2.195 2.729 4.336 5.046 6.32 7.193 6.286 6.562 
5.86 3.365 2.41 1.878 1.003 0.84 0.668 0.571 0.654 0.582 
0.687 0.787 0.752 0.734 0.815 0.896 0.878 0.872 0.938 0.816 
0.712 0.516 0.61 0.582 0.47 0.507 0.499 0.498 0.442 0.467 
0.485 0.497 0.45 0.538 0.594 0.6 0.607 0.683 0.776 0.687 
0.594 0.59 0.567 0.62 0.63 0.733 0.704 0.657 0.628 0.633 
0.593 0.62 0.592 0.586 0.589 0.597 0.644 0.606 0.632 0.685 
0.728 0.769 0.812 0.822 0.837 0.81 0.817 0.838 0.835 0.826 
0.882 0.912 0.957 1.024 0.87 0.911 0.992 1.209 1.062 1.358 
1.316 1.392 1.378 1.076 0.743 0.773 0.683 0.84 1.113 0.892 
1.091 1.396 1.412 0.859 1.53 1.026 0.753 0.679 0.675 0.574 
0.533 0.627 0.577 0.516 0.498 0.559 0.537 0.493 0.516 0.619 
0.688 0.79 0.809 0.86 0.799 0.643 0.6 0.607 0.499 0.546 
0.584 0.515 0.468 0.543 0.458 0.515 0.463 0.482 0.567 0.615 
0.571 0.61 0.825 0.833 0.887 0.859 0.631 0.657 0.567 0.613 
0.662 0.657 0.597 0.831 0.977 1.674 1.47 1.829 2.308 2.024 
1.999 1.194 1.193 1.023 1.043 1.001 0.859 0.816 0.857 0.774 
0.672 0.737 0.806 0.711 0.593 0.675 0.812 0.612 0.679 0.562 
0.724 1.289 3.351 6.022 8.725 11.762 10.766 12.579 12.767 13.373 

END
