PFRMAT local QA
AUTHOR MASS-CASP14
af2-standard_T1134s2_3.pdb local_accuracy_only 15.0 15.0 15.0 15.0 15.0 15.0 15.0 15.0 15.0 12.103 10.39 
7.841 8.045 6.244 5.878 4.282 3.771 3.329 3.466 3.394 3.324 
2.898 2.979 2.233 2.77 3.319 5.039 4.765 4.971 4.941 4.323 
3.772 3.599 3.682 3.699 3.179 3.369 3.264 2.695 2.269 1.985 
1.867 1.545 1.868 1.96 2.186 2.033 1.648 1.857 1.756 1.761 
1.552 1.5 1.483 1.401 1.422 1.668 1.668 1.541 1.696 2.235 
2.781 3.905 4.191 4.541 5.152 4.821 5.25 4.43 4.749 4.51 
3.581 3.599 3.12 2.737 2.201 2.23 2.259 1.926 2.408 2.494 
2.397 2.354 2.347 1.849 1.634 2.036 2.274 1.994 2.1 2.257 
2.615 2.783 2.856 2.359 2.141 2.542 3.056 3.601 4.894 5.831 
6.153 6.818 5.834 4.384 3.113 2.53 2.512 2.24 2.302 2.664 
3.147 4.123 5.146 5.825 5.425 5.498 6.157 6.612 5.049 3.353 
2.512 1.67 1.215 1.057 0.875 0.706 1.067 1.437 1.487 2.036 
2.775 4.274 5.186 5.033 5.323 5.213 4.533 3.809 3.291 2.64 
2.701 2.717 2.098 2.245 2.506 2.951 3.434 4.026 4.409 4.891 
5.187 6.207 4.76 3.33 3.125 2.414 1.852 1.568 1.745 1.629 
1.392 1.479 1.534 1.361 1.516 1.577 1.549 1.525 1.721 2.062 
2.577 3.132 2.738 1.935 1.352 0.977 0.775 0.804 0.853 0.822 
0.907 1.028 1.141 1.095 1.069 1.083 1.051 1.172 1.124 1.085 
1.027 1.221 1.582 1.926 2.465 2.175 1.489 1.058 0.134 0.026 
0.027 0.195 0.927 1.437 1.599 1.42 1.909 2.296 2.179 1.841 
1.689 2.116 2.196 2.001 2.389 2.66 2.489 2.426 2.362 2.576 
2.883 3.028 2.696 1.869 1.606 1.604 1.515 1.215 1.216 1.255 
1.669 1.908 1.732 1.408 1.54 1.88 2.027 2.21 2.849 3.914 
5.04 5.453 7.24 9.043 8.786 10.565 10.692 11.457 11.955 13.2 
14.3 13.633 14.177 12.645 12.064 13.748 12.342 12.076 10.925 10.619 
11.412 11.555 9.95 9.92 9.475 8.789 8.309 7.268 8.617 8.084 
7.655 7.354 7.3 6.468 7.112 7.119 7.801 8.115 8.548 7.143 
6.086 4.683 3.979 2.632 2.312 1.974 1.755 1.787 1.638 1.555 
1.783 1.836 1.5 1.489 1.632 1.813 1.637 1.977 2.159 2.049 
1.951 1.825 1.927 1.615 1.459 1.56 1.555 1.423 1.543 1.659 
1.897 2.578 
END
