PFRMAT local QA
AUTHOR LAW-CASP14
af2-standard_T1134s2_3.pdb local_accuracy_only 15.0 15.0 15.0 15.0 15.0 15.0 15.0 15.0 15.0 15.0 15.0 
10.008 2.804 2.069 2.188 1.962 1.676 1.674 1.615 1.507 1.353 
1.346 1.4 1.219 1.227 1.36 1.418 1.324 1.355 1.56 1.537 
1.624 1.541 1.576 1.417 1.278 1.398 1.318 1.127 1.139 1.311 
1.083 1.041 1.358 1.434 1.024 1.358 1.582 1.12 1.084 1.163 
0.945 0.839 1.019 0.939 0.784 0.987 1.178 0.904 1.114 1.651 
2.802 3.292 4.615 2.613 7.033 7.147 5.473 3.076 2.665 2.007 
1.755 1.493 1.873 2.363 1.848 1.906 2.131 1.921 2.169 6.152 
2.324 2.375 2.375 2.096 1.85 2.136 2.381 1.87 2.108 1.659 
1.878 1.886 1.702 1.582 1.244 1.48 1.595 2.323 3.694 3.844 
3.863 1.853 1.543 1.172 0.998 0.852 0.983 1.326 1.405 1.666 
2.38 2.762 4.379 3.411 2.76 3.251 4.752 5.204 4.296 2.806 
1.776 1.386 0.956 0.839 0.722 0.694 0.806 0.833 1.195 2.243 
4.143 5.376 4.467 4.316 5.973 5.938 4.855 4.478 1.976 1.486 
1.809 1.927 1.973 1.819 2.593 3.454 4.111 5.11 6.408 6.869 
7.474 8.322 7.005 6.191 5.395 3.635 1.473 1.379 1.624 1.352 
0.961 1.23 1.233 1.144 1.196 1.403 1.557 1.546 1.759 2.323 
2.681 3.329 2.75 2.234 1.351 1.12 0.803 0.726 0.728 0.744 
0.798 0.818 0.761 0.744 0.887 0.768 0.731 0.881 0.975 0.911 
1.02 1.344 1.4 1.524 1.783 1.466 1.19 0.899 0.818 0.782 
0.75 0.814 0.93 1.056 2.136 1.742 2.83 2.856 3.163 2.113 
1.941 2.728 2.765 1.945 2.391 1.849 1.977 2.092 1.9 1.776 
1.917 2.047 2.102 1.54 1.253 1.313 1.211 0.923 1.021 0.949 
1.092 0.947 0.929 0.94 0.919 0.988 1.149 1.351 1.951 2.099 
4.19 5.438 7.437 9.221 9.582 7.613 13.388 13.448 13.935 15.0 
15.0 15.0 15.0 15.0 15.0 15.0 15.0 15.0 15.0 15.0 
13.452 12.732 11.108 10.227 8.372 8.851 7.225 5.56 5.572 5.006 
5.243 4.12 3.483 2.631 1.907 1.603 1.229 1.6 1.681 1.649 
2.465 2.338 1.867 1.287 1.478 1.513 1.117 0.906 1.144 0.903 
1.189 1.195 0.894 0.958 1.083 0.947 0.846 0.852 0.826 0.787 
0.852 0.875 0.871 0.918 0.987 1.079 1.158 1.239 1.304 1.396 
1.397 1.577 
END
