PFRMAT local QA
AUTHOR MASS-CASP14
af2-standard_T1196_5.pdb local_accuracy_only 10.759 9.954 6.737 4.739 3.255 2.517 2.094 2.004 1.665 1.584 1.534 
1.807 1.733 1.741 2.265 2.201 1.669 1.324 1.27 1.125 0.979 
1.089 1.079 1.116 1.034 1.168 1.145 1.156 1.213 1.234 1.201 
1.478 1.924 2.189 2.222 1.923 1.621 1.577 1.289 1.326 1.598 
1.278 1.521 1.593 1.852 2.206 2.559 2.511 1.982 1.767 1.233 
1.089 0.895 0.917 0.877 0.909 1.154 1.224 1.386 1.529 1.767 
1.681 1.963 1.863 1.762 1.672 1.661 1.523 1.214 1.145 1.38 
1.23 1.066 1.212 1.164 1.013 1.227 1.138 1.152 1.309 1.269 
1.321 1.334 1.008 1.129 1.239 1.1 1.056 1.025 0.912 1.009 
1.155 1.398 1.406 1.608 1.609 1.814 2.017 2.063 1.925 2.128 
1.501 0.995 0.825 0.662 0.337 0.091 0.546 1.067 1.498 1.702 
1.274 0.269 0.035 0.01 1.106 1.164 1.333 1.569 1.712 1.915 
2.114 1.869 1.889 2.058 1.78 1.252 1.138 1.128 1.12 0.941 
0.828 0.824 0.926 0.841 0.914 1.148 1.089 0.928 1.055 0.967 
0.972 1.134 1.224 1.296 1.381 1.331 1.508 1.376 1.47 1.493 
1.136 1.198 1.117 1.334 1.06 1.085 1.227 1.15 1.53 2.381 
2.424 1.929 1.591 1.272 1.115 1.071 1.39 1.498 1.466 1.795 
1.891 2.135 2.701 3.865 4.849 6.272 7.517 7.604 7.631 6.671 
5.779 4.445 3.341 2.488 1.972 1.545 1.251 1.239 1.336 1.199 
1.097 1.116 1.143 1.196 1.219 1.454 1.447 1.92 2.232 1.817 
1.704 1.479 1.103 0.844 0.178 0.028 0.002 0.077 0.636 1.161 
1.083 0.959 1.012 1.109 1.293 1.134 1.295 1.444 1.509 1.496 
1.405 1.096 1.135 1.388 1.469 1.588 1.808 1.723 1.618 1.495 
1.244 1.117 1.28 1.175 1.048 1.126 1.293 1.233 1.113 1.234 
1.277 1.412 1.581 1.633 1.798 1.703 1.677 1.939 1.879 1.821 
2.102 2.381 2.275 2.052 1.611 1.647 1.581 1.515 1.392 1.567 
1.792 1.733 1.877 1.769 1.612 1.691 1.603 1.532 1.396 1.297 
1.506 1.445 1.359 1.282 1.548 1.708 1.526 1.277 1.234 1.274 
0.818 0.0 0.0 0.0 0.0 0.007 1.109 1.064 1.184 1.215 
1.368 1.54 1.873 1.745 1.542 1.091 1.16 1.223 1.174 1.175 
1.139 0.83 0.944 0.99 1.128 1.076 1.073 1.014 1.289 1.509 
1.294 1.515 1.47 1.719 1.975 1.951 2.008 1.979 1.901 1.655 
1.691 1.522 1.424 1.473 1.692 1.676 1.667 1.888 2.05 2.394 
2.644 2.434 2.153 2.18 2.064 1.668 1.281 1.354 1.513 1.413 
1.387 1.378 1.645 1.607 1.406 1.683 1.759 1.399 1.49 1.619 
1.731 1.96 2.583 3.579 4.099 5.717 6.168 6.047 7.216 8.165 

END
