PFRMAT local QA
AUTHOR LAW-CASP14
af2-standard_T1196_5.pdb local_accuracy_only 15.0 14.544 8.828 4.446 2.568 1.596 0.87 0.771 0.683 0.728 0.832 
0.921 1.202 0.992 1.293 1.431 1.113 1.053 0.766 0.742 0.585 
0.63 0.599 0.542 0.547 0.558 0.63 0.615 0.683 0.681 0.666 
0.738 1.023 1.621 1.944 1.266 0.766 0.682 0.52 0.551 0.584 
0.562 0.573 0.559 0.589 0.637 0.696 0.647 0.584 0.616 0.486 
0.506 0.411 0.423 0.432 0.533 0.852 0.887 0.78 0.951 1.041 
0.984 1.022 1.04 0.959 0.876 0.821 0.898 0.718 0.696 0.695 
0.803 0.598 0.667 0.652 0.614 0.689 0.697 0.583 0.797 0.626 
0.66 0.512 0.6 0.589 0.654 0.481 0.475 0.424 0.403 0.401 
0.455 0.579 0.744 0.843 1.035 0.893 1.125 0.976 0.706 0.758 
0.565 0.425 0.38 0.373 0.394 0.457 0.552 0.603 0.584 0.651 
0.558 0.542 0.494 0.596 0.624 0.652 0.715 0.881 0.931 0.951 
0.92 0.721 0.753 0.692 0.664 0.615 0.526 0.474 0.493 0.484 
0.395 0.396 0.443 0.393 0.409 0.421 0.433 0.372 0.457 0.439 
0.427 0.412 0.506 0.486 0.47 0.427 0.462 0.493 0.588 0.576 
0.484 0.525 0.479 0.516 0.476 0.447 0.471 0.568 0.662 0.855 
0.833 0.687 0.645 0.489 0.505 0.452 0.501 0.715 0.827 1.382 
0.884 0.881 1.559 2.054 3.026 3.923 6.61 8.149 7.844 5.98 
4.22 1.365 1.225 0.973 0.814 0.755 0.654 0.553 0.625 0.56 
0.652 0.714 0.687 0.675 0.749 0.852 0.855 1.105 0.971 0.807 
0.69 0.514 0.625 0.578 0.458 0.505 0.494 0.484 0.421 0.467 
0.484 0.486 0.448 0.535 0.595 0.594 0.598 0.695 0.761 0.696 
0.6 0.63 0.575 0.676 0.652 0.748 0.715 0.681 0.64 0.648 
0.603 0.629 0.606 0.595 0.595 0.6 0.641 0.607 0.622 0.673 
0.703 0.697 0.753 0.769 0.797 0.776 0.828 0.825 0.836 0.887 
1.025 0.949 1.062 1.222 0.979 1.037 1.144 1.468 1.374 1.616 
1.471 1.555 1.526 1.113 0.729 0.76 0.674 0.866 1.175 0.972 
1.169 1.653 1.678 1.137 1.819 1.098 0.788 0.7 0.693 0.579 
0.563 0.651 0.582 0.519 0.501 0.562 0.537 0.492 0.514 0.609 
0.654 0.76 0.77 0.822 0.783 0.634 0.598 0.608 0.493 0.54 
0.584 0.514 0.465 0.545 0.46 0.516 0.477 0.486 0.571 0.62 
0.571 0.615 0.81 0.815 0.854 0.826 0.606 0.634 0.558 0.595 
0.627 0.619 0.55 0.682 0.747 1.03 0.958 1.101 1.412 1.278 
1.565 1.093 1.122 0.991 0.991 0.97 0.862 0.788 0.833 0.762 
0.67 0.713 0.791 0.709 0.58 0.661 0.798 0.605 0.675 0.563 
0.691 1.067 1.913 4.332 7.619 11.329 10.845 11.93 12.442 13.025 

END
