PFRMAT local QA
AUTHOR LAW-CASP14
af2-standard_T1183_5.pdb local_accuracy_only 1.131 1.007 0.835 0.769 0.79 0.77 0.837 1.038 1.034 1.276 1.731 
1.264 1.076 1.018 0.921 1.049 1.02 1.175 1.606 1.983 2.283 
2.432 1.895 1.733 1.445 1.602 1.232 1.535 1.521 1.903 2.87 
3.747 4.381 3.599 3.145 1.652 2.556 2.449 2.339 2.685 2.733 
2.885 2.446 2.603 2.74 2.728 2.452 1.859 1.517 1.077 1.315 
1.237 0.933 1.044 0.855 0.733 0.751 0.739 0.912 0.958 0.982 
1.247 1.156 1.521 1.408 1.57 1.28 1.084 1.304 1.22 1.01 
1.047 1.065 1.027 0.79 0.991 0.99 1.067 0.926 1.186 1.218 
1.332 1.411 1.013 1.033 0.843 0.788 0.89 0.807 1.066 0.973 
1.145 1.325 1.206 1.343 1.545 1.716 1.712 1.978 2.346 2.147 
2.21 1.984 1.971 1.763 1.777 1.57 1.54 1.423 2.005 1.605 
2.61 2.466 1.76 1.529 1.347 1.385 1.412 1.669 1.738 2.066 
2.437 2.542 2.364 2.114 1.893 1.795 1.743 1.703 1.642 1.643 
2.956 4.579 4.933 6.478 6.72 6.623 5.388 3.053 3.228 2.331 
4.686 4.957 5.785 5.647 3.624 4.937 4.577 4.05 4.467 3.435 
5.102 4.892 4.361 3.995 3.402 3.836 3.688 4.89 5.167 3.956 
2.573 1.633 1.325 1.686 2.186 1.311 1.206 1.983 1.457 1.076 
1.191 1.616 1.225 1.205 1.526 1.724 1.529 1.502 1.294 1.082 
1.087 1.096 1.108 1.273 1.395 1.198 1.383 1.213 1.42 2.066 
2.167 3.935 2.998 5.07 6.902 9.46 9.463 10.988 12.556 
END
