PFRMAT local QA
AUTHOR MASS-CASP14
af2-standard_T1183_5.pdb local_accuracy_only 1.907 1.17 0.774 0.131 0.0 0.0 0.0 0.0 0.0 0.003 1.015 
1.152 1.182 0.376 0.104 0.044 0.388 1.111 1.583 2.175 2.596 
2.112 1.766 1.694 1.567 1.431 1.45 1.414 1.628 1.865 2.386 
2.854 3.161 3.244 2.903 2.283 2.356 1.896 1.627 1.683 1.547 
1.372 1.285 1.497 1.653 1.582 1.54 1.382 1.388 1.477 1.592 
1.41 1.054 1.082 1.08 0.952 0.858 0.873 1.021 1.122 1.103 
1.562 1.369 1.48 1.378 1.633 1.422 1.377 1.456 1.361 1.283 
1.211 1.286 1.26 1.264 1.403 1.297 1.135 1.109 1.304 1.639 
1.663 1.868 1.291 1.157 1.012 0.908 1.012 0.995 1.182 1.051 
1.015 1.27 1.398 1.369 1.614 1.7 1.841 1.99 2.329 1.9 
2.066 1.813 1.458 1.249 1.213 1.159 1.046 1.082 1.324 1.467 
2.143 2.266 2.062 1.634 1.86 1.854 2.178 2.066 2.246 2.771 
3.952 4.218 3.742 3.558 3.254 3.198 2.615 2.641 2.32 2.868 
3.435 4.914 6.292 7.294 7.018 8.433 9.012 8.085 8.282 6.817 
7.37 6.138 6.497 6.062 5.059 6.089 6.013 5.26 6.122 5.176 
6.517 7.121 6.625 6.173 5.795 5.082 4.596 4.593 4.244 2.923 
2.697 2.401 2.785 2.303 2.112 2.017 2.004 1.883 1.648 1.597 
1.551 1.615 1.416 1.38 1.635 1.852 1.695 1.942 2.035 1.911 
1.665 1.578 1.446 1.74 1.468 1.154 1.362 1.293 1.441 1.823 
2.184 3.106 3.72 4.825 7.081 10.322 12.036 15.0 15.0 
END
