PFRMAT local QA
AUTHOR LAW-CASP14
af2-standard_T1118_3.pdb local_accuracy_only 15.0 15.0 15.0 15.0 15.0 15.0 15.0 11.676 6.055 5.366 3.392 
3.001 3.04 1.804 2.182 1.545 1.799 1.877 1.849 2.26 1.66 
1.786 1.553 1.447 1.305 1.402 1.333 1.291 1.373 1.435 1.394 
1.432 1.583 1.573 1.734 1.632 1.998 2.502 3.214 3.19 4.107 
2.996 2.903 2.973 2.981 2.652 2.54 2.055 2.077 1.941 1.881 
2.443 2.613 3.155 2.381 2.587 1.946 2.038 1.998 1.669 1.573 
1.842 1.76 1.581 1.767 2.017 2.292 2.193 2.329 2.125 1.976 
1.931 1.856 1.994 1.899 2.23 2.233 1.891 1.907 1.723 1.926 
1.954 2.073 2.351 2.593 4.562 5.393 9.149 10.886 14.938 15.0 
15.0 15.0 15.0 15.0 15.0 14.053 13.947 10.064 9.136 8.216 
8.345 7.617 8.28 6.827 5.819 3.898 4.074 3.498 3.111 2.822 
2.504 1.773 1.878 2.654 2.284 2.192 2.418 1.821 1.322 1.227 
1.34 1.523 1.866 2.799 1.165 1.0 0.896 0.833 0.841 0.794 
0.828 0.68 0.678 0.657 0.671 0.734 0.782 1.016 0.827 0.965 
0.843 0.807 0.852 0.779 0.776 0.878 0.956 1.121 1.143 1.045 
1.442 1.124 0.963 1.179 1.32 1.178 1.013 0.929 0.876 1.157 
1.248 1.777 2.42 1.684 1.903 2.092 2.393 2.096 1.783 1.757 
2.103 1.602 1.963 1.703 1.215 0.967 0.81 1.014 1.009 1.848 
2.685 4.608 4.182 2.872 2.27 1.099 1.142 1.11 1.078 1.034 
1.314 1.506 1.517 2.158 3.541 4.118 3.18 4.955 4.207 2.185 
2.329 2.307 3.142 2.755 2.108 1.383 1.155 0.928 1.197 0.999 
0.875 0.895 0.754 0.72 0.732 0.707 0.725 0.754 0.77 0.782 
0.772 0.768 0.836 0.861 0.885 0.829 1.141 0.882 1.03 0.797 
0.88 0.804 0.848 0.766 0.872 0.854 0.836 0.886 0.929 1.117 
1.136 1.432 1.719 1.802 1.684 1.584 1.573 1.532 1.728 1.765 
1.955 1.685 1.936 1.563 1.785 2.919 2.598 2.071 2.156 2.178 
2.018 1.843 1.47 1.264 1.298 1.343 1.48 1.809 2.084 2.375 
3.132 3.398 2.326 2.055 1.651 1.416 1.208 1.153 1.249 1.363 
1.625 1.937 2.228 2.292 2.604 3.146 4.123 5.164 4.791 5.148 
5.63 6.304 5.342 4.282 3.56 2.947 2.255 2.243 2.173 1.866 
1.615 1.449 1.277 1.292 1.501 1.783 2.309 2.5 2.859 2.835 
1.881 2.013 1.989 1.617 1.448 1.35 1.448 1.771 2.138 2.34 
2.42 2.689 2.984 3.097 3.12 3.372 4.136 3.504 4.147 3.402 
2.947 2.457 2.263 1.781 2.271 2.387 2.368 1.79 2.689 3.181 
3.186 3.701 3.942 3.166 3.167 3.3 3.673 3.184 4.479 4.107 
4.634 3.721 4.274 5.409 5.994 6.486 4.686 4.206 3.577 3.083 
3.182 2.777 2.853 2.529 2.362 1.911 1.771 1.495 1.426 1.382 
1.539 1.465 1.572 1.679 1.724 1.747 1.856 1.868 1.83 1.653 
1.74 1.592 1.63 1.693 1.673 1.849 2.049 2.526 2.392 2.63 
2.481 2.501 2.983 3.106 3.469 3.894 3.748 3.402 3.326 2.846 
2.417 2.949 3.482 4.531 5.258 4.208 3.966 3.772 3.749 3.461 
3.513 3.626 3.671 3.545 3.254 3.2 2.573 2.481 2.25 2.348 
2.629 2.791 2.995 2.65 1.997 2.071 1.747 1.883 1.63 1.688 
1.621 1.689 1.955 2.253 3.073 2.83 3.585 2.881 1.895 1.737 
1.297 1.309 1.186 1.208 1.121 1.281 1.375 1.686 1.779 2.264 
2.382 3.267 2.6 2.482 2.158 2.195 2.374 2.778 3.452 3.812 
4.585 4.91 4.797 5.425 4.598 4.385 4.055 3.862 3.612 5.276 
5.277 5.983 6.298 6.89 6.716 6.645 5.96 5.498 5.739 4.584 
4.501 3.742 3.297 2.552 2.23 1.955 2.033 1.73 1.97 1.821 
1.744 1.296 1.37 1.049 1.072 0.916 0.98 0.977 1.003 1.045 
1.116 1.216 1.564 1.816 1.443 1.256 1.083 0.985 0.98 0.95 
0.887 0.939 0.875 0.95 1.003 1.027 1.147 1.21 1.331 1.609 
1.699 1.825 2.059 2.035 2.571 2.738 2.471 2.577 2.04 1.94 
1.568 1.403 1.186 1.064 1.09 0.96 1.064 0.853 0.924 0.855 
0.907 0.818 0.992 0.968 1.133 1.181 1.446 1.706 2.367 1.219 
1.233 0.978 1.003 0.867 0.902 0.854 0.833 0.786 0.759 0.816 
0.851 1.016 1.167 1.466 1.908 2.143 2.306 2.305 2.978 2.657 
2.335 2.069 1.8 1.65 1.35 1.044 0.998 0.839 0.842 0.819 
0.771 0.913 0.811 1.014 0.845 1.019 0.861 1.019 1.216 2.08 
3.29 3.701 2.188 1.724 1.246 0.989 0.888 0.848 0.832 0.842 
0.848 0.761 0.808 0.814 0.827 0.87 0.995 1.252 1.274 2.145 
2.584 3.604 5.335 6.033 7.178 5.254 4.532 3.285 2.635 2.234 
1.612 1.817 1.55 1.126 0.946 0.89 0.783 0.773 0.732 0.76 
0.758 0.828 0.869 0.938 1.057 1.239 2.319 2.558 3.687 3.87 
3.021 2.555 1.891 1.269 1.016 0.884 0.85 0.797 0.761 0.807 
0.886 0.915 1.026 1.097 1.292 1.385 1.527 2.302 2.928 3.574 
3.481 1.667 1.907 1.4 1.254 1.187 1.191 1.242 1.192 1.076 
0.866 0.874 0.813 0.779 0.825 0.823 0.911 0.89 1.014 1.266 
1.308 1.624 2.074 2.744 3.061 3.39 3.963 2.665 2.473 1.591 
1.116 1.08 0.946 0.83 0.827 0.79 0.786 0.829 0.818 0.837 
0.889 0.934 0.956 1.116 1.183 1.256 1.264 1.312 1.178 1.194 
1.132 1.048 1.065 1.052 0.943 0.926 0.856 0.818 0.797 0.741 
0.764 0.768 0.804 0.898 0.924 1.171 1.393 1.784 2.12 1.939 
2.323 2.092 2.111 1.654 1.477 1.08 1.015 0.891 0.845 0.803 
0.757 0.795 0.82 0.806 0.86 0.965 0.981 1.406 1.329 1.393 
1.543 1.361 1.34 1.432 1.506 1.476 1.84 1.759 1.627 1.675 
1.699 2.469 1.806 1.568 0.966 1.027 0.993 1.26 1.18 1.358 
1.326 1.54 1.595 1.757 1.823 
END
