PFRMAT local QA
AUTHOR MASS-CASP14
af2-standard_T1118_3.pdb local_accuracy_only 15.0 15.0 15.0 15.0 15.0 15.0 15.0 13.376 11.812 7.736 4.961 
4.196 3.466 3.238 2.895 2.548 2.796 2.883 2.349 2.001 1.76 
2.218 2.294 1.728 1.742 1.722 1.688 1.394 1.505 1.742 2.237 
2.248 2.238 1.821 1.8 1.535 1.763 1.936 2.064 2.482 2.984 
2.872 2.952 4.466 5.325 5.305 5.91 6.365 6.775 5.686 5.575 
5.794 5.447 4.553 3.411 2.94 2.588 2.468 2.394 1.911 1.73 
2.102 2.418 1.887 1.708 2.313 2.345 2.056 1.894 1.577 1.764 
1.663 1.72 1.912 2.041 2.337 2.093 2.001 1.513 1.306 1.345 
1.27 1.474 1.842 1.968 2.561 3.211 4.972 6.449 8.591 10.829 
11.209 14.347 13.491 13.427 13.487 12.394 13.496 13.386 14.535 13.689 
15.0 14.185 15.0 15.0 15.0 15.0 15.0 15.0 15.0 15.0 
15.0 15.0 15.0 14.238 14.19 10.021 10.268 8.299 7.787 7.405 
6.552 5.964 5.036 4.626 3.558 2.545 2.158 2.166 2.111 1.901 
1.871 1.611 1.362 1.467 1.343 1.218 1.187 1.261 1.503 1.614 
1.448 1.374 1.725 1.747 1.663 1.867 1.842 2.019 2.11 1.889 
2.243 2.31 2.079 1.945 2.419 2.595 2.219 2.703 2.994 2.452 
3.423 4.319 6.008 7.041 6.775 7.933 8.759 11.011 10.525 8.043 
4.642 4.291 3.857 3.036 2.594 2.327 2.657 2.822 2.602 3.269 
4.189 5.741 5.393 4.482 4.051 3.09 2.62 2.65 2.946 3.625 
4.439 4.12 4.931 5.836 7.069 10.452 12.825 15.0 15.0 15.0 
15.0 15.0 11.152 7.796 4.269 3.293 3.081 2.267 2.413 2.2 
1.978 2.282 1.61 1.873 1.611 1.535 1.36 1.359 1.389 1.484 
1.574 1.741 1.863 2.296 2.98 3.041 2.769 2.629 2.602 2.104 
2.082 1.7 1.585 1.798 2.111 2.656 2.934 2.751 3.074 3.268 
3.108 4.121 5.114 6.489 6.156 6.015 6.145 6.365 5.565 5.401 
4.441 4.302 4.302 4.713 5.134 6.688 7.704 9.325 7.746 7.838 
8.006 9.245 7.657 8.791 7.767 8.909 8.101 8.152 8.004 8.579 
9.615 8.467 6.024 6.149 5.917 6.76 6.33 7.6 7.95 6.888 
6.938 7.445 8.92 10.033 11.14 11.706 14.926 15.0 15.0 15.0 
14.574 15.0 13.485 12.207 11.353 9.602 8.604 7.894 8.542 7.773 
10.105 11.448 11.876 11.425 11.501 9.439 11.05 8.435 10.78 9.781 
9.609 7.653 9.755 8.41 10.498 9.569 10.538 10.094 10.347 10.761 
11.467 11.982 12.163 14.258 15.0 15.0 14.342 10.919 9.567 6.183 
5.226 3.73 3.505 3.959 4.504 4.387 4.564 4.117 5.027 5.533 
5.542 5.458 5.462 4.609 4.461 3.672 4.295 4.306 4.896 4.828 
5.789 7.071 7.994 8.052 8.181 9.666 10.831 11.575 10.141 8.194 
7.665 6.998 6.181 5.153 3.961 2.996 3.044 2.41 2.193 2.21 
2.144 2.605 2.281 2.622 3.024 3.321 3.584 3.33 2.759 3.356 
3.481 4.066 4.187 4.428 4.7 5.038 6.201 7.807 9.715 10.874 
13.261 11.243 11.216 10.899 11.731 9.747 7.659 6.877 6.537 5.638 
5.077 3.759 4.112 4.327 3.974 3.041 3.043 2.616 2.334 2.38 
2.815 3.374 3.628 4.077 4.872 6.769 8.191 9.639 10.836 11.514 
10.508 11.413 11.285 9.291 9.32 9.27 9.229 10.358 10.507 10.608 
9.885 9.301 8.985 7.037 8.394 7.399 7.747 6.957 4.866 4.73 
4.956 5.042 5.927 5.783 6.443 5.722 6.654 5.995 7.415 8.569 
9.716 11.775 13.659 15.0 15.0 15.0 15.0 15.0 15.0 13.245 
10.999 10.678 9.386 7.879 6.399 6.072 6.181 6.124 6.36 6.196 
6.558 7.799 7.546 8.034 10.378 9.932 10.217 7.711 8.268 7.661 
8.903 10.025 10.492 10.645 10.361 9.877 9.7 9.163 9.587 8.578 
8.316 7.229 5.284 4.983 3.859 3.943 3.387 3.554 2.975 2.904 
2.524 2.618 3.057 3.027 2.346 1.775 1.41 1.376 1.367 1.377 
1.25 1.557 1.694 1.943 1.883 2.143 2.488 2.573 2.62 3.013 
3.305 3.364 3.745 4.675 6.591 9.048 10.466 10.227 8.094 5.803 
4.547 3.304 2.517 2.043 2.076 2.047 1.727 1.662 1.471 1.314 
1.184 1.173 1.166 1.202 1.434 1.603 2.045 2.407 2.199 1.783 
1.197 0.051 0.007 0.002 0.015 0.048 0.509 1.022 1.168 1.04 
1.172 1.291 1.507 1.995 2.199 2.358 3.165 4.092 4.84 5.272 
4.101 2.714 2.067 1.603 1.791 1.48 1.328 1.315 1.208 1.219 
1.144 1.32 1.48 1.532 1.558 1.757 1.866 2.088 2.635 3.492 
5.061 5.881 5.011 4.06 2.552 1.756 1.427 1.483 1.253 1.353 
1.263 1.33 1.432 1.376 1.782 2.231 2.796 3.426 3.79 4.927 
5.066 5.501 6.215 6.809 7.637 7.5 6.905 4.203 2.818 2.499 
2.687 2.509 1.835 1.376 1.235 1.335 1.416 1.556 1.713 2.092 
2.911 3.073 4.208 3.959 5.06 4.465 4.765 5.315 6.599 7.314 
5.96 3.661 2.947 2.42 2.182 2.086 2.021 2.126 2.534 2.912 
4.194 5.064 6.01 7.057 6.675 7.056 6.976 7.527 7.477 9.418 
11.338 9.935 7.18 5.364 4.363 3.783 3.368 3.376 3.146 2.904 
2.922 2.803 2.883 2.528 2.396 2.769 3.04 3.51 4.067 3.991 
4.289 4.541 4.49 5.59 6.997 6.794 7.206 5.372 3.531 2.654 
2.183 1.847 1.527 1.513 1.327 1.305 1.331 1.39 1.67 1.961 
2.394 2.416 2.075 1.956 2.306 2.801 2.829 2.848 2.388 2.116 
1.733 1.665 1.427 1.774 1.76 1.395 1.413 1.102 1.218 1.277 
1.279 1.531 1.582 1.518 1.5 1.592 1.952 2.475 3.245 3.705 
4.357 3.86 4.299 3.897 3.278 2.113 1.766 1.457 1.299 1.103 
1.225 1.239 1.293 1.394 1.828 1.922 2.287 2.361 1.883 1.823 
2.172 2.498 2.492 2.87 3.409 4.082 4.029 4.293 4.132 3.998 
3.997 6.154 7.237 7.674 7.016 9.173 9.391 10.2 9.984 10.994 
10.4 10.218 8.787 10.245 11.218 
END
