PFRMAT local QA
AUTHOR LAW-CASP14
af2-standard_T1158v4_1.pdb local_accuracy_only 15.0 15.0 15.0 15.0 12.571 12.486 7.256 2.85 1.432 1.676 1.449 
3.692 6.815 6.581 9.235 8.076 8.31 7.365 3.712 6.558 2.672 
1.444 1.03 0.94 1.053 1.661 0.823 1.068 1.202 1.191 0.98 
1.469 1.457 1.259 1.422 2.163 1.692 1.505 1.045 1.142 1.062 
1.441 1.16 0.852 0.985 0.959 0.765 1.195 1.098 1.168 0.941 
0.888 0.707 0.804 1.011 0.754 0.702 0.854 0.901 0.783 0.867 
1.09 1.152 1.147 1.422 1.681 1.841 2.126 2.634 2.855 3.242 
3.643 4.704 4.496 5.047 3.993 4.239 2.544 1.832 1.303 1.605 
1.671 1.345 1.298 1.615 1.574 1.356 1.826 1.946 2.678 2.909 
2.138 3.789 4.518 2.6 4.205 6.186 3.862 3.073 4.577 3.68 
2.529 2.316 2.479 2.277 1.737 1.322 1.604 1.632 1.287 1.704 
1.722 1.364 1.176 1.64 1.594 1.178 1.23 1.437 1.166 1.096 
1.473 1.656 2.914 3.87 5.525 4.131 4.244 3.688 3.012 2.915 
2.923 3.003 2.47 2.626 2.442 2.19 1.917 2.691 2.499 2.26 
1.838 2.499 2.04 1.755 1.695 1.881 1.598 1.001 1.092 1.277 
1.101 0.743 0.909 1.052 0.791 0.622 0.762 0.762 0.658 0.584 
0.68 0.678 0.583 0.605 0.576 0.591 0.537 0.59 0.526 0.508 
0.524 0.539 0.539 0.474 0.555 0.564 0.52 0.54 0.595 0.636 
0.756 0.88 1.158 0.967 1.132 1.489 1.694 1.493 1.701 1.217 
1.519 1.46 1.047 1.015 1.211 1.089 0.868 1.021 1.078 1.008 
0.791 0.885 0.93 0.734 0.754 0.865 0.889 0.824 0.844 1.125 
1.022 1.346 1.412 1.536 1.612 1.859 1.572 1.473 1.286 1.253 
1.053 0.943 0.905 0.859 0.772 0.809 0.848 0.807 0.852 1.0 
1.01 0.881 0.91 0.837 0.862 0.782 0.814 0.855 0.929 0.861 
1.022 1.062 1.198 1.355 1.505 1.748 1.903 1.763 2.13 1.813 
1.776 1.475 1.483 1.302 1.243 1.107 1.048 1.121 1.106 0.937 
1.015 1.058 1.003 0.845 0.927 0.911 0.814 0.808 0.865 0.794 
0.765 0.751 0.81 0.795 0.73 0.827 0.854 0.769 0.785 0.899 
0.884 0.753 0.802 0.784 0.725 0.727 0.655 0.645 0.732 0.81 
0.846 0.999 0.992 0.916 0.898 0.927 0.827 0.777 0.805 0.804 
0.751 0.714 0.731 0.732 0.696 0.642 0.715 0.746 0.726 0.721 
0.817 0.845 0.888 0.923 1.035 1.068 1.103 1.217 1.285 1.323 
1.33 1.373 1.44 1.46 1.341 1.144 1.18 1.641 1.266 1.012 
1.069 1.257 1.052 0.989 1.078 1.442 1.055 1.073 1.254 1.372 
1.273 1.404 1.444 1.506 1.322 1.483 1.141 1.203 1.063 1.134 
1.1 1.115 0.932 1.091 1.057 0.966 0.978 1.114 1.164 1.117 
1.348 1.444 1.57 1.735 2.113 2.218 1.83 2.001 2.454 2.219 
1.529 2.154 1.939 1.262 1.339 1.595 1.298 1.059 1.401 1.404 
1.123 1.166 1.295 1.144 0.929 1.109 1.021 0.913 0.786 0.948 
0.838 0.851 0.818 0.962 2.447 8.457 10.552 11.952 11.455 12.767 
12.424 8.665 11.728 8.815 7.117 3.701 1.58 1.444 1.296 1.41 
1.465 1.775 1.898 1.683 1.741 1.495 1.627 1.338 1.737 2.254 
3.262 2.513 2.821 2.394 1.829 1.722 1.664 1.786 2.129 1.661 
1.619 1.361 1.36 1.014 1.154 1.004 0.989 0.944 0.847 0.849 
0.818 0.726 0.879 1.323 2.155 6.908 2.356 1.618 1.48 1.048 
0.965 1.259 1.103 0.844 1.008 1.094 1.12 0.866 1.214 0.889 
1.126 1.295 1.479 1.676 1.748 2.083 1.809 1.451 1.513 1.442 
1.632 1.224 0.769 0.681 0.692 0.748 0.773 1.13 1.239 1.716 
1.256 0.891 0.846 0.744 0.955 0.857 0.826 0.839 0.844 0.983 
0.87 0.929 1.105 1.159 1.437 1.381 2.075 1.942 2.328 1.988 
1.767 1.373 1.326 1.219 1.159 0.999 1.035 1.038 1.011 0.943 
1.071 1.023 1.119 1.208 1.159 1.107 1.29 1.351 1.081 1.211 
0.94 1.08 0.842 0.84 0.908 0.922 0.951 1.121 1.273 1.299 
1.119 1.151 1.385 1.465 2.546 1.949 1.951 1.349 1.133 1.232 
1.087 0.943 0.949 0.94 0.968 1.002 0.822 0.897 0.956 0.907 
0.857 0.731 0.703 0.593 0.592 0.601 0.726 0.771 0.869 1.05 
1.05 1.321 1.542 1.379 1.484 1.355 1.383 1.212 1.158 1.197 
1.148 0.986 0.998 1.158 1.033 1.041 1.038 1.108 1.287 1.111 
0.963 1.174 1.014 0.752 0.729 0.663 0.581 0.657 0.711 0.97 
1.482 2.207 2.149 2.622 2.243 1.865 2.435 2.222 1.552 1.299 
1.119 1.065 1.005 1.07 1.229 1.56 1.841 1.73 1.758 1.687 
1.515 1.311 1.385 1.633 1.944 2.495 7.897 7.116 9.065 12.576 
12.223 13.988 15.0 15.0 15.0 15.0 15.0 15.0 15.0 15.0 
15.0 15.0 15.0 15.0 15.0 15.0 15.0 15.0 15.0 15.0 
15.0 15.0 15.0 15.0 15.0 15.0 15.0 15.0 15.0 15.0 
15.0 15.0 15.0 15.0 15.0 15.0 15.0 15.0 15.0 15.0 
15.0 11.502 15.0 15.0 15.0 15.0 15.0 15.0 15.0 15.0 
15.0 15.0 15.0 15.0 15.0 15.0 15.0 15.0 15.0 15.0 
15.0 15.0 15.0 15.0 15.0 15.0 15.0 15.0 15.0 14.588 
12.55 10.582 7.768 6.283 3.417 2.576 1.912 1.555 1.433 1.234 
1.208 1.091 0.875 0.949 1.101 0.811 0.87 1.35 2.107 2.714 
3.388 3.33 3.093 4.627 4.588 3.258 4.392 4.687 3.165 2.948 
2.848 3.342 2.291 1.701 2.777 2.734 2.13 2.533 3.452 2.902 
2.958 2.986 2.807 2.357 2.061 2.313 3.088 1.951 5.506 6.444 
7.906 10.559 11.62 12.554 13.076 14.611 15.0 15.0 15.0 15.0 
15.0 15.0 15.0 15.0 15.0 15.0 15.0 12.805 13.476 12.275 
11.382 9.84 8.29 6.503 7.524 6.185 5.068 4.53 3.15 3.617 
2.083 3.609 3.547 2.649 2.144 2.313 2.206 1.793 1.53 2.107 
1.962 1.328 1.164 1.246 1.023 0.869 0.838 0.851 0.756 0.683 
0.735 0.715 0.666 0.633 0.635 0.641 0.587 0.612 0.629 0.643 
0.621 0.65 0.73 0.649 0.625 0.776 0.816 0.86 0.815 1.073 
0.962 0.987 1.115 1.19 1.092 1.123 0.953 0.986 0.953 0.881 
0.775 0.798 0.873 0.705 0.734 0.733 0.789 0.731 0.727 0.771 
0.749 0.723 0.778 0.762 0.766 0.732 0.715 0.713 0.639 0.676 
0.634 0.619 0.594 0.73 0.62 0.629 0.765 0.784 0.692 0.811 
1.042 0.89 0.936 1.125 1.136 1.242 1.547 1.473 1.266 1.883 
1.974 4.955 3.988 5.967 7.188 6.034 5.81 6.085 4.465 2.607 
2.522 2.167 1.646 1.269 1.398 1.235 0.958 0.969 1.036 0.924 
0.766 0.879 0.951 0.829 0.743 0.815 0.792 0.624 0.738 0.808 
0.761 0.735 0.956 0.972 0.761 0.867 0.941 0.819 0.674 0.725 
0.741 0.613 0.586 0.687 0.652 0.597 0.561 0.628 0.603 0.566 
0.626 0.69 0.628 0.683 0.678 0.674 0.812 0.811 0.822 1.031 
0.993 0.866 0.801 0.871 0.784 0.575 0.644 0.618 0.594 0.578 
0.573 0.563 0.558 0.517 0.568 0.549 0.521 0.48 0.527 0.551 
0.52 0.55 0.578 0.568 0.561 0.598 0.598 0.613 0.644 0.621 
0.678 0.774 0.773 0.895 0.839 0.999 1.097 1.332 1.247 1.546 
1.926 1.62 2.051 2.715 3.102 2.719 3.233 3.497 3.168 2.724 
2.832 2.213 1.565 1.281 1.19 1.358 1.322 1.109 1.136 1.351 
1.06 1.239 1.152 1.06 0.994 1.011 0.97 0.838 0.885 0.857 
0.748 0.728 0.785 0.732 0.649 0.804 0.925 0.777 0.982 1.381 
1.336 1.085 2.088 2.391 1.436 1.815 2.982 1.834 1.34 2.424 
1.891 1.092 1.195 1.607 1.07 0.928 1.508 1.363 1.514 1.277 
1.207 1.369 1.329 1.199 1.764 3.95 6.096 5.063 3.403 2.071 
2.121 1.753 1.347 1.031 0.77 0.795 0.739 0.655 0.674 0.669 
0.702 0.756 0.802 0.969 0.881 1.166 1.083 1.643 1.702 3.993 
6.504 6.788 4.971 3.57 1.736 1.533 1.129 1.153 1.162 1.001 
0.925 0.797 0.781 0.668 0.707 0.688 0.678 0.565 0.538 0.545 
0.622 0.603 0.717 0.975 1.588 2.383 1.756 1.208 1.0 0.828 
0.892 1.019 0.821 0.72 0.75 0.785 0.705 0.649 0.76 0.762 
0.922 0.89 0.937 0.96 0.95 0.825 0.763 0.753 0.766 0.779 
0.897 0.977 1.073 1.033 2.092 2.13 2.413 2.389 0.995 0.831 
1.063 0.767 0.642 0.646 0.662 0.605 0.633 0.599 0.675 0.834 
1.034 1.564 1.244 1.322 1.314 1.167 1.23 1.595 1.631 1.772 
1.443 1.52 1.439 1.2 1.503 1.151 1.685 2.134 2.763 1.86 
2.088 1.449 1.382 1.303 1.189 1.146 1.131 1.052 1.035 1.12 
1.126 1.05 1.185 1.209 1.197 1.468 1.743 1.552 1.844 2.299 
2.55 3.014 2.308 2.054 1.899 2.183 2.051 2.072 1.564 1.712 
1.263 1.291 1.446 2.001 2.774 2.272 2.448 2.207 1.897 1.389 
1.313 1.078 1.05 1.0 0.883 0.908 0.955 0.963 0.794 0.984 
1.0 0.906 0.935 0.745 0.689 0.543 0.561 0.517 0.58 0.676 
0.847 1.051 1.346 1.62 2.178 2.42 2.817 2.927 2.376 2.094 
1.787 1.748 1.461 1.17 1.25 1.262 1.137 1.129 1.161 1.193 
1.161 0.818 1.047 0.856 0.631 0.592 0.485 0.508 0.568 0.61 
0.811 1.145 1.484 1.379 1.651 1.373 0.876 1.374 1.541 0.826 
0.724 0.683 0.729 0.727 0.826 0.852 0.971 1.108 1.064 1.05 
0.978 0.968 1.001 0.911 0.935 1.059 1.211 2.217 1.623 1.556 
2.352 2.683 3.478 4.83 5.056 3.277 3.068 2.598 3.87 4.938 
4.44 4.087 5.365 5.984 6.422 8.454 9.17 8.551 7.625 6.942 
8.182 8.09 3.933 4.675 6.52 4.048 3.138 5.749 7.62 5.351 
4.132 8.323 8.777 8.749 10.019 12.344 13.048 15.0 15.0 15.0 
15.0 15.0 15.0 15.0 15.0 15.0 15.0 15.0 15.0 15.0 
15.0 15.0 15.0 15.0 15.0 15.0 15.0 15.0 15.0 15.0 
15.0 15.0 15.0 15.0 15.0 15.0 15.0 15.0 15.0 15.0 
15.0 15.0 15.0 15.0 15.0 15.0 15.0 15.0 15.0 
END
