PFRMAT local QA
AUTHOR MASS-CASP14
af2-standard_T1158v4_1.pdb local_accuracy_only 14.085 13.174 10.297 7.5 6.35 6.179 3.99 2.816 1.964 1.996 1.814 
2.335 2.353 3.597 3.969 4.845 4.574 4.344 4.489 4.162 3.843 
3.511 3.45 3.168 3.102 2.714 2.688 2.881 3.047 2.468 2.492 
2.78 3.344 3.798 4.949 4.706 4.849 4.468 3.851 4.452 4.849 
4.628 3.802 3.304 3.229 3.4 3.38 3.351 4.93 5.15 5.8 
4.331 3.452 3.243 2.436 1.803 1.692 1.899 2.02 1.802 2.141 
2.493 2.447 2.267 2.576 2.883 3.085 2.832 3.075 3.366 3.469 
3.875 4.116 4.671 4.679 4.335 4.286 3.523 2.866 2.539 2.629 
2.427 2.643 2.309 2.641 3.162 3.221 3.712 4.766 5.609 5.595 
4.632 5.619 4.706 5.331 5.367 5.724 5.197 5.187 5.208 5.066 
4.611 4.071 2.975 2.557 2.584 2.261 1.737 1.576 1.618 1.445 
1.257 1.371 1.452 1.692 1.47 1.471 1.889 1.984 2.146 2.413 
2.891 2.909 3.465 3.475 3.78 3.362 3.187 3.083 2.694 2.465 
2.836 2.742 2.483 2.729 2.68 2.489 2.474 2.78 2.889 2.456 
2.648 2.71 2.491 2.538 2.429 2.522 2.501 2.431 2.347 2.144 
2.356 2.509 2.055 2.348 2.309 2.208 1.935 1.708 1.634 1.519 
1.547 1.349 1.439 1.397 1.328 1.301 1.254 1.285 1.109 1.106 
1.171 1.315 1.118 1.261 1.557 1.425 1.31 1.337 1.267 1.211 
1.314 1.749 2.046 2.491 2.661 4.17 4.804 5.256 5.462 5.689 
5.003 3.452 2.667 3.034 2.884 2.305 2.13 2.248 2.859 2.519 
2.159 2.625 2.669 2.293 3.062 3.061 3.031 3.46 3.455 4.215 
4.387 3.817 3.77 3.723 3.747 3.729 3.434 3.272 2.921 2.506 
2.634 2.721 2.457 2.609 2.54 3.033 2.834 2.516 2.608 3.232 
3.314 3.263 3.768 4.359 3.96 4.386 4.4 5.366 4.766 5.218 
5.136 5.201 5.324 5.825 5.838 6.437 6.193 6.521 5.89 5.851 
5.043 4.602 3.835 3.937 3.386 3.279 3.199 3.637 3.682 2.998 
3.22 5.158 4.869 4.628 4.508 4.868 3.935 4.1 3.501 2.84 
2.653 2.21 2.277 2.75 2.388 2.632 2.455 2.216 2.058 2.533 
2.609 1.986 2.275 2.077 2.07 2.246 2.363 2.857 3.145 2.932 
2.812 2.702 2.088 1.788 2.009 2.11 2.288 1.879 2.642 3.169 
2.549 2.39 2.287 2.579 2.301 1.83 1.861 2.457 2.085 1.75 
2.022 2.49 2.435 2.469 2.097 2.523 3.177 3.118 2.799 2.891 
3.084 2.941 3.302 3.461 3.29 3.583 3.784 3.663 3.571 3.597 
4.072 4.306 4.336 4.075 3.91 4.027 3.682 3.953 4.328 4.233 
3.956 3.161 3.278 3.062 2.496 2.508 2.479 2.148 2.003 1.712 
1.819 1.889 1.914 2.134 1.945 1.957 2.32 2.768 3.237 2.642 
2.653 2.713 2.875 2.684 3.19 3.346 3.237 3.253 3.777 3.314 
2.759 2.761 2.714 2.647 2.221 2.312 2.589 2.22 2.577 2.273 
2.269 2.377 2.3 2.232 1.802 2.019 2.037 1.85 1.821 1.89 
2.089 2.332 2.535 2.916 4.079 5.466 5.857 5.501 6.22 7.276 
8.144 6.969 7.025 7.248 6.231 4.423 3.285 2.412 1.802 1.419 
1.565 1.664 1.714 1.714 2.059 2.081 2.828 3.354 4.172 5.125 
5.2 4.361 4.59 3.858 3.036 2.532 2.218 2.281 2.091 2.076 
1.762 1.62 1.532 1.412 1.508 1.885 1.808 1.702 1.489 1.337 
1.308 1.263 1.185 1.437 1.854 2.142 2.327 2.162 1.992 1.713 
2.047 1.923 1.575 1.468 1.619 1.79 1.873 1.621 1.828 1.963 
1.888 2.208 2.61 2.637 2.485 2.082 1.788 1.492 1.395 1.522 
1.505 1.508 1.352 1.381 1.407 1.567 1.793 2.345 3.071 3.365 
2.793 2.492 2.307 2.031 1.83 1.432 1.266 1.124 1.236 1.383 
1.443 1.42 1.619 1.77 2.296 3.055 3.413 3.37 3.443 3.5 
3.428 2.501 2.4 2.424 2.243 1.997 1.733 1.949 2.344 2.058 
2.429 2.528 3.179 3.54 3.353 2.84 2.945 3.081 2.861 3.149 
2.748 2.346 2.166 1.852 1.828 1.697 1.752 1.987 2.547 2.726 
2.489 2.179 2.277 2.004 2.006 2.34 2.459 2.449 2.069 2.162 
2.123 1.866 1.817 1.88 2.029 2.011 2.12 2.064 1.952 2.408 
2.037 1.822 1.445 1.125 1.016 1.053 1.127 1.365 1.405 1.68 
1.708 2.154 2.732 2.482 2.45 2.603 2.414 1.992 1.986 2.29 
1.955 1.879 1.836 2.21 2.165 2.196 2.311 2.416 2.658 2.61 
2.207 2.444 2.599 2.066 1.64 1.571 1.513 1.52 1.748 2.125 
2.573 2.695 2.887 2.839 2.702 2.604 2.581 2.711 2.235 1.965 
1.593 1.425 1.342 1.26 1.386 1.798 1.945 1.695 1.83 1.657 
1.704 1.632 1.794 1.593 1.685 1.867 2.597 2.757 2.537 2.602 
2.842 2.657 2.68 2.584 2.091 2.065 2.347 2.319 2.426 2.489 
3.613 5.206 7.042 7.547 9.311 9.666 9.206 10.021 9.389 8.115 
10.443 11.071 12.749 10.287 11.844 11.292 12.293 11.48 15.0 15.0 
15.0 15.0 15.0 15.0 15.0 14.525 12.435 11.291 12.913 8.957 
11.145 9.022 10.606 9.426 9.75 7.066 7.607 8.234 8.141 8.884 
9.112 9.883 12.159 15.0 15.0 15.0 15.0 15.0 15.0 15.0 
15.0 15.0 12.238 10.159 14.418 12.398 15.0 14.238 14.721 14.01 
12.16 9.142 6.772 5.638 3.522 3.035 2.892 2.36 1.93 1.803 
2.216 2.378 2.45 3.066 3.527 4.443 6.392 7.002 7.519 8.564 
9.01 8.194 6.593 7.322 7.31 7.544 6.431 6.454 6.199 5.087 
4.655 4.361 4.298 3.528 2.856 2.431 2.706 2.239 2.268 2.45 
2.537 2.585 2.375 2.702 2.621 3.216 2.465 2.934 3.208 4.292 
4.371 5.132 6.207 6.405 7.602 10.273 12.774 14.468 15.0 15.0 
15.0 15.0 15.0 9.319 5.968 4.62 3.679 2.964 2.282 2.606 
2.219 2.235 1.804 2.311 2.352 2.457 2.467 2.816 3.166 2.968 
3.158 3.305 3.409 3.503 3.032 3.044 3.648 4.09 3.988 3.779 
3.967 4.054 4.258 4.433 4.044 4.098 4.283 3.499 3.224 3.408 
3.153 2.557 2.13 2.122 1.791 1.479 1.412 1.737 1.762 1.494 
1.474 1.74 1.688 1.575 1.686 2.048 2.466 2.458 2.33 2.319 
2.401 2.292 2.281 2.559 2.767 2.363 2.007 2.246 1.845 1.565 
1.57 1.867 1.697 1.765 1.53 1.742 1.694 1.352 1.65 1.664 
1.448 1.731 1.721 1.573 1.494 1.583 1.604 1.544 1.502 1.672 
1.694 1.559 1.716 1.666 1.672 1.608 1.731 1.827 1.874 1.779 
2.324 2.28 2.484 2.729 3.047 3.053 3.189 3.242 3.552 3.421 
4.409 4.447 4.5 5.002 5.259 5.384 5.14 5.03 4.655 3.946 
4.589 4.269 3.706 4.366 4.81 4.573 3.753 4.215 4.074 3.973 
3.481 3.339 3.376 2.793 2.508 2.59 2.39 1.856 2.097 2.554 
2.583 3.185 4.346 4.813 4.828 5.06 6.203 4.77 3.071 2.671 
2.637 2.418 2.131 2.134 2.634 2.785 2.423 2.565 2.919 2.714 
3.144 2.774 2.503 2.65 2.895 3.003 2.955 2.388 2.536 2.695 
2.236 1.934 2.136 2.335 2.112 2.082 2.581 2.399 2.494 2.527 
2.421 2.083 2.062 2.234 2.537 2.623 2.758 3.018 2.967 3.038 
2.979 3.021 2.715 2.838 2.606 2.491 2.254 2.596 2.485 2.184 
2.053 2.096 1.984 2.122 2.145 2.474 2.546 2.634 2.65 2.609 
2.861 2.87 2.667 2.58 2.752 2.835 2.734 3.276 3.635 4.243 
4.224 3.787 3.385 3.523 3.451 3.749 2.829 2.494 2.642 2.585 
2.712 2.22 2.193 2.349 2.228 2.148 2.499 2.35 2.479 2.815 
2.235 2.136 2.181 2.207 2.112 1.956 2.388 2.448 2.649 2.871 
2.782 2.256 2.637 3.023 2.917 2.889 3.003 3.655 3.461 3.889 
3.711 3.429 3.314 3.394 3.507 4.043 4.432 3.856 4.122 3.263 
3.321 3.26 3.23 3.019 2.951 3.332 3.623 3.588 3.232 2.833 
2.701 2.948 2.655 2.441 2.327 2.45 2.095 1.825 1.516 1.235 
1.203 1.19 1.453 1.527 1.672 1.57 1.788 2.216 3.045 3.159 
4.061 4.26 4.602 4.526 3.581 3.38 2.908 2.752 2.406 2.301 
2.302 2.314 2.47 2.188 2.384 3.137 3.056 2.62 2.048 2.112 
1.97 2.119 1.899 2.047 2.236 2.708 2.592 2.407 2.218 1.956 
1.949 1.746 1.545 1.295 1.482 1.809 1.773 1.63 1.549 1.645 
1.875 1.909 1.709 1.695 1.681 1.508 1.197 1.286 1.275 1.487 
2.03 2.022 1.986 2.394 3.187 4.242 3.205 2.824 2.354 2.542 
2.343 2.197 2.075 1.996 1.79 1.546 1.389 1.351 1.269 1.728 
2.285 3.015 2.935 2.467 2.171 2.221 2.174 2.066 1.88 1.572 
1.423 1.583 1.235 1.015 1.181 1.459 1.803 2.269 2.81 2.733 
2.733 2.605 2.715 2.329 1.84 2.007 2.13 2.191 1.998 2.15 
2.296 2.239 2.258 2.329 2.669 3.128 3.319 2.836 3.074 3.696 
4.097 4.252 4.25 4.708 4.444 4.762 4.887 4.979 3.747 4.312 
4.437 4.385 3.746 3.632 3.354 2.625 2.224 2.216 2.237 2.072 
1.924 2.147 2.071 1.913 1.978 2.133 2.157 2.276 2.486 2.228 
2.278 2.832 3.07 2.525 2.263 1.784 1.416 1.494 1.563 1.801 
1.956 2.095 2.326 2.565 2.891 2.403 2.336 2.758 3.063 2.911 
2.537 2.903 2.293 2.019 2.051 2.263 2.289 1.787 2.388 3.147 
2.984 2.82 3.223 3.245 2.533 2.068 1.959 1.748 1.683 1.625 
2.074 2.109 2.115 2.02 1.985 2.112 1.867 1.94 2.222 2.218 
2.003 1.4 1.228 1.24 1.272 1.369 1.841 1.882 1.516 1.533 
1.407 1.467 1.297 1.364 1.587 1.604 1.655 1.823 2.165 1.925 
2.364 3.197 3.389 4.161 4.035 3.309 3.19 3.074 3.096 3.531 
3.63 3.553 4.268 5.107 4.701 5.395 5.736 6.311 4.722 4.465 
4.929 4.515 3.629 3.993 4.264 4.149 3.722 3.998 4.386 4.6 
4.349 5.272 5.415 6.322 6.082 6.839 7.818 7.446 8.679 9.201 
10.006 11.545 11.995 12.984 12.697 12.102 11.655 10.32 11.052 10.333 
12.33 12.892 15.0 13.129 12.75 15.0 15.0 15.0 15.0 15.0 
15.0 15.0 15.0 15.0 15.0 15.0 15.0 15.0 15.0 14.699 
14.147 15.0 14.988 14.999 14.728 15.0 15.0 15.0 15.0 
END
