PFRMAT local QA
AUTHOR MASS-CASP14
af2-standard_T1139_2.pdb local_accuracy_only 15.0 15.0 15.0 15.0 15.0 15.0 15.0 15.0 15.0 15.0 15.0 
15.0 14.413 13.791 11.21 10.423 9.919 9.799 7.434 6.575 4.343 
3.142 2.577 2.417 2.341 1.812 1.381 1.543 1.467 1.29 1.049 
1.213 1.434 1.415 1.251 1.177 1.417 1.348 1.072 1.287 1.536 
1.48 1.332 1.648 1.972 2.282 2.212 2.227 1.862 1.801 1.594 
1.961 2.053 2.182 2.324 2.707 2.393 1.943 1.451 1.426 1.205 
1.114 1.137 1.091 1.04 1.062 1.202 1.408 1.383 1.157 1.168 
1.247 1.122 1.06 1.219 1.182 1.141 1.223 1.547 1.394 1.553 
1.308 1.459 1.485 1.843 2.022 2.003 2.036 2.33 2.037 1.725 
1.401 1.318 1.309 1.226 1.173 1.129 1.048 1.15 1.367 1.521 
1.578 1.342 1.33 1.337 1.241 1.042 1.194 1.106 0.976 1.071 
1.39 1.382 1.535 1.317 1.386 1.428 1.524 1.589 1.577 1.55 
1.682 1.596 1.545 1.498 1.517 1.395 1.243 1.309 1.354 1.216 
1.103 1.392 1.52 1.606 1.312 1.515 1.497 1.319 1.192 1.3 
1.286 1.271 1.361 1.518 1.519 1.689 1.63 1.633 1.489 1.669 
1.55 1.507 1.612 1.627 1.997 1.966 1.754 1.53 1.335 1.413 
1.457 1.23 1.295 1.577 1.719 1.854 2.244 2.068 2.068 2.031 
1.685 1.761 2.021 1.841 1.786 2.199 2.573 3.121 3.317 4.296 
5.154 5.257 6.795 6.324 6.835 6.543 6.682 6.481 5.757 4.884 
6.092 6.502 6.606 5.88 7.59 7.567 7.355 6.229 7.349 7.007 
7.839 8.198 8.167 7.426 7.157 8.155 7.728 7.708 7.212 8.147 
7.807 8.429 10.095 11.548 11.766 14.291 14.36 12.641 14.576 13.365 
12.466 11.686 13.795 12.526 15.0 14.258 15.0 15.0 15.0 15.0 
14.707 15.0 15.0 15.0 13.845 11.658 9.707 9.03 9.606 10.192 
10.274 10.255 10.965 10.929 8.906 9.389 9.438 8.575 5.526 4.729 
4.348 3.879 3.087 2.642 2.137 2.142 2.434 2.106 1.625 1.984 
1.791 1.573 1.421 1.489 1.807 2.356 3.596 3.895 4.38 5.346 
6.014 6.334 6.828 7.885 8.474 5.538 4.063 3.268 2.083 1.739 
1.651 1.657 1.588 1.807 1.907 2.001 1.921 1.598 1.634 1.504 
1.208 1.194 1.119 1.153 1.347 1.59 2.096 3.853 4.36 6.033 
8.437 9.94 10.114 10.044 9.765 8.592 8.523 10.497 12.341 11.388 
10.202 12.502 13.026 14.128 15.0 15.0 
END
