PFRMAT local QA
AUTHOR LAW-CASP14
af2-standard_T1139_2.pdb local_accuracy_only 15.0 15.0 15.0 15.0 15.0 15.0 15.0 15.0 15.0 15.0 15.0 
15.0 15.0 15.0 15.0 15.0 15.0 15.0 15.0 12.182 7.118 
2.976 2.235 2.276 1.549 1.596 1.299 1.258 1.338 1.179 1.092 
1.221 1.341 1.313 1.268 1.29 1.32 1.227 1.102 1.316 1.462 
1.601 1.565 1.824 2.411 3.983 3.61 4.96 3.042 3.08 1.786 
1.867 2.195 2.213 2.137 2.327 1.958 1.791 1.302 1.423 1.127 
0.941 0.945 0.986 0.97 0.957 0.991 1.194 1.18 1.108 1.122 
1.302 1.035 0.927 1.132 1.152 1.046 1.147 1.265 1.216 1.341 
1.201 1.432 1.199 1.251 1.285 1.212 1.224 1.488 1.187 1.128 
1.005 0.96 0.871 0.811 0.808 0.864 0.861 0.852 1.013 1.032 
1.009 1.078 1.063 1.215 0.991 0.859 1.127 1.037 0.95 1.03 
1.224 1.199 1.404 1.155 1.235 0.989 1.03 1.012 0.986 1.029 
1.118 1.193 1.169 1.016 0.858 0.87 0.831 0.88 0.932 0.891 
0.932 1.11 1.205 1.187 0.99 1.077 1.131 0.932 0.924 1.08 
1.067 0.961 1.074 1.28 1.186 1.398 1.139 1.218 1.197 1.223 
1.083 1.249 1.36 1.5 1.635 1.68 1.305 1.17 0.973 1.115 
1.17 1.117 1.099 1.262 1.535 1.44 1.876 1.343 1.419 1.278 
1.124 1.231 1.434 1.382 1.37 1.967 3.007 3.144 4.225 5.997 
8.562 8.814 11.001 11.938 12.251 12.029 13.246 12.582 10.76 11.384 
15.0 13.322 12.11 15.0 15.0 15.0 15.0 15.0 15.0 15.0 
14.721 13.938 12.929 11.189 9.009 7.579 5.983 5.755 3.275 2.939 
2.788 2.846 2.943 2.341 2.937 2.919 2.462 2.918 2.703 3.13 
3.731 4.611 5.831 6.727 8.712 12.671 15.0 15.0 15.0 15.0 
15.0 15.0 15.0 15.0 13.294 11.484 11.223 9.431 9.301 7.561 
8.114 6.044 6.721 9.86 13.284 15.0 15.0 15.0 14.976 12.677 
10.608 8.852 8.816 9.278 8.015 3.264 2.659 2.191 2.331 1.554 
1.384 1.364 1.398 1.436 1.759 1.725 1.868 2.197 2.529 5.189 
6.499 8.735 9.421 11.617 11.845 12.54 10.713 8.971 5.937 7.457 
5.614 7.554 4.6 4.684 2.55 4.772 5.752 4.268 4.623 2.156 
2.183 1.577 1.626 1.402 1.662 1.754 2.029 2.563 2.775 2.865 
3.461 3.191 3.494 3.699 3.883 4.574 6.524 6.91 9.632 10.426 
13.285 13.519 14.971 15.0 15.0 15.0 
END
