PFRMAT local QA
AUTHOR MASS-CASP14
af2-standard_T1130_2.pdb local_accuracy_only 10.702 10.472 10.824 10.648 12.32 11.708 13.0 14.179 13.23 12.639 10.538 
8.477 6.009 5.984 5.715 6.585 6.254 6.157 6.582 6.667 6.704 
7.051 5.451 5.814 5.35 4.598 4.235 3.875 3.228 2.675 2.683 
2.876 2.678 2.54 2.565 2.786 3.019 2.984 3.268 3.443 3.249 
2.817 2.692 2.204 2.154 2.045 1.763 1.361 1.464 1.621 1.823 
1.72 1.407 1.59 1.785 2.032 3.17 3.838 4.412 4.704 5.589 
6.23 6.143 6.275 4.564 4.051 2.932 2.076 2.273 2.308 2.436 
2.06 2.385 2.603 2.182 2.374 2.871 2.856 3.088 2.925 3.375 
3.631 3.532 2.724 2.274 2.596 3.136 3.822 4.536 5.139 4.291 
3.833 4.239 4.493 4.553 3.71 3.928 3.629 3.993 4.227 5.037 
6.964 6.971 7.854 10.996 10.623 10.202 7.788 7.074 6.136 5.867 
4.458 4.468 4.404 4.065 3.501 3.309 3.111 2.818 2.511 2.783 
2.953 2.264 2.453 2.796 2.608 2.509 2.89 3.045 2.67 2.859 
2.695 2.915 2.84 2.57 3.115 2.94 3.359 3.44 2.911 3.15 
3.192 2.939 2.529 2.356 2.343 2.18 1.96 2.071 2.241 2.418 
3.244 3.423 3.922 3.9 4.653 4.98 4.715 4.334 5.339 4.863 
4.589 3.388 3.846 3.256 2.577 2.624 2.623 2.315 2.224 2.212 
2.523 2.607 2.562 2.66 3.293 3.511 3.899 3.777 4.879 3.955 
3.889 3.462 3.371 2.454 2.808 3.231 2.91 3.375 3.46 2.892 
2.908 3.875 4.386 4.639 4.909 5.956 7.242 
END
