PFRMAT local QA
AUTHOR LAW-CASP14
af2-standard_T1130_2.pdb local_accuracy_only 15.0 15.0 15.0 15.0 15.0 15.0 15.0 13.307 12.754 9.735 8.778 
8.072 8.787 13.712 15.0 15.0 15.0 15.0 15.0 15.0 15.0 
15.0 13.165 8.521 6.543 5.66 4.46 3.347 2.996 2.279 2.024 
2.043 2.158 1.74 1.721 1.889 1.833 1.647 1.839 1.977 2.014 
1.97 1.715 1.672 1.551 1.809 1.622 1.55 1.596 1.716 1.749 
1.916 1.943 1.978 2.402 2.85 3.336 3.589 4.536 5.526 8.296 
6.021 7.612 7.961 6.353 4.975 3.207 3.249 3.025 2.418 2.162 
2.152 2.09 2.185 2.127 2.472 2.617 2.655 3.555 2.791 2.986 
3.123 4.283 3.908 2.654 2.455 2.5 2.552 3.107 3.383 2.689 
2.874 3.319 3.575 3.656 4.195 4.381 4.928 5.496 6.142 5.869 
7.817 8.436 10.772 11.084 11.502 12.587 10.449 9.94 8.373 8.159 
6.462 6.063 5.637 4.575 3.778 3.299 3.291 2.822 2.232 2.359 
2.296 2.252 2.199 2.283 2.413 2.344 2.618 2.639 2.466 2.967 
2.665 2.884 2.563 2.532 2.824 3.143 2.903 3.468 2.857 2.794 
2.994 3.03 2.746 3.056 3.034 3.035 3.167 2.998 3.071 2.758 
3.054 2.956 3.221 3.197 3.18 3.124 2.992 3.347 3.454 3.061 
2.634 2.654 2.177 2.27 2.004 2.11 1.985 2.046 1.979 2.064 
2.064 2.094 2.272 2.571 3.058 3.599 3.772 4.776 5.917 6.026 
5.775 6.242 5.725 3.642 4.174 3.714 2.335 2.575 2.772 2.255 
2.177 2.61 4.194 2.973 2.989 2.142 3.256 
END
