PFRMAT local QA
AUTHOR LAW-CASP14
af2-standard_T1162_3.pdb local_accuracy_only 15.0 15.0 15.0 13.611 9.634 7.511 3.455 2.313 1.662 1.467 1.486 
1.199 1.279 1.824 1.335 1.016 1.115 1.145 0.967 0.867 1.046 
1.084 0.942 1.168 1.935 2.231 2.66 1.724 3.763 4.629 3.769 
5.077 4.995 3.058 2.027 1.329 1.419 1.855 3.078 4.964 6.87 
5.865 6.171 9.113 9.886 12.701 11.227 13.282 15.0 15.0 15.0 
15.0 15.0 15.0 15.0 14.881 9.089 8.516 3.665 2.565 1.535 
1.365 1.887 1.682 1.401 2.008 2.565 2.777 3.216 8.829 7.973 
10.435 10.546 10.055 10.641 9.647 10.131 8.692 7.518 7.948 6.506 
3.594 3.128 2.042 3.125 3.046 2.212 1.351 0.95 0.893 1.041 
1.049 1.597 1.574 2.104 2.73 2.6 2.121 2.29 1.594 1.29 
1.032 1.125 1.11 1.061 0.942 1.132 1.114 0.974 1.013 1.167 
1.14 1.047 1.105 1.233 1.181 1.239 1.371 1.437 1.495 1.571 
1.496 1.861 1.546 2.025 2.164 1.94 1.93 1.387 1.639 1.794 
1.764 1.548 1.711 1.246 1.273 1.336 1.22 1.18 1.052 1.025 
1.029 0.881 0.895 0.941 0.892 0.821 0.917 0.972 1.352 1.13 
1.011 1.096 1.143 1.033 1.267 0.985 1.119 1.174 1.577 2.222 
3.686 3.913 8.623 8.52 7.031 3.332 1.838 1.396 1.028 0.928 
0.855 0.92 0.903 1.012 1.073 0.997 1.14 1.419 1.669 1.841 
1.519 1.72 1.115 1.172 1.55 1.512 1.51 1.4 1.336 1.435 
1.461 1.271 1.329 1.414 1.498 
END
