PFRMAT local QA
AUTHOR MASS-CASP14
af2-standard_T1162_3.pdb local_accuracy_only 15.0 15.0 15.0 11.171 9.307 8.068 6.446 4.267 3.943 3.897 3.356 
2.899 2.602 2.388 2.123 1.466 1.414 1.399 1.233 1.143 1.268 
1.245 1.103 1.249 1.626 2.383 2.896 2.897 4.616 5.608 6.846 
6.565 6.89 7.752 7.512 6.023 6.793 6.53 7.608 8.237 8.721 
9.56 10.555 11.657 13.56 12.218 13.184 13.082 14.306 13.413 13.597 
12.287 12.267 10.3 9.792 8.072 7.363 5.414 4.25 3.225 2.948 
2.732 2.53 2.099 2.279 2.297 2.568 2.418 3.128 3.833 5.378 
5.763 6.627 7.726 7.798 8.241 9.028 8.658 8.642 8.261 9.275 
9.398 9.337 9.99 10.948 8.857 7.614 4.182 2.286 1.474 1.318 
1.372 1.365 1.474 1.88 2.231 3.056 3.194 3.164 2.732 2.076 
1.857 2.017 1.918 1.746 1.624 2.273 2.273 2.07 2.156 2.322 
2.58 2.253 2.141 2.147 2.369 2.112 2.493 3.271 3.18 3.372 
3.179 3.503 3.983 4.771 5.701 5.085 4.809 4.288 4.355 5.444 
4.871 4.431 4.171 3.644 2.806 3.258 3.403 3.201 2.619 2.196 
2.515 2.227 1.719 2.047 2.248 2.21 2.323 3.082 4.871 6.085 
5.898 6.247 6.113 7.106 5.674 7.08 6.623 6.494 5.597 6.187 
7.329 8.117 9.766 6.843 3.798 2.361 1.953 1.309 1.192 1.175 
1.129 1.203 1.223 1.297 1.91 2.067 1.888 2.148 2.749 2.403 
1.727 1.759 1.615 1.72 2.039 1.911 2.159 1.622 1.792 2.118 
2.088 1.997 2.34 2.697 2.881 
END
