PFRMAT local QA
AUTHOR LAW-CASP14
af2-standard_T1185s2_3.pdb local_accuracy_only 15.0 15.0 15.0 15.0 15.0 15.0 15.0 15.0 15.0 14.412 9.621 
7.37 4.015 2.661 3.172 3.212 2.096 2.2 2.107 2.547 2.418 
2.737 2.204 2.477 2.934 2.653 2.436 2.655 2.625 2.6 2.647 
2.548 2.4 2.322 2.068 2.23 2.264 2.021 2.025 2.353 2.176 
1.872 1.614 1.842 1.936 1.708 1.801 2.053 2.162 2.169 2.153 
1.713 1.656 1.643 1.708 1.635 1.484 1.487 1.447 1.479 1.578 
1.614 1.659 1.634 1.706 1.898 1.893 2.083 2.702 3.193 3.842 
4.797 8.03 10.341 13.649 15.0 15.0 15.0 15.0 13.961 12.573 
10.115 7.057 6.425 8.525 8.972 9.8 8.879 7.75 6.84 5.686 
4.696 3.737 3.52 3.234 2.42 1.42 1.018 0.963 0.829 0.917 
0.862 0.958 0.925 0.956 0.955 0.926 0.983 1.103 1.134 1.063 
1.378 1.079 1.01 0.85 0.944 0.87 0.98 0.881 0.782 0.722 
0.73 0.688 0.764 0.781 0.86 0.884 0.86 0.847 0.881 0.77 
0.899 0.847 0.809 0.737 0.873 0.865 0.763 0.746 0.859 0.839 
0.773 0.797 0.816 0.908 0.882 1.149 0.926 0.879 0.844 0.867 
0.869 0.856 0.83 0.755 0.686 0.651 0.652 0.783 0.923 1.066 
0.988 1.164 1.094 1.433 1.345 1.4 1.223 1.112 1.32 1.25 
1.115 1.183 1.323 1.211 1.204 1.441 1.412 1.416 1.401 1.657 
1.798 1.863 2.121 2.247 2.512 2.876 3.598 4.765 5.467 5.074 
3.542 3.953 3.872 2.857 2.342 3.106 2.694 2.089 1.901 1.573 
1.525 1.548 1.153 1.232 1.115 0.954 0.834 0.768 0.702 0.693 
0.805 0.84 1.083 1.18 1.137 1.222 1.086 1.04 1.126 1.156 
0.954 1.047 1.126 1.16 1.129 1.24 1.427 1.387 1.463 1.888 
1.948 1.795 2.197 1.364 0.966 0.941 0.732 0.697 0.641 0.69 
0.782 0.98 1.065 1.346 1.428 1.364 1.484 1.826 1.827 2.355 
2.019 2.254 1.958 1.906 1.692 1.656 1.473 1.452 1.377 1.237 
1.149 1.118 1.086 1.015 1.007 0.968 0.992 0.831 0.918 0.964 
1.006 0.882 1.082 1.14 1.224 1.085 0.912 0.791 0.708 0.655 
0.734 0.785 0.874 1.005 1.108 1.591 2.541 2.861 6.149 6.865 
11.528 9.792 8.286 4.845 3.657 2.169 1.822 1.177 1.386 1.702 
1.936 2.567 2.032 1.55 2.149 2.092 1.311 1.185 1.148 0.91 
0.84 0.833 0.818 0.862 0.882 1.253 1.386 2.01 1.782 1.431 
1.078 1.018 0.909 1.015 1.032 1.023 1.081 1.484 1.714 2.506 
1.907 1.809 1.377 1.207 1.078 0.949 1.104 0.998 1.2 1.043 
1.188 1.223 1.192 1.01 1.012 1.09 1.152 1.543 2.629 4.372 
5.371 6.781 7.909 14.334 13.026 11.124 14.621 15.0 14.566 15.0 
15.0 14.148 12.719 15.0 15.0 14.33 14.699 15.0 15.0 15.0 
15.0 15.0 15.0 15.0 15.0 
END
