PFRMAT local QA
AUTHOR MASS-CASP14
af2-standard_T1185s2_3.pdb local_accuracy_only 15.0 15.0 15.0 15.0 15.0 15.0 14.64 11.928 9.294 6.935 5.285 
3.622 2.451 1.852 1.873 1.611 1.311 1.38 1.203 1.211 1.227 
1.242 1.157 1.139 1.256 1.157 1.058 1.312 1.724 1.713 1.577 
1.194 1.187 1.272 1.326 1.502 1.34 1.168 1.446 1.475 1.245 
1.225 1.379 1.448 1.224 1.132 1.578 1.694 1.727 1.44 1.563 
1.35 1.395 1.594 1.568 1.339 1.132 1.381 1.458 1.274 1.212 
1.4 1.337 1.245 1.411 1.578 1.809 1.692 2.098 2.464 2.958 
3.649 5.85 8.721 12.926 13.841 14.386 12.978 12.324 10.747 9.363 
7.299 6.449 4.635 3.617 3.648 3.679 3.762 3.468 3.028 3.208 
3.275 3.256 2.961 2.893 2.712 2.396 2.166 1.526 1.419 1.386 
1.514 1.517 1.563 1.708 1.694 1.488 1.923 1.82 1.809 2.084 
2.221 2.333 1.803 1.66 1.663 1.729 1.553 1.474 1.205 1.146 
1.195 1.148 1.082 1.128 1.435 1.735 2.002 1.514 1.769 1.689 
1.946 1.706 1.402 1.344 1.55 1.613 1.524 1.492 1.471 1.521 
1.425 1.304 1.27 1.58 1.792 1.754 1.793 2.075 1.997 1.833 
1.621 1.402 1.166 0.949 0.922 0.826 0.861 1.001 1.408 1.663 
1.951 1.746 1.463 1.687 1.868 1.956 1.763 1.483 1.755 1.7 
1.433 1.502 1.643 1.49 1.338 1.375 1.493 1.476 1.403 1.602 
1.862 1.952 2.272 2.735 3.338 3.885 4.67 5.901 6.19 5.814 
4.955 4.637 4.924 3.97 3.385 3.999 3.9 2.643 2.431 2.09 
2.28 1.752 1.423 1.411 1.439 1.286 1.039 1.197 1.074 1.057 
1.285 1.267 1.441 1.508 1.256 1.546 1.501 1.288 1.361 1.592 
1.476 1.334 1.644 1.595 1.436 1.747 1.77 1.631 1.612 1.971 
2.003 1.693 1.823 1.434 1.079 0.922 0.904 0.755 0.425 0.789 
1.017 1.148 1.571 1.541 1.778 1.988 2.356 2.618 3.292 3.463 
3.103 3.515 2.612 2.331 2.137 1.71 1.601 1.8 1.691 1.433 
1.402 1.641 1.567 1.266 1.396 1.462 1.359 1.164 1.164 1.203 
1.032 1.082 1.412 1.72 1.529 1.306 1.055 1.012 0.834 0.748 
0.763 0.88 1.106 1.507 1.581 2.349 3.043 3.49 4.642 5.617 
6.721 6.181 5.166 4.183 3.286 2.936 2.604 2.504 2.469 2.318 
2.52 2.637 2.268 1.803 1.877 2.101 1.58 1.505 1.166 1.059 
1.077 1.111 1.121 1.095 1.1 1.343 1.892 2.777 2.595 1.986 
1.426 1.208 1.311 1.177 1.021 1.13 1.141 1.379 1.842 2.268 
2.185 1.888 1.78 1.599 1.436 1.25 1.238 1.254 1.243 1.301 
1.662 1.815 1.788 1.495 1.247 1.503 1.742 1.887 2.159 2.246 
2.887 3.513 4.377 4.166 3.885 5.028 5.079 5.692 6.443 6.135 
7.203 7.68 8.357 7.061 7.763 6.692 8.313 6.541 8.208 8.143 
9.451 9.171 9.024 11.593 12.92 
END
