PFRMAT local QA
AUTHOR LAW-CASP14
af2-standard_T1145_3.pdb local_accuracy_only 7.686 7.514 5.124 2.981 1.837 1.285 1.0 0.993 0.921 0.987 1.173 
1.415 3.06 3.133 2.973 3.294 1.727 1.681 1.177 0.985 0.996 
0.867 1.15 1.395 1.604 3.421 3.817 3.296 3.166 2.002 2.29 
2.762 2.743 1.533 1.41 1.134 1.059 0.95 1.052 1.224 1.423 
2.158 2.14 1.522 1.192 0.922 0.888 0.897 1.045 1.201 1.593 
2.396 2.426 2.249 3.232 1.672 1.366 1.18 0.973 0.916 0.919 
0.956 1.122 1.439 1.667 4.41 5.656 6.154 5.963 6.069 4.318 
1.144 1.056 1.194 1.47 1.944 4.525 4.884 1.541 1.12 1.209 
1.158 1.467 1.952 2.102 1.231 1.184 1.046 1.054 1.091 1.288 
1.923 2.231 1.601 1.298 1.166 1.103 1.164 1.143 1.213 1.397 
1.523 1.978 1.866 1.615 1.505 1.186 1.222 1.062 0.991 1.082 
1.03 1.106 0.967 0.9 0.909 0.921 0.849 0.92 0.802 0.737 
0.803 0.773 0.866 0.819 0.962 0.97 1.053 1.227 1.219 1.567 
1.409 1.463 1.289 1.153 0.994 0.862 0.811 0.739 0.769 1.023 
1.14 1.346 1.014 0.983 1.094 1.08 1.182 1.226 1.053 1.008 
0.927 0.864 0.842 0.689 0.724 0.778 0.782 0.84 0.858 0.927 
1.051 0.975 0.915 0.739 0.786 0.728 0.849 0.948 1.025 1.219 
1.498 1.718 1.949 1.919 1.889 1.783 1.432 1.369 1.107 1.087 
0.936 0.875 0.864 0.796 0.914 0.869 1.063 1.18 3.067 2.928 
5.607 3.847 4.205 3.095 2.393 1.954 2.151 2.405 3.299 1.497 
1.648 1.411 1.381 1.267 1.434 1.262 1.526 2.203 3.146 1.749 
1.254 1.403 1.122 1.062 1.148 2.003 1.541 1.102 1.022 0.997 
1.04 1.078 0.996 1.075 1.068 2.145 1.627 2.697 1.526 2.438 
1.806 1.843 1.759 1.271 1.262 1.219 1.155 0.978 0.904 0.811 
0.803 0.889 0.87 0.903 0.824 0.968 0.967 1.093 1.476 1.782 
1.857 3.116 5.291 5.903 7.865 2.791 2.883 6.625 2.034 3.358 
1.259 1.043 0.887 0.842 0.792 0.78 0.737 0.746 0.797 0.911 
0.955 0.965 1.036 1.054 0.905 0.847 0.788 0.737 0.74 0.717 
0.808 0.862 0.9 1.035 1.056 1.49 1.399 1.299 1.752 2.153 
1.78 3.414 2.315 5.789 6.562 3.735 4.005 6.259 6.554 7.003 
6.27 6.148 6.695 9.055 7.958 9.263 10.002 3.14 1.138 0.806 
0.694 0.595 0.581 0.6 0.723 0.74 0.957 1.145 2.743 1.419 
2.056 2.828 4.283 6.478 5.693 5.448 4.019 4.764 6.102 7.646 
7.425 7.375 7.342 7.685 7.232 6.668 7.163 7.645 8.898 8.723 
9.05 10.032 10.452 11.47 14.96 14.802 14.13 14.706 13.579 13.594 
11.701 10.651 10.213 7.578 4.77 5.321 2.377 1.345 3.16 0.929 
0.846 0.757 0.695 0.701 0.826 1.228 1.545 1.809 5.497 3.161 
8.77 5.542 5.596 4.012 1.69 1.19 1.025 1.03 1.182 1.813 
2.048 2.568 3.153 3.257 3.888 3.952 3.52 3.202 2.472 2.392 
1.731 2.098 2.267 2.695 1.734 1.672 1.55 3.052 3.457 7.553 
10.629 12.464 15.0 14.05 15.0 15.0 14.186 13.111 8.361 6.193 
3.35 2.503 1.969 1.277 1.23 1.235 1.277 1.214 1.563 1.487 
1.428 1.359 1.302 1.555 1.176 0.916 0.894 0.85 1.028 1.637 
6.285 4.854 5.957 7.482 7.839 6.958 6.193 5.046 4.167 3.343 
3.549 2.794 2.287 1.978 1.159 1.307 1.18 1.07 0.938 0.992 
1.04 1.224 1.126 1.141 1.327 1.281 1.933 2.317 2.312 1.361 
1.354 1.13 1.015 0.907 1.068 0.941 1.02 1.046 1.271 1.198 
1.597 1.538 1.472 1.848 1.489 1.342 1.027 1.073 1.091 1.044 
1.069 1.142 1.303 0.98 0.724 0.654 0.594 0.58 0.599 0.655 
0.82 1.157 1.789 3.184 7.479 8.323 2.279 1.222 0.948 0.817 
0.808 0.906 1.056 1.037 1.331 1.504 1.232 1.605 1.817 2.744 
2.54 5.451 5.745 9.687 9.186 14.192 15.0 12.791 13.252 10.566 
9.9 7.401 6.66 2.89 6.259 8.564 9.284 8.986 2.763 3.983 
1.468 1.44 1.15 1.289 1.073 0.796 0.946 0.875 1.095 1.555 
8.412 8.705 9.462 5.582 7.405 5.634 7.705 8.075 9.659 8.652 
8.508 2.012 1.642 1.145 0.959 0.879 0.822 0.893 1.011 1.419 
0.827 0.948 1.719 2.023 2.409 2.385 2.468 2.35 1.878 1.509 
1.248 1.041 0.966 1.021 1.088 1.257 1.297 2.961 2.161 2.608 
2.495 2.595 1.596 1.397 1.081 1.16 0.983 1.183 1.173 1.223 
1.558 1.707 1.712 1.433 1.416 1.762 2.597 2.834 2.527 1.438 
1.313 1.225 1.494 1.561 2.241 1.899 2.523 1.769 1.64 1.198 
1.124 0.995 1.038 0.92 0.86 0.873 0.877 0.96 1.014 1.449 
1.991 1.938 1.544 1.313 1.164 0.976 0.981 0.828 0.912 0.766 
0.944 0.874 1.061 1.209 
END
