PFRMAT local QA
AUTHOR MASS-CASP14
af2-standard_T1145_3.pdb local_accuracy_only 9.448 8.031 6.841 4.861 3.143 1.955 1.555 1.363 1.253 1.224 1.565 
2.034 2.796 3.166 2.732 2.409 2.41 2.617 2.044 1.417 1.265 
1.166 1.268 1.389 1.523 2.285 2.94 4.194 3.984 3.296 3.165 
2.857 2.262 2.117 2.255 2.245 2.494 2.622 2.828 3.456 3.569 
3.952 3.459 2.902 1.966 1.729 1.506 1.621 1.649 1.498 1.859 
2.504 3.273 3.487 4.343 4.114 2.647 1.756 1.292 1.051 0.957 
1.206 1.355 1.629 2.394 2.989 5.191 6.173 5.915 4.353 3.054 
2.218 1.875 1.578 2.001 2.665 3.479 2.475 1.879 1.614 1.679 
1.636 2.089 2.265 2.175 1.82 1.606 1.467 1.668 1.565 1.858 
2.718 3.338 2.825 1.981 1.473 1.698 1.825 1.451 1.615 1.913 
2.259 3.205 4.243 4.769 4.439 4.54 3.787 3.338 2.867 2.859 
3.137 4.194 3.44 3.179 2.531 2.083 1.904 2.291 2.294 2.125 
1.448 1.588 1.285 1.334 1.19 1.18 1.248 1.414 1.846 2.151 
2.244 2.486 1.828 1.342 0.983 1.031 1.052 1.084 1.403 1.877 
1.994 2.048 1.611 1.449 1.239 1.149 1.521 1.724 1.627 1.522 
1.361 1.226 1.248 1.195 1.268 1.4 1.128 1.461 1.341 1.983 
2.208 1.838 1.37 1.273 1.077 0.996 0.936 0.995 0.931 1.011 
1.232 2.107 3.956 5.573 6.334 7.609 7.242 7.305 7.03 4.602 
3.814 3.348 3.405 3.065 3.299 3.584 4.381 5.744 6.762 8.697 
6.934 6.901 6.248 5.228 4.565 5.622 5.8 7.302 8.557 10.57 
9.846 10.743 8.514 7.848 6.221 6.281 5.131 4.727 3.452 2.282 
2.003 1.891 2.12 2.354 2.99 4.241 4.633 4.342 4.511 4.376 
3.937 2.937 2.55 2.191 1.936 2.077 2.402 2.03 2.017 1.778 
1.745 1.926 1.933 1.133 1.551 1.421 1.475 1.24 1.179 1.156 
1.321 1.422 1.322 1.24 1.159 1.363 1.702 1.774 1.874 2.639 
3.384 3.587 4.724 5.871 5.912 5.436 5.241 4.499 4.048 3.194 
2.933 2.446 2.305 1.857 1.452 1.363 1.176 1.236 1.216 1.328 
1.505 1.889 2.271 2.21 1.856 1.633 1.876 2.06 1.785 1.731 
1.823 2.136 2.605 3.462 4.039 4.706 5.263 6.493 8.388 8.195 
8.911 9.373 8.986 9.275 7.608 7.382 5.777 6.826 8.047 5.837 
5.215 4.558 4.265 3.912 4.147 4.271 3.514 2.312 1.843 1.353 
1.168 1.163 1.008 1.047 1.072 1.301 2.0 3.874 5.572 6.188 
6.213 5.751 5.304 4.876 4.867 4.65 4.869 6.241 6.991 7.426 
9.324 8.245 6.367 4.162 3.494 2.473 2.7 2.349 2.273 2.088 
2.319 2.639 2.964 3.532 4.731 5.942 6.875 6.932 6.671 8.271 
8.977 8.407 8.85 7.495 6.611 5.272 4.932 3.998 3.07 2.576 
2.142 2.016 1.826 2.113 2.022 1.999 2.648 3.19 3.735 4.265 
4.286 3.789 2.998 2.132 1.431 1.208 0.997 0.945 1.131 1.432 
1.988 2.362 2.715 2.975 3.384 3.469 3.07 2.222 1.729 1.362 
1.274 1.206 1.264 1.395 1.191 1.163 1.09 1.187 1.176 1.455 
1.725 2.164 2.624 4.086 4.838 6.378 6.617 5.913 4.74 4.398 
3.276 2.651 1.673 1.339 1.387 1.357 1.206 1.32 1.602 1.707 
1.947 2.128 2.183 2.243 1.874 1.277 1.224 1.233 1.303 1.67 
2.639 3.35 4.26 4.753 4.011 3.877 3.315 3.926 3.098 3.086 
2.781 2.562 3.22 3.289 2.918 2.367 1.916 1.357 1.419 1.295 
1.359 1.75 1.929 2.188 2.501 2.209 3.343 3.674 3.808 2.842 
2.209 1.784 1.362 1.372 1.104 1.01 1.057 0.959 1.233 1.342 
1.769 1.562 1.351 1.467 1.413 1.745 1.818 1.856 1.685 1.264 
1.941 2.36 2.032 1.686 1.265 1.116 0.966 0.992 0.849 0.851 
1.04 1.228 1.555 2.296 2.832 2.458 2.41 1.697 1.674 1.275 
1.29 1.334 1.611 1.543 1.721 1.744 2.134 2.225 3.201 3.085 
3.149 3.059 3.132 3.854 3.692 4.396 5.229 5.37 6.462 6.278 
6.234 5.593 5.803 5.032 5.053 4.633 4.102 3.899 3.242 2.316 
1.672 1.61 1.522 1.668 1.368 1.195 1.322 1.337 1.65 2.025 
3.081 3.665 4.679 5.459 4.821 5.261 4.199 3.992 3.658 3.374 
2.465 1.802 1.3 1.439 1.174 1.154 1.137 1.251 1.634 2.19 
1.982 2.152 2.358 2.507 2.501 2.782 2.501 2.336 1.953 1.581 
1.376 1.2 1.241 1.27 1.239 1.427 1.447 1.902 2.531 3.256 
3.57 3.014 2.093 1.473 1.404 1.151 0.906 0.854 0.964 1.119 
1.516 1.66 1.618 1.349 1.642 2.21 2.269 2.673 2.483 2.038 
1.726 1.485 1.42 1.29 1.378 1.582 1.88 1.878 1.642 1.284 
1.218 1.246 1.24 1.062 0.897 0.894 0.903 0.863 0.937 1.228 
1.582 2.098 1.94 1.9 1.623 1.566 1.366 1.371 1.282 1.238 
1.1 1.026 1.212 1.348 
END
