PFRMAT local QA
AUTHOR MASS-CASP14
af2-standard_T1188_2.pdb local_accuracy_only 12.733 11.611 10.799 10.543 10.488 11.59 12.078 12.583 12.993 13.965 14.92 
15.0 15.0 15.0 15.0 13.979 13.108 13.861 12.413 12.73 12.636 
10.161 6.567 4.345 3.236 1.946 1.387 1.145 0.927 0.904 0.836 
0.914 1.124 1.248 1.175 1.398 1.489 1.743 2.451 2.732 2.556 
2.575 2.159 1.745 1.866 1.924 1.878 1.887 1.617 1.854 2.167 
2.183 1.623 1.218 1.322 1.054 0.303 0.453 0.874 1.033 0.961 
1.027 1.103 1.095 1.442 1.818 1.822 1.704 1.601 1.505 1.479 
1.456 1.952 2.353 2.746 3.06 2.916 2.67 2.878 3.111 2.93 
2.905 3.012 3.108 3.121 3.362 3.023 2.025 2.295 2.413 2.318 
2.214 2.235 2.245 1.798 1.687 1.308 1.373 1.545 1.566 1.47 
1.57 1.645 1.38 1.776 1.872 2.021 1.943 2.38 1.777 1.731 
1.379 1.27 1.23 1.124 1.116 1.121 1.208 1.365 1.755 2.341 
2.743 3.036 3.411 2.637 1.88 1.997 1.862 1.404 1.33 1.541 
1.549 1.51 1.755 1.47 1.393 1.44 1.304 1.235 1.103 1.23 
1.149 0.889 0.0 0.0 0.0 0.064 1.608 1.686 1.85 1.809 
1.5 1.476 1.221 1.269 1.128 1.201 1.366 1.392 1.705 2.095 
2.578 2.814 3.301 3.352 3.274 3.674 4.17 4.262 5.153 4.687 
4.793 5.51 6.709 6.39 6.438 5.811 5.234 4.472 4.56 4.298 
2.848 2.689 2.806 2.476 2.05 1.95 2.098 1.781 1.625 1.68 
1.665 1.537 1.36 1.539 1.476 1.312 1.547 1.707 1.639 1.575 
1.797 1.756 1.875 2.098 2.165 2.357 2.282 2.55 2.229 2.047 
1.565 1.105 0.922 0.94 1.137 1.583 1.456 2.237 2.747 2.97 
2.897 2.963 2.528 2.394 3.103 3.091 3.382 2.534 2.539 2.173 
2.073 1.688 1.292 1.255 1.459 1.462 1.372 1.288 1.388 1.335 
1.313 1.407 1.786 1.955 2.188 2.66 2.929 3.433 4.543 5.773 
5.674 7.564 7.132 7.9 8.4 7.723 6.878 6.094 6.713 5.358 
4.791 4.929 4.485 5.23 6.222 6.084 5.591 6.025 6.145 5.674 
3.913 3.85 3.767 2.61 1.874 1.607 1.743 1.784 1.373 1.221 
1.23 1.325 1.125 1.495 1.864 1.85 1.707 1.527 1.363 1.303 
1.318 1.126 0.989 0.954 1.038 1.223 1.346 1.336 1.434 1.359 
1.462 1.366 1.499 1.447 1.871 2.185 2.444 3.492 4.056 4.983 
5.025 4.09 4.577 4.734 5.457 4.959 5.31 5.701 5.952 5.87 
6.388 7.03 7.533 7.182 9.532 8.837 9.306 9.013 9.867 8.688 
7.61 7.538 7.026 6.708 6.89 6.111 6.102 5.615 5.104 4.566 
4.127 4.061 3.604 3.268 2.906 2.906 2.761 2.72 3.064 2.594 
2.805 2.711 2.536 2.349 1.837 1.727 1.633 1.782 1.991 2.004 
1.993 2.43 2.245 2.095 2.509 2.651 2.702 2.609 2.637 2.204 
1.707 1.787 1.646 1.524 1.541 1.647 1.64 1.614 1.251 1.085 
1.228 1.22 1.159 1.053 1.295 1.647 2.574 3.077 2.448 1.878 
1.235 0.008 0.0 0.0 0.0 0.029 0.848 1.171 1.269 1.17 
1.208 1.249 1.342 1.269 1.339 1.314 1.272 1.158 1.59 2.035 
1.709 1.425 0.079 0.0 0.0 0.0 0.0 0.0 0.003 0.445 
0.92 0.961 1.057 1.198 1.504 2.005 2.491 3.076 3.067 2.881 
2.636 2.422 2.609 1.975 1.627 1.702 1.831 1.652 1.382 1.314 
1.578 1.629 1.602 1.608 1.924 2.216 2.405 2.404 2.105 2.455 
2.33 2.159 2.375 2.48 2.529 2.797 3.21 3.115 2.664 1.992 
1.66 1.529 1.428 1.305 1.336 1.349 1.655 1.674 2.736 3.146 
4.805 4.36 4.634 4.447 3.515 2.126 1.496 1.369 1.286 0.977 
1.021 0.934 1.133 1.416 1.834 2.83 4.13 6.615 8.215 7.568 
6.505 6.403 5.489 4.368 4.084 5.105 4.589 4.573 5.085 6.127 
6.678 7.017 5.05 3.878 3.014 3.012 3.131 2.758 2.804 2.515 
2.711 2.601 3.302 3.911 4.393 4.518 3.57 3.384 2.806 3.14 
3.623 3.887 4.101 3.802 4.019 3.683 4.067 4.15 3.44 3.451 
3.618 3.902 3.847 2.696 2.042 1.648 1.279 1.341 1.456 1.603 
2.291 2.238 2.767 3.478 4.131 4.06 3.23 2.618 2.103 2.226 
2.316 1.961 1.625 1.532 1.44 1.408 1.347 1.256 1.155 1.253 
1.535 1.932 2.772 3.39 4.28 4.155 3.853 3.376 3.361 2.614 
1.918 1.851 1.429 1.062 0.988 1.028 1.093 1.117 1.211 1.362 
2.088 2.726 2.711 2.072 1.944 1.72 1.53 1.482 1.376 1.434 
1.207 1.018 1.114 1.573 2.095 3.264 3.762 4.808 5.734 8.894 
13.985 15.0 15.0 15.0 15.0 15.0 15.0 15.0 15.0 15.0 
15.0 15.0 15.0 15.0 15.0 15.0 15.0 15.0 15.0 15.0 
15.0 15.0 14.672 15.0 15.0 15.0 15.0 15.0 15.0 
END
