PFRMAT local QA
AUTHOR LAW-CASP14
af2-standard_T1188_2.pdb local_accuracy_only 15.0 15.0 15.0 15.0 15.0 15.0 15.0 15.0 15.0 15.0 15.0 
15.0 15.0 15.0 15.0 15.0 15.0 15.0 15.0 10.757 7.846 
4.848 3.034 1.619 1.272 1.027 0.613 0.628 0.53 0.559 0.603 
0.622 0.771 0.837 1.046 1.103 1.454 1.613 2.712 3.515 1.539 
2.196 2.029 1.358 1.408 1.183 1.284 1.219 1.049 0.894 0.786 
0.862 0.74 0.632 0.616 0.518 0.52 0.501 0.545 0.552 0.654 
0.595 0.677 0.779 0.821 0.927 0.875 0.782 0.863 0.836 0.864 
0.919 0.892 1.045 1.158 1.266 1.128 1.091 1.309 1.601 1.48 
2.193 2.008 3.839 3.364 5.202 4.234 2.451 1.933 1.986 1.649 
1.72 1.791 1.368 1.482 1.206 1.109 1.066 1.115 1.152 1.003 
1.197 1.2 1.12 0.905 1.309 1.105 0.946 0.993 0.884 0.687 
0.615 0.557 0.535 0.533 0.533 0.566 0.639 0.64 0.791 1.308 
0.984 0.901 1.325 1.092 0.879 0.95 0.974 0.871 0.723 0.829 
0.901 0.896 0.957 0.861 0.761 0.872 0.789 0.713 0.66 0.698 
0.693 0.648 0.702 0.799 0.85 0.668 0.847 1.13 0.992 0.975 
0.618 0.63 0.569 0.495 0.536 0.528 0.605 0.599 0.673 0.762 
0.718 0.878 0.906 1.198 1.138 1.493 1.586 2.61 4.874 10.563 
8.407 7.01 7.237 4.184 3.058 1.977 1.628 1.452 1.38 1.249 
0.934 0.956 0.931 0.841 0.729 0.748 0.744 0.669 0.612 0.744 
0.734 0.647 0.707 0.802 0.825 0.689 0.788 0.886 0.815 0.733 
0.929 0.96 0.914 1.005 1.138 1.128 1.161 1.297 1.11 1.041 
0.799 0.647 0.556 0.513 0.502 0.552 0.549 0.737 0.772 1.081 
1.104 1.254 0.972 0.956 1.079 0.989 0.907 0.87 0.961 1.044 
1.22 1.078 0.928 0.859 1.113 0.878 0.668 0.637 0.574 0.525 
0.527 0.532 0.595 0.668 0.68 0.655 0.717 0.792 0.858 1.456 
2.067 1.578 2.302 1.562 1.043 0.878 0.68 0.674 0.678 0.807 
0.735 0.889 1.437 1.433 2.997 4.532 3.289 3.748 3.766 3.643 
1.532 2.592 1.523 1.219 0.962 0.769 0.871 1.056 0.93 0.854 
0.974 1.028 0.983 1.032 1.147 1.188 1.103 0.945 0.863 0.967 
0.904 0.681 0.611 0.547 0.557 0.601 0.603 0.665 0.693 0.677 
0.694 0.715 0.87 0.945 1.438 1.419 1.238 1.669 1.772 2.57 
2.503 1.878 1.82 1.866 1.725 1.177 1.488 1.306 1.192 1.611 
1.657 1.871 1.663 2.416 3.974 4.413 4.918 8.074 9.222 10.819 
14.436 15.0 13.109 9.06 4.318 2.466 1.902 1.386 1.921 2.422 
2.089 4.818 5.378 6.463 10.338 12.333 9.934 11.583 9.11 9.603 
6.804 2.753 1.371 1.089 1.096 1.112 0.926 0.786 1.117 1.348 
1.448 2.13 2.398 2.081 2.389 2.872 2.844 2.172 2.752 2.016 
1.342 1.116 0.868 0.791 0.759 0.705 0.718 1.01 0.762 0.69 
0.618 0.635 0.595 0.745 0.857 1.194 1.512 1.957 1.496 1.19 
0.978 0.801 0.633 0.604 0.601 0.63 0.638 0.813 0.704 0.637 
0.731 0.864 0.761 0.691 0.883 0.98 1.05 0.922 1.342 1.533 
1.76 1.522 1.003 0.76 0.658 0.576 0.547 0.641 0.662 0.726 
0.772 0.911 0.827 0.964 1.086 1.619 1.818 2.719 2.087 2.072 
1.429 1.227 1.17 1.202 0.928 0.942 1.069 1.075 0.95 1.04 
1.423 1.229 1.078 1.55 1.696 1.883 1.889 1.573 0.987 1.163 
1.082 1.22 1.401 1.539 1.581 1.545 1.558 1.779 2.255 2.241 
1.782 1.799 1.786 2.772 6.183 9.46 15.0 15.0 15.0 15.0 
15.0 15.0 15.0 15.0 15.0 15.0 15.0 13.807 10.019 5.051 
3.236 2.705 2.571 2.866 2.515 2.58 6.501 13.26 12.899 11.72 
9.643 7.481 3.359 1.88 6.698 10.881 7.882 11.704 11.684 12.373 
13.603 13.787 11.849 9.4 8.7 12.198 12.824 13.605 4.115 1.895 
1.498 1.389 1.601 2.51 3.816 6.977 11.274 13.815 15.0 15.0 
15.0 15.0 15.0 15.0 15.0 13.483 14.292 12.181 10.074 6.33 
3.733 3.181 4.023 2.769 2.091 3.033 2.876 3.916 8.954 13.679 
14.333 14.958 15.0 15.0 15.0 15.0 14.292 13.568 7.827 7.813 
4.927 3.529 3.871 3.838 4.763 7.115 7.495 13.133 15.0 15.0 
15.0 15.0 15.0 15.0 15.0 15.0 12.263 9.764 5.653 6.36 
1.875 1.642 1.385 1.038 0.981 1.042 1.101 1.236 1.297 1.231 
2.242 4.846 2.141 1.713 1.376 1.181 1.308 1.332 1.099 0.959 
0.994 0.992 1.155 1.479 2.573 10.086 15.0 15.0 15.0 15.0 
15.0 15.0 15.0 15.0 15.0 15.0 15.0 15.0 15.0 15.0 
15.0 15.0 15.0 15.0 15.0 15.0 15.0 15.0 15.0 15.0 
15.0 15.0 15.0 15.0 15.0 15.0 15.0 15.0 15.0 
END
