PFRMAT local QA
AUTHOR LAW-CASP14
af2-standard_T1134s1_3.pdb local_accuracy_only 3.408 3.104 1.695 2.275 1.533 1.795 1.82 1.531 1.52 1.692 1.749 
1.477 1.376 1.41 1.383 1.117 1.148 1.169 1.113 1.024 1.131 
1.142 1.103 1.127 1.066 1.195 1.146 1.018 1.082 1.266 1.213 
1.077 1.313 1.368 1.256 1.138 0.918 0.945 1.075 1.183 1.33 
1.438 1.444 1.314 1.124 0.983 0.944 0.842 0.905 1.05 0.988 
1.027 1.162 1.292 1.605 1.772 2.435 2.561 2.325 1.945 1.76 
1.402 1.26 1.124 0.958 0.934 0.92 0.818 0.799 0.872 0.843 
0.798 0.886 0.959 0.937 0.857 0.885 0.768 0.8 0.871 0.899 
1.098 1.373 1.556 1.144 1.185 0.85 0.825 0.792 0.704 0.748 
0.769 0.794 0.764 0.906 1.015 1.171 1.006 0.897 0.858 0.839 
0.751 0.781 0.788 0.742 0.812 0.789 0.815 0.829 0.783 0.774 
0.867 0.862 0.753 0.763 0.786 0.866 0.913 0.876 0.875 0.784 
0.77 0.721 0.728 0.752 0.786 0.798 0.824 1.109 1.02 1.25 
1.027 0.908 0.953 0.894 0.746 0.874 0.84 0.852 0.935 0.906 
0.878 1.126 0.97 1.216 1.066 1.082 1.018 0.908 0.874 1.042 
1.036 0.951 0.816 0.788 0.849 0.77 0.737 0.746 0.781 0.783 
0.834 0.913 0.866 0.906 0.816 0.85 0.759 0.831 0.825 0.852 
0.873 0.816 0.905 0.99 0.94 0.905 0.872 0.84 0.92 0.854 
0.879 0.862 0.907 0.934 0.916 0.854 0.795 0.78 0.902 0.891 
0.776 0.832 0.847 0.849 0.869 0.968 1.02 1.256 1.824 4.952 
6.424 5.764 4.518 3.319 2.288 2.062 1.839 1.2 0.976 1.076 
1.039 0.908 0.909 0.956 0.891 0.913 1.031 0.961 0.907 1.05 
0.992 1.262 1.232 1.296 1.172 1.506 1.518 1.274 1.84 
END
