PFRMAT local QA
AUTHOR MASS-CASP14
af2-standard_T1134s1_3.pdb local_accuracy_only 4.336 2.61 2.195 1.979 1.649 1.924 1.792 1.352 1.44 1.916 2.305 
2.055 1.724 1.672 1.604 1.367 1.461 1.546 1.433 1.376 1.712 
2.013 2.041 1.854 1.67 1.894 1.704 1.375 1.542 1.605 1.426 
1.564 2.063 2.302 1.961 1.883 1.655 2.0 2.021 2.182 2.264 
2.29 2.695 2.668 2.078 2.006 1.762 1.845 1.717 1.64 1.526 
1.46 1.538 1.656 1.751 2.003 2.567 3.152 2.715 2.248 2.215 
2.116 2.187 1.748 1.522 1.53 1.329 1.177 1.3 1.258 1.181 
1.239 1.702 2.042 1.977 1.666 1.518 1.469 1.564 1.694 1.707 
2.168 2.57 3.203 3.156 2.801 2.043 1.384 1.165 1.316 1.321 
1.188 1.283 1.224 1.563 1.962 2.277 2.17 1.981 1.844 1.327 
1.23 1.448 1.373 1.209 1.255 1.439 1.683 1.761 1.454 1.645 
1.82 1.956 1.772 1.597 2.011 2.166 2.545 2.476 2.193 1.613 
1.551 1.434 1.319 1.416 1.551 1.509 1.545 1.87 2.243 2.259 
2.045 1.823 1.768 1.715 1.514 1.589 1.49 1.259 1.314 1.752 
1.882 1.855 1.67 1.579 1.462 1.531 1.579 1.628 2.061 2.284 
2.203 2.434 2.208 1.912 1.738 1.597 1.736 1.723 1.588 1.429 
1.67 1.625 1.576 1.488 1.353 1.489 1.399 1.138 1.236 1.275 
1.109 1.25 1.609 1.677 1.602 1.471 1.626 1.748 1.731 1.793 
1.873 1.79 2.053 2.022 1.767 1.353 1.302 1.259 1.467 1.523 
1.322 1.241 1.343 1.548 1.649 1.855 2.125 2.597 3.001 2.874 
2.707 2.56 2.073 1.826 1.829 1.48 1.58 1.525 1.457 1.598 
1.513 1.336 1.405 1.503 1.332 1.254 1.459 1.771 1.877 1.987 
2.093 1.967 1.801 2.055 2.199 2.582 2.878 2.815 4.182 
END
