PFRMAT local QA
AUTHOR MASS-CASP14
af2-standard_T1158v1_1.pdb local_accuracy_only 12.771 10.864 8.93 6.429 5.818 5.861 3.946 3.092 2.26 2.424 2.152 
2.704 2.653 3.919 4.303 5.102 4.72 4.408 4.434 4.05 3.766 
3.43 3.398 3.112 3.067 2.724 2.708 2.914 3.019 2.546 2.548 
2.84 3.439 3.918 5.055 4.977 5.26 4.807 4.148 4.698 4.808 
4.593 3.903 3.567 3.417 3.648 3.828 3.994 5.697 6.085 6.642 
4.86 3.555 3.286 2.397 1.795 1.692 1.921 2.046 1.849 2.218 
2.529 2.511 2.267 2.605 2.855 3.079 2.852 3.09 3.378 3.48 
3.959 4.157 4.911 4.892 4.452 4.336 3.56 2.954 2.54 2.645 
2.421 2.628 2.33 2.635 3.184 3.206 3.748 4.743 5.593 5.594 
4.651 5.571 4.663 5.242 5.258 5.668 5.091 5.034 5.039 4.932 
4.508 3.963 2.917 2.484 2.465 2.197 1.692 1.562 1.637 1.447 
1.295 1.36 1.437 1.69 1.493 1.408 1.81 1.947 2.092 2.402 
2.936 2.926 3.587 3.588 3.898 3.409 3.251 3.089 2.757 2.526 
2.893 2.796 2.571 2.85 2.812 2.634 2.627 2.861 2.964 2.513 
2.671 2.759 2.572 2.59 2.486 2.563 2.522 2.468 2.36 2.155 
2.337 2.425 2.002 2.235 2.238 2.139 1.842 1.572 1.557 1.431 
1.476 1.282 1.39 1.386 1.293 1.275 1.226 1.248 1.083 1.078 
1.163 1.292 1.111 1.243 1.533 1.402 1.284 1.301 1.238 1.191 
1.29 1.711 2.013 2.455 2.609 4.216 4.672 5.006 5.251 5.122 
4.63 3.29 2.541 2.924 2.725 2.259 2.08 2.172 2.671 2.24 
2.025 2.458 2.488 2.122 2.872 2.84 2.831 3.278 3.297 3.998 
4.19 3.806 3.801 3.753 3.873 3.909 3.646 3.475 3.092 2.699 
2.817 2.978 2.726 2.93 2.817 3.425 3.128 2.696 2.776 3.531 
3.558 3.419 4.188 4.886 4.483 5.012 5.12 6.07 5.48 5.869 
5.513 5.541 5.613 5.977 6.075 6.79 6.548 6.903 6.345 6.308 
5.504 5.097 4.232 4.345 3.713 3.615 3.574 4.011 4.034 3.272 
3.436 5.325 5.003 4.726 4.567 4.926 3.983 4.155 3.519 2.802 
2.589 2.169 2.212 2.669 2.333 2.579 2.438 2.213 2.051 2.488 
2.589 1.929 2.222 2.005 2.005 2.17 2.272 2.75 3.087 2.961 
2.853 2.722 2.143 1.821 2.074 2.201 2.415 2.047 2.817 3.305 
2.634 2.423 2.318 2.602 2.303 1.817 1.879 2.436 2.049 1.758 
2.05 2.575 2.554 2.58 2.25 2.696 3.391 3.336 2.956 3.089 
3.333 3.155 3.507 3.66 3.52 3.764 3.961 3.817 3.711 3.67 
4.196 4.456 4.479 4.178 4.04 4.129 3.761 4.017 4.418 4.275 
3.985 3.154 3.239 2.985 2.457 2.488 2.479 2.162 2.026 1.731 
1.831 1.917 1.942 2.173 1.969 1.974 2.316 2.795 3.213 2.61 
2.613 2.667 2.836 2.654 3.136 3.302 3.176 3.236 3.711 3.254 
2.664 2.725 2.654 2.571 2.177 2.286 2.555 2.25 2.656 2.33 
2.336 2.422 2.324 2.239 1.777 1.993 2.003 1.796 1.751 1.835 
2.021 2.23 2.424 2.801 3.938 5.345 5.712 5.467 6.134 7.073 
7.835 6.696 6.779 6.957 5.993 4.295 3.209 2.324 1.714 1.35 
1.492 1.631 1.672 1.626 1.928 1.993 2.696 3.236 4.073 4.894 
5.016 4.245 4.734 3.831 3.146 2.517 2.201 2.236 2.024 2.024 
1.703 1.544 1.456 1.34 1.445 1.797 1.716 1.621 1.43 1.297 
1.262 1.221 1.183 1.414 1.828 2.132 2.289 2.119 1.964 1.7 
2.048 1.91 1.575 1.471 1.615 1.795 1.87 1.639 1.854 1.967 
1.864 2.232 2.53 2.621 2.44 2.084 1.833 1.508 1.413 1.524 
1.492 1.509 1.355 1.37 1.374 1.516 1.683 2.196 2.872 3.18 
2.74 2.41 2.161 1.925 1.762 1.394 1.261 1.109 1.228 1.329 
1.45 1.422 1.627 1.811 2.315 3.138 3.48 3.347 3.316 3.401 
3.341 2.443 2.327 2.401 2.228 2.019 1.724 1.965 2.355 2.056 
2.433 2.532 3.228 3.551 3.361 2.869 2.974 3.082 2.896 3.065 
2.729 2.372 2.143 1.786 1.832 1.809 1.899 2.093 2.523 2.787 
3.044 2.816 2.829 2.295 2.311 2.54 2.685 2.447 2.125 2.104 
2.114 1.811 1.797 1.882 2.047 2.062 2.147 2.094 2.007 2.467 
2.119 1.906 1.478 1.133 1.02 1.05 1.109 1.349 1.396 1.692 
1.704 2.168 2.787 2.528 2.52 2.698 2.554 2.049 2.047 2.319 
1.967 1.88 1.848 2.22 2.183 2.21 2.366 2.48 2.728 2.723 
2.296 2.507 2.552 2.034 1.613 1.535 1.48 1.46 1.662 1.997 
2.459 2.621 2.856 2.816 2.654 2.574 2.564 2.726 2.246 1.975 
1.595 1.418 1.344 1.243 1.366 1.771 1.914 1.692 1.835 1.681 
1.723 1.651 1.802 1.613 1.702 1.907 2.59 2.807 2.529 2.646 
2.912 2.724 2.747 2.702 2.195 2.157 2.406 2.354 2.477 2.465 
3.59 5.089 6.881 7.291 8.604 9.348 8.083 9.827 8.727 8.22 
10.643 13.595 13.699 15.0 13.559 15.0 13.99 15.0 15.0 15.0 
15.0 15.0 15.0 15.0 15.0 13.174 11.918 9.929 10.177 7.61 
8.341 8.065 9.251 9.2 8.825 7.451 6.713 7.557 6.499 8.098 
7.884 9.951 10.494 15.0 14.968 15.0 15.0 15.0 15.0 15.0 
14.096 15.0 11.029 9.384 12.739 11.054 12.672 12.284 12.869 12.245 
10.848 7.976 6.09 5.129 3.264 2.833 2.8 2.27 1.875 1.789 
2.185 2.33 2.37 2.952 3.45 4.342 6.255 6.893 7.318 8.407 
8.795 8.042 6.418 7.197 7.159 7.406 6.305 6.343 6.037 5.022 
4.544 4.22 4.187 3.446 2.778 2.341 2.538 2.153 2.182 2.341 
2.408 2.412 2.216 2.535 2.375 2.85 2.237 2.642 2.949 3.924 
4.091 4.687 5.567 6.134 7.059 9.813 11.841 14.033 15.0 15.0 
15.0 13.542 15.0 8.754 5.779 4.605 3.667 3.053 2.318 2.637 
2.213 2.242 1.859 2.336 2.41 2.502 2.52 2.813 3.226 2.931 
3.161 3.277 3.456 3.534 3.1 3.076 3.692 4.132 4.049 3.806 
3.986 4.054 4.254 4.423 4.03 4.098 4.287 3.48 3.204 3.409 
3.139 2.558 2.115 2.108 1.762 1.448 1.366 1.679 1.688 1.442 
1.412 1.684 1.618 1.523 1.587 1.901 2.306 2.294 2.18 2.13 
2.194 2.124 2.024 2.343 2.533 2.109 1.772 2.035 1.943 1.541 
1.567 1.769 1.694 1.763 1.552 1.773 1.73 1.395 1.71 1.776 
1.539 1.828 1.82 1.652 1.53 1.616 1.7 1.556 1.551 1.846 
1.809 1.634 1.851 1.735 1.789 1.728 1.833 1.917 1.945 1.818 
2.378 2.307 2.519 2.744 3.047 3.079 3.225 3.278 3.54 3.425 
4.416 4.442 4.457 4.993 5.179 5.349 5.136 5.064 4.718 3.913 
4.655 4.238 3.673 4.266 4.864 4.436 3.57 4.057 3.943 3.83 
3.391 3.259 3.354 2.804 2.563 2.668 2.472 1.964 2.175 2.624 
2.646 3.224 4.445 4.957 4.899 5.071 6.226 4.864 3.113 2.679 
2.652 2.397 2.115 2.186 2.667 2.846 2.438 2.548 2.895 2.675 
3.106 2.751 2.471 2.627 2.887 2.998 2.956 2.38 2.559 2.702 
2.258 1.941 2.159 2.334 2.12 2.102 2.594 2.415 2.485 2.556 
2.415 2.102 2.063 2.231 2.551 2.64 2.765 3.008 3.029 3.091 
3.017 3.035 2.782 2.919 2.669 2.534 2.268 2.61 2.519 2.198 
2.039 2.052 1.953 2.074 2.122 2.386 2.548 2.539 2.557 2.5 
2.676 2.604 2.379 2.364 2.459 2.492 2.515 2.76 3.04 3.369 
3.313 2.901 2.693 2.629 2.691 3.179 2.734 2.367 2.601 2.537 
2.841 2.366 2.318 2.448 2.361 2.235 2.564 2.375 2.49 2.819 
2.272 2.177 2.193 2.254 2.159 1.963 2.423 2.483 2.677 2.881 
2.802 2.299 2.745 3.102 3.038 3.02 3.086 3.664 3.434 3.779 
3.588 3.296 3.189 3.287 3.395 3.924 4.294 3.774 4.087 3.245 
3.335 3.269 3.179 3.021 2.956 3.29 3.575 3.588 3.297 2.948 
2.858 3.114 2.777 2.524 2.376 2.478 2.106 1.838 1.52 1.248 
1.222 1.218 1.464 1.565 1.705 1.603 1.807 2.25 3.088 3.229 
4.064 4.104 4.498 4.404 3.548 3.333 2.89 2.797 2.435 2.37 
2.384 2.388 2.579 2.31 2.449 3.238 3.175 2.685 2.119 2.172 
1.996 2.142 1.929 2.04 2.175 2.617 2.47 2.262 2.137 1.915 
1.968 1.782 1.589 1.381 1.58 1.926 1.8 1.669 1.548 1.636 
1.819 1.911 1.717 1.702 1.689 1.516 1.204 1.289 1.279 1.49 
2.044 2.005 1.992 2.409 3.23 4.265 3.228 2.869 2.416 2.613 
2.42 2.265 2.098 1.996 1.801 1.553 1.382 1.345 1.256 1.706 
2.237 2.921 2.845 2.401 2.121 2.197 2.207 2.12 1.89 1.561 
1.426 1.592 1.247 1.014 1.189 1.467 1.806 2.261 2.754 2.647 
2.648 2.541 2.668 2.292 1.832 1.977 2.093 2.232 2.001 2.181 
2.344 2.355 2.271 2.346 2.722 3.173 3.395 2.884 3.097 3.834 
4.387 4.467 4.297 4.744 4.371 4.707 4.83 5.009 3.696 4.362 
4.506 4.595 3.942 3.774 3.5 2.748 2.27 2.243 2.334 2.101 
1.957 2.172 2.085 1.927 1.992 2.134 2.184 2.3 2.528 2.27 
2.332 2.897 3.137 2.571 2.285 1.785 1.402 1.473 1.538 1.761 
1.915 2.058 2.26 2.514 2.856 2.408 2.314 2.811 2.998 2.822 
2.477 2.827 2.245 2.013 2.042 2.259 2.319 1.838 2.439 3.21 
3.05 2.892 3.313 3.344 2.559 2.046 1.896 1.684 1.618 1.552 
1.962 1.996 2.006 1.907 1.899 1.99 1.787 1.861 2.078 2.064 
1.889 1.407 1.233 1.206 1.227 1.327 1.76 1.813 1.481 1.48 
1.354 1.359 1.258 1.348 1.578 1.611 1.668 1.843 2.177 1.936 
2.386 3.222 3.427 4.17 4.025 3.363 3.186 3.088 3.089 3.506 
3.603 3.518 4.326 5.207 4.852 5.587 5.863 6.458 4.818 4.602 
5.0 4.59 3.671 4.014 4.27 4.137 3.681 3.907 4.335 4.534 
4.304 5.158 5.368 6.212 6.055 6.684 7.847 7.549 8.9 9.225 
10.502 11.482 12.768 13.407 14.478 12.775 15.0 12.444 14.346 12.548 
15.0 14.717 15.0 13.94 12.985 15.0 15.0 14.667 15.0 15.0 
15.0 15.0 15.0 15.0 15.0 15.0 15.0 13.484 14.141 13.621 
14.142 15.0 15.0 15.0 15.0 15.0 15.0 15.0 15.0 
END
