PFRMAT local QA
AUTHOR LAW-CASP14
af2-standard_T1158v1_1.pdb local_accuracy_only 15.0 15.0 15.0 15.0 10.835 8.144 6.364 2.483 1.519 1.704 1.487 
4.058 8.303 7.529 10.231 8.892 8.756 7.729 3.725 7.103 2.637 
1.426 1.022 0.93 1.038 1.593 0.824 1.069 1.2 1.232 0.996 
1.456 1.444 1.267 1.409 2.04 1.639 1.382 1.089 1.105 1.049 
1.522 1.192 0.93 1.034 1.013 0.766 1.194 1.113 1.126 0.911 
0.866 0.686 0.789 1.003 0.732 0.691 0.839 0.889 0.769 0.851 
1.05 1.12 1.123 1.383 1.644 1.812 2.236 2.598 2.879 3.248 
3.745 4.868 4.981 5.563 4.363 3.917 2.622 1.811 1.286 1.572 
1.636 1.313 1.274 1.578 1.533 1.326 1.757 1.867 2.6 2.827 
2.052 3.691 4.354 2.565 4.169 6.139 3.784 3.038 4.586 3.722 
2.532 2.305 2.479 2.268 1.74 1.317 1.605 1.627 1.28 1.647 
1.728 1.332 1.149 1.601 1.559 1.057 1.127 1.321 1.054 1.017 
1.342 1.558 3.168 4.585 6.734 4.672 4.766 3.952 3.069 2.918 
2.971 3.061 2.459 2.61 2.526 2.256 1.914 2.762 2.637 2.324 
1.815 2.437 2.013 1.726 1.649 1.812 1.557 0.966 1.054 1.232 
1.068 0.722 0.878 1.007 0.76 0.601 0.722 0.714 0.624 0.551 
0.634 0.636 0.55 0.567 0.544 0.566 0.517 0.574 0.51 0.5 
0.529 0.535 0.52 0.478 0.56 0.571 0.524 0.545 0.607 0.65 
0.773 0.894 1.2 0.995 1.157 1.503 1.732 1.487 1.526 1.077 
1.303 1.257 1.028 0.923 1.114 1.014 0.821 0.965 1.023 0.943 
0.748 0.851 0.879 0.697 0.726 0.834 0.847 0.784 0.813 1.072 
0.964 1.275 1.365 1.476 1.566 1.843 1.585 1.5 1.316 1.298 
1.09 0.976 0.962 0.896 0.822 0.838 0.884 0.849 0.911 1.07 
1.069 0.945 0.98 0.944 0.936 0.86 0.894 0.944 1.005 0.962 
1.139 1.104 1.309 1.417 1.593 1.762 1.963 1.789 2.122 1.856 
1.852 1.536 1.558 1.37 1.293 1.146 1.123 1.166 1.142 0.973 
1.095 1.087 1.02 0.854 0.941 0.915 0.813 0.809 0.866 0.793 
0.766 0.758 0.817 0.8 0.748 0.83 0.885 0.771 0.783 0.985 
0.89 0.757 0.803 0.781 0.724 0.739 0.651 0.648 0.719 0.808 
0.841 0.981 0.979 0.893 0.893 0.905 0.816 0.771 0.794 0.794 
0.747 0.71 0.727 0.729 0.693 0.64 0.718 0.752 0.713 0.741 
0.855 0.919 0.975 1.029 1.169 1.274 1.301 1.412 1.542 1.571 
1.507 1.576 1.594 1.558 1.449 1.242 1.285 1.691 1.285 1.09 
1.12 1.311 1.11 1.055 1.115 1.505 1.123 1.133 1.307 1.432 
1.345 1.494 1.556 1.541 1.329 1.452 1.074 1.124 1.063 1.115 
1.077 1.108 0.961 1.122 1.083 0.988 1.028 1.159 1.199 1.17 
1.429 1.495 1.602 1.794 2.086 2.329 1.848 2.011 2.544 2.285 
1.469 2.151 1.9 1.21 1.242 1.498 1.206 0.985 1.306 1.326 
1.061 1.122 1.269 1.117 0.899 1.097 1.023 0.858 0.785 0.96 
0.851 0.875 0.837 0.978 2.514 8.671 10.781 12.373 12.109 13.669 
12.538 9.609 12.961 9.691 8.502 3.924 1.651 1.443 1.266 1.336 
1.34 1.556 1.582 1.433 1.456 1.277 1.453 1.26 1.709 2.206 
3.405 2.451 2.801 2.127 1.542 1.47 1.426 1.455 1.756 1.423 
1.474 1.282 1.33 0.996 1.145 1.0 0.979 0.917 0.829 0.82 
0.799 0.712 0.857 1.285 1.926 6.139 2.221 1.56 1.388 1.011 
0.96 1.21 1.066 0.837 0.984 1.046 1.053 0.86 1.195 0.884 
1.071 1.173 1.312 1.419 1.448 1.756 1.53 1.374 1.465 1.42 
1.636 1.154 0.78 0.687 0.68 0.744 0.764 1.125 1.223 1.762 
1.231 0.907 0.861 0.786 0.888 0.845 0.872 0.87 0.9 0.991 
0.884 0.928 1.103 1.13 1.382 1.359 2.088 1.99 2.43 2.079 
1.812 1.399 1.349 1.232 1.168 1.014 1.046 1.057 1.018 0.954 
1.096 1.056 1.16 1.256 1.202 1.158 1.354 1.406 1.143 1.287 
1.003 1.142 0.921 0.947 0.954 0.903 0.93 1.046 0.981 0.98 
1.005 1.578 1.441 1.449 2.304 1.895 1.861 1.351 1.128 1.332 
1.134 0.96 0.962 0.958 0.981 1.0 0.813 0.939 0.956 0.903 
0.861 0.737 0.716 0.602 0.598 0.612 0.729 0.771 0.876 1.054 
1.1 1.427 1.576 1.422 1.513 1.402 1.418 1.236 1.192 1.222 
1.16 0.994 1.012 1.196 1.045 1.051 1.053 1.125 1.312 1.121 
0.976 1.174 1.011 0.755 0.732 0.665 0.583 0.661 0.712 0.995 
1.537 2.385 2.421 2.944 2.48 2.134 2.487 2.225 1.476 1.256 
1.066 1.022 0.976 1.04 1.173 1.46 1.613 1.417 1.521 1.541 
1.419 1.273 1.335 1.512 1.76 2.109 7.167 6.302 8.214 11.581 
11.332 12.921 15.0 15.0 15.0 15.0 15.0 15.0 15.0 15.0 
15.0 15.0 15.0 15.0 15.0 15.0 15.0 15.0 15.0 15.0 
15.0 15.0 15.0 15.0 15.0 15.0 15.0 15.0 15.0 15.0 
15.0 15.0 15.0 15.0 14.15 13.737 11.378 10.571 9.843 6.516 
6.825 6.374 7.019 8.599 11.584 14.672 15.0 15.0 15.0 15.0 
15.0 15.0 15.0 15.0 15.0 15.0 15.0 15.0 15.0 15.0 
15.0 15.0 15.0 15.0 15.0 15.0 15.0 15.0 15.0 13.27 
11.658 10.325 7.539 6.073 3.338 2.369 1.784 1.43 1.34 1.173 
1.148 1.035 0.82 0.935 1.091 0.809 0.869 1.33 2.075 2.664 
3.332 3.287 3.049 4.552 4.534 3.288 4.342 4.629 3.182 2.954 
2.742 3.298 2.294 1.584 2.733 2.782 2.136 2.473 3.416 2.807 
2.823 2.851 2.65 2.185 1.887 2.092 2.931 1.824 6.45 5.303 
6.452 9.925 11.035 11.898 12.46 14.158 15.0 15.0 15.0 15.0 
15.0 15.0 15.0 15.0 15.0 15.0 15.0 11.738 12.878 11.625 
10.962 9.436 7.968 6.503 7.685 6.394 5.201 4.777 3.399 3.921 
2.288 3.974 3.79 2.769 2.27 2.448 2.295 1.918 1.671 2.186 
2.033 1.426 1.229 1.272 1.046 0.917 0.85 0.857 0.76 0.69 
0.739 0.718 0.67 0.636 0.641 0.645 0.587 0.616 0.63 0.636 
0.627 0.678 0.756 0.647 0.63 0.759 0.791 0.82 0.787 0.999 
0.884 0.884 1.101 1.072 0.998 1.154 0.983 0.99 0.844 0.786 
0.725 0.72 0.779 0.688 0.711 0.71 0.757 0.717 0.727 0.773 
0.757 0.729 0.786 0.78 0.786 0.744 0.697 0.735 0.657 0.696 
0.655 0.643 0.612 0.742 0.637 0.647 0.766 0.778 0.703 0.816 
1.028 0.894 0.938 1.12 1.115 1.225 1.517 1.441 1.2 1.775 
1.932 4.992 3.782 5.904 7.102 6.032 5.664 5.928 4.299 2.477 
2.422 2.083 1.599 1.244 1.387 1.233 0.957 0.976 1.046 0.938 
0.776 0.898 0.962 0.881 0.75 0.822 0.803 0.635 0.751 0.831 
0.771 0.759 1.016 1.015 0.776 0.892 0.96 0.814 0.667 0.709 
0.714 0.604 0.575 0.665 0.677 0.585 0.546 0.611 0.588 0.555 
0.619 0.68 0.624 0.68 0.676 0.672 0.813 0.815 0.829 1.033 
1.0 0.865 0.782 0.871 0.781 0.576 0.637 0.611 0.587 0.571 
0.563 0.557 0.554 0.508 0.556 0.548 0.518 0.472 0.526 0.555 
0.519 0.547 0.577 0.568 0.555 0.593 0.596 0.607 0.631 0.609 
0.667 0.755 0.751 0.87 0.828 0.978 1.056 1.297 1.207 1.493 
1.849 1.544 1.911 2.25 2.336 1.908 2.202 2.192 1.939 1.634 
1.871 1.613 1.314 1.071 1.0 1.147 1.211 1.012 1.041 1.243 
1.002 1.138 1.111 1.046 0.988 0.993 0.982 0.851 0.891 0.88 
0.778 0.745 0.809 0.763 0.676 0.837 0.968 0.81 1.017 1.46 
1.43 1.153 2.255 2.59 1.59 1.843 2.916 1.754 1.243 2.045 
1.518 0.957 1.043 1.335 0.97 0.867 1.273 1.235 1.219 1.211 
1.119 1.363 1.317 1.198 1.686 3.976 6.074 5.023 3.365 2.055 
2.132 1.771 1.371 1.052 0.791 0.819 0.755 0.671 0.678 0.679 
0.716 0.777 0.826 1.012 0.925 1.247 1.167 1.787 1.764 4.981 
7.307 7.924 6.116 5.121 1.894 1.621 1.163 1.206 1.213 1.025 
0.944 0.812 0.791 0.673 0.711 0.696 0.695 0.577 0.555 0.552 
0.624 0.599 0.696 0.945 1.472 2.283 1.52 1.142 0.974 0.824 
0.908 1.045 0.851 0.746 0.775 0.814 0.733 0.664 0.779 0.778 
0.929 0.92 0.979 1.007 0.996 0.853 0.784 0.767 0.78 0.793 
0.91 0.987 1.084 1.048 1.976 2.005 2.29 2.246 0.989 0.823 
1.06 0.783 0.65 0.652 0.684 0.631 0.664 0.616 0.699 0.841 
1.072 1.635 1.384 1.482 1.526 1.359 1.462 1.945 2.054 2.283 
1.733 1.825 1.717 1.364 1.715 1.233 1.908 2.493 3.392 2.086 
2.331 1.548 1.481 1.401 1.308 1.257 1.23 1.148 1.15 1.238 
1.242 1.179 1.321 1.364 1.351 1.667 2.031 1.816 2.115 2.595 
2.914 3.259 2.748 2.445 2.493 2.809 2.579 2.697 1.942 2.176 
1.501 1.531 1.783 2.728 4.643 3.731 3.765 2.947 2.219 1.629 
1.515 1.198 1.174 1.117 0.939 0.965 1.04 1.035 0.826 1.026 
1.055 0.94 0.958 0.771 0.717 0.565 0.58 0.531 0.59 0.677 
0.856 1.154 1.67 1.71 2.59 2.824 2.864 3.134 2.526 2.304 
2.046 1.872 1.542 1.247 1.299 1.292 1.183 1.155 1.181 1.207 
1.202 0.842 1.072 0.903 0.655 0.608 0.498 0.525 0.577 0.602 
0.773 1.121 1.449 1.315 1.581 1.325 0.864 1.246 1.482 0.821 
0.731 0.676 0.725 0.696 0.776 0.815 0.933 1.043 1.025 1.021 
0.93 0.909 0.944 0.87 0.907 1.04 1.172 2.083 1.557 1.472 
2.171 2.511 3.055 4.249 4.344 2.778 2.592 2.277 3.508 4.504 
4.228 3.657 5.318 5.938 6.432 8.591 9.92 8.352 7.659 6.846 
7.53 7.447 3.571 4.157 5.651 3.715 2.922 4.9 6.685 5.025 
3.866 8.363 9.446 8.882 10.333 12.562 13.288 15.0 15.0 15.0 
15.0 15.0 15.0 15.0 15.0 15.0 15.0 15.0 15.0 15.0 
15.0 15.0 15.0 15.0 15.0 15.0 15.0 15.0 15.0 15.0 
15.0 15.0 15.0 15.0 15.0 15.0 15.0 15.0 15.0 15.0 
15.0 15.0 15.0 15.0 15.0 15.0 15.0 15.0 15.0 
END
