PFRMAT local QA
AUTHOR MASS-CASP14
af2-standard_T1157s1_1.pdb local_accuracy_only 5.248 3.556 2.738 2.577 2.525 2.042 2.051 2.191 1.996 1.498 1.568 
1.734 1.416 1.183 1.459 1.48 1.428 1.341 1.608 1.392 1.347 
1.447 1.65 1.26 1.255 1.141 1.218 1.168 1.101 1.043 1.091 
1.302 1.967 1.848 1.573 1.417 1.525 2.021 2.174 2.873 3.197 
3.696 4.962 5.428 5.097 5.219 5.005 4.05 3.977 4.117 3.476 
3.409 3.015 2.424 2.532 2.747 2.861 1.996 1.786 1.54 1.431 
1.517 1.428 1.628 1.473 1.356 1.485 1.5 1.373 1.75 1.639 
1.701 2.372 3.019 3.92 4.708 6.154 7.711 8.126 10.23 8.863 
7.139 4.876 3.506 2.566 1.871 1.691 1.87 1.762 1.372 1.584 
1.627 1.464 1.304 1.593 1.659 1.42 1.607 2.061 2.091 1.961 
2.087 2.376 2.634 3.027 3.465 4.379 5.214 6.511 8.272 8.138 
8.089 7.295 6.046 4.388 3.459 2.586 1.81 1.834 1.837 2.096 
1.81 1.659 1.409 1.681 1.732 1.463 1.618 1.489 1.372 1.32 
1.462 1.387 1.249 1.251 1.196 1.213 1.101 1.13 1.245 1.272 
1.102 1.115 1.442 1.879 2.094 1.96 1.742 2.163 2.413 3.372 
3.984 3.747 4.011 4.541 5.526 7.272 8.125 9.043 8.512 9.409 
8.765 8.606 7.293 7.71 6.908 6.287 5.213 5.488 6.077 7.383 
7.12 5.362 4.569 2.745 2.41 2.188 1.926 1.55 1.324 1.246 
1.434 1.447 1.142 1.129 1.19 1.146 1.227 1.399 1.352 1.255 
1.326 1.325 1.294 1.327 1.561 1.783 1.916 1.747 1.719 1.255 
1.204 1.138 1.388 1.139 1.175 1.233 1.268 1.644 1.971 1.81 
1.838 2.289 2.482 2.97 3.578 3.764 3.439 4.512 4.137 4.351 
5.036 5.158 4.898 5.283 6.29 7.22 7.359 6.268 6.072 4.951 
4.193 3.599 3.226 2.569 2.112 1.881 1.618 1.415 1.177 1.247 
1.247 1.296 1.295 1.314 1.266 1.206 1.241 1.282 1.336 1.239 
1.36 1.437 1.251 1.396 1.512 1.568 1.385 1.689 1.61 1.49 
1.241 1.105 1.164 1.331 1.346 1.192 1.296 1.436 1.366 1.341 
1.401 1.6 1.481 1.51 1.742 1.738 2.047 2.312 2.649 2.407 
2.536 2.003 1.603 1.596 1.606 1.182 1.083 1.165 1.341 1.735 
1.63 1.473 1.443 1.3 1.491 1.959 1.637 1.61 1.443 1.47 
1.295 1.324 1.467 1.23 1.209 1.366 1.374 1.373 1.444 1.492 
1.602 1.618 1.407 1.409 1.569 1.722 1.525 1.476 1.836 2.356 
2.91 3.1 3.372 3.479 4.389 6.059 7.186 8.983 10.304 11.656 
12.095 12.883 13.442 13.058 10.556 9.176 7.296 6.143 4.641 4.995 
4.496 4.014 4.293 4.918 5.797 5.823 7.851 7.289 6.908 6.442 
6.115 5.702 4.312 3.388 2.416 2.32 2.292 1.737 1.594 1.617 
1.923 1.657 1.562 1.98 1.821 1.563 1.594 1.615 1.438 1.259 
1.588 1.864 2.123 2.145 2.728 3.708 4.614 5.17 4.776 3.576 
3.04 2.674 2.266 2.626 2.171 2.107 2.302 2.544 3.333 3.463 
2.773 2.96 2.214 2.358 2.455 2.669 2.508 2.595 3.047 3.206 
3.611 3.69 4.064 4.043 3.563 3.183 2.78 2.367 1.936 1.878 
1.897 1.953 1.835 1.871 1.513 1.698 1.542 1.281 1.367 1.601 
1.556 1.66 1.857 1.641 1.913 1.933 1.976 1.652 1.614 1.946 
1.851 1.818 1.35 1.261 1.251 1.143 1.112 1.221 1.356 1.67 
1.924 3.062 3.936 4.014 3.999 4.008 4.89 4.857 4.87 3.575 
2.714 2.252 2.018 1.869 1.66 1.565 1.588 1.543 1.585 1.505 
1.585 1.704 1.84 1.86 1.78 1.405 1.403 1.555 1.426 1.51 
1.561 1.513 1.325 1.221 1.33 1.48 1.441 1.326 1.291 1.449 
1.494 1.285 1.124 1.511 1.417 1.234 1.466 1.676 1.498 1.164 
1.127 1.452 1.639 1.282 1.191 1.127 0.983 1.018 1.012 1.252 
1.209 1.336 1.854 1.746 1.499 1.238 1.23 1.282 1.286 1.321 
1.391 1.647 1.608 1.443 1.453 1.301 1.254 1.295 1.227 1.286 
1.438 1.556 1.589 1.642 1.859 1.718 1.675 1.817 2.244 2.365 
2.174 2.411 2.216 2.203 2.511 2.466 2.81 2.973 2.433 1.871 
1.376 1.283 1.34 1.455 1.403 1.259 1.194 1.07 0.928 1.124 
1.377 1.774 2.773 3.886 5.491 8.075 14.148 15.0 15.0 15.0 
15.0 15.0 15.0 15.0 15.0 15.0 15.0 15.0 10.673 10.699 
8.398 8.305 7.42 7.061 7.391 8.769 9.845 9.583 7.13 6.651 
5.22 4.393 3.882 3.522 3.806 4.097 5.082 5.728 6.052 6.379 
6.854 7.135 7.29 6.969 6.786 5.992 4.82 6.043 5.752 4.364 
3.904 3.002 2.491 2.176 2.554 2.168 2.418 2.576 2.581 2.188 
2.406 2.602 2.906 3.325 4.399 4.667 6.323 7.192 9.561 13.158 
15.0 15.0 15.0 15.0 15.0 15.0 15.0 15.0 15.0 15.0 
12.663 11.118 9.827 11.185 10.755 8.613 6.018 5.333 3.759 2.963 
2.492 2.072 2.308 2.739 3.25 3.869 4.563 3.713 3.485 4.455 
5.508 5.863 5.095 4.545 4.104 3.581 3.816 3.118 2.811 2.506 
2.049 1.743 1.514 1.509 1.328 1.5 1.419 1.508 1.609 2.234 
3.029 4.018 5.763 7.695 10.135 11.986 13.312 11.686 10.001 10.345 
9.999 8.017 6.786 6.31 5.37 4.987 4.736 3.938 2.52 2.051 
1.961 1.966 2.199 2.482 2.655 2.54 2.024 1.449 1.425 1.455 
1.845 1.826 1.608 1.66 1.662 1.289 1.182 1.198 1.209 1.189 
1.304 1.291 1.471 2.418 3.478 4.068 3.119 2.661 1.659 1.257 
1.186 1.112 1.109 1.057 1.137 1.267 1.65 1.632 1.577 1.454 
2.145 2.727 2.709 2.284 1.697 1.526 1.463 1.557 1.759 2.098 
2.557 2.308 2.325 2.846 2.841 2.797 2.964 2.524 2.467 2.054 
1.994 2.043 1.956 2.245 2.8 3.21 4.035 4.067 4.468 4.99 
3.984 3.704 3.568 3.658 3.77 4.714 5.435 6.382 6.699 8.885 
14.444 14.093 15.0 15.0 15.0 15.0 15.0 15.0 15.0 14.722 
15.0 15.0 15.0 15.0 15.0 15.0 15.0 14.254 15.0 15.0 
15.0 15.0 15.0 15.0 15.0 15.0 15.0 15.0 15.0 15.0 
13.657 11.299 9.499 8.434 7.851 9.284 9.898 13.592 11.789 15.0 
12.096 11.469 9.442 8.347 6.785 5.953 6.159 6.155 6.656 6.106 
6.09 5.975 6.788 6.692 7.233 6.908 7.984 8.279 9.311 10.603 
13.181 12.7 14.62 15.0 15.0 15.0 15.0 13.477 13.009 12.322 
11.246 8.465 7.107 6.098 6.369 6.067 5.742 5.714 5.952 5.353 
4.909 3.934 3.55 4.345 4.771 4.616 5.657 4.737 3.6 3.606 
3.296 3.785 2.819 3.659 4.563 5.354 6.29 6.679 7.724 8.37 
9.508 9.577 10.816 10.398 9.259 7.631 8.042 8.108 6.749 7.158 
7.588 7.476 6.353 5.184 4.551 3.526 3.01 2.663 2.345 2.348 
1.969 1.577 1.593 1.783 1.746 2.05 2.548 2.627 2.883 4.512 
3.829 3.245 2.729 3.16 3.689 5.204 4.938 6.309 6.673 6.707 
4.57 2.028 1.85 1.488 1.246 1.236 1.243 1.348 1.664 1.887 
1.635 1.499 1.551 1.767 1.746 1.621 1.317 1.71 1.513 1.455 
1.788 1.852 1.825 2.208 2.45 2.292 2.469 2.414 1.499 1.242 
1.219 1.012 0.892 0.911 0.86 0.95 1.182 1.923 2.788 3.902 
5.209 5.566 5.906 5.968 4.647 3.634 2.496 2.496 2.245 2.083 
2.226 2.153 2.814 3.47 3.124 2.655 2.814 3.601 4.143 4.645 
4.08 3.435 2.755 2.185 1.774 1.69 1.372 1.16 1.145 1.174 
1.225 1.155 1.229 1.765 1.951 2.212 2.662 2.849 2.417 2.381 
2.486 2.541 2.405 3.029 3.563 4.001 3.098 2.037 1.675 1.676 
1.614 1.806 1.919 1.674 1.841 1.792 1.665 1.931 2.575 2.56 
2.408 1.78 1.453 1.323 1.327 1.367 1.168 1.349 1.6 1.97 
2.926 3.687 4.982 7.257 9.289 8.663 9.659 9.669 
END
