PFRMAT local QA
AUTHOR LAW-CASP14
af2-standard_T1157s1_1.pdb local_accuracy_only 1.651 1.454 1.051 1.123 1.345 1.015 0.915 1.106 1.03 0.789 0.876 
0.94 0.86 0.782 0.895 0.899 0.825 0.823 0.947 0.909 0.768 
0.911 0.954 0.944 0.771 0.795 0.834 0.782 0.756 0.657 0.724 
0.783 0.804 0.989 1.086 1.04 0.898 0.861 0.797 1.343 2.409 
4.266 6.872 7.566 5.874 4.126 2.708 2.036 1.734 1.441 1.453 
1.396 1.007 1.076 1.072 1.389 1.214 0.928 0.805 0.723 0.652 
0.741 0.687 0.654 0.652 0.659 0.639 0.604 0.729 0.706 0.738 
0.835 1.106 1.091 1.406 2.032 3.789 4.954 2.987 4.156 3.212 
1.608 1.947 1.582 1.463 1.022 0.958 1.095 0.95 0.811 0.993 
0.974 0.848 0.796 0.942 0.919 0.882 0.966 1.075 1.149 1.433 
1.705 1.225 1.432 1.895 2.976 3.181 3.371 2.94 2.625 2.786 
2.028 3.194 3.004 2.317 2.087 1.435 0.831 1.048 0.87 0.864 
0.856 0.802 0.702 0.64 0.574 0.539 0.616 0.601 0.526 0.559 
0.578 0.56 0.511 0.527 0.563 0.517 0.487 0.507 0.523 0.539 
0.59 0.67 0.693 0.893 1.001 0.919 0.865 0.978 1.022 1.279 
1.486 1.235 1.558 1.238 1.775 2.257 2.818 2.907 2.183 2.639 
1.932 2.025 2.691 1.703 1.841 1.232 1.349 1.624 1.691 2.378 
2.026 2.283 1.686 1.477 1.032 1.085 0.828 0.782 0.611 0.549 
0.717 0.618 0.49 0.537 0.615 0.554 0.504 0.588 0.622 0.6 
0.649 0.825 0.691 0.743 1.099 0.872 1.264 0.936 0.777 0.689 
0.671 0.738 0.671 0.669 0.66 0.723 0.708 0.817 0.836 0.832 
1.003 1.422 1.581 1.917 2.249 2.539 1.659 2.461 1.735 2.453 
4.08 6.405 9.013 10.224 14.029 13.712 13.165 12.897 12.274 10.82 
7.908 3.848 2.398 1.874 1.389 1.148 0.962 0.764 0.669 0.622 
0.552 0.6 0.549 0.534 0.527 0.544 0.552 0.571 0.549 0.507 
0.552 0.575 0.543 0.595 0.699 0.725 0.734 0.763 0.676 0.699 
0.744 0.544 0.563 0.689 0.62 0.494 0.53 0.558 0.508 0.487 
0.56 0.602 0.547 0.592 0.685 0.702 0.781 0.846 0.992 1.045 
0.754 0.784 0.713 0.972 0.884 0.891 0.872 1.078 0.921 1.203 
1.246 0.981 1.142 1.198 1.236 1.577 1.612 1.559 0.995 0.94 
0.887 0.862 0.828 0.726 0.663 0.686 0.568 0.532 0.534 0.575 
0.59 0.531 0.584 0.571 0.612 0.61 0.685 0.726 0.872 0.957 
1.567 1.896 6.529 7.383 9.017 9.618 8.122 9.659 9.324 8.456 
13.606 15.0 15.0 15.0 15.0 15.0 15.0 15.0 9.779 8.825 
5.606 3.368 4.305 5.483 4.091 4.615 4.871 4.579 4.078 3.697 
5.342 2.735 0.974 1.17 0.948 0.772 0.813 0.769 0.599 0.597 
0.832 0.523 0.524 0.665 0.585 0.546 0.536 0.609 0.617 0.641 
0.683 0.693 0.749 0.824 0.857 1.075 1.202 1.469 1.403 1.045 
0.927 0.883 0.981 1.153 1.256 1.174 1.5 1.22 1.529 1.667 
1.178 1.337 1.636 1.91 1.868 2.066 1.614 1.291 1.129 1.088 
1.037 0.943 0.816 0.775 0.84 0.751 0.746 0.834 0.849 0.766 
0.914 1.047 1.108 1.041 0.833 0.769 0.74 0.676 0.643 0.669 
0.665 0.619 0.678 0.708 0.687 0.79 0.841 0.832 0.84 0.962 
0.953 1.042 0.943 0.954 1.111 1.456 1.531 1.685 1.659 2.005 
1.798 2.227 2.406 1.824 2.114 2.348 2.336 2.776 2.946 2.319 
2.043 1.396 1.119 0.842 0.753 0.703 0.583 0.65 0.608 0.575 
0.583 0.598 0.626 0.582 0.595 0.604 0.624 0.61 0.665 0.72 
0.682 0.812 0.802 0.884 0.685 0.753 0.865 0.813 0.707 0.795 
0.8 0.732 0.729 0.86 0.776 0.787 0.864 0.884 0.933 0.836 
0.861 0.86 0.957 0.916 0.839 0.816 0.815 0.863 1.043 1.247 
1.71 1.44 2.088 2.125 1.509 1.299 1.05 0.868 0.766 0.697 
0.652 0.633 0.601 0.61 0.592 0.647 0.588 0.561 0.617 0.668 
0.615 0.588 0.629 0.693 0.672 0.677 0.789 0.861 0.924 1.127 
1.04 1.161 1.159 1.025 1.515 2.455 3.355 2.617 1.314 0.961 
0.708 0.651 0.615 0.615 0.564 0.594 0.571 0.684 0.598 0.939 
0.915 1.341 2.697 13.739 15.0 15.0 15.0 15.0 15.0 15.0 
15.0 15.0 15.0 15.0 15.0 15.0 15.0 15.0 14.294 12.292 
6.922 7.872 8.709 7.961 10.957 10.76 11.998 9.93 8.291 1.935 
1.931 1.665 1.504 1.353 1.755 1.368 2.401 5.018 6.814 8.772 
10.97 11.248 9.356 5.033 1.859 2.575 1.298 1.999 2.428 1.629 
1.844 1.388 1.287 1.29 1.197 0.991 1.104 1.283 1.311 1.142 
1.601 1.422 2.189 3.713 4.808 8.52 9.77 15.0 15.0 15.0 
15.0 15.0 15.0 15.0 15.0 15.0 15.0 15.0 14.723 12.194 
8.309 6.163 3.026 2.564 2.169 3.004 1.941 1.791 1.575 1.258 
0.998 1.439 1.324 1.309 2.639 3.256 6.942 3.106 5.16 7.842 
9.045 8.006 3.303 2.45 1.878 1.775 1.736 1.603 1.613 1.916 
1.244 1.199 0.998 1.029 1.12 1.162 1.477 1.691 2.349 3.257 
7.269 9.792 13.19 15.0 15.0 15.0 15.0 15.0 15.0 13.877 
11.997 11.492 11.359 10.837 5.55 7.191 2.846 3.062 1.857 1.705 
1.483 1.484 1.471 1.489 1.777 1.395 1.239 1.211 1.257 1.287 
1.483 1.653 1.677 2.376 2.082 1.613 1.36 1.153 1.037 0.932 
0.872 0.905 1.082 1.717 2.6 2.995 2.373 1.363 0.852 0.77 
0.842 0.854 0.971 1.176 1.187 1.465 1.395 1.426 1.299 1.094 
1.078 0.907 1.159 1.064 0.994 0.976 1.173 1.226 1.309 1.373 
1.509 1.389 1.223 1.463 1.593 1.387 1.625 1.493 1.506 1.337 
1.241 1.157 1.163 1.169 2.634 2.45 3.638 3.193 2.76 2.571 
2.506 2.474 2.825 2.322 2.851 3.012 6.49 7.563 13.0 14.194 
10.024 10.484 12.528 11.176 12.934 15.0 15.0 15.0 15.0 15.0 
15.0 15.0 15.0 15.0 15.0 15.0 15.0 15.0 15.0 15.0 
15.0 15.0 15.0 15.0 15.0 15.0 15.0 15.0 15.0 15.0 
15.0 15.0 15.0 15.0 15.0 15.0 15.0 15.0 15.0 12.111 
11.764 10.428 10.307 8.928 7.408 6.402 6.466 8.831 9.313 7.569 
5.958 8.428 8.949 9.542 8.694 10.379 7.81 6.523 8.871 9.222 
6.734 9.874 11.302 12.411 10.834 11.959 14.9 13.328 13.474 15.0 
15.0 13.345 10.829 10.3 9.451 6.818 5.342 5.729 5.442 7.999 
6.978 9.299 4.418 7.582 2.659 1.978 1.81 1.8 1.421 1.85 
1.722 2.043 2.121 1.673 2.781 2.97 2.875 2.994 4.025 4.166 
5.176 3.956 3.009 5.996 7.576 10.172 13.319 12.374 13.945 13.536 
13.812 10.349 7.287 5.343 4.532 3.808 2.794 2.284 1.394 1.722 
1.317 1.233 1.202 1.772 1.536 1.989 1.271 1.352 0.984 1.346 
1.207 1.159 1.154 1.171 1.307 1.198 1.084 0.984 1.137 1.053 
0.973 1.024 0.833 0.917 1.157 1.087 1.437 1.01 1.028 0.977 
0.842 0.818 0.89 0.972 0.833 0.848 0.864 1.053 0.927 0.956 
1.053 1.314 1.227 1.446 1.4 1.332 1.05 1.008 1.014 0.926 
0.884 0.888 0.755 0.762 0.8 0.962 1.046 1.269 1.712 2.237 
4.203 7.444 7.727 8.451 7.319 5.584 4.636 2.926 2.572 1.733 
1.813 1.531 1.62 1.447 1.37 1.096 1.278 1.223 1.275 1.836 
1.588 1.484 1.272 1.174 1.375 1.291 1.254 1.006 1.226 1.145 
0.944 1.169 1.017 1.549 1.24 1.417 1.479 1.632 1.48 1.505 
1.932 2.018 1.8 1.865 2.35 2.081 2.297 2.028 2.17 2.354 
2.834 2.707 2.784 1.989 1.288 0.992 0.865 0.962 0.914 1.307 
1.275 0.843 0.791 0.766 0.883 0.928 0.908 1.029 1.143 1.406 
1.676 2.018 4.03 8.009 6.007 10.673 11.397 13.356 
END
