PFRMAT local QA
AUTHOR MASS-CASP14
af2-standard_T1188_5.pdb local_accuracy_only 13.296 11.747 10.074 9.46 9.598 10.622 10.89 10.605 11.183 12.868 14.437 
15.0 15.0 15.0 15.0 13.815 12.842 14.171 14.609 14.832 13.718 
10.485 6.562 4.197 2.982 1.888 1.374 1.192 0.953 0.984 0.9 
0.979 1.139 1.238 1.169 1.408 1.472 1.734 2.444 2.828 2.633 
2.652 2.303 1.861 1.975 2.026 1.976 1.948 1.633 1.96 2.27 
2.21 1.666 1.265 1.351 1.15 1.058 0.981 0.96 1.045 0.957 
1.017 1.089 1.097 1.458 1.782 1.792 1.722 1.583 1.485 1.515 
1.439 1.908 2.235 2.561 2.791 2.674 2.402 2.521 2.716 2.522 
2.607 2.771 2.884 2.934 3.038 2.877 2.007 2.276 2.41 2.414 
2.308 2.345 2.32 1.899 1.698 1.317 1.395 1.556 1.554 1.447 
1.557 1.636 1.351 1.725 1.806 1.932 1.832 2.263 1.694 1.67 
1.345 1.243 1.221 1.14 1.112 1.14 1.25 1.431 1.823 2.458 
2.813 3.238 3.628 2.784 1.954 2.107 1.933 1.48 1.394 1.604 
1.571 1.564 1.828 1.494 1.392 1.514 1.313 1.244 1.144 1.266 
1.214 1.199 1.163 1.378 1.133 1.41 1.778 1.746 1.906 1.78 
1.496 1.499 1.217 1.261 1.133 1.179 1.352 1.353 1.694 1.994 
2.459 2.665 3.083 2.99 2.999 3.328 3.549 3.275 3.511 3.247 
3.136 3.541 4.311 3.98 3.383 3.029 2.798 2.455 2.73 2.786 
2.11 2.267 2.551 2.308 1.913 1.794 1.954 1.71 1.558 1.662 
1.66 1.553 1.379 1.556 1.489 1.319 1.549 1.697 1.631 1.553 
1.771 1.711 1.839 2.076 2.149 2.336 2.313 2.552 2.259 1.935 
1.581 1.112 0.956 1.028 1.172 1.578 1.506 2.303 2.741 2.803 
2.82 3.039 2.583 2.444 3.143 3.111 3.394 2.534 2.515 2.164 
2.041 1.669 1.303 1.261 1.432 1.487 1.403 1.32 1.402 1.35 
1.332 1.419 1.803 1.945 2.192 2.671 2.89 3.367 4.353 5.584 
5.41 7.004 6.614 7.304 7.833 7.204 6.385 5.492 5.925 4.822 
4.189 4.435 3.863 4.706 5.319 5.272 5.084 6.012 6.097 5.94 
4.119 3.796 3.744 2.617 1.836 1.559 1.685 1.745 1.37 1.217 
1.238 1.312 1.112 1.479 1.888 1.901 1.791 1.552 1.351 1.291 
1.302 1.135 0.988 0.95 1.023 1.185 1.328 1.315 1.387 1.29 
1.386 1.267 1.374 1.413 1.747 2.01 2.358 3.412 4.153 5.107 
5.096 4.54 5.28 5.32 6.094 5.497 5.489 5.309 5.577 5.11 
5.512 6.002 6.331 6.172 8.625 8.649 9.385 8.995 10.231 8.96 
8.321 8.145 7.605 7.146 7.385 6.568 6.734 6.306 6.246 5.721 
5.597 5.538 5.413 4.947 4.717 4.443 3.914 3.381 3.486 2.61 
2.748 2.509 2.219 2.062 1.661 1.595 1.558 1.633 1.894 1.978 
1.97 2.351 2.187 2.023 2.406 2.55 2.476 2.411 2.616 2.182 
1.737 1.804 1.719 1.543 1.55 1.658 1.67 1.659 1.289 1.11 
1.275 1.261 1.187 1.08 1.301 1.693 2.56 3.056 2.397 1.846 
1.24 0.006 0.0 0.0 0.0 0.008 0.559 1.155 1.275 1.179 
1.214 1.253 1.347 1.267 1.346 1.321 1.287 1.161 1.572 1.984 
1.64 1.332 0.024 0.0 0.0 0.0 0.0 0.0 0.003 0.586 
0.946 1.008 1.139 1.358 1.76 2.364 2.93 3.73 3.654 3.264 
2.884 2.536 2.745 2.083 1.693 1.779 1.914 1.718 1.418 1.355 
1.644 1.662 1.617 1.617 1.867 2.053 2.288 2.261 1.995 2.264 
2.235 2.113 2.369 2.489 2.582 2.879 3.344 3.271 2.765 2.08 
1.725 1.608 1.48 1.366 1.4 1.402 1.747 1.733 2.718 3.207 
5.005 4.444 4.562 4.321 3.419 2.123 1.503 1.37 1.284 0.977 
1.041 0.954 1.138 1.448 1.869 2.858 4.137 6.572 7.851 7.262 
6.485 6.283 5.4 4.498 4.277 5.582 4.669 4.598 4.99 6.111 
6.921 7.397 5.054 3.922 2.92 2.948 2.923 2.457 2.608 2.292 
2.444 2.338 2.985 3.666 4.101 4.201 3.253 3.062 2.557 2.945 
3.391 3.733 4.029 3.897 4.253 3.938 4.388 4.637 3.68 3.646 
4.061 4.373 4.303 2.973 2.265 1.789 1.381 1.372 1.492 1.495 
2.047 2.014 2.271 2.838 3.191 2.781 2.26 1.896 1.726 1.863 
2.128 1.857 1.566 1.486 1.45 1.447 1.398 1.286 1.194 1.261 
1.516 1.891 2.767 3.258 4.359 4.574 4.516 4.193 4.057 3.214 
2.138 2.022 1.516 1.152 1.042 1.072 1.135 1.21 1.275 1.417 
2.245 2.935 2.999 2.326 2.149 1.868 1.609 1.552 1.437 1.48 
1.216 1.033 1.174 1.556 2.049 3.127 3.678 4.788 5.969 8.268 
12.787 15.0 15.0 15.0 15.0 15.0 15.0 15.0 15.0 15.0 
15.0 15.0 15.0 15.0 15.0 15.0 15.0 15.0 15.0 15.0 
15.0 15.0 15.0 15.0 15.0 15.0 15.0 15.0 15.0 
END
