PFRMAT local QA
AUTHOR LAW-CASP14
af2-standard_T1188_5.pdb local_accuracy_only 15.0 15.0 15.0 15.0 15.0 15.0 15.0 15.0 15.0 15.0 15.0 
15.0 15.0 15.0 15.0 15.0 15.0 15.0 15.0 15.0 11.955 
6.319 4.057 1.645 1.207 0.909 0.607 0.638 0.533 0.56 0.601 
0.621 0.741 0.796 1.005 1.152 1.378 1.583 2.588 3.037 1.525 
2.152 1.982 1.362 1.4 1.196 1.298 1.27 1.069 0.884 0.762 
0.795 0.714 0.623 0.61 0.524 0.532 0.507 0.551 0.558 0.656 
0.614 0.709 0.781 0.836 0.919 0.836 0.745 0.826 0.879 0.884 
0.877 0.901 0.987 1.081 1.148 1.044 1.018 1.224 1.456 1.35 
1.919 1.766 3.416 3.029 4.742 3.541 2.359 1.769 1.809 1.52 
1.609 1.695 1.455 1.414 1.124 1.062 1.035 1.101 1.135 0.991 
1.16 1.185 1.069 0.882 1.239 1.062 0.887 0.953 0.846 0.676 
0.632 0.571 0.55 0.541 0.544 0.595 0.656 0.647 0.787 1.276 
0.951 0.917 1.29 1.121 0.916 0.955 0.989 0.857 0.707 0.81 
0.895 0.887 0.949 0.838 0.741 0.857 0.747 0.677 0.638 0.685 
0.67 0.622 0.7 0.81 0.87 0.702 0.909 1.188 1.032 0.986 
0.651 0.65 0.596 0.512 0.556 0.545 0.614 0.609 0.674 0.747 
0.69 0.855 0.889 1.11 1.059 1.26 1.274 1.866 2.589 5.472 
4.442 3.813 4.479 2.766 1.828 1.395 1.259 1.166 1.235 1.21 
0.949 0.943 0.937 0.801 0.702 0.7 0.69 0.637 0.585 0.717 
0.708 0.632 0.7 0.8 0.82 0.691 0.792 0.893 0.807 0.726 
0.92 0.939 0.886 0.959 1.074 1.053 1.078 1.173 1.029 0.991 
0.787 0.647 0.569 0.53 0.517 0.56 0.559 0.75 0.755 1.074 
1.102 1.25 0.988 0.968 1.074 0.973 0.883 0.853 0.928 1.025 
1.176 1.053 0.916 0.861 1.105 0.882 0.678 0.651 0.592 0.537 
0.54 0.54 0.609 0.693 0.698 0.659 0.724 0.799 0.842 1.375 
1.774 1.449 1.994 1.493 1.039 0.964 0.674 0.679 0.679 0.813 
0.733 0.876 1.391 1.21 2.112 3.066 2.34 3.233 3.151 3.353 
1.554 2.44 1.574 1.2 0.98 0.765 0.859 1.036 0.899 0.819 
0.921 0.964 0.926 0.975 1.07 1.12 1.06 0.916 0.848 0.953 
0.944 0.687 0.616 0.534 0.562 0.606 0.603 0.659 0.695 0.68 
0.688 0.702 0.804 0.875 1.243 1.074 1.125 1.497 1.684 2.522 
2.192 2.983 2.254 2.923 2.168 1.274 1.862 1.274 1.551 1.77 
1.633 1.898 1.386 1.928 3.092 4.071 3.419 7.156 7.027 9.555 
10.855 12.344 9.943 7.141 3.431 1.944 1.57 1.294 2.596 2.713 
2.582 4.987 5.488 6.23 8.965 12.709 14.267 8.205 8.122 6.326 
4.924 2.435 1.298 1.037 1.066 1.111 0.934 0.836 1.12 1.406 
1.459 2.118 2.386 2.12 2.346 2.834 2.774 2.116 2.721 1.992 
1.222 1.122 0.871 0.798 0.749 0.709 0.696 0.952 0.738 0.674 
0.61 0.64 0.606 0.745 0.859 1.163 1.469 1.811 1.3 1.084 
0.94 0.785 0.624 0.605 0.606 0.629 0.648 0.838 0.718 0.645 
0.749 0.885 0.764 0.697 0.893 0.985 1.04 0.909 1.311 1.535 
1.723 1.493 0.959 0.759 0.672 0.59 0.548 0.627 0.654 0.698 
0.739 0.902 0.823 0.966 1.083 1.717 1.992 3.088 2.322 2.331 
1.516 1.297 1.192 1.221 0.94 0.912 1.069 1.096 0.959 1.024 
1.412 1.24 1.058 1.433 1.667 1.811 1.777 1.505 0.94 1.121 
1.027 1.165 1.3 1.426 1.41 1.505 1.382 1.763 2.2 2.221 
1.778 1.818 1.751 2.678 5.801 9.072 15.0 15.0 15.0 15.0 
15.0 15.0 15.0 15.0 15.0 15.0 15.0 13.172 8.729 4.104 
2.675 2.32 2.395 2.596 2.471 2.678 6.885 11.822 11.9 10.255 
8.466 3.931 2.939 1.58 4.052 8.597 4.92 5.148 8.669 9.659 
9.693 10.106 8.834 6.899 4.827 5.296 6.173 6.128 2.824 2.245 
1.959 1.926 2.047 4.01 5.889 8.938 13.142 15.0 15.0 15.0 
15.0 13.829 13.306 14.231 11.365 10.784 11.271 11.535 10.803 5.844 
4.268 3.821 4.033 3.452 2.582 4.418 3.204 3.864 5.582 8.456 
8.625 10.058 11.234 12.113 15.0 11.416 10.871 11.21 6.3 6.071 
4.352 3.244 3.509 3.062 3.758 5.067 4.928 9.921 13.981 15.0 
15.0 15.0 15.0 15.0 15.0 15.0 12.669 10.428 8.025 8.889 
2.236 1.924 2.011 1.316 1.249 1.326 1.342 1.396 1.541 1.362 
2.577 4.961 2.632 2.153 1.598 1.391 1.431 1.434 1.275 1.133 
1.189 1.151 1.32 1.759 3.646 11.339 14.195 15.0 15.0 15.0 
15.0 15.0 15.0 15.0 15.0 15.0 15.0 15.0 15.0 15.0 
15.0 15.0 15.0 15.0 15.0 15.0 15.0 15.0 15.0 15.0 
15.0 15.0 15.0 15.0 15.0 15.0 15.0 15.0 15.0 
END
