PFRMAT local QA
AUTHOR LAW-CASP14
af2-standard_T1192_4.pdb local_accuracy_only 15.0 15.0 15.0 15.0 15.0 15.0 15.0 15.0 15.0 15.0 15.0 
15.0 15.0 15.0 15.0 15.0 15.0 15.0 11.663 10.792 2.415 
1.364 1.085 0.836 0.826 0.718 0.653 0.726 0.755 0.776 0.905 
1.123 1.248 1.404 1.178 1.147 1.262 1.151 0.929 1.114 1.128 
0.947 0.751 1.124 1.126 1.204 0.953 1.255 1.355 1.322 1.098 
1.044 0.977 1.141 1.378 1.939 2.861 3.172 3.442 2.681 2.296 
1.494 1.279 0.934 0.863 0.872 0.919 0.809 0.923 0.926 0.723 
0.831 0.849 0.71 0.668 0.796 0.907 0.742 0.762 0.8 0.908 
0.786 0.695 0.608 0.569 0.566 0.577 0.576 0.558 0.588 0.582 
0.622 0.582 0.613 0.581 0.632 0.683 0.956 0.975 1.359 1.403 
0.991 0.773 0.627 0.528 0.528 0.493 0.534 0.49 0.534 0.479 
0.572 0.494 0.566 0.582 0.658 0.694 0.667 0.625 0.667 0.584 
0.62 0.552 0.494 0.485 0.507 0.665 0.653 0.643 0.748 0.833 
0.823 1.167 0.96 0.946 0.866 0.8 0.729 0.645 0.706 0.673 
0.521 0.545 0.591 0.559 0.472 0.494 0.534 0.53 0.478 0.486 
0.552 0.485 0.495 0.512 0.577 0.551 0.552 0.656 0.731 0.729 
0.571 0.669 0.633 0.692 0.721 0.746 0.778 0.916 0.944 0.796 
0.931 1.069 1.122 1.144 1.432 1.428 1.534 2.102 2.199 2.505 
5.561 6.012 7.074 11.68 15.0 7.949 9.209 11.306 12.198 10.39 
6.969 6.114 3.878 3.86 2.408 2.018 1.575 1.569 1.486 1.547 
1.564 1.613 1.553 1.809 1.744 1.868 1.924 2.301 3.035 7.224 
13.122 15.0 15.0 14.873 15.0 15.0 15.0 15.0 15.0 15.0 
15.0 15.0 15.0 15.0 15.0 15.0 15.0 15.0 15.0 15.0 
15.0 15.0 15.0 15.0 15.0 15.0 15.0 15.0 15.0 15.0 
15.0 15.0 15.0 15.0 15.0 15.0 15.0 15.0 15.0 15.0 
15.0 15.0 15.0 15.0 15.0 15.0 15.0 15.0 15.0 15.0 
15.0 15.0 15.0 15.0 15.0 15.0 15.0 15.0 15.0 15.0 
15.0 15.0 15.0 15.0 15.0 15.0 15.0 15.0 15.0 15.0 
15.0 15.0 15.0 15.0 15.0 15.0 15.0 15.0 15.0 13.433 
14.753 15.0 10.582 12.2 15.0 12.344 13.372 15.0 13.999 15.0 
15.0 15.0 15.0 15.0 15.0 15.0 15.0 15.0 15.0 15.0 
15.0 15.0 15.0 15.0 15.0 15.0 15.0 15.0 15.0 15.0 
15.0 15.0 15.0 15.0 15.0 13.919 14.842 11.386 10.117 9.602 
10.918 15.0 15.0 15.0 15.0 15.0 13.436 15.0 15.0 14.81 
15.0 15.0 15.0 10.407 14.219 15.0 7.83 7.596 8.931 5.909 
5.483 5.096 4.57 5.076 4.508 3.47 3.969 4.865 4.646 5.962 
9.54 10.61 14.574 15.0 15.0 15.0 15.0 15.0 15.0 15.0 
15.0 15.0 15.0 15.0 15.0 15.0 15.0 15.0 15.0 15.0 
15.0 15.0 15.0 15.0 15.0 15.0 15.0 11.949 10.407 13.344 
13.735 10.13 9.341 15.0 13.959 9.105 15.0 15.0 15.0 15.0 
15.0 15.0 15.0 15.0 15.0 15.0 15.0 15.0 15.0 15.0 
15.0 15.0 15.0 15.0 15.0 15.0 15.0 
END
