PFRMAT local QA
AUTHOR MASS-CASP14
af2-standard_T1192_4.pdb local_accuracy_only 14.331 12.842 10.611 9.614 10.285 10.707 9.48 8.281 8.58 8.911 9.382 
9.286 9.88 9.709 11.429 10.839 12.06 14.601 15.0 15.0 15.0 
13.752 11.616 9.646 8.44 7.472 7.853 6.796 7.802 6.62 5.864 
5.883 5.759 4.428 3.554 3.119 3.204 2.379 2.416 2.018 2.186 
1.904 1.41 1.678 2.082 1.876 1.485 1.557 1.793 1.928 1.684 
1.421 1.803 2.094 2.074 2.544 3.001 3.232 3.028 2.636 1.753 
1.502 1.215 1.095 1.205 1.32 1.551 1.781 1.634 1.508 1.201 
1.306 1.29 1.288 1.247 1.473 1.637 1.408 1.362 1.904 2.284 
2.322 1.525 1.28 1.262 1.299 1.419 1.201 1.51 1.76 1.85 
2.045 2.162 2.109 1.76 1.735 1.874 2.499 2.842 3.411 2.554 
1.683 1.231 0.861 0.835 0.803 0.886 0.881 0.952 0.947 1.002 
0.983 0.98 0.957 0.925 1.03 1.11 1.149 1.116 1.099 1.157 
1.374 1.269 1.062 1.045 1.197 1.246 1.602 1.873 2.346 2.23 
2.511 2.486 2.242 2.061 1.735 1.68 1.401 1.376 1.46 1.399 
1.269 1.28 1.273 1.406 1.157 1.195 1.201 1.187 1.199 1.241 
1.328 1.298 1.377 1.331 1.585 1.626 1.291 1.255 1.251 1.216 
1.246 1.161 1.333 1.32 1.365 1.675 1.875 2.102 2.139 2.002 
1.863 2.234 2.311 2.145 2.548 2.871 3.674 4.188 5.601 7.186 
7.476 8.623 10.154 10.468 9.624 9.815 10.743 10.636 10.83 9.78 
6.855 6.618 6.195 4.967 4.967 4.199 4.338 4.237 4.126 4.661 
4.618 4.048 3.96 3.987 4.404 4.704 5.135 5.762 6.265 6.726 
8.96 8.643 9.201 8.347 8.933 9.035 8.603 9.049 7.756 5.749 
4.576 4.424 3.887 4.566 5.023 5.432 5.953 6.648 8.086 7.188 
6.767 6.402 6.419 6.448 7.032 7.898 8.88 11.766 13.107 15.0 
15.0 15.0 15.0 15.0 15.0 15.0 15.0 15.0 15.0 15.0 
15.0 15.0 15.0 15.0 15.0 15.0 15.0 15.0 15.0 15.0 
15.0 15.0 15.0 15.0 15.0 15.0 15.0 15.0 15.0 15.0 
15.0 15.0 15.0 15.0 15.0 15.0 15.0 15.0 15.0 15.0 
15.0 15.0 15.0 15.0 15.0 11.075 13.046 9.726 9.739 7.972 
7.319 7.183 7.55 7.273 6.585 6.541 6.376 5.617 5.522 6.418 
7.162 6.518 6.77 6.183 7.481 7.651 9.273 10.793 11.694 10.242 
11.051 11.699 12.069 12.361 11.642 9.935 9.713 8.99 8.529 8.205 
8.931 8.76 8.468 10.305 10.93 9.546 9.845 8.058 7.201 6.948 
6.142 6.607 6.959 8.051 8.2 10.136 11.292 10.883 11.763 10.185 
8.239 6.912 5.843 4.932 5.245 5.204 5.284 4.372 5.01 5.577 
5.973 5.915 6.133 5.669 4.742 4.294 4.409 4.605 4.586 4.702 
5.402 5.166 5.81 5.094 5.059 4.393 5.076 5.866 6.143 5.152 
5.406 5.123 4.749 4.473 5.538 5.357 5.945 5.513 5.457 5.285 
4.933 4.938 5.691 5.977 5.536 5.959 5.826 6.247 5.156 6.419 
5.383 5.474 5.517 6.309 5.963 5.322 5.923 6.59 6.389 6.43 
7.066 7.433 7.489 8.764 8.774 9.141 9.763 10.594 10.341 9.284 
9.79 9.319 10.263 11.05 10.739 11.012 11.733 
END
