PFRMAT local QA
AUTHOR LAW-CASP14
af2-standard_T1137s2_4.pdb local_accuracy_only 9.116 15.0 15.0 15.0 15.0 15.0 15.0 15.0 15.0 15.0 15.0 
15.0 15.0 15.0 15.0 15.0 15.0 15.0 15.0 15.0 15.0 
15.0 15.0 15.0 15.0 15.0 15.0 15.0 15.0 15.0 15.0 
11.019 7.484 3.39 2.214 1.161 1.139 0.865 0.751 0.786 0.757 
0.865 0.939 1.181 1.23 0.996 1.197 1.29 0.935 0.966 0.927 
1.038 0.823 1.034 0.709 1.02 1.049 1.521 1.786 1.458 1.302 
0.883 0.853 0.857 0.749 0.832 0.877 0.896 1.073 2.008 1.871 
2.782 2.754 2.378 2.153 1.496 1.174 0.931 0.696 0.727 0.727 
0.776 0.775 1.185 1.406 1.508 1.125 1.453 1.32 1.589 1.611 
1.371 1.144 1.077 0.843 0.954 0.95 1.067 1.481 1.408 1.728 
1.92 2.371 1.815 1.535 1.118 0.899 0.796 0.946 0.909 1.107 
1.315 1.606 2.563 2.271 2.942 2.321 1.897 1.568 1.627 1.311 
1.222 1.153 0.936 0.917 1.057 1.1 1.496 1.146 1.188 1.117 
1.296 1.513 1.977 2.622 2.709 2.685 2.678 2.648 2.744 2.869 
3.097 3.344 3.653 3.915 4.179 4.597 4.916 5.338 5.217 4.722 
4.467 7.745 5.535 4.995 4.239 4.808 5.198 6.839 6.973 4.587 
4.089 4.282 5.423 5.362 6.11 5.882 5.668 6.084 5.898 6.307 
6.765 6.817 8.726 10.56 9.523 12.757 14.278 13.248 11.133 15.0 
15.0 13.108 11.148 15.0 11.446 9.334 10.163 7.573 5.708 5.309 
5.552 5.324 4.415 4.283 6.056 6.72 7.516 7.625 6.024 6.062 
9.175 13.038 8.725 11.364 7.909 7.52 10.03 12.369 15.0 14.223 
11.777 15.0 15.0 15.0 15.0 15.0 15.0 15.0 15.0 15.0 
15.0 15.0 13.254 8.103 11.43 15.0 13.299 7.538 7.358 7.67 
11.713 12.385 8.276 6.175 6.288 7.891 10.244 8.699 7.571 7.365 
6.331 6.822 9.418 9.258 6.062 4.945 4.79 4.577 4.418 4.607 
4.212 3.935 3.752 3.937 4.23 4.088 3.901 3.643 3.552 3.463 
3.361 3.33 3.282 3.173 3.19 3.216 3.075 3.161 3.426 3.37 
3.118 3.219 3.103 3.054 3.112 3.325 3.019 3.045 3.027 2.851 
2.815 2.952 2.907 2.795 2.774 3.046 2.803 2.926 3.137 3.164 
2.966 3.102 3.145 3.52 3.669 3.844 3.71 3.73 4.078 3.955 
4.126 4.232 4.442 4.78 4.373 4.509 5.507 5.814 6.727 10.777 
15.0 11.974 11.283 15.0 15.0 15.0 15.0 15.0 15.0 15.0 
15.0 15.0 15.0 15.0 15.0 15.0 15.0 15.0 15.0 14.107 
15.0 15.0 15.0 15.0 15.0 15.0 15.0 15.0 15.0 15.0 
15.0 15.0 
END
