PFRMAT local QA
AUTHOR MASS-CASP14
af2-standard_T1137s2_4.pdb local_accuracy_only 15.0 15.0 13.61 13.258 12.899 13.646 14.008 15.0 15.0 15.0 15.0 
15.0 15.0 15.0 15.0 15.0 15.0 15.0 15.0 15.0 15.0 
15.0 15.0 14.107 12.595 11.413 11.865 12.077 11.066 11.528 12.245 
11.748 12.437 9.495 5.718 3.343 2.456 1.675 1.248 1.075 0.991 
1.013 0.927 1.274 1.377 1.158 1.273 1.356 1.049 1.476 1.537 
1.528 1.3 1.387 1.279 1.595 1.804 2.015 2.392 2.123 1.721 
1.719 1.651 1.531 1.538 1.822 1.829 1.635 1.759 2.46 3.1 
3.916 6.349 6.232 5.303 3.788 2.708 2.102 1.78 1.405 1.403 
1.29 1.369 1.541 2.009 2.352 2.418 2.313 1.824 1.99 2.176 
1.876 1.406 1.439 1.508 1.466 1.134 1.259 1.37 1.781 1.779 
2.381 2.316 2.148 1.877 1.848 1.484 1.531 1.358 1.356 1.502 
1.894 2.642 3.612 3.781 4.401 3.766 3.978 3.891 4.879 6.268 
7.318 5.013 4.4 4.34 4.624 5.912 6.814 6.208 5.938 6.401 
5.696 5.738 5.592 4.23 4.526 5.379 5.841 5.742 6.04 7.409 
7.445 7.072 7.184 8.163 7.213 7.116 6.123 5.522 5.218 4.615 
4.643 4.77 3.876 3.872 3.836 3.799 3.527 3.608 3.838 3.979 
3.816 4.281 4.756 4.815 5.389 7.05 8.196 13.718 10.444 11.092 
11.446 10.725 9.106 9.289 9.453 10.119 11.655 10.893 11.02 10.665 
10.527 8.902 9.891 8.533 8.287 7.512 8.106 7.674 8.065 7.241 
7.282 5.748 6.016 5.72 5.736 5.359 5.23 5.938 5.786 5.946 
6.084 5.669 4.929 4.256 4.772 4.768 5.909 5.486 6.535 6.485 
6.992 8.146 7.182 6.473 6.444 6.716 6.233 6.669 7.557 7.597 
6.987 6.482 6.774 5.967 6.507 5.444 5.824 5.301 5.792 5.601 
6.269 6.384 6.395 6.042 5.795 5.938 5.883 6.005 5.906 7.524 
6.467 7.147 6.722 7.495 7.784 9.16 9.404 9.262 10.103 9.135 
9.642 9.261 8.663 9.326 9.975 8.882 8.824 8.987 9.673 8.211 
7.995 8.742 8.915 9.929 10.255 9.877 8.358 8.706 9.826 8.804 
7.701 6.829 6.681 5.965 5.733 4.872 4.155 4.277 4.126 3.843 
3.461 3.44 3.521 3.615 3.341 3.349 3.431 3.251 3.23 3.35 
3.132 3.148 3.373 3.582 3.78 4.079 4.78 4.672 5.312 5.602 
6.899 6.818 8.192 8.441 8.329 8.713 9.018 9.76 9.641 9.634 
10.197 10.965 10.455 12.303 11.885 13.54 14.198 14.894 15.0 15.0 
15.0 15.0 15.0 15.0 15.0 15.0 15.0 13.818 13.458 12.304 
10.962 11.52 11.47 12.233 12.684 14.137 12.732 14.926 15.0 15.0 
15.0 15.0 
END
