PFRMAT local QA
AUTHOR MASS-CASP14
af2-standard_T1114s2_4.pdb local_accuracy_only 15.0 15.0 15.0 15.0 15.0 15.0 15.0 15.0 15.0 15.0 15.0 
15.0 15.0 15.0 15.0 15.0 15.0 15.0 15.0 15.0 15.0 
15.0 15.0 15.0 15.0 15.0 15.0 15.0 15.0 15.0 15.0 
15.0 15.0 15.0 15.0 15.0 15.0 15.0 15.0 15.0 15.0 
15.0 15.0 15.0 15.0 8.167 4.307 1.883 1.514 1.242 1.082 
0.935 1.028 1.198 1.041 1.166 1.26 1.301 1.433 1.523 1.39 
1.683 1.785 1.661 1.457 1.544 1.877 2.369 2.852 2.769 2.683 
1.949 1.814 1.924 1.713 1.476 1.747 2.418 2.481 2.467 2.254 
2.255 2.12 1.892 1.671 1.559 1.754 2.352 2.642 2.463 3.08 
3.17 3.144 3.151 3.097 2.974 2.424 1.988 2.062 2.056 1.641 
1.42 1.685 1.568 1.632 1.715 2.103 2.351 2.316 2.154 2.126 
1.792 1.325 0.98 0.896 0.806 0.885 1.051 1.17 1.239 1.331 
1.784 2.405 3.77 5.521 6.789 7.398 6.393 6.098 3.742 3.033 
2.911 2.52 2.257 2.655 2.938 1.947 1.759 1.561 1.631 1.695 
1.375 1.324 1.342 1.293 1.225 1.252 1.392 1.49 1.243 1.165 
1.178 1.086 0.984 0.933 0.265 0.788 0.817 1.31 1.407 1.334 
1.604 1.536 1.709 1.945 2.127 2.239 2.428 3.12 3.749 3.761 
4.711 5.056 5.513 5.711 5.459 4.895 4.081 4.41 4.125 4.047 
4.259 5.093 6.039 6.272 5.583 4.742 4.15 3.449 3.369 3.634 
3.288 2.239 2.218 2.069 2.078 2.052 2.27 1.833 1.854 1.424 
1.283 1.422 1.182 1.307 1.217 1.292 1.479 1.685 2.18 2.183 
2.008 1.727 1.411 1.624 1.77 1.746 1.606 1.684 1.682 1.587 
1.926 2.072 2.367 2.574 3.024 3.539 3.201 2.693 2.543 2.556 
2.878 3.008 2.388 2.207 2.016 2.585 2.818 3.066 2.282 2.4 
2.512 2.093 1.749 1.68 1.836 2.059 2.245 1.716 1.982 2.168 
2.833 2.822 2.637 3.624 4.201 5.338 5.91 7.632 9.08 11.554 
11.224 11.932 9.947 13.695 14.273 15.0 11.544 10.429 8.721 6.415 
4.181 3.432 3.003 3.038 2.626 2.134 1.747 1.492 1.453 1.509 
1.75 1.82 1.572 1.733 1.638 1.799 1.641 1.933 2.242 2.427 
2.328 2.336 2.766 2.598 2.262 1.853 1.864 1.835 1.607 2.181 
2.276 2.173 1.92 1.709 1.465 1.472 1.724 1.571 2.116 2.292 
2.59 2.87 2.742 3.387 3.837 5.097 4.766 4.444 5.636 5.771 
5.848 6.892 6.843 6.728 7.831 7.796 9.958 9.591 9.711 10.216 
10.291 8.736 8.271 8.038 9.378 8.891 7.637 8.091 8.344 8.489 
7.033 6.652 6.334 6.341 6.402 6.66 6.883 7.56 7.418 8.808 
9.346 9.615 9.434 10.453 10.907 11.457 11.952 13.684 13.068 11.336 
10.112 10.459 9.834 9.237 8.755 8.816 9.511 8.852 
END
