PFRMAT local QA
AUTHOR LAW-CASP14
af2-standard_T1114s2_4.pdb local_accuracy_only 15.0 15.0 15.0 15.0 15.0 15.0 15.0 15.0 15.0 15.0 15.0 
15.0 15.0 15.0 15.0 15.0 15.0 15.0 15.0 15.0 15.0 
15.0 15.0 15.0 15.0 15.0 15.0 15.0 15.0 15.0 15.0 
15.0 15.0 15.0 15.0 15.0 15.0 14.199 11.697 9.074 8.963 
7.81 9.363 8.341 8.265 5.329 2.205 1.24 1.036 0.869 0.866 
0.952 0.944 1.109 0.974 1.087 1.115 1.228 1.161 1.143 0.953 
1.167 1.114 1.152 1.081 1.255 1.654 2.017 2.855 3.158 1.996 
1.816 1.52 1.703 1.662 1.332 1.524 1.649 1.655 1.561 1.663 
1.221 1.388 1.355 1.332 1.772 1.54 1.924 2.696 3.226 3.238 
4.57 4.28 4.974 4.624 4.288 3.483 2.467 2.401 1.961 1.481 
1.502 1.418 1.363 1.191 1.289 1.327 1.297 1.366 1.261 1.079 
0.892 0.888 0.748 0.76 0.695 0.77 0.833 0.85 0.89 0.929 
1.294 1.629 3.234 4.164 7.189 6.743 6.393 5.134 4.061 3.034 
1.971 5.239 3.229 5.863 5.932 2.095 1.756 1.229 1.187 1.208 
1.156 1.029 1.167 1.166 0.956 0.933 1.187 1.123 0.836 0.838 
0.833 0.744 0.724 0.757 0.766 0.8 0.848 0.837 0.804 0.849 
1.044 0.95 1.035 1.231 1.216 1.278 1.624 2.668 3.044 2.362 
3.229 2.705 1.913 1.911 1.137 1.262 0.995 1.945 1.906 1.884 
1.633 2.525 2.654 3.004 2.468 1.716 1.453 1.758 2.1 2.804 
2.452 2.08 1.708 1.243 1.279 1.302 1.546 1.325 1.362 1.061 
1.003 1.012 0.857 0.898 0.855 0.865 0.933 0.854 1.056 1.078 
1.37 1.073 0.88 1.081 1.016 0.926 0.938 1.078 1.286 1.113 
1.329 1.493 1.947 1.939 2.463 3.186 2.928 2.817 3.241 2.498 
2.799 3.335 3.145 2.188 1.796 2.064 2.492 2.882 1.96 1.917 
1.916 1.696 1.394 1.313 1.412 1.658 1.889 1.697 2.744 2.697 
2.694 3.872 5.536 4.757 5.403 6.299 6.564 7.666 7.345 9.561 
11.78 13.416 12.025 12.675 11.361 8.594 6.458 9.606 9.156 8.211 
4.432 3.999 3.623 5.591 5.917 4.274 2.538 1.457 1.24 1.211 
1.39 1.415 1.072 1.438 1.371 1.481 1.31 1.537 1.515 1.412 
1.596 1.474 2.285 1.783 1.889 1.797 1.522 1.589 1.635 2.084 
2.026 2.146 1.445 1.572 1.106 1.313 1.243 0.963 0.995 1.055 
1.105 1.795 1.362 1.955 3.023 5.123 2.936 8.147 10.038 11.459 
11.468 9.226 10.661 8.677 10.647 10.317 14.163 15.0 15.0 15.0 
15.0 15.0 15.0 14.366 15.0 12.659 10.129 8.064 8.254 8.824 
8.764 8.654 9.537 9.514 8.345 8.194 8.666 7.508 6.459 6.2 
6.306 6.468 5.939 6.141 6.371 6.36 6.638 8.632 9.448 10.241 
8.689 10.281 11.15 10.664 9.923 9.591 8.449 8.141 
END
