PFRMAT local QA
AUTHOR MASS-CASP14
af2-standard_T1158v3_3.pdb local_accuracy_only 14.508 13.864 11.057 8.518 6.87 6.2 3.924 2.694 1.94 1.939 1.668 
1.98 1.926 2.928 3.266 4.092 4.107 4.089 4.227 4.043 3.782 
3.482 3.41 3.086 2.97 2.686 2.689 2.966 3.093 2.639 2.685 
2.941 3.443 3.9 5.183 4.976 5.349 4.896 4.274 4.997 5.478 
5.307 4.26 3.757 3.574 3.63 3.511 3.58 5.318 5.368 5.853 
4.39 3.518 3.289 2.385 1.792 1.713 1.914 2.039 1.853 2.203 
2.495 2.504 2.273 2.583 2.881 3.099 2.774 3.023 3.303 3.49 
4.024 4.256 4.946 4.81 4.418 4.271 3.565 2.816 2.485 2.516 
2.336 2.546 2.259 2.555 3.028 3.027 3.509 4.41 5.217 5.187 
4.336 5.177 4.355 4.754 4.722 5.011 4.397 4.461 4.484 4.427 
4.141 3.695 2.808 2.432 2.308 2.163 1.691 1.549 1.598 1.42 
1.247 1.374 1.448 1.676 1.451 1.46 1.832 1.921 2.052 2.362 
2.825 2.888 3.566 3.663 4.047 3.51 3.352 3.164 2.836 2.585 
2.951 2.85 2.592 2.888 2.799 2.627 2.694 2.901 3.004 2.522 
2.575 2.662 2.512 2.482 2.481 2.54 2.582 2.487 2.357 2.166 
2.374 2.521 2.02 2.329 2.316 2.206 1.948 1.744 1.677 1.558 
1.577 1.362 1.464 1.441 1.349 1.336 1.269 1.289 1.117 1.111 
1.19 1.309 1.126 1.273 1.57 1.424 1.287 1.305 1.233 1.191 
1.274 1.651 1.881 2.266 2.402 3.824 4.299 4.642 4.972 5.176 
4.784 3.202 2.512 2.824 2.694 2.239 2.116 2.346 2.914 2.327 
2.08 2.457 2.494 2.178 2.91 2.918 2.816 3.364 3.285 4.176 
4.381 4.004 3.9 3.833 3.946 3.926 3.565 3.438 3.061 2.634 
2.753 2.889 2.613 2.795 2.647 3.198 2.957 2.54 2.607 3.43 
3.366 3.273 4.009 4.687 4.253 4.709 4.823 5.724 5.021 5.41 
5.122 5.043 5.053 5.471 5.626 6.214 6.286 6.552 6.102 5.906 
5.086 4.688 3.983 4.039 3.392 3.327 3.222 3.626 3.708 3.047 
3.147 4.854 4.572 4.347 4.255 4.666 3.743 3.817 3.172 2.663 
2.533 2.131 2.235 2.678 2.311 2.569 2.442 2.236 2.081 2.531 
2.61 1.991 2.273 2.075 2.11 2.295 2.441 2.915 3.157 2.967 
2.877 2.768 2.098 1.847 2.091 2.193 2.367 2.015 2.769 3.209 
2.698 2.464 2.501 2.633 2.406 1.869 1.967 2.516 2.233 1.833 
2.1 2.635 2.591 2.529 2.169 2.642 3.28 3.26 2.959 3.115 
3.325 3.28 3.776 3.929 3.59 3.807 3.975 3.956 3.733 3.693 
4.222 4.477 4.456 4.185 4.036 4.114 3.735 4.047 4.454 4.325 
4.031 3.195 3.322 3.131 2.602 2.61 2.591 2.281 2.058 1.774 
1.916 1.918 1.972 2.185 1.959 1.936 2.361 2.793 3.178 2.636 
2.549 2.578 2.826 2.714 3.276 3.551 3.425 3.36 3.872 3.282 
2.701 2.713 2.701 2.574 2.214 2.288 2.595 2.238 2.694 2.336 
2.374 2.434 2.322 2.221 1.806 1.981 2.026 1.833 1.793 1.851 
2.029 2.264 2.35 2.585 3.489 4.605 4.986 4.879 5.462 6.799 
7.541 7.668 7.418 8.16 6.55 4.615 3.166 2.175 1.622 1.247 
1.397 1.515 1.562 1.512 1.79 1.876 2.575 3.102 3.944 4.904 
5.069 4.211 4.535 3.708 2.974 2.44 2.132 2.22 2.02 2.016 
1.747 1.588 1.446 1.325 1.421 1.74 1.63 1.464 1.274 1.14 
1.114 1.074 1.048 1.266 1.612 1.905 2.189 2.102 2.113 1.96 
2.182 2.105 1.797 1.644 1.7 1.837 1.866 1.634 1.865 1.971 
1.93 2.276 2.547 2.611 2.453 2.097 1.775 1.495 1.357 1.452 
1.426 1.454 1.33 1.335 1.363 1.558 1.806 2.394 3.097 3.362 
2.805 2.443 2.197 2.02 1.829 1.43 1.285 1.142 1.287 1.427 
1.5 1.54 1.688 1.843 2.348 3.119 3.494 3.318 3.33 3.387 
3.279 2.447 2.374 2.404 2.223 2.007 1.743 1.973 2.363 2.105 
2.482 2.644 3.342 3.699 3.484 2.978 3.064 3.226 3.012 3.313 
2.997 2.636 2.354 2.031 1.89 1.814 1.773 2.037 2.516 2.657 
2.403 2.061 2.079 1.778 1.798 2.172 2.452 2.438 2.235 2.205 
2.236 1.895 1.834 1.937 2.063 2.023 2.131 2.071 1.963 2.417 
2.054 1.805 1.43 1.114 1.018 1.051 1.132 1.382 1.472 1.745 
1.759 2.199 2.729 2.396 2.342 2.502 2.287 1.878 1.903 2.209 
1.854 1.774 1.778 2.151 2.099 2.118 2.256 2.287 2.554 2.453 
2.092 2.234 2.344 1.948 1.636 1.566 1.508 1.525 1.743 2.212 
2.692 2.818 3.014 2.887 2.693 2.499 2.563 2.72 2.172 1.979 
1.617 1.486 1.375 1.291 1.371 1.742 1.861 1.614 1.722 1.519 
1.625 1.598 1.79 1.558 1.65 1.836 2.591 2.723 2.551 2.622 
2.965 2.661 2.787 2.596 2.086 2.099 2.148 2.153 2.317 2.342 
3.288 4.653 6.317 6.66 7.946 8.337 7.987 9.479 9.085 8.532 
10.684 11.915 12.38 13.09 13.378 14.54 14.201 14.655 15.0 15.0 
15.0 15.0 15.0 15.0 15.0 12.734 12.807 11.188 15.0 10.613 
15.0 15.0 15.0 15.0 15.0 15.0 15.0 15.0 15.0 15.0 
15.0 15.0 15.0 15.0 15.0 15.0 15.0 15.0 15.0 14.131 
11.419 11.347 9.616 9.023 11.081 9.566 10.65 10.422 10.823 10.494 
9.88 8.23 6.568 5.701 3.552 3.065 2.997 2.382 1.967 1.878 
2.295 2.505 2.561 3.172 3.693 4.618 6.488 7.047 7.352 8.375 
8.914 8.19 6.733 7.192 7.152 7.473 6.449 6.445 6.076 5.14 
4.699 4.388 4.191 3.415 2.748 2.285 2.539 2.098 2.156 2.285 
2.339 2.364 2.128 2.443 2.263 2.643 2.028 2.425 2.699 3.633 
3.838 4.509 5.282 5.913 6.983 9.527 12.566 14.392 15.0 15.0 
15.0 14.962 15.0 9.052 5.815 4.592 3.678 3.028 2.284 2.645 
2.195 2.197 1.788 2.281 2.35 2.386 2.39 2.58 2.979 2.615 
2.796 2.837 2.994 3.114 2.793 2.73 3.306 3.831 3.746 3.42 
3.417 3.417 3.578 3.643 3.353 3.531 3.727 3.057 2.749 3.114 
2.706 2.261 1.884 1.938 1.606 1.381 1.352 1.7 1.695 1.516 
1.484 1.748 1.672 1.622 1.754 2.11 2.618 2.588 2.535 2.487 
2.606 2.384 2.329 2.416 2.744 2.383 1.973 2.207 1.936 1.62 
1.65 1.866 1.837 1.858 1.708 2.023 1.964 1.581 1.984 1.984 
1.693 2.11 2.218 1.909 1.76 1.924 1.941 1.6 1.489 1.777 
1.769 1.591 1.739 1.655 1.639 1.58 1.743 1.84 1.889 1.79 
2.402 2.303 2.537 2.704 2.965 2.957 2.972 3.045 3.213 3.075 
3.985 4.043 3.97 4.521 4.804 4.921 4.598 4.75 4.524 3.693 
4.458 4.072 3.634 4.178 4.753 4.428 3.652 4.136 3.986 3.892 
3.478 3.348 3.485 3.009 2.679 2.881 2.689 2.086 2.247 2.684 
2.744 3.334 4.18 4.409 4.385 4.041 4.963 4.237 2.718 2.29 
2.42 2.241 2.009 2.018 2.479 2.637 2.294 2.448 2.872 2.661 
3.076 2.704 2.435 2.549 2.777 2.813 2.811 2.335 2.527 2.691 
2.306 1.994 2.282 2.441 2.196 2.123 2.773 2.6 2.706 2.668 
2.59 2.225 2.207 2.401 2.759 2.859 3.01 3.291 3.302 3.385 
3.218 3.325 3.057 3.134 2.786 2.571 2.324 2.556 2.515 2.212 
2.041 2.074 1.942 2.063 2.09 2.29 2.456 2.426 2.43 2.417 
2.658 2.541 2.373 2.321 2.409 2.413 2.382 2.658 2.905 3.085 
2.974 2.493 2.229 2.082 2.216 2.569 2.419 2.001 2.376 2.28 
2.586 2.198 2.111 2.265 2.191 2.057 2.365 2.204 2.299 2.657 
2.137 2.072 2.141 2.163 2.08 1.968 2.373 2.478 2.618 2.824 
2.718 2.201 2.621 2.979 2.894 2.951 2.976 3.566 3.376 3.735 
3.466 3.201 3.115 3.152 3.254 3.746 4.085 3.692 3.951 3.192 
3.246 3.208 3.187 2.991 2.951 3.361 3.658 3.633 3.314 2.921 
2.735 2.984 2.697 2.449 2.309 2.482 2.107 1.845 1.508 1.244 
1.205 1.196 1.454 1.517 1.715 1.59 1.818 2.225 3.03 3.063 
4.086 4.269 4.71 4.484 3.638 3.474 2.98 2.848 2.495 2.399 
2.365 2.376 2.515 2.235 2.403 3.152 3.085 2.671 2.104 2.198 
2.04 2.216 2.018 2.155 2.334 2.89 2.798 2.576 2.369 2.128 
2.073 1.873 1.644 1.4 1.561 1.868 1.797 1.679 1.571 1.654 
1.851 1.901 1.726 1.713 1.7 1.527 1.216 1.316 1.292 1.503 
2.072 2.083 2.069 2.425 3.168 4.181 3.167 2.853 2.362 2.581 
2.366 2.237 2.1 2.052 1.818 1.574 1.423 1.405 1.32 1.811 
2.358 3.008 2.882 2.524 2.303 2.453 2.408 2.264 2.008 1.668 
1.499 1.638 1.249 1.019 1.187 1.476 1.806 2.191 2.737 2.582 
2.55 2.369 2.51 2.237 1.741 1.882 1.981 2.154 1.941 2.126 
2.259 2.237 2.241 2.282 2.573 2.996 3.208 2.707 2.969 3.48 
4.014 4.389 4.359 4.787 4.404 4.711 4.931 5.187 3.78 4.484 
4.607 4.796 4.121 3.949 3.644 2.809 2.357 2.353 2.392 2.147 
2.008 2.188 2.078 1.937 1.99 2.157 2.225 2.342 2.616 2.363 
2.473 3.015 3.182 2.606 2.288 1.799 1.424 1.499 1.589 1.844 
2.027 2.272 2.598 2.799 3.113 2.597 2.452 2.908 3.093 2.913 
2.523 2.819 2.262 2.026 2.05 2.275 2.313 1.811 2.38 3.115 
2.945 2.779 3.123 3.154 2.433 2.013 1.881 1.707 1.642 1.621 
2.091 2.177 2.205 2.089 1.986 2.112 1.882 1.966 2.132 2.048 
1.789 1.344 1.207 1.2 1.227 1.363 1.815 1.875 1.517 1.503 
1.373 1.447 1.291 1.36 1.585 1.609 1.671 1.817 2.138 1.882 
2.291 3.108 3.254 3.851 3.732 2.991 2.895 2.816 2.947 3.453 
3.592 3.551 4.244 5.162 4.807 5.639 5.682 6.211 4.615 4.452 
4.843 4.439 3.568 3.958 4.182 4.046 3.623 3.885 4.365 4.531 
4.247 5.165 5.55 6.815 6.568 7.511 8.955 8.407 10.547 10.805 
12.24 13.779 15.0 15.0 15.0 15.0 15.0 13.68 15.0 12.607 
15.0 14.329 15.0 14.2 13.691 15.0 15.0 15.0 15.0 15.0 
15.0 15.0 15.0 15.0 15.0 15.0 15.0 13.555 15.0 12.95 
15.0 15.0 15.0 15.0 15.0 15.0 15.0 15.0 15.0 
END
