PFRMAT local QA
AUTHOR LAW-CASP14
af2-standard_T1158v3_3.pdb local_accuracy_only 15.0 15.0 15.0 15.0 12.906 11.729 8.175 3.75 1.512 1.923 1.613 
4.374 6.87 7.217 9.704 8.305 8.432 7.29 3.204 5.68 2.635 
1.501 1.127 1.015 1.146 1.785 0.879 1.142 1.259 1.215 1.019 
1.498 1.477 1.294 1.455 2.175 1.716 1.47 1.065 1.116 1.032 
1.25 1.177 0.886 1.277 1.135 0.882 1.363 1.245 1.251 0.988 
0.947 0.748 0.824 1.056 0.762 0.711 0.862 0.974 0.837 0.885 
1.116 1.182 1.168 1.423 1.677 1.857 2.066 2.501 2.735 3.04 
3.455 4.177 4.206 4.607 3.634 3.89 2.491 1.792 1.307 1.606 
1.642 1.34 1.28 1.622 1.633 1.391 1.881 2.248 2.848 3.132 
2.348 4.093 4.886 2.767 4.992 6.495 4.308 3.335 5.134 3.97 
2.82 2.424 2.55 2.32 1.743 1.303 1.549 1.581 1.185 1.462 
1.55 1.208 1.066 1.342 1.298 0.952 1.011 1.188 0.919 0.926 
1.169 1.324 2.637 3.546 5.314 3.919 4.036 3.56 2.78 2.7 
2.769 2.792 2.196 2.314 2.318 1.95 1.811 2.541 2.369 2.095 
1.85 2.434 2.09 1.761 1.794 1.999 1.685 1.045 1.162 1.349 
1.128 0.782 0.921 1.077 0.792 0.636 0.757 0.754 0.67 0.585 
0.669 0.662 0.576 0.6 0.566 0.581 0.544 0.579 0.539 0.506 
0.541 0.536 0.542 0.485 0.564 0.572 0.524 0.553 0.602 0.645 
0.76 0.876 1.178 0.976 1.091 1.453 1.692 1.378 1.496 1.034 
1.593 1.216 0.927 0.974 1.348 1.092 0.844 1.575 1.32 1.151 
0.808 0.935 0.898 0.723 0.742 0.838 0.861 0.798 0.843 1.102 
0.999 1.449 1.4 1.501 1.535 1.901 1.552 1.468 1.273 1.278 
1.058 0.945 0.904 0.842 0.814 0.814 0.857 0.808 0.89 1.015 
1.022 0.897 0.949 0.945 0.932 0.841 0.942 0.951 1.046 1.008 
1.243 1.209 1.364 1.461 1.717 1.884 1.95 1.786 2.186 1.77 
1.633 1.393 1.415 1.193 1.137 1.023 0.978 1.008 0.999 0.862 
0.916 0.966 0.946 0.806 0.879 0.882 0.8 0.789 0.838 0.774 
0.744 0.73 0.785 0.762 0.702 0.814 0.855 0.756 0.788 0.906 
0.888 0.77 0.816 0.797 0.74 0.748 0.678 0.666 0.751 0.818 
0.869 1.004 0.979 0.885 0.901 0.905 0.813 0.749 0.812 0.814 
0.754 0.729 0.776 0.757 0.705 0.663 0.731 0.771 0.741 0.752 
0.825 0.857 0.947 0.99 1.071 1.095 1.199 1.33 1.426 1.504 
1.511 1.582 1.726 1.732 1.531 1.35 1.333 1.841 1.504 1.157 
1.121 1.367 1.115 1.076 1.117 1.558 1.103 1.091 1.276 1.418 
1.304 1.433 1.464 1.465 1.278 1.291 1.012 1.011 0.983 1.083 
0.991 1.046 0.911 1.075 1.039 0.947 1.003 1.148 1.161 1.146 
1.504 1.585 1.656 1.819 2.157 2.338 1.856 2.005 2.507 2.198 
1.465 2.087 1.848 1.223 1.238 1.481 1.2 1.014 1.314 1.363 
1.134 1.216 1.335 1.201 0.962 1.15 1.068 0.892 0.812 0.981 
0.865 0.866 0.816 0.99 2.623 7.64 7.326 7.533 9.813 7.856 
10.148 9.264 7.009 8.366 5.833 3.201 1.357 1.124 1.06 1.116 
1.163 1.391 1.501 1.372 1.47 1.309 1.495 1.326 1.868 3.036 
4.843 3.873 4.17 3.14 1.552 1.538 1.43 1.535 1.713 1.4 
1.337 1.126 1.1 0.878 0.982 0.905 0.904 0.874 0.797 0.793 
0.786 0.711 0.865 1.326 1.931 6.715 2.942 1.797 1.385 0.943 
0.879 1.059 0.97 0.79 0.905 0.975 0.96 0.824 1.211 0.865 
1.02 1.156 1.284 1.396 1.43 1.622 1.367 1.216 1.228 1.222 
1.454 1.123 0.821 0.671 0.713 0.761 0.79 1.177 1.266 1.79 
1.321 0.92 0.831 0.734 0.967 0.881 0.923 0.924 0.944 1.054 
0.908 0.965 1.169 1.216 1.617 1.491 2.21 2.087 2.375 2.017 
1.731 1.367 1.316 1.211 1.142 1.001 1.024 1.028 0.998 0.958 
1.051 1.019 1.11 1.202 1.154 1.139 1.376 1.469 1.203 1.398 
1.106 1.225 1.0 1.046 1.057 1.035 1.024 1.209 1.352 1.643 
1.196 1.275 1.472 1.616 2.592 2.319 2.351 1.461 1.2 1.333 
1.155 0.969 0.975 0.966 0.981 1.029 0.83 0.907 0.965 0.928 
0.824 0.718 0.684 0.574 0.595 0.607 0.739 0.783 0.92 1.116 
1.147 1.683 1.872 1.54 1.585 1.363 1.33 1.19 1.15 1.163 
1.097 0.967 0.988 1.139 1.032 1.035 0.964 1.086 1.273 1.082 
0.933 1.064 0.93 0.723 0.699 0.664 0.564 0.661 0.711 1.081 
1.729 2.659 2.645 3.034 2.434 2.099 2.39 2.106 1.436 1.2 
1.044 1.011 0.995 1.083 1.242 1.613 1.862 1.606 1.701 1.64 
1.556 1.35 1.374 1.516 1.715 2.063 7.09 6.371 8.01 11.443 
11.194 12.831 14.891 15.0 15.0 15.0 15.0 15.0 15.0 15.0 
15.0 15.0 15.0 15.0 15.0 15.0 15.0 15.0 15.0 15.0 
15.0 15.0 15.0 15.0 15.0 15.0 15.0 15.0 15.0 15.0 
15.0 15.0 15.0 15.0 14.965 14.722 10.299 11.533 10.646 6.478 
8.838 6.026 5.891 6.046 6.018 4.248 8.172 8.85 15.0 15.0 
15.0 15.0 15.0 15.0 15.0 15.0 15.0 15.0 15.0 15.0 
15.0 15.0 12.438 10.637 8.728 9.591 10.59 11.147 10.953 10.49 
7.72 7.778 5.038 5.381 3.277 2.466 1.824 1.531 1.376 1.253 
1.231 1.125 0.868 0.971 1.142 0.846 0.894 1.28 2.23 2.891 
4.302 3.526 3.265 4.937 4.848 3.325 4.548 4.825 3.196 3.116 
2.817 3.404 2.338 1.709 2.656 2.765 2.282 2.317 3.07 2.637 
2.469 2.523 2.478 2.065 1.676 2.24 2.788 1.68 4.77 4.893 
6.331 9.204 10.264 11.213 11.423 13.058 14.436 15.0 15.0 15.0 
15.0 15.0 15.0 15.0 15.0 14.999 15.0 11.666 12.858 12.0 
11.18 9.732 8.246 6.89 8.029 6.703 5.527 5.526 3.843 3.986 
2.501 4.328 4.213 2.916 2.398 2.512 2.36 1.913 1.664 2.163 
1.97 1.393 1.235 1.282 1.067 0.932 0.877 0.861 0.782 0.713 
0.731 0.712 0.677 0.632 0.646 0.649 0.603 0.631 0.641 0.65 
0.648 0.706 0.787 0.67 0.658 0.794 0.813 0.85 0.815 1.033 
0.922 0.943 1.059 1.3 1.035 1.029 0.916 0.914 0.892 0.832 
0.742 0.77 0.828 0.718 0.741 0.755 0.809 0.764 0.811 0.858 
0.83 0.802 0.886 0.884 0.881 0.824 0.838 0.793 0.699 0.741 
0.674 0.661 0.627 0.766 0.649 0.654 0.791 0.816 0.711 0.831 
1.05 0.901 0.939 1.106 1.111 1.178 1.452 1.367 1.069 1.564 
1.749 4.146 2.974 5.307 6.468 5.433 4.915 5.455 3.637 2.093 
2.029 1.769 1.428 1.152 1.281 1.172 0.942 0.962 1.039 0.943 
0.82 0.914 0.981 0.893 0.746 0.809 0.786 0.604 0.669 0.701 
0.688 0.636 0.904 0.946 0.674 0.768 1.074 0.707 0.612 0.655 
0.669 0.578 0.554 0.649 0.64 0.606 0.571 0.698 0.616 0.588 
0.644 0.705 0.644 0.703 0.688 0.684 0.838 0.842 0.857 1.118 
1.118 0.942 0.887 0.998 0.895 0.625 0.727 0.72 0.642 0.622 
0.635 0.612 0.558 0.559 0.628 0.545 0.529 0.502 0.534 0.554 
0.54 0.579 0.596 0.605 0.605 0.655 0.638 0.66 0.695 0.673 
0.713 0.803 0.808 0.893 0.842 1.007 1.086 1.313 1.214 1.53 
1.809 1.469 1.713 1.959 1.833 1.522 1.751 1.692 1.399 1.193 
1.347 1.152 1.0 0.885 0.88 1.015 0.952 0.873 0.94 1.087 
0.964 1.085 1.08 1.02 0.984 1.055 0.991 0.855 0.885 0.872 
0.768 0.747 0.807 0.766 0.667 0.814 0.936 0.79 0.983 1.369 
1.329 1.099 2.101 2.395 1.501 1.789 2.837 1.736 1.267 2.032 
1.543 0.97 1.045 1.325 0.972 0.875 1.264 1.215 1.228 1.187 
1.11 1.324 1.348 1.24 1.906 4.165 6.483 5.243 3.695 2.301 
2.399 1.982 1.464 1.103 0.797 0.822 0.747 0.664 0.666 0.669 
0.71 0.771 0.819 1.037 0.942 1.248 1.195 1.701 1.694 4.059 
7.157 6.927 5.249 3.335 1.864 1.507 1.223 1.265 1.294 1.058 
0.95 0.796 0.775 0.635 0.7 0.681 0.689 0.581 0.559 0.557 
0.637 0.617 0.73 1.012 1.771 2.787 1.963 1.302 1.036 0.879 
0.952 1.124 0.903 0.791 0.822 0.859 0.775 0.71 0.822 0.808 
0.963 0.958 1.006 1.019 0.999 0.861 0.787 0.767 0.779 0.791 
0.916 0.987 1.077 1.05 1.906 1.918 2.368 2.424 1.033 0.875 
1.13 0.803 0.679 0.673 0.691 0.631 0.663 0.613 0.702 0.851 
1.067 1.554 1.383 1.341 1.343 1.091 1.195 1.736 1.93 2.436 
1.779 1.65 1.576 1.342 1.489 1.168 1.575 1.842 2.283 1.664 
1.843 1.421 1.383 1.306 1.239 1.221 1.193 1.122 1.128 1.219 
1.215 1.174 1.309 1.363 1.353 1.771 2.385 1.984 2.374 3.139 
3.745 4.055 3.092 3.068 2.783 3.1 2.743 2.507 1.66 1.697 
1.265 1.314 1.54 2.285 3.562 2.937 3.274 2.891 2.268 1.61 
1.485 1.194 1.161 1.106 0.95 0.967 1.029 1.025 0.823 1.02 
1.033 0.936 0.95 0.768 0.706 0.561 0.576 0.532 0.588 0.679 
0.868 1.063 1.401 1.784 2.548 2.683 3.094 3.131 2.548 2.21 
1.847 1.782 1.454 1.221 1.279 1.281 1.177 1.151 1.176 1.2 
1.177 0.828 1.045 0.863 0.641 0.593 0.497 0.524 0.579 0.62 
0.842 1.236 1.751 1.456 1.757 1.458 0.894 1.316 1.534 0.835 
0.752 0.691 0.742 0.722 0.813 0.862 0.984 1.13 1.092 1.126 
0.968 0.958 0.976 0.898 0.927 1.069 1.2 2.216 1.604 1.526 
2.275 2.611 3.012 4.136 4.125 2.724 2.508 2.408 3.479 4.517 
4.492 4.279 6.109 6.749 8.27 11.03 11.517 10.474 9.561 8.828 
9.457 9.247 4.529 5.222 7.105 4.599 3.347 5.979 7.829 5.63 
4.176 8.201 8.867 8.755 10.012 12.622 13.421 15.0 15.0 15.0 
15.0 15.0 15.0 15.0 15.0 15.0 15.0 15.0 15.0 15.0 
15.0 15.0 15.0 15.0 15.0 15.0 15.0 15.0 15.0 15.0 
15.0 15.0 15.0 15.0 15.0 15.0 15.0 15.0 15.0 15.0 
15.0 15.0 15.0 15.0 15.0 15.0 15.0 15.0 15.0 
END
