PFRMAT local QA
AUTHOR LAW-CASP14
af2-standard_T1137s8_4.pdb local_accuracy_only 15.0 15.0 15.0 15.0 15.0 15.0 15.0 14.92 13.281 13.147 13.534 
12.49 12.403 12.778 12.476 11.239 10.89 10.664 9.465 8.344 7.655 
6.951 5.911 5.022 4.246 2.334 3.434 3.048 2.468 2.443 2.808 
2.366 1.965 2.688 2.695 2.082 2.396 3.304 3.357 4.039 3.578 
2.588 1.711 1.43 1.471 1.169 1.038 1.14 1.204 0.965 0.934 
1.222 1.375 1.02 1.419 1.852 1.59 1.365 1.578 1.635 1.247 
1.119 1.249 1.393 1.303 1.341 1.58 1.666 1.721 1.959 2.155 
2.068 1.887 2.129 2.178 2.396 1.84 2.031 2.112 2.141 2.017 
2.174 2.115 2.161 2.173 2.03 2.066 1.915 1.83 1.789 1.897 
1.918 1.897 1.908 1.789 1.842 1.702 1.568 1.427 1.509 1.436 
1.279 1.098 1.053 1.006 1.015 0.912 0.901 0.863 0.872 0.821 
0.799 0.801 0.873 0.807 0.762 0.808 0.855 0.811 0.88 0.957 
0.995 1.005 1.289 1.364 1.871 1.835 2.317 2.489 3.135 3.281 
3.526 4.661 5.712 5.089 5.308 5.958 6.268 5.927 4.433 2.457 
2.023 1.496 1.502 1.412 1.08 0.963 1.079 1.002 0.834 0.825 
0.85 0.86 0.8 0.854 0.839 0.869 0.86 0.896 0.872 0.954 
0.979 1.044 1.054 1.054 1.22 1.239 1.467 1.541 1.65 1.793 
1.991 2.111 2.378 2.747 2.738 2.58 2.532 3.051 3.164 3.082 
2.814 2.314 2.143 2.106 1.997 2.006 1.933 2.054 2.065 1.956 
1.862 2.068 2.182 2.173 1.783 1.891 1.67 1.57 1.473 1.346 
1.323 1.232 1.102 1.038 1.116 1.056 0.939 0.918 0.92 0.864 
0.814 0.837 0.842 0.784 0.776 0.857 0.844 0.802 0.834 1.012 
1.077 1.121 1.153 1.657 1.837 2.814 2.893 2.861 2.574 2.662 
2.327 1.544 1.706 1.681 1.295 1.012 1.046 1.077 0.879 0.857 
0.915 0.944 0.845 0.945 1.042 1.099 1.003 1.123 1.152 1.128 
1.133 1.091 1.061 1.081 1.117 1.16 1.171 1.542 1.971 2.181 
2.524 2.505 3.67 4.46 6.909 
END
