PFRMAT local QA
AUTHOR MASS-CASP14
af2-standard_T1137s8_4.pdb local_accuracy_only 15.0 15.0 15.0 15.0 14.354 11.58 8.471 5.803 5.156 4.573 4.412 
3.575 3.843 3.748 3.509 3.217 3.436 3.224 2.976 2.983 3.067 
3.061 2.778 2.915 2.675 2.263 2.314 2.082 2.116 2.088 1.944 
1.977 1.905 2.127 2.12 2.076 2.16 2.368 2.586 2.645 2.88 
2.308 2.009 1.926 2.279 1.875 1.631 1.8 1.778 1.55 1.539 
1.625 1.847 1.919 2.02 2.83 3.237 3.535 3.632 3.899 3.192 
2.682 2.661 2.469 2.251 2.273 2.351 2.169 2.217 1.981 2.238 
2.446 2.059 2.092 2.406 2.225 2.028 2.193 2.183 1.976 2.075 
2.286 2.895 2.926 2.816 2.271 2.159 2.252 1.757 1.508 1.553 
1.763 1.629 1.426 1.337 1.431 1.466 1.419 1.366 1.54 1.464 
1.117 1.525 1.212 1.46 1.13 1.206 1.217 1.247 1.014 1.045 
1.053 1.173 1.117 1.035 1.009 1.123 1.322 1.252 1.207 1.429 
1.331 1.152 1.398 1.467 1.621 1.948 2.44 2.517 2.442 2.218 
1.879 2.195 2.309 2.092 2.294 2.454 2.089 2.042 1.729 1.69 
1.545 1.619 1.868 1.71 1.413 1.155 1.373 1.346 1.328 1.171 
1.205 1.075 1.153 1.127 1.06 1.006 1.07 1.156 1.318 1.218 
1.287 1.314 1.341 1.343 1.319 1.374 1.378 1.554 1.594 1.781 
2.145 2.037 2.064 2.269 2.327 2.863 2.801 3.121 2.896 2.194 
2.212 1.65 1.557 1.53 1.872 1.665 1.295 1.524 1.716 1.574 
1.521 1.951 2.037 2.127 1.971 2.118 1.858 1.557 1.428 1.344 
1.466 1.379 1.405 1.219 1.378 1.277 1.18 1.253 1.188 1.149 
1.163 1.257 1.151 1.055 1.129 1.153 1.189 1.159 1.211 1.278 
1.408 1.418 1.325 1.586 1.833 3.19 4.014 4.531 4.123 4.693 
3.482 2.264 2.353 2.141 1.833 1.501 1.552 1.605 1.48 1.631 
1.639 1.72 1.67 1.798 2.209 1.867 1.894 2.031 2.044 2.104 
2.404 2.622 2.795 2.593 3.229 3.802 4.254 4.947 5.819 6.482 
6.946 7.689 9.434 10.852 12.911 
END
