PFRMAT local QA
AUTHOR LAW-CASP14
af2-standard_T1177_2.pdb local_accuracy_only 2.142 1.858 1.485 1.516 1.386 1.278 1.21 1.236 1.589 1.517 2.264 
1.936 1.665 1.76 1.831 1.905 2.103 2.084 1.747 2.004 2.434 
2.167 2.008 2.382 2.55 2.283 3.195 2.993 2.415 4.589 6.863 
6.599 7.178 5.831 5.887 4.312 4.031 2.678 3.006 1.917 3.056 
1.975 3.496 2.566 3.62 2.977 3.369 2.891 2.663 2.745 2.694 
2.745 2.323 2.528 2.553 2.519 2.335 2.817 2.805 2.713 2.873 
3.397 3.846 4.237 6.277 6.67 7.651 7.603 6.882 6.091 5.361 
3.734 3.883 2.156 2.716 2.162 1.679 1.677 1.428 1.582 1.675 
2.159 2.135 1.96 2.829 2.943 1.871 3.178 3.44 3.167 3.369 
3.696 2.45 2.036 1.781 1.876 2.009 2.56 2.251 3.267 2.614 
2.717 2.214 1.549 1.887 1.865 1.618 1.558 1.276 1.024 1.035 
1.028 1.182 1.268 1.673 1.654 2.16 3.365 5.568 7.016 8.468 
7.961 7.352 5.525 4.785 3.289 2.591 2.662 2.011 3.164 3.083 
2.689 1.822 1.741 1.595 1.722 1.654 1.564 1.849 1.71 1.828 
1.654 2.265 2.076 3.309 3.46 3.253 2.916 2.318 1.909 1.928 
1.917 1.749 1.468 1.363 1.188 1.245 1.302 1.267 1.357 1.455 
1.776 1.564 1.763 1.737 2.206 1.827 1.816 1.558 1.586 2.111 
1.834 1.686 1.317 1.185 1.039 1.116 1.162 1.478 1.523 1.663 
1.542 1.781 2.018 1.978 2.168 2.363 2.228 2.41 2.283 3.124 
2.657 1.856 1.441 1.368 1.322 1.327 1.473 1.831 2.033 2.301 
3.075 3.908 3.554 2.762 2.351 2.696 2.146 1.888 1.782 1.702 
1.599 1.388 1.426 1.433 1.443 1.406 1.297 1.258 1.382 1.421 
1.562 1.627 
END
