PFRMAT local QA
AUTHOR MASS-CASP14
af2-standard_T1177_2.pdb local_accuracy_only 4.625 3.135 2.167 1.543 1.199 1.099 0.982 1.212 1.318 1.845 2.064 
1.838 1.789 1.848 1.7 1.81 1.959 1.856 1.757 1.735 2.039 
1.953 1.881 2.208 2.136 2.327 3.033 3.33 3.308 4.363 5.145 
5.635 6.595 6.373 7.442 7.332 7.467 6.093 4.681 3.307 3.06 
2.396 2.561 2.334 2.208 2.245 2.33 1.978 1.889 1.961 2.171 
2.647 2.451 2.528 2.839 2.492 2.519 2.948 3.58 3.62 3.495 
4.021 4.542 5.195 6.242 7.028 8.834 10.427 8.86 8.229 7.815 
6.552 6.803 5.432 5.815 4.501 3.033 2.24 1.835 1.685 1.832 
2.112 2.389 2.367 2.283 2.05 2.004 2.261 2.635 2.464 2.504 
2.779 3.081 3.042 3.25 2.895 3.231 2.701 2.165 2.004 1.896 
1.935 1.849 1.638 1.734 2.096 2.058 1.829 1.612 1.42 1.407 
1.625 1.952 2.364 2.923 3.367 4.377 4.57 6.807 7.054 7.854 
8.006 5.894 4.96 3.496 2.916 2.405 2.074 1.79 1.973 1.936 
1.62 1.697 1.581 1.747 1.652 1.623 1.491 1.542 1.506 1.606 
1.928 2.269 3.146 3.874 3.992 3.293 2.961 2.384 1.709 1.611 
1.628 1.429 1.172 1.088 1.028 1.189 1.068 1.056 1.249 1.674 
1.9 2.107 2.108 2.146 2.945 3.01 3.255 2.531 2.686 2.482 
2.304 2.214 1.704 1.464 1.081 1.183 1.277 1.568 1.717 1.705 
1.48 1.489 1.866 1.881 1.811 1.839 1.772 2.107 2.091 2.56 
2.048 1.599 1.441 1.287 1.111 0.984 1.118 1.479 1.682 1.834 
1.682 1.803 1.655 1.658 1.487 1.644 1.558 1.313 1.608 1.653 
1.337 1.201 1.287 1.616 1.752 1.686 1.627 1.598 1.33 1.798 
1.967 2.816 
END
