PFRMAT local QA
AUTHOR LAW-CASP14
af2-standard_T1137s4_5.pdb local_accuracy_only 15.0 15.0 15.0 15.0 15.0 15.0 15.0 15.0 15.0 15.0 8.583 
8.13 6.477 5.694 3.203 2.965 2.934 3.178 3.073 3.992 4.191 
4.044 4.228 4.728 5.516 10.938 8.028 12.415 6.445 7.854 7.945 
8.995 15.0 10.751 7.203 8.179 7.431 7.552 7.288 6.591 4.913 
4.216 3.211 3.61 1.771 1.511 0.917 0.724 0.609 0.633 0.629 
0.786 0.758 0.885 0.877 0.713 0.816 0.866 0.703 0.708 0.65 
0.734 0.637 0.846 0.551 0.783 0.842 1.026 1.225 1.024 1.048 
0.684 0.646 0.648 0.573 0.638 0.642 0.673 0.839 1.423 1.418 
1.974 1.748 1.201 0.846 0.756 0.564 0.559 0.561 0.594 0.688 
0.768 1.037 1.044 0.785 1.054 0.833 1.005 0.963 0.895 0.738 
0.775 0.626 0.635 0.607 0.679 0.953 1.036 1.418 1.686 2.303 
1.418 1.119 0.772 0.681 0.556 0.645 0.67 0.739 0.797 0.993 
1.177 1.569 1.473 1.486 1.101 1.162 0.994 1.14 0.929 0.886 
0.901 0.866 0.886 1.11 1.048 1.352 1.067 0.845 0.864 0.818 
1.005 1.6 1.87 1.96 1.788 1.67 1.679 1.578 1.508 1.446 
1.571 1.606 1.609 1.616 1.748 1.883 1.834 1.793 2.197 1.913 
2.172 2.012 2.194 2.018 1.861 2.092 2.01 2.175 2.133 2.512 
2.816 2.688 3.001 3.761 3.25 3.015 3.285 3.624 2.903 2.607 
2.624 2.362 1.984 1.855 1.671 1.564 1.489 1.531 1.585 1.483 
1.464 1.602 1.813 1.472 1.674 1.736 1.636 1.583 1.996 1.918 
2.059 2.233 2.475 3.036 3.326 5.735 8.479 9.304 14.299 15.0 
15.0 15.0 15.0 15.0 13.494 15.0 15.0 15.0 13.626 12.882 
10.674 7.926 8.667 11.469 5.028 4.596 4.604 4.042 4.055 4.073 
3.934 3.422 3.829 3.554 3.242 2.89 3.334 3.755 3.381 3.359 
3.858 3.634 4.063 4.524 5.259 3.924 3.717 3.079 2.978 2.543 
2.291 2.21 1.984 1.924 1.964 2.165 1.76 2.119 2.264 1.975 
1.927 2.145 2.213 2.185 2.622 2.561 2.71 2.864 2.99 3.015 
3.34 3.094 3.051 2.88 3.092 2.378 2.066 1.88 1.85 1.677 
1.685 1.902 1.859 1.822 1.905 2.12 2.158 2.338 2.269 2.62 
2.814 3.39 3.253 2.552 2.482 2.407 2.264 1.967 2.066 2.2 
2.112 2.149 2.359 2.304 2.391 2.278 2.307 2.36 2.296 2.27 
2.261 2.368 2.428 2.446 2.469 2.783 2.955 3.507 6.005 4.217 
4.025 3.308 3.013 2.942 3.198 3.33 3.051 2.921 2.822 2.932 
2.793 2.952 3.112 4.9 5.221 6.25 4.426 4.298 7.726 11.976 
10.746 7.193 8.845 6.538 9.48 10.956 14.642 12.792 10.892 8.804 
10.011 12.053 15.0 12.266 13.952 15.0 14.905 15.0 15.0 13.453 
11.839 10.618 11.087 10.604 6.953 7.976 8.272 6.678 5.988 5.669 
5.912 6.3 6.71 5.175 4.537 5.265 6.215 7.836 9.728 9.098 
13.319 12.092 12.016 15.0 12.509 11.274 15.0 10.231 12.072 15.0 
15.0 15.0 15.0 15.0 15.0 15.0 15.0 15.0 15.0 15.0 
15.0 15.0 15.0 15.0 15.0 15.0 15.0 15.0 15.0 15.0 
15.0 15.0 15.0 15.0 15.0 15.0 15.0 15.0 15.0 15.0 
15.0 15.0 15.0 15.0 15.0 15.0 15.0 15.0 15.0 15.0 
15.0 15.0 15.0 15.0 15.0 15.0 15.0 15.0 15.0 15.0 
15.0 15.0 15.0 15.0 15.0 15.0 15.0 15.0 15.0 15.0 
15.0 15.0 15.0 15.0 15.0 15.0 15.0 15.0 15.0 15.0 
15.0 15.0 15.0 15.0 15.0 15.0 15.0 15.0 15.0 15.0 
15.0 15.0 15.0 15.0 15.0 15.0 15.0 15.0 15.0 15.0 
15.0 15.0 15.0 15.0 15.0 15.0 15.0 15.0 15.0 15.0 
15.0 15.0 15.0 15.0 15.0 15.0 15.0 15.0 15.0 15.0 
15.0 15.0 15.0 15.0 15.0 15.0 15.0 15.0 15.0 15.0 
15.0 15.0 15.0 15.0 15.0 15.0 15.0 15.0 15.0 15.0 
15.0 15.0 15.0 15.0 15.0 15.0 15.0 15.0 15.0 15.0 
15.0 15.0 15.0 15.0 15.0 15.0 15.0 15.0 15.0 15.0 
15.0 15.0 15.0 15.0 15.0 15.0 
END
