PFRMAT local QA
AUTHOR MASS-CASP14
af2-standard_T1137s4_5.pdb local_accuracy_only 15.0 15.0 13.65 12.956 14.426 11.524 12.99 13.432 11.92 12.119 12.18 
11.121 12.379 12.979 13.423 12.888 13.111 14.282 14.238 13.844 13.949 
15.0 15.0 15.0 15.0 15.0 15.0 15.0 15.0 15.0 15.0 
15.0 15.0 14.181 15.0 13.71 12.173 12.066 13.858 13.698 12.768 
10.775 10.773 9.195 7.018 5.124 2.89 1.83 1.324 1.166 1.131 
1.083 0.981 1.092 1.254 1.19 1.473 1.329 1.26 1.531 1.62 
1.821 1.585 1.724 1.577 1.879 2.291 2.658 3.104 2.298 1.97 
1.576 1.472 1.198 1.248 1.457 1.505 1.345 1.379 1.822 2.523 
3.919 3.28 2.32 1.643 1.385 1.365 1.126 1.121 0.987 0.939 
1.318 1.907 1.891 1.841 1.864 1.604 1.523 1.779 2.087 1.757 
1.588 1.415 1.177 1.183 1.533 1.88 2.217 2.534 3.655 3.561 
3.592 3.186 2.454 1.652 1.376 1.182 1.197 1.478 2.158 3.088 
4.694 7.173 9.421 12.398 9.146 9.127 8.46 10.534 8.963 8.473 
6.79 6.499 5.308 6.513 6.24 5.686 4.979 4.637 4.66 4.762 
5.298 4.807 4.124 4.105 4.359 3.716 3.282 3.667 4.248 3.825 
4.429 3.938 4.124 3.74 4.047 4.129 4.088 4.267 4.576 5.679 
6.228 6.392 5.532 4.467 3.493 3.238 3.305 3.431 3.187 3.412 
3.942 3.725 4.104 3.77 4.549 4.811 5.076 5.742 5.651 5.545 
5.516 6.022 4.83 4.764 3.848 3.732 2.893 2.57 2.531 2.488 
2.233 2.53 2.633 2.598 2.694 2.81 2.773 2.594 2.749 3.066 
3.237 3.46 4.437 5.095 6.028 6.273 5.87 5.076 5.13 5.107 
4.115 4.091 4.051 4.25 3.848 4.206 4.302 4.558 4.518 4.882 
5.483 5.751 5.924 6.838 8.101 7.923 7.414 6.21 5.107 5.395 
5.421 5.469 5.815 6.31 6.03 5.696 6.155 6.871 6.713 7.072 
6.823 8.593 8.182 8.609 11.214 10.517 8.422 6.633 6.022 5.301 
5.542 6.196 5.969 5.277 5.963 5.642 5.376 5.544 6.345 5.848 
6.636 6.393 7.439 6.819 6.349 5.663 5.587 4.873 5.464 6.534 
7.115 7.466 8.753 8.712 7.513 7.419 8.295 9.13 7.731 8.084 
7.294 8.215 8.879 9.056 9.356 8.347 7.731 8.34 9.025 7.694 
7.09 6.683 6.083 5.367 5.459 4.561 4.045 3.485 3.441 3.591 
3.268 3.378 3.729 3.684 3.721 3.641 3.553 3.492 3.831 3.208 
3.125 3.61 3.669 3.7 3.867 3.839 5.416 6.498 6.875 7.521 
7.733 7.474 6.814 6.358 6.387 6.599 6.899 6.106 6.892 6.727 
7.349 7.836 7.638 6.729 6.226 4.954 4.596 4.033 3.498 4.164 
4.176 4.399 3.826 4.794 5.797 5.698 6.782 7.44 9.697 8.87 
11.243 9.248 7.985 6.396 7.038 5.84 4.615 4.75 4.585 3.959 
3.724 4.575 5.598 6.496 6.477 6.845 7.727 8.036 8.881 8.944 
10.153 9.597 8.706 7.4 7.609 8.779 8.712 9.309 10.281 12.12 
12.275 12.296 14.716 12.126 11.237 10.652 10.128 10.83 9.28 7.761 
8.252 7.785 7.447 6.622 7.023 6.904 6.767 6.874 5.736 6.339 
5.85 6.473 7.319 8.816 10.529 10.816 14.917 12.19 14.198 10.094 
10.457 8.648 8.91 7.915 7.307 7.009 7.617 7.774 8.633 7.788 
8.437 8.61 6.909 6.869 7.096 7.452 6.76 5.532 4.859 5.217 
5.019 5.006 4.981 4.655 5.556 5.413 6.132 5.786 6.294 6.681 
5.803 5.021 6.063 7.379 7.553 6.813 7.123 6.2 6.927 5.375 
6.32 8.407 8.179 7.711 7.238 7.093 6.007 6.066 6.482 8.056 
7.916 9.299 9.094 9.669 10.803 10.589 10.843 11.848 12.506 11.541 
11.276 10.717 11.173 8.993 9.797 9.686 11.402 10.427 8.116 5.777 
4.916 3.605 3.459 3.523 3.731 3.65 4.34 4.873 5.43 6.396 
6.672 5.862 6.143 6.055 5.367 5.4 5.869 6.104 6.723 7.736 
7.936 7.723 8.383 8.163 9.95 10.476 11.534 11.824 13.238 14.572 
15.0 15.0 15.0 15.0 15.0 15.0 15.0 15.0 15.0 15.0 
15.0 15.0 15.0 15.0 15.0 15.0 15.0 15.0 15.0 15.0 
15.0 15.0 15.0 15.0 15.0 15.0 15.0 15.0 15.0 15.0 
15.0 15.0 15.0 15.0 15.0 15.0 
END
