PFRMAT local QA
AUTHOR MASS-CASP14
af2-standard_T1192_2.pdb local_accuracy_only 15.0 14.709 12.37 10.736 11.498 12.31 11.773 10.276 11.282 10.643 11.973 
10.907 12.21 11.196 13.208 12.426 13.056 15.0 15.0 15.0 15.0 
13.933 11.435 9.472 8.08 7.254 7.515 6.395 7.336 6.061 5.437 
5.564 5.448 4.348 3.436 3.077 3.052 2.386 2.303 1.959 2.0 
1.749 1.319 1.516 1.858 1.617 1.302 1.322 1.534 1.628 1.342 
1.178 1.33 1.538 1.484 1.888 2.023 2.576 2.709 2.461 1.73 
1.521 1.178 1.084 1.23 1.298 1.54 1.765 1.674 1.508 1.229 
1.348 1.359 1.327 1.306 1.528 1.669 1.438 1.377 1.963 2.314 
2.352 1.551 1.284 1.25 1.323 1.4 1.194 1.492 1.821 1.94 
2.185 2.198 2.151 1.763 1.701 1.863 2.449 2.834 3.431 2.594 
1.674 1.217 0.799 0.549 0.712 0.81 0.845 0.916 0.907 0.978 
0.97 0.954 0.948 0.91 1.038 1.115 1.174 1.139 1.097 1.166 
1.409 1.261 1.074 1.056 1.209 1.258 1.65 1.917 2.509 2.4 
2.675 2.642 2.381 2.204 1.882 1.785 1.523 1.486 1.533 1.47 
1.317 1.286 1.298 1.338 1.156 1.224 1.202 1.186 1.188 1.242 
1.276 1.328 1.361 1.328 1.496 1.576 1.27 1.279 1.261 1.202 
1.251 1.148 1.305 1.248 1.305 1.646 1.884 2.067 2.048 1.965 
1.88 2.259 2.408 2.26 2.704 3.102 3.714 4.094 5.117 6.097 
5.733 6.835 7.571 8.032 7.319 7.71 8.477 9.052 8.888 8.28 
5.902 5.537 5.016 3.956 3.927 3.322 3.379 3.404 3.372 3.803 
3.892 3.499 3.463 3.688 4.164 4.456 4.974 5.847 6.347 6.605 
8.498 8.036 8.887 7.655 7.883 7.689 7.26 7.472 6.399 4.961 
4.079 3.98 3.677 4.183 4.687 5.318 6.281 6.404 7.304 6.396 
6.228 5.791 6.119 6.703 7.331 8.244 8.939 13.599 11.025 15.0 
11.891 13.762 12.391 12.75 10.616 12.981 13.676 13.985 13.475 13.96 
12.259 15.0 12.654 13.758 14.453 15.0 15.0 15.0 15.0 15.0 
15.0 15.0 15.0 15.0 15.0 15.0 15.0 15.0 15.0 15.0 
15.0 14.927 15.0 15.0 15.0 15.0 15.0 15.0 15.0 15.0 
15.0 15.0 15.0 15.0 15.0 11.658 12.07 8.996 8.661 7.368 
6.383 6.266 6.383 6.091 5.766 5.918 6.077 5.771 5.217 6.545 
7.192 7.181 7.075 6.409 7.887 8.161 10.421 11.827 12.109 11.328 
12.217 13.498 15.0 15.0 15.0 15.0 13.767 13.791 12.341 13.435 
12.82 14.626 14.278 15.0 15.0 15.0 15.0 15.0 15.0 15.0 
15.0 15.0 15.0 15.0 15.0 15.0 15.0 13.311 12.925 10.959 
8.974 6.697 6.05 5.316 6.334 6.332 6.648 5.822 7.012 8.046 
7.88 7.85 7.443 6.745 5.54 4.669 4.34 4.106 3.881 3.435 
3.739 3.563 4.041 3.526 3.959 4.056 4.605 5.476 5.701 5.749 
5.733 5.249 4.624 4.438 5.179 5.557 5.565 5.203 4.821 4.753 
4.351 4.397 4.947 5.06 4.865 5.102 5.677 5.885 5.008 6.193 
5.555 5.587 5.678 6.382 5.824 4.795 5.113 5.567 5.551 5.049 
5.398 5.755 5.583 6.6 6.813 7.213 7.55 8.607 9.042 9.191 
10.545 10.667 11.824 13.277 13.377 13.771 14.724 
END
