PFRMAT local QA
AUTHOR LAW-CASP14
af2-standard_T1192_2.pdb local_accuracy_only 15.0 15.0 15.0 15.0 15.0 15.0 15.0 15.0 15.0 15.0 15.0 
15.0 15.0 15.0 15.0 15.0 15.0 15.0 10.62 8.511 1.928 
1.216 0.998 0.777 0.776 0.658 0.591 0.671 0.692 0.704 0.811 
0.99 1.085 1.212 1.051 1.028 1.119 1.03 0.862 1.008 1.001 
0.848 0.709 0.921 0.898 0.852 0.698 0.783 0.83 0.946 0.783 
0.686 0.686 0.768 0.843 1.293 1.403 2.349 2.447 1.961 1.584 
1.044 0.835 0.677 0.629 0.754 0.842 0.928 1.004 0.965 0.732 
0.872 0.856 0.687 0.63 0.768 0.891 0.711 0.732 0.772 0.908 
0.749 0.656 0.571 0.527 0.518 0.53 0.53 0.507 0.548 0.55 
0.582 0.539 0.581 0.55 0.587 0.636 0.891 0.919 1.281 1.333 
0.953 0.727 0.592 0.497 0.499 0.473 0.509 0.468 0.513 0.451 
0.511 0.451 0.502 0.523 0.602 0.612 0.587 0.542 0.587 0.538 
0.622 0.558 0.49 0.481 0.491 0.554 0.521 0.588 0.723 0.817 
0.784 1.192 0.907 0.884 0.783 0.733 0.652 0.599 0.677 0.632 
0.503 0.548 0.584 0.511 0.463 0.473 0.547 0.478 0.461 0.463 
0.561 0.485 0.477 0.488 0.539 0.525 0.53 0.611 0.661 0.648 
0.542 0.615 0.601 0.63 0.648 0.716 0.717 0.824 0.853 0.723 
0.828 0.975 1.014 0.902 1.212 1.338 1.176 1.896 1.579 2.045 
2.747 2.549 4.159 5.565 7.025 10.057 12.872 15.0 14.456 12.881 
8.01 6.939 3.694 3.612 2.158 1.815 1.431 1.413 1.368 1.395 
1.43 1.373 1.467 1.57 1.583 1.606 1.909 2.161 4.129 7.129 
9.78 9.702 9.58 10.691 15.0 15.0 15.0 15.0 15.0 15.0 
12.817 15.0 15.0 13.913 15.0 15.0 15.0 15.0 15.0 15.0 
15.0 15.0 15.0 15.0 15.0 15.0 15.0 15.0 15.0 15.0 
15.0 15.0 15.0 15.0 15.0 15.0 15.0 15.0 15.0 15.0 
15.0 15.0 15.0 15.0 15.0 15.0 15.0 15.0 15.0 15.0 
15.0 15.0 15.0 15.0 15.0 15.0 15.0 15.0 15.0 15.0 
15.0 15.0 15.0 15.0 15.0 15.0 15.0 15.0 15.0 15.0 
15.0 15.0 15.0 15.0 15.0 15.0 15.0 15.0 15.0 15.0 
15.0 15.0 12.392 13.547 14.929 10.002 13.086 15.0 11.29 13.963 
15.0 15.0 15.0 15.0 15.0 15.0 15.0 15.0 15.0 15.0 
15.0 15.0 15.0 15.0 15.0 15.0 15.0 15.0 15.0 15.0 
15.0 15.0 15.0 15.0 15.0 15.0 15.0 15.0 15.0 15.0 
15.0 15.0 15.0 15.0 15.0 15.0 15.0 15.0 15.0 15.0 
15.0 15.0 15.0 12.921 15.0 14.247 11.209 12.496 10.408 7.646 
10.271 8.073 5.755 7.958 7.769 4.947 5.524 7.683 6.411 6.501 
15.0 15.0 14.251 15.0 15.0 15.0 15.0 15.0 15.0 15.0 
15.0 15.0 15.0 15.0 15.0 15.0 15.0 15.0 15.0 15.0 
15.0 15.0 15.0 15.0 15.0 15.0 15.0 15.0 15.0 15.0 
15.0 15.0 15.0 15.0 15.0 15.0 15.0 15.0 15.0 15.0 
15.0 15.0 15.0 15.0 15.0 15.0 15.0 15.0 15.0 15.0 
15.0 15.0 15.0 15.0 15.0 15.0 15.0 
END
