PFRMAT local QA
AUTHOR LAW-CASP14
af2-standard_T1159_3.pdb local_accuracy_only 2.598 3.597 4.661 4.367 5.98 5.396 5.011 5.364 5.028 4.244 2.126 
4.11 2.507 2.043 1.472 1.601 1.589 1.364 1.261 1.393 1.385 
1.127 1.331 1.369 1.415 1.475 1.147 1.446 1.609 1.923 1.998 
2.129 1.868 2.321 2.78 2.996 2.097 1.965 1.382 0.982 0.838 
0.884 0.904 0.806 0.743 0.742 0.759 0.772 0.891 0.862 0.973 
1.038 1.135 1.031 1.125 0.903 0.903 1.015 1.03 0.968 0.914 
1.309 1.236 1.209 1.337 1.129 1.295 1.632 1.134 1.551 2.249 
2.136 1.644 2.483 1.539 2.474 2.558 2.147 1.746 1.672 1.171 
1.715 1.264 1.556 1.402 1.367 1.049 1.072 1.053 0.947 0.98 
0.839 0.801 0.797 0.811 0.928 1.365 2.029 3.636 4.084 3.925 
3.485 1.005 0.882 0.819 0.839 0.793 0.809 0.894 0.97 1.094 
1.212 1.064 0.935 0.873 0.917 0.927 0.943 1.138 1.016 1.249 
1.107 0.998 0.995 1.147 1.215 1.162 1.454 1.103 0.928 0.9 
0.953 0.951 1.113 1.107 1.028 1.155 1.322 1.444 1.464 1.477 
1.62 1.602 1.563 1.239 1.205 1.479 1.35 2.179 2.173 1.574 
1.588 1.012 1.037 0.836 0.931 1.0 1.156 1.721 1.321 
END
