PFRMAT local QA
AUTHOR MASS-CASP14
af2-standard_T1159_3.pdb local_accuracy_only 3.277 2.743 2.017 2.374 2.863 3.944 3.807 3.932 4.395 3.857 3.002 
3.346 3.013 2.998 3.052 3.249 2.704 2.36 2.244 2.163 2.037 
2.142 2.284 2.057 1.721 1.448 1.572 1.809 2.283 2.468 2.167 
1.885 1.466 1.891 1.947 1.461 1.478 1.265 1.389 1.107 0.953 
1.027 1.119 1.056 1.202 1.026 0.956 0.911 0.987 1.04 1.082 
1.236 1.296 1.229 1.423 1.132 1.168 1.393 1.486 1.091 0.932 
1.177 1.486 1.448 1.662 2.114 2.112 1.871 1.47 1.614 1.68 
1.537 1.384 1.333 1.351 1.809 2.017 1.931 1.643 1.397 1.203 
1.372 1.4 1.482 1.367 1.363 1.193 1.533 1.523 1.198 1.003 
0.9 0.935 0.915 0.899 0.893 1.071 1.294 1.971 2.441 2.259 
1.487 1.231 1.108 1.133 1.059 0.952 0.845 0.876 0.964 1.118 
1.253 1.187 1.127 0.852 1.014 1.107 1.211 1.391 1.356 1.678 
1.364 1.305 1.413 1.759 1.914 1.623 1.717 1.791 1.473 1.205 
1.247 1.217 1.368 1.607 1.503 1.399 1.613 1.884 1.868 1.894 
2.215 2.347 1.939 1.477 1.557 1.803 1.831 2.682 2.861 2.533 
1.591 1.329 1.159 1.182 1.042 1.024 1.122 1.479 1.58 
END
