PFRMAT local QA
AUTHOR MASS-CASP14
af2-standard_T1114s1_1.pdb local_accuracy_only 15.0 15.0 15.0 15.0 15.0 15.0 15.0 15.0 15.0 15.0 15.0 
15.0 15.0 15.0 15.0 15.0 14.294 12.837 12.797 11.558 10.66 
11.012 12.898 12.654 12.982 12.481 13.022 12.482 13.206 13.843 13.429 
14.07 14.672 11.516 9.345 8.756 7.52 8.462 8.097 6.929 6.924 
6.59 8.212 9.887 10.468 11.024 10.898 9.467 10.536 10.939 10.576 
9.651 9.916 10.549 8.309 9.351 9.499 9.917 9.177 8.273 9.025 
8.916 8.045 8.86 8.277 8.594 9.265 7.946 7.691 7.337 8.893 
8.031 8.836 9.509 9.8 10.235 11.483 11.076 9.814 8.031 10.265 
10.692 11.978 11.587 11.992 12.375 14.898 13.836 13.649 13.803 12.772 
11.78 10.838 9.667 9.08 8.616 7.708 8.252 7.532 7.58 7.781 
8.026 7.561 8.514 8.425 8.554 9.126 9.101 9.291 9.691 10.532 
10.294 10.903 10.064 8.815 9.789 7.649 7.475 5.586 7.075 5.014 
6.038 6.018 6.121 6.027 6.421 6.429 6.187 5.267 5.341 5.851 
5.933 6.575 6.365 7.448 7.2 7.093 7.281 8.448 8.135 7.676 
8.078 7.237 6.756 7.445 7.516 7.78 7.812 8.004 9.612 9.627 
10.26 10.152 9.633 7.316 7.662 5.735 5.798 5.555 6.425 6.318 
5.91 5.553 4.694 4.856 4.319 4.342 3.762 3.997 3.557 3.59 
3.467 3.389 3.126 2.908 3.228 3.53 3.52 3.779 4.025 3.884 
3.955 4.835 5.217 5.584 6.493 7.429 9.106 8.911 
END
