PFRMAT local QA
AUTHOR LAW-CASP14
af2-standard_T1114s1_1.pdb local_accuracy_only 15.0 15.0 15.0 15.0 15.0 15.0 15.0 15.0 14.598 15.0 15.0 
15.0 15.0 15.0 10.349 9.91 8.387 7.209 3.946 2.974 2.806 
2.269 2.282 2.193 1.949 1.745 1.752 1.888 1.827 1.763 1.722 
1.78 1.739 1.947 1.758 1.859 1.799 1.947 1.957 2.026 1.906 
1.996 2.352 2.339 3.294 5.904 6.698 6.861 11.224 12.655 13.692 
15.0 15.0 15.0 14.421 15.0 15.0 15.0 15.0 15.0 14.83 
13.709 15.0 15.0 14.859 15.0 15.0 14.736 14.522 15.0 15.0 
15.0 15.0 15.0 15.0 15.0 15.0 15.0 15.0 15.0 15.0 
15.0 15.0 15.0 15.0 15.0 15.0 15.0 15.0 15.0 15.0 
15.0 12.429 11.962 7.968 3.506 2.625 2.252 2.261 2.221 2.174 
2.263 2.217 2.098 2.139 2.35 2.193 2.323 2.655 2.679 2.667 
2.807 2.952 3.027 3.043 2.844 3.046 2.662 2.787 2.747 2.639 
2.486 2.552 2.734 2.792 2.958 2.768 3.041 3.484 3.109 2.918 
3.421 3.955 3.992 3.519 3.482 5.754 3.272 3.948 3.746 2.996 
2.483 2.523 2.439 2.563 2.604 2.572 2.511 3.351 2.877 3.06 
2.396 2.352 2.068 2.062 1.973 2.032 1.909 1.825 2.152 1.944 
1.864 2.037 2.086 2.051 2.146 2.307 2.254 2.253 2.119 2.068 
2.008 1.848 1.746 1.552 1.702 1.648 1.603 1.501 1.611 1.438 
1.501 1.631 1.824 1.876 2.095 2.38 2.67 2.837 
END
