PFRMAT local QA
AUTHOR LAW-CASP14
af2-standard_T1158_5.pdb local_accuracy_only 13.073 15.0 14.526 13.725 9.953 8.718 6.846 2.359 1.335 1.561 1.304 
3.003 5.846 5.709 8.909 8.183 8.666 7.769 3.298 6.861 2.703 
1.484 1.065 0.946 1.082 1.646 0.827 1.065 1.169 1.17 0.965 
1.39 1.386 1.244 1.421 2.076 1.649 1.448 1.104 1.072 1.012 
1.255 1.141 0.848 1.045 1.028 0.777 1.161 1.106 1.117 0.911 
0.866 0.68 0.776 0.99 0.723 0.678 0.799 0.894 0.826 0.862 
1.104 1.223 1.232 1.475 1.773 2.037 2.427 2.772 3.06 3.461 
3.968 5.315 5.408 6.184 4.768 4.62 2.861 2.141 1.43 1.867 
1.972 1.506 1.463 1.867 1.841 1.48 2.046 2.181 2.872 2.993 
2.135 3.875 4.494 2.431 4.117 5.81 3.471 2.884 4.32 3.402 
2.43 2.347 2.386 2.16 1.687 1.368 1.559 1.596 1.3 1.634 
1.691 1.302 1.132 1.489 1.453 1.047 1.112 1.291 1.022 0.995 
1.298 1.517 3.333 4.847 7.182 5.146 5.207 4.274 3.143 2.98 
3.016 3.014 2.468 2.566 2.482 2.124 1.891 2.678 2.467 2.209 
1.852 2.355 1.989 1.71 1.593 1.769 1.522 0.979 1.052 1.203 
1.035 0.704 0.857 0.972 0.732 0.583 0.698 0.694 0.62 0.534 
0.621 0.623 0.533 0.557 0.531 0.544 0.504 0.56 0.495 0.473 
0.523 0.511 0.504 0.461 0.538 0.55 0.506 0.529 0.579 0.63 
0.757 0.883 1.176 0.981 1.133 1.497 1.753 1.471 1.509 1.054 
1.175 1.218 0.989 0.904 1.051 0.982 0.781 0.919 0.98 0.929 
0.717 0.825 0.872 0.689 0.706 0.811 0.844 0.771 0.8 1.077 
0.977 1.361 1.334 1.457 1.486 1.881 1.536 1.508 1.343 1.344 
1.129 1.071 1.081 1.008 0.925 0.919 0.96 0.909 0.965 1.122 
1.096 0.946 0.988 1.007 0.998 0.903 1.001 0.997 1.074 1.065 
1.322 1.2 1.323 1.471 1.649 1.778 1.858 1.673 1.896 1.596 
1.512 1.253 1.258 1.113 1.068 0.958 0.926 0.978 0.957 0.843 
0.894 0.928 0.902 0.771 0.841 0.836 0.781 0.758 0.817 0.787 
0.729 0.707 0.774 0.753 0.687 0.796 0.825 0.748 0.761 0.873 
0.871 0.748 0.789 0.77 0.724 0.731 0.652 0.645 0.734 0.797 
0.856 1.008 0.999 0.905 0.893 0.918 0.824 0.751 0.802 0.808 
0.76 0.704 0.743 0.734 0.677 0.632 0.705 0.718 0.691 0.702 
0.792 0.8 0.865 0.923 1.006 0.99 1.109 1.261 1.306 1.383 
1.398 1.442 1.441 1.379 1.389 1.214 1.282 1.578 1.401 1.147 
1.141 1.365 1.118 1.123 1.115 1.562 1.117 1.097 1.195 1.322 
1.26 1.357 1.379 1.411 1.185 1.361 1.045 1.128 1.044 1.124 
1.077 1.121 0.999 1.172 1.108 1.051 1.079 1.196 1.236 1.229 
1.417 1.471 1.568 1.679 2.059 2.147 1.727 1.901 2.404 2.159 
1.457 2.141 1.925 1.219 1.297 1.606 1.258 1.011 1.398 1.419 
1.062 1.172 1.327 1.135 0.895 1.116 1.022 0.856 0.782 0.953 
0.843 0.858 0.801 0.976 1.848 6.923 7.146 9.61 10.081 8.257 
10.904 10.031 7.571 8.92 6.13 4.655 1.501 1.218 1.145 1.194 
1.228 1.455 1.519 1.384 1.445 1.266 1.439 1.218 1.555 1.805 
3.19 2.26 2.926 2.038 1.519 1.413 1.386 1.458 1.752 1.396 
1.387 1.191 1.19 0.926 1.058 0.957 0.949 0.891 0.797 0.795 
0.772 0.698 0.844 1.317 2.064 7.018 2.832 1.74 1.352 0.938 
0.875 1.085 0.997 0.79 0.954 1.016 1.01 0.814 1.257 0.896 
1.064 1.203 1.285 1.42 1.416 1.653 1.377 1.226 1.281 1.266 
1.475 1.041 0.795 0.646 0.645 0.711 0.733 1.059 1.155 1.623 
1.173 0.887 0.839 0.768 0.906 0.875 0.888 0.907 0.904 1.119 
0.904 0.954 1.163 1.399 1.968 1.5 2.114 1.896 2.104 1.827 
1.622 1.282 1.242 1.165 1.099 0.961 0.993 0.998 0.996 0.915 
1.038 0.983 1.068 1.142 1.103 1.07 1.248 1.542 1.119 1.282 
1.028 1.152 0.923 0.921 0.981 0.914 0.924 0.996 0.889 0.925 
0.97 1.339 1.805 1.454 2.776 1.918 1.73 1.244 1.085 1.296 
1.06 0.938 0.928 0.918 0.942 0.998 0.794 0.909 0.925 0.91 
0.843 0.709 0.687 0.566 0.575 0.583 0.709 0.75 0.887 1.048 
1.124 1.618 1.623 1.472 1.549 1.393 1.364 1.218 1.165 1.167 
1.112 0.964 0.967 1.104 0.998 1.005 0.949 1.084 1.225 1.065 
0.926 1.125 0.975 0.728 0.709 0.65 0.562 0.644 0.685 0.953 
1.369 2.089 2.197 2.464 1.883 1.674 1.862 1.551 1.305 1.121 
1.032 0.992 0.984 1.072 1.213 1.565 1.757 1.436 1.63 1.607 
1.504 1.31 1.353 1.424 1.627 1.752 4.673 4.45 6.002 9.895 
9.482 10.466 12.478 12.604 12.494 11.36 13.479 15.0 12.748 12.969 
15.0 15.0 15.0 15.0 15.0 15.0 15.0 15.0 15.0 15.0 
15.0 15.0 15.0 15.0 15.0 15.0 15.0 15.0 15.0 15.0 
15.0 15.0 15.0 15.0 15.0 15.0 15.0 12.351 10.567 5.474 
7.947 10.229 10.823 10.949 8.023 14.941 15.0 15.0 15.0 15.0 
15.0 15.0 15.0 15.0 15.0 15.0 15.0 15.0 15.0 15.0 
15.0 15.0 15.0 15.0 15.0 15.0 15.0 15.0 15.0 12.369 
11.457 9.524 7.671 5.837 3.092 2.31 1.867 1.478 1.32 1.201 
1.176 1.072 0.83 0.944 1.096 0.821 0.872 1.247 2.163 2.82 
4.266 3.505 3.242 4.954 4.919 3.368 4.5 4.723 3.24 3.043 
2.741 3.279 2.255 1.566 2.521 2.456 2.212 1.891 2.818 2.543 
2.337 2.525 2.665 2.251 1.821 2.593 3.431 1.859 8.341 6.758 
9.116 11.381 12.318 12.913 13.971 15.0 15.0 15.0 15.0 15.0 
15.0 15.0 15.0 15.0 15.0 15.0 15.0 10.791 12.424 11.799 
11.451 10.051 8.944 7.501 8.729 7.355 5.674 5.962 4.14 3.884 
2.446 4.577 4.432 2.818 2.328 2.611 2.358 1.877 1.639 2.174 
2.091 1.381 1.189 1.247 1.017 0.87 0.825 0.845 0.746 0.673 
0.734 0.708 0.656 0.633 0.634 0.638 0.576 0.605 0.62 0.633 
0.62 0.652 0.739 0.654 0.63 0.79 0.83 0.849 0.798 1.016 
0.937 0.922 1.045 1.111 0.984 0.97 0.834 0.839 0.815 0.768 
0.708 0.709 0.751 0.668 0.691 0.694 0.727 0.692 0.697 0.736 
0.718 0.699 0.759 0.751 0.737 0.72 0.724 0.682 0.614 0.652 
0.609 0.6 0.567 0.704 0.621 0.619 0.752 0.784 0.71 0.82 
1.049 0.969 0.988 1.187 1.251 1.357 1.657 1.557 1.31 1.79 
2.089 4.004 3.817 5.966 7.372 6.354 6.234 6.405 4.879 2.827 
2.746 2.444 1.778 1.313 1.47 1.263 0.973 1.025 1.019 0.931 
0.792 0.893 0.949 0.875 0.742 0.815 0.81 0.616 0.711 0.79 
0.738 0.702 0.924 0.941 0.725 0.801 0.9 0.78 0.625 0.694 
0.698 0.614 0.571 0.731 0.673 0.596 0.557 0.671 0.591 0.553 
0.642 0.657 0.611 0.657 0.655 0.642 0.792 0.793 0.8 1.009 
0.959 0.833 0.745 0.836 0.74 0.553 0.624 0.601 0.586 0.526 
0.555 0.546 0.525 0.493 0.548 0.526 0.5 0.461 0.515 0.54 
0.507 0.539 0.568 0.564 0.55 0.593 0.579 0.599 0.626 0.605 
0.655 0.745 0.747 0.879 0.842 0.995 1.072 1.342 1.259 1.55 
1.927 1.663 1.969 2.286 2.338 1.889 2.097 2.131 1.81 1.512 
1.705 1.473 1.201 1.036 0.97 1.139 1.186 1.039 1.06 1.266 
1.118 1.202 1.161 1.111 1.055 1.066 1.041 0.897 0.925 0.909 
0.802 0.75 0.804 0.785 0.655 0.805 0.909 0.75 0.912 1.094 
1.116 0.931 1.636 1.706 1.188 1.468 2.15 1.345 1.075 1.653 
1.219 0.911 1.005 1.285 0.963 0.899 1.451 1.362 1.595 1.311 
1.177 1.233 1.192 1.075 1.487 2.576 4.09 3.313 2.604 1.894 
2.126 1.832 1.431 1.063 0.781 0.815 0.734 0.65 0.644 0.645 
0.675 0.73 0.807 0.96 0.873 1.137 1.087 1.471 1.492 2.457 
4.432 4.487 3.376 2.996 1.581 1.397 1.088 1.123 1.119 0.971 
0.892 0.749 0.739 0.611 0.684 0.66 0.675 0.566 0.536 0.535 
0.611 0.579 0.686 0.94 1.496 2.319 1.504 1.134 0.955 0.814 
0.855 1.011 0.83 0.73 0.76 0.798 0.712 0.655 0.761 0.762 
0.906 0.903 0.942 0.965 0.95 0.823 0.743 0.732 0.745 0.764 
0.876 0.944 1.013 0.977 1.57 1.662 1.757 1.71 0.87 0.803 
0.987 0.749 0.642 0.65 0.674 0.611 0.637 0.592 0.668 0.811 
1.034 1.652 1.291 1.331 1.284 1.128 1.138 1.46 1.475 1.62 
1.37 1.428 1.359 1.164 1.374 1.202 1.49 1.693 1.802 1.526 
1.681 1.364 1.345 1.255 1.159 1.14 1.124 1.04 1.037 1.123 
1.107 1.055 1.194 1.232 1.225 1.517 1.751 1.523 1.717 2.027 
2.069 2.117 1.88 1.788 1.666 1.838 1.75 1.827 1.453 1.626 
1.208 1.251 1.419 2.033 3.079 2.632 2.869 2.597 2.075 1.456 
1.344 1.109 1.054 1.0 0.839 0.897 0.939 0.953 0.789 0.971 
0.986 0.914 0.935 0.755 0.703 0.547 0.556 0.51 0.56 0.657 
0.815 1.09 1.436 1.453 2.466 2.549 2.62 2.827 2.213 2.067 
1.786 1.691 1.432 1.167 1.244 1.244 1.123 1.115 1.15 1.18 
1.151 0.812 1.039 0.869 0.636 0.579 0.481 0.496 0.556 0.608 
0.818 1.133 1.395 1.327 1.48 1.338 0.847 1.347 1.543 0.81 
0.726 0.678 0.701 0.698 0.763 0.81 0.916 1.017 0.993 1.001 
0.92 0.914 0.953 0.873 0.914 1.042 1.182 2.105 1.577 1.469 
2.107 2.507 2.907 3.834 3.827 2.514 2.225 1.775 3.102 3.748 
3.571 3.218 4.492 5.054 5.862 7.84 8.909 7.906 6.683 6.006 
7.912 8.338 3.738 4.681 7.056 4.628 3.388 6.501 8.641 5.997 
4.355 8.48 9.379 9.027 9.839 11.255 12.44 14.325 14.079 14.085 
15.0 15.0 15.0 15.0 15.0 15.0 15.0 15.0 15.0 15.0 
15.0 15.0 15.0 15.0 15.0 15.0 15.0 15.0 15.0 15.0 
15.0 15.0 15.0 15.0 15.0 15.0 15.0 15.0 15.0 15.0 
15.0 15.0 15.0 15.0 15.0 15.0 15.0 15.0 15.0 
END
