PFRMAT local QA
AUTHOR MASS-CASP14
af2-standard_T1158_5.pdb local_accuracy_only 13.601 14.804 12.539 9.455 7.078 6.352 3.859 2.646 1.823 1.861 1.608 
1.954 1.872 2.873 3.251 4.173 4.341 4.385 4.604 4.306 4.016 
3.545 3.441 3.096 2.99 2.676 2.686 3.004 3.144 2.685 2.792 
3.069 3.808 4.331 5.8 5.776 6.378 5.964 5.075 5.521 5.451 
4.91 3.956 3.4 3.219 3.337 3.549 3.647 5.24 5.286 5.609 
4.267 3.436 3.232 2.439 1.816 1.74 1.941 2.042 1.855 2.226 
2.546 2.513 2.327 2.647 2.901 3.201 2.929 3.195 3.544 3.665 
4.247 4.404 5.428 5.359 5.014 4.877 4.055 3.205 2.745 2.808 
2.523 2.748 2.399 2.729 3.255 3.262 3.768 4.869 5.696 5.685 
4.678 5.626 4.861 5.463 5.424 5.999 5.467 5.383 5.373 5.343 
4.789 4.213 3.009 2.67 2.641 2.262 1.745 1.553 1.61 1.433 
1.256 1.355 1.444 1.683 1.459 1.457 1.859 1.962 2.131 2.416 
2.917 3.083 3.801 3.844 4.224 3.653 3.479 3.227 2.934 2.66 
3.04 2.936 2.723 3.018 2.963 2.769 2.782 3.117 3.179 2.69 
2.954 3.046 2.745 2.818 2.758 2.749 2.732 2.631 2.548 2.319 
2.448 2.542 2.128 2.329 2.29 2.239 1.904 1.631 1.58 1.457 
1.497 1.278 1.368 1.362 1.275 1.257 1.212 1.255 1.089 1.089 
1.17 1.287 1.114 1.245 1.533 1.399 1.279 1.285 1.227 1.178 
1.256 1.624 1.898 2.17 2.252 3.724 4.4 4.831 5.646 5.72 
5.076 3.596 2.708 3.061 2.796 2.18 2.123 2.201 2.789 2.355 
2.076 2.523 2.547 2.251 3.016 3.02 3.011 3.477 3.349 4.34 
4.481 4.178 4.08 4.073 4.137 4.22 3.838 3.758 3.414 3.083 
3.373 3.598 3.193 3.515 3.523 4.248 3.875 3.582 3.778 5.09 
4.617 4.488 4.887 5.32 4.813 4.997 4.95 6.042 5.479 5.675 
5.519 5.833 5.685 5.881 5.943 6.6 6.395 6.824 6.146 6.086 
5.211 4.755 3.941 4.028 3.365 3.341 3.233 3.603 3.685 3.031 
3.172 4.883 4.646 4.253 4.158 4.618 3.788 3.814 3.313 2.733 
2.527 2.136 2.218 2.664 2.325 2.563 2.42 2.161 2.007 2.471 
2.564 1.946 2.189 2.003 2.021 2.174 2.284 2.741 2.937 2.87 
2.741 2.657 2.092 1.797 2.018 2.157 2.372 1.934 2.769 3.328 
2.677 2.441 2.297 2.543 2.259 1.809 1.878 2.419 2.076 1.773 
2.077 2.602 2.523 2.514 2.155 2.546 3.114 3.078 2.776 2.833 
3.115 2.963 3.495 3.572 3.364 3.586 3.791 3.705 3.607 3.605 
4.144 4.433 4.49 4.258 4.084 4.179 3.811 4.109 4.394 4.362 
4.119 3.22 3.283 3.102 2.518 2.635 2.572 2.217 2.006 1.748 
1.822 1.896 1.889 2.125 1.856 1.864 2.14 2.641 2.915 2.445 
2.377 2.449 2.609 2.518 3.02 3.269 3.106 3.171 3.672 3.269 
2.657 2.682 2.69 2.579 2.143 2.317 2.572 2.28 2.685 2.355 
2.338 2.418 2.342 2.274 1.845 2.034 2.051 1.866 1.852 1.85 
2.071 2.282 2.377 2.584 3.395 4.389 4.581 4.6 5.523 6.84 
7.908 8.053 8.004 8.924 7.292 5.185 3.495 2.273 1.65 1.297 
1.414 1.538 1.588 1.564 1.867 1.924 2.612 3.127 3.895 4.795 
5.116 4.329 4.753 3.878 3.216 2.598 2.247 2.258 2.06 2.053 
1.745 1.608 1.494 1.377 1.463 1.839 1.743 1.604 1.379 1.211 
1.174 1.124 1.08 1.313 1.642 1.918 2.172 2.161 2.161 2.02 
2.263 2.154 1.83 1.692 1.809 1.961 1.946 1.691 1.945 2.1 
1.969 2.299 2.594 2.681 2.467 2.095 1.821 1.48 1.365 1.509 
1.514 1.534 1.378 1.398 1.391 1.568 1.786 2.352 3.057 3.314 
2.776 2.466 2.304 2.097 1.936 1.452 1.309 1.157 1.204 1.424 
1.453 1.42 1.613 1.764 2.356 3.249 3.56 3.334 3.308 3.305 
3.197 2.386 2.275 2.328 2.16 1.962 1.74 1.967 2.329 2.061 
2.449 2.571 3.313 3.78 3.547 3.024 3.149 3.238 3.132 3.38 
3.032 2.61 2.325 1.94 1.922 1.867 1.933 2.136 2.478 2.678 
2.567 2.441 2.658 2.215 2.273 2.494 2.434 2.257 1.848 1.896 
1.822 1.631 1.659 1.756 1.95 1.978 2.082 2.043 2.025 2.482 
2.114 1.795 1.402 1.091 0.995 1.016 1.09 1.331 1.407 1.727 
1.748 2.237 2.797 2.495 2.512 2.797 2.696 2.128 2.141 2.408 
2.059 1.937 1.926 2.268 2.267 2.254 2.379 2.433 2.673 2.581 
2.243 2.405 2.493 1.92 1.545 1.461 1.431 1.442 1.702 2.145 
2.599 2.639 2.85 2.755 2.632 2.425 2.445 2.537 2.111 1.894 
1.542 1.389 1.284 1.247 1.352 1.782 1.928 1.7 1.799 1.686 
1.724 1.632 1.762 1.57 1.586 1.744 2.301 2.356 2.085 2.129 
2.281 2.169 2.24 2.077 1.677 1.69 1.96 1.939 2.069 2.138 
3.013 4.603 6.277 7.003 8.167 9.059 7.838 9.953 9.126 8.581 
10.744 13.219 14.354 15.0 15.0 15.0 15.0 15.0 15.0 15.0 
15.0 15.0 15.0 15.0 15.0 15.0 15.0 11.298 12.932 8.458 
10.226 8.774 9.296 9.592 10.846 9.637 11.826 15.0 15.0 15.0 
15.0 15.0 15.0 15.0 15.0 15.0 15.0 15.0 15.0 15.0 
13.218 15.0 9.851 9.029 11.131 10.08 11.915 13.545 13.678 15.0 
12.946 10.459 8.161 6.441 4.013 3.368 3.232 2.479 2.084 1.921 
2.339 2.568 2.632 3.29 3.78 4.761 6.695 7.436 7.801 8.812 
9.449 8.801 7.127 7.922 7.868 8.26 6.918 7.034 6.584 5.716 
5.231 4.92 4.626 3.861 3.072 2.572 2.777 2.434 2.472 2.611 
2.871 3.086 2.813 3.183 3.055 3.623 2.785 3.159 3.467 4.476 
4.394 4.992 5.747 5.824 6.924 9.295 11.969 13.727 15.0 15.0 
15.0 14.109 15.0 9.328 6.243 4.749 3.738 3.158 2.354 2.711 
2.257 2.284 1.887 2.317 2.344 2.427 2.416 2.652 3.081 2.713 
2.913 2.973 3.182 3.334 3.025 2.942 3.577 4.198 4.077 3.807 
4.0 4.026 4.29 4.539 4.017 4.078 4.21 3.465 3.149 3.329 
3.163 2.619 2.195 2.2 1.856 1.531 1.449 1.787 1.819 1.536 
1.501 1.792 1.718 1.623 1.678 1.953 2.348 2.319 1.995 2.098 
2.061 2.041 1.916 2.21 2.415 2.001 1.671 1.848 1.79 1.482 
1.516 1.674 1.593 1.753 1.516 1.739 1.698 1.363 1.683 1.712 
1.494 1.762 1.766 1.581 1.482 1.588 1.685 1.535 1.488 1.739 
1.704 1.545 1.665 1.631 1.64 1.59 1.768 1.847 1.877 1.823 
2.33 2.278 2.442 2.699 3.069 3.054 3.205 3.268 3.667 3.562 
4.522 4.667 4.612 5.256 5.443 5.778 5.396 5.48 5.237 4.497 
5.419 4.976 4.579 5.07 5.868 5.171 4.156 4.431 4.614 4.731 
3.904 3.884 4.058 3.364 2.934 3.182 2.82 2.157 2.292 2.732 
2.765 3.367 4.631 5.202 5.178 5.256 6.33 5.001 3.151 2.651 
2.652 2.47 2.136 2.228 2.668 2.82 2.429 2.497 2.777 2.542 
2.954 2.55 2.279 2.394 2.667 2.752 2.681 2.216 2.374 2.573 
2.224 1.918 2.165 2.403 2.215 2.162 2.777 2.529 2.666 2.558 
2.476 2.136 2.159 2.296 2.608 2.645 2.792 2.986 3.041 3.157 
3.076 3.131 2.876 3.014 2.755 2.53 2.359 2.63 2.56 2.224 
2.035 2.086 1.947 2.077 2.117 2.368 2.546 2.528 2.574 2.52 
2.721 2.574 2.329 2.312 2.439 2.486 2.47 2.737 3.07 3.424 
3.35 2.927 2.671 2.563 2.649 3.021 2.626 2.208 2.503 2.424 
2.726 2.292 2.151 2.384 2.279 2.213 2.63 2.438 2.596 3.033 
2.475 2.407 2.454 2.463 2.361 2.206 2.604 2.57 2.658 2.779 
2.736 2.216 2.619 3.065 2.913 2.892 2.92 3.508 3.322 3.705 
3.512 3.306 3.207 3.339 3.493 4.026 4.432 3.833 4.132 3.236 
3.288 3.219 3.119 2.893 2.88 3.23 3.535 3.549 3.196 2.861 
2.748 3.045 2.732 2.482 2.394 2.486 2.127 1.816 1.5 1.209 
1.18 1.152 1.416 1.432 1.631 1.484 1.708 2.097 2.893 2.971 
4.16 4.343 4.853 4.667 3.728 3.509 2.934 2.765 2.451 2.296 
2.284 2.285 2.473 2.175 2.396 3.127 3.023 2.632 2.071 2.158 
2.012 2.195 1.979 2.111 2.237 2.75 2.612 2.441 2.211 1.968 
1.957 1.774 1.549 1.308 1.498 1.801 1.72 1.595 1.508 1.612 
1.842 1.903 1.709 1.678 1.668 1.508 1.187 1.276 1.257 1.454 
2.015 1.952 1.941 2.363 3.117 4.302 3.179 2.865 2.34 2.553 
2.323 2.204 2.091 1.978 1.741 1.496 1.378 1.336 1.266 1.754 
2.29 3.024 2.966 2.548 2.245 2.332 2.246 2.074 1.865 1.594 
1.446 1.626 1.288 1.046 1.196 1.479 1.839 2.321 2.844 2.694 
2.658 2.461 2.614 2.29 1.814 1.955 2.044 2.181 2.009 2.172 
2.318 2.303 2.265 2.35 2.763 3.208 3.438 2.974 3.329 4.098 
4.463 4.757 4.552 4.913 4.508 4.559 4.556 4.558 3.559 4.088 
4.252 4.357 3.78 3.659 3.338 2.608 2.258 2.306 2.369 2.138 
1.98 2.165 2.062 1.897 1.969 2.102 2.129 2.229 2.458 2.203 
2.265 2.781 3.037 2.492 2.222 1.776 1.384 1.477 1.542 1.774 
1.872 2.18 2.512 2.76 3.09 2.644 2.62 2.99 3.215 3.054 
2.628 2.896 2.325 2.077 2.073 2.312 2.395 1.862 2.45 3.165 
2.996 2.811 3.218 3.192 2.464 1.976 1.865 1.65 1.607 1.558 
2.037 2.092 2.136 2.056 1.984 2.081 1.813 1.9 2.074 1.996 
1.771 1.344 1.223 1.216 1.228 1.357 1.821 1.854 1.505 1.509 
1.4 1.441 1.288 1.352 1.567 1.594 1.644 1.819 2.205 1.951 
2.345 3.199 3.331 3.937 3.778 2.899 2.729 2.56 2.685 2.993 
3.099 3.045 3.746 4.775 4.565 5.195 5.618 5.972 4.415 4.083 
4.521 4.124 3.325 3.575 3.761 3.734 3.337 3.481 3.877 4.045 
3.644 4.221 4.205 5.073 4.629 4.963 5.654 5.444 6.54 7.144 
8.813 10.219 12.212 13.187 15.0 13.153 15.0 10.712 12.562 10.1 
12.565 11.844 15.0 12.815 13.439 15.0 15.0 15.0 15.0 15.0 
15.0 15.0 15.0 15.0 15.0 15.0 15.0 14.12 14.468 13.036 
13.373 15.0 15.0 15.0 15.0 15.0 15.0 15.0 15.0 
END
