PFRMAT local QA
AUTHOR MASS-CASP14
af2-standard_T1180_5.pdb local_accuracy_only 3.834 2.134 1.474 1.11 0.932 0.785 0.794 0.838 0.884 0.991 1.257 
1.396 1.874 2.208 2.642 2.359 2.063 2.16 2.238 1.992 2.085 
1.994 1.747 1.669 1.851 1.829 1.806 1.989 1.442 1.153 0.85 
0.011 0.002 0.002 0.236 1.17 1.361 1.54 1.706 2.109 2.643 
3.283 3.364 3.048 2.274 1.736 2.064 1.894 1.666 1.497 1.664 
1.56 1.377 1.488 1.623 1.518 1.41 1.788 1.818 1.461 1.317 
1.219 1.069 1.061 1.313 1.464 1.872 2.716 3.941 5.285 5.755 
6.538 5.656 5.599 5.252 4.41 4.064 3.531 2.868 2.265 2.516 
2.178 1.926 1.949 1.769 1.446 1.638 1.573 1.397 1.477 1.877 
2.025 2.135 2.002 1.744 1.406 1.018 0.966 1.007 0.934 1.068 
1.33 1.56 1.805 1.795 1.994 2.021 1.82 1.488 1.876 1.883 
1.514 1.603 1.927 2.158 2.15 2.774 3.188 3.215 2.926 2.07 
1.406 1.02 1.051 1.031 1.02 0.978 1.109 1.242 1.552 1.827 
1.657 1.697 1.645 1.739 1.842 1.867 1.677 1.307 1.681 1.679 
1.433 1.195 1.342 1.378 1.33 1.466 1.507 1.419 1.509 1.292 
1.154 1.047 1.025 0.828 0.788 0.738 0.768 0.867 1.135 1.687 
1.463 1.663 1.846 1.698 1.702 1.94 1.549 1.354 1.472 1.697 
1.621 1.732 1.904 1.919 1.73 2.12 2.358 2.589 2.137 2.396 
1.91 1.26 1.142 0.962 0.915 0.96 0.982 0.995 0.951 1.44 
1.531 1.637 1.437 1.537 1.532 1.608 1.577 1.672 1.862 2.019 
2.419 2.251 1.606 1.708 1.435 1.252 1.125 1.16 1.158 1.237 
1.307 1.691 2.272 3.408 4.071 4.806 4.938 4.623 4.38 3.594 
3.388 3.61 3.757 3.856 4.383 4.451 4.515 5.026 4.283 4.341 
4.955 4.948 4.964 4.921 5.176 5.974 4.309 2.453 1.573 1.285 
1.166 1.109 0.979 1.079 1.299 1.909 2.478 2.525 2.747 2.618 
2.214 1.796 1.49 1.554 1.545 1.362 1.149 1.191 1.32 1.452 
1.616 1.678 1.607 1.885 1.888 1.665 1.602 1.56 1.7 1.71 
1.478 1.526 1.839 2.044 2.16 2.253 2.74 2.433 1.974 1.818 
2.131 2.272 1.867 2.378 2.649 3.026 3.07 2.233 2.175 2.522 
2.046 1.48 1.776 1.792 1.618 1.492 1.551 1.647 1.382 1.343 
1.598 1.601 1.435 1.984 2.325 2.47 2.279 1.966 1.49 1.099 
0.966 0.907 0.891 1.056 1.231 1.206 1.249 1.455 1.95 1.943 
2.182 1.957 1.542 1.366 1.532 1.39 1.074 1.426 1.555 1.436 
1.581 1.393 1.153 1.069 1.107 1.058 1.221 1.368 1.212 1.172 
1.541 1.582 1.426 1.619 1.922 2.027 2.36 2.889 3.618 3.846 
3.959 3.914 3.408 3.936 4.36 4.077 4.499 3.98 4.277 3.517 
2.682 2.218 2.034 1.612 1.404 1.651 1.835 1.627 1.746 1.849 
1.728 1.631 1.767 1.794 1.596 1.593 1.683 1.542 1.336 1.318 
1.171 1.096 1.236 1.219 1.352 1.88 1.996 2.667 2.259 2.031 
1.616 1.567 1.296 1.209 1.103 1.235 1.192 1.082 1.243 1.568 
1.577 1.406 1.738 
END
