PFRMAT local QA
AUTHOR LAW-CASP14
af2-standard_T1180_5.pdb local_accuracy_only 2.044 1.443 1.001 0.865 0.826 0.757 0.822 0.822 0.916 1.22 1.635 
1.853 2.423 2.023 2.481 2.21 1.656 1.8 2.043 1.642 1.523 
1.741 1.737 1.295 1.645 1.712 1.503 1.386 0.934 0.953 0.777 
0.814 0.727 0.774 0.867 0.963 1.24 1.459 1.505 2.667 2.921 
3.384 3.034 2.662 2.23 1.617 1.565 1.763 1.565 1.33 1.413 
1.479 1.255 1.28 1.544 1.61 1.35 1.945 2.133 1.153 0.975 
0.8 0.746 0.751 0.784 1.006 1.363 2.809 3.772 4.254 2.856 
4.292 3.788 3.767 4.064 3.544 2.179 3.305 3.215 2.509 2.192 
1.557 1.56 1.576 1.601 1.089 1.395 1.405 1.175 1.159 1.431 
1.389 1.349 1.303 1.004 0.932 0.755 0.758 0.711 0.754 0.805 
0.98 1.085 1.326 1.577 1.546 1.752 1.725 1.328 1.671 1.788 
1.664 1.458 2.045 2.055 1.928 2.165 2.62 1.676 1.493 0.975 
0.937 0.793 0.75 0.762 0.709 0.748 0.78 0.969 1.097 1.068 
1.104 1.233 1.213 1.551 1.43 1.409 1.306 1.064 1.185 1.132 
0.923 0.856 1.031 1.085 0.91 1.008 1.255 1.261 1.375 0.924 
0.889 0.795 0.783 0.698 0.739 0.747 0.848 0.987 1.113 1.332 
1.497 1.488 1.692 1.457 1.274 1.546 1.563 1.19 1.283 1.541 
1.378 1.293 1.565 1.673 1.436 1.509 1.901 1.924 1.815 1.713 
1.635 1.118 1.011 0.886 0.745 0.843 0.838 0.972 0.979 1.17 
1.154 1.197 1.084 1.117 1.2 1.11 1.099 1.43 1.497 1.249 
1.696 2.04 1.576 1.527 1.089 1.042 0.807 0.824 0.841 0.943 
1.29 1.53 2.353 2.325 1.921 1.715 1.513 1.381 1.214 1.285 
1.36 1.965 1.396 3.829 3.956 2.344 5.799 6.773 6.527 6.773 
7.757 7.531 7.289 5.902 7.117 5.562 5.154 1.2 0.967 0.724 
0.69 0.718 0.811 0.917 1.19 1.293 1.281 1.052 1.118 0.882 
1.152 1.113 0.991 0.897 1.127 1.074 1.021 1.08 1.359 1.248 
1.3 1.419 1.057 1.078 0.995 0.933 1.185 1.072 1.312 1.409 
1.33 1.309 1.719 1.847 1.777 2.09 2.264 2.088 2.018 1.683 
1.997 2.118 1.956 1.961 2.334 2.297 2.14 2.04 1.805 1.794 
1.65 1.524 1.292 1.322 1.205 1.093 1.127 1.15 1.078 1.091 
1.259 1.329 1.336 1.464 1.714 1.552 1.688 1.132 0.969 0.806 
0.81 0.854 0.89 1.181 1.213 1.445 1.158 1.332 1.504 1.386 
1.418 1.289 1.163 1.231 1.145 1.079 0.902 0.975 1.0 1.053 
0.814 0.806 0.726 0.696 0.78 0.82 0.953 1.022 1.148 1.18 
1.175 1.229 1.177 1.275 1.38 1.395 1.588 1.821 2.713 3.871 
7.206 9.126 9.183 10.504 10.141 7.933 8.195 6.919 3.909 2.298 
1.69 1.343 1.361 1.532 1.294 1.36 1.5 1.341 1.35 1.511 
1.583 1.528 1.504 1.881 1.716 1.23 1.365 1.847 1.209 0.928 
0.841 0.791 0.824 0.782 0.93 1.013 1.229 1.274 1.123 1.151 
1.056 1.033 0.995 0.893 0.896 0.9 0.838 0.754 0.904 0.995 
0.924 0.923 1.794 
END
