PFRMAT local QA
AUTHOR MASS-CASP14
af2-standard_T1196_4.pdb local_accuracy_only 11.645 10.754 7.423 5.469 3.787 2.752 2.256 2.096 1.686 1.555 1.463 
1.78 1.619 1.604 2.114 2.068 1.575 1.251 1.183 1.059 0.938 
1.057 1.044 1.073 1.01 1.134 1.116 1.134 1.215 1.241 1.2 
1.477 1.883 2.094 1.954 1.525 1.256 1.164 0.942 0.932 1.121 
0.95 1.09 1.155 1.42 1.667 1.927 1.945 1.47 1.323 1.033 
0.944 0.831 0.861 0.836 0.859 1.12 1.219 1.388 1.603 1.873 
1.788 2.166 1.978 1.853 1.747 1.758 1.683 1.291 1.249 1.433 
1.269 1.147 1.309 1.197 1.052 1.237 1.113 1.136 1.254 1.15 
1.213 1.235 0.957 1.102 1.202 1.08 1.034 1.026 0.896 1.027 
1.189 1.478 1.53 1.705 1.738 1.952 2.134 2.153 1.995 2.148 
1.564 1.033 0.848 0.761 0.36 0.115 0.354 0.954 1.351 1.578 
1.36 1.157 0.979 1.331 1.375 1.256 1.393 1.662 1.859 2.047 
2.233 1.925 1.875 2.031 1.729 1.226 1.157 1.138 1.099 0.949 
0.836 0.829 0.933 0.842 0.913 1.159 1.089 0.941 1.06 0.973 
0.994 1.179 1.306 1.448 1.392 1.097 1.194 1.138 1.309 1.383 
1.077 1.148 1.055 1.329 1.049 1.087 1.144 1.132 1.512 2.359 
2.449 1.88 1.584 1.316 1.097 1.063 1.288 1.412 1.426 2.032 
1.821 1.747 1.906 2.247 3.273 4.575 5.946 6.532 6.623 7.638 
7.396 6.638 5.51 4.031 2.762 1.998 1.523 1.41 1.518 1.329 
1.213 1.176 1.204 1.287 1.323 1.524 1.602 2.122 2.547 2.108 
2.041 1.733 1.34 1.064 1.018 0.899 0.898 1.075 1.018 1.259 
1.078 1.006 1.047 1.132 1.295 1.103 1.276 1.439 1.499 1.46 
1.339 1.068 1.11 1.343 1.395 1.593 1.751 1.723 1.628 1.532 
1.271 1.158 1.333 1.225 1.087 1.15 1.311 1.236 1.123 1.235 
1.27 1.407 1.581 1.605 1.721 1.625 1.59 1.839 1.719 1.66 
1.889 2.115 2.034 1.898 1.524 1.561 1.532 1.517 1.385 1.583 
1.838 1.801 1.94 1.918 1.723 1.755 1.667 1.559 1.412 1.313 
1.523 1.469 1.372 1.282 1.555 1.706 1.526 1.293 1.244 1.31 
0.385 0.0 0.0 0.0 0.0 0.0 0.0 0.754 1.043 1.124 
1.221 1.336 1.559 1.397 1.112 0.862 0.95 1.027 0.327 0.0 
0.0 0.0 0.0 0.0 0.0 0.0 0.616 0.888 1.269 1.484 
1.237 1.493 1.442 1.711 1.983 1.958 2.05 2.061 1.977 1.765 
1.836 1.823 1.712 1.663 1.809 1.82 1.85 2.091 2.264 2.555 
2.873 2.549 2.234 2.146 2.02 1.655 1.269 1.323 1.488 1.398 
1.34 1.334 1.579 1.512 1.287 1.603 1.551 1.216 1.33 1.393 
1.382 1.552 2.245 3.239 3.968 6.126 8.14 8.811 9.986 10.21 

END
