PFRMAT local QA
AUTHOR LAW-CASP14
af2-standard_T1196_4.pdb local_accuracy_only 15.0 15.0 9.891 5.194 2.719 1.595 0.825 0.72 0.642 0.677 0.782 
0.868 1.18 1.051 1.201 1.445 1.249 1.006 0.743 0.696 0.57 
0.589 0.57 0.553 0.552 0.576 0.651 0.648 0.713 0.713 0.686 
0.714 0.812 1.049 1.198 0.863 0.659 0.655 0.513 0.564 0.591 
0.568 0.611 0.593 0.642 0.689 0.746 0.704 0.647 0.626 0.489 
0.503 0.406 0.416 0.419 0.507 0.738 0.857 0.722 0.859 0.962 
0.895 0.925 0.877 0.859 0.77 0.742 0.764 0.659 0.641 0.702 
0.708 0.552 0.624 0.605 0.571 0.631 0.673 0.55 0.749 0.594 
0.624 0.482 0.547 0.542 0.62 0.467 0.474 0.412 0.402 0.39 
0.456 0.573 0.747 0.84 1.009 0.871 1.084 0.955 0.759 0.757 
0.564 0.41 0.371 0.369 0.394 0.454 0.55 0.596 0.593 0.664 
0.582 0.556 0.494 0.61 0.659 0.689 0.723 0.871 0.997 0.965 
0.998 0.695 0.766 0.663 0.627 0.591 0.504 0.449 0.448 0.447 
0.376 0.386 0.422 0.377 0.382 0.398 0.423 0.36 0.44 0.441 
0.428 0.405 0.505 0.537 0.534 0.491 0.475 0.489 0.539 0.588 
0.504 0.534 0.49 0.505 0.471 0.437 0.465 0.555 0.639 0.808 
0.776 0.637 0.602 0.455 0.481 0.425 0.476 0.663 0.73 0.916 
0.754 0.646 0.625 0.711 0.752 1.471 1.521 4.268 3.903 6.531 
6.592 6.09 5.004 2.666 1.196 0.793 0.653 0.596 0.607 0.574 
0.696 0.696 0.751 0.71 0.768 0.925 0.81 1.162 0.967 0.79 
0.665 0.505 0.513 0.536 0.479 0.452 0.476 0.479 0.42 0.445 
0.47 0.485 0.432 0.514 0.564 0.548 0.571 0.638 0.719 0.65 
0.574 0.574 0.56 0.608 0.614 0.64 0.622 0.658 0.61 0.617 
0.588 0.628 0.59 0.583 0.582 0.619 0.651 0.612 0.615 0.698 
0.735 0.698 0.749 0.74 0.756 0.764 0.754 0.759 0.754 0.824 
0.893 0.885 0.947 1.049 0.892 0.921 1.041 1.317 1.275 1.484 
1.436 1.57 1.611 1.181 0.767 0.79 0.69 0.819 1.036 0.762 
1.003 1.299 1.308 0.815 1.451 0.965 0.742 0.672 0.667 0.56 
0.54 0.604 0.548 0.482 0.469 0.507 0.47 0.437 0.462 0.521 
0.583 0.625 0.608 0.638 0.582 0.505 0.46 0.457 0.41 0.446 
0.457 0.426 0.418 0.492 0.427 0.504 0.46 0.463 0.556 0.588 
0.55 0.566 0.845 0.841 0.965 0.928 0.626 0.644 0.576 0.606 
0.693 0.665 0.636 0.652 0.634 0.755 0.721 0.703 0.999 0.925 
1.292 0.999 1.062 0.874 0.937 0.918 0.79 0.75 0.8 0.724 
0.639 0.71 0.766 0.668 0.555 0.754 0.808 0.607 0.726 0.564 
0.722 1.407 1.683 3.903 4.504 11.003 12.499 13.895 15.0 15.0 

END
