PFRMAT local QA
AUTHOR LAW-CASP14
af2-standard_T1137s2_5.pdb local_accuracy_only 10.877 15.0 15.0 15.0 15.0 15.0 15.0 15.0 15.0 15.0 15.0 
15.0 15.0 15.0 15.0 15.0 15.0 15.0 15.0 15.0 15.0 
15.0 15.0 15.0 15.0 15.0 15.0 15.0 15.0 15.0 13.536 
7.474 4.281 2.073 1.62 1.033 0.996 0.803 0.691 0.735 0.718 
0.822 0.878 1.11 1.064 0.927 1.089 1.16 0.836 0.9 0.874 
0.97 0.759 0.966 0.658 0.963 0.992 1.43 1.714 1.412 1.266 
0.821 0.807 0.789 0.704 0.786 0.803 0.849 0.994 1.903 1.749 
2.649 2.651 2.246 2.205 1.406 1.11 0.876 0.66 0.68 0.687 
0.72 0.709 1.055 1.329 1.419 1.03 1.334 1.203 1.482 1.497 
1.327 1.01 0.992 0.788 0.847 0.857 0.976 1.265 1.224 1.484 
1.795 1.873 1.544 1.313 0.984 0.821 0.721 0.868 0.851 1.022 
1.253 1.537 2.51 2.513 2.808 2.196 1.705 1.418 1.476 1.2 
1.115 1.062 0.871 0.86 0.991 1.03 1.419 1.087 1.09 1.009 
1.155 1.312 1.697 2.446 2.746 3.056 3.209 3.243 3.381 3.687 
3.804 4.199 5.065 4.821 5.62 5.42 5.907 6.861 5.467 4.517 
3.673 5.113 4.281 3.808 3.235 3.781 3.503 3.703 3.257 3.667 
3.321 2.611 3.525 3.51 3.838 3.08 3.604 3.809 3.751 6.832 
7.592 7.04 8.384 9.964 9.527 13.899 15.0 13.203 10.423 15.0 
15.0 12.399 9.99 14.968 9.036 7.414 6.493 6.159 4.462 4.188 
4.527 4.314 3.836 3.706 4.847 5.194 5.787 5.622 5.033 5.556 
8.488 13.287 8.567 12.547 8.709 9.087 11.836 11.735 15.0 15.0 
13.364 15.0 15.0 15.0 15.0 15.0 15.0 15.0 15.0 15.0 
15.0 15.0 13.369 8.132 10.112 15.0 13.629 7.749 7.544 7.37 
10.025 10.406 10.078 10.926 11.999 12.549 14.381 14.992 14.528 15.0 
15.0 15.0 15.0 15.0 14.989 12.166 12.094 10.275 9.975 11.821 
10.023 8.099 7.327 7.17 10.532 9.072 8.734 6.342 6.222 6.647 
7.997 8.422 7.207 7.166 7.731 8.974 13.626 15.0 15.0 13.796 
11.833 11.341 9.158 8.055 7.817 6.664 4.562 3.972 3.186 2.803 
2.712 2.704 2.594 2.508 2.509 2.717 2.438 2.575 2.701 2.702 
2.601 2.845 2.852 3.137 3.323 3.692 3.804 4.289 5.414 5.198 
5.338 6.684 6.775 7.19 8.6 9.104 11.554 13.559 15.0 15.0 
15.0 15.0 15.0 15.0 15.0 15.0 15.0 15.0 15.0 15.0 
15.0 15.0 15.0 15.0 15.0 15.0 15.0 15.0 15.0 15.0 
15.0 15.0 15.0 15.0 15.0 15.0 15.0 15.0 15.0 15.0 
15.0 15.0 
END
