PFRMAT local QA
AUTHOR MASS-CASP14
af2-standard_T1137s2_5.pdb local_accuracy_only 15.0 14.147 12.143 12.567 12.485 13.357 13.787 15.0 15.0 15.0 15.0 
15.0 15.0 15.0 15.0 15.0 15.0 15.0 15.0 15.0 15.0 
15.0 15.0 15.0 13.086 11.267 12.042 12.365 11.292 10.557 10.742 
10.32 10.905 8.914 5.314 3.134 2.332 1.668 1.274 1.048 0.996 
1.008 0.932 1.294 1.425 1.159 1.278 1.379 1.046 1.547 1.633 
1.656 1.402 1.488 1.412 1.752 1.91 2.1 2.367 2.205 1.742 
1.803 1.675 1.594 1.605 1.91 1.871 1.685 1.789 2.511 3.118 
4.007 6.445 6.142 5.318 3.893 2.797 2.271 1.963 1.492 1.498 
1.331 1.413 1.504 1.997 2.332 2.426 2.385 1.796 1.965 2.017 
1.826 1.376 1.431 1.551 1.514 1.178 1.3 1.356 1.812 1.897 
2.411 2.463 2.203 1.855 1.767 1.436 1.451 1.282 1.282 1.423 
1.81 2.587 3.551 3.745 4.393 3.666 3.797 3.653 4.588 5.786 
6.777 4.668 4.123 4.067 4.492 5.725 6.805 6.368 6.209 6.732 
6.524 6.531 6.498 5.427 5.61 6.188 6.428 6.117 6.324 6.816 
6.822 7.159 7.529 8.399 8.541 7.833 6.171 5.284 4.79 3.802 
3.769 3.75 3.134 3.037 3.202 2.951 2.687 2.792 3.054 3.107 
2.952 3.101 3.545 3.547 4.098 4.732 5.839 7.252 7.303 8.274 
9.573 9.122 8.308 9.436 9.919 10.209 12.243 11.457 11.874 11.76 
11.936 10.383 11.85 10.093 10.087 9.421 10.206 9.777 10.683 9.042 
9.064 7.361 7.89 7.507 7.414 7.224 6.801 8.165 7.42 7.477 
7.603 6.676 5.654 4.721 5.022 4.98 5.966 5.298 6.097 6.286 
6.844 7.849 7.082 6.373 6.247 6.643 6.103 6.701 7.563 7.791 
7.239 6.63 7.172 6.584 7.192 6.393 6.905 6.651 7.865 7.683 
10.044 10.778 11.384 11.235 10.541 11.678 10.13 10.113 9.675 9.283 
7.568 7.231 7.323 7.104 7.57 8.312 8.945 9.064 9.665 9.569 
9.786 9.453 9.489 10.595 10.358 9.775 9.985 9.928 10.961 9.264 
9.909 10.49 10.774 11.763 12.626 13.606 13.418 13.895 15.0 15.0 
13.384 10.709 10.368 10.204 8.46 6.375 5.01 4.464 3.898 3.555 
3.078 3.092 3.111 3.304 2.959 3.126 3.261 3.223 3.208 3.299 
3.105 3.05 3.282 3.795 3.753 4.102 4.861 4.674 5.25 5.316 
7.03 7.368 9.067 9.53 9.729 9.944 10.37 10.769 10.862 10.702 
10.915 12.2 11.438 13.0 12.701 13.972 14.107 14.261 15.0 15.0 
15.0 15.0 15.0 15.0 15.0 15.0 15.0 14.132 14.539 13.64 
12.767 13.077 13.145 14.503 14.497 15.0 13.885 15.0 15.0 15.0 
15.0 15.0 
END
