PFRMAT local QA
AUTHOR MASS-CASP14
af2-standard_T1178_4.pdb local_accuracy_only 13.307 12.237 10.463 10.223 10.206 9.748 9.483 8.926 9.496 8.582 9.662 
9.676 9.25 7.847 7.328 5.858 5.274 4.915 4.41 4.332 4.374 
3.674 2.85 3.311 2.616 2.527 1.856 1.495 1.123 1.168 1.301 
1.637 2.373 2.43 2.555 3.505 4.161 5.292 5.935 6.298 6.979 
7.632 8.964 10.847 11.624 11.517 11.029 9.118 7.453 6.279 4.862 
4.831 3.95 3.317 2.898 3.173 3.848 4.864 6.045 7.549 8.888 
10.239 10.123 9.939 9.009 7.337 5.899 3.907 2.998 2.4 1.851 
1.376 1.054 1.016 1.0 1.282 1.585 1.887 1.92 1.474 1.196 
1.16 1.131 1.193 1.128 1.027 1.037 0.922 1.016 1.017 1.128 
1.332 1.684 2.01 1.664 1.364 1.22 1.058 1.042 1.128 1.321 
1.598 1.818 1.76 1.432 1.316 1.397 1.371 1.155 1.279 1.324 
1.435 1.956 2.358 2.269 3.004 3.516 3.699 3.722 2.593 1.823 
1.755 1.459 1.173 1.237 1.441 2.067 2.36 2.15 2.063 1.954 
2.603 2.444 1.952 2.419 2.118 1.956 1.903 1.759 1.573 1.777 
1.842 2.361 2.599 3.078 3.945 6.376 7.604 9.345 8.075 8.162 
7.157 6.203 4.139 2.826 1.819 1.486 1.268 1.262 1.202 1.105 
1.15 1.105 1.131 1.246 1.21 1.367 1.697 2.147 3.315 4.299 
5.681 6.667 7.017 7.118 7.889 7.301 7.705 7.329 7.027 6.982 
8.523 9.774 12.75 11.976 13.815 13.861 15.0 15.0 15.0 15.0 
15.0 15.0 15.0 13.878 11.244 9.625 8.73 6.232 4.382 4.193 
4.138 3.635 3.948 3.739 4.724 4.984 5.378 7.367 8.351 8.917 
8.081 7.333 7.105 6.563 6.968 6.629 6.554 6.813 5.869 4.663 
3.607 2.767 2.395 2.148 1.747 1.437 1.248 1.321 1.272 1.166 
1.098 1.072 1.255 1.465 1.574 1.962 1.917 1.953 2.31 2.924 
3.347 3.719 2.826 2.804 2.681 2.703 2.548 2.268 2.453 2.45 
2.032 2.156 1.83 1.659 1.702 1.716 2.353 2.504 2.537 2.354 
2.562 2.097 2.091 1.862 1.453 1.337 1.438 1.637 1.469 1.684 
1.556 1.758 2.042 2.227 2.341 2.487 2.396 2.552 2.316 1.802 
1.571 1.407 1.391 1.329 1.251 1.217 1.515 1.902 3.052 3.952 
6.002 5.968 6.776 7.492 7.215 7.346 8.625 8.591 8.557 10.102 
11.702 12.911 13.054 15.0 15.0 
END
