PFRMAT local QA
AUTHOR LAW-CASP14
af2-standard_T1178_4.pdb local_accuracy_only 15.0 15.0 15.0 15.0 15.0 15.0 15.0 15.0 15.0 15.0 15.0 
15.0 15.0 15.0 12.243 10.494 6.079 6.27 1.801 2.166 1.984 
1.872 1.676 1.115 1.301 1.371 1.093 0.916 0.791 0.794 0.933 
1.034 1.368 1.122 1.376 1.87 1.454 1.879 2.129 2.327 2.068 
2.642 3.32 3.826 3.6 3.405 2.898 2.685 2.788 1.977 2.884 
1.586 1.94 1.171 1.247 1.484 1.423 2.209 2.711 3.528 4.299 
6.047 6.453 5.852 5.561 2.623 1.531 1.373 1.061 1.714 0.964 
1.048 0.849 0.92 0.882 1.025 1.121 1.19 1.34 1.119 1.039 
1.003 0.958 0.869 0.754 0.791 0.884 0.833 0.865 0.929 0.977 
1.143 1.243 1.534 1.273 1.103 0.962 0.842 0.872 1.068 1.241 
1.493 2.099 1.856 1.609 1.223 1.145 1.169 1.161 1.104 1.359 
1.117 1.564 1.689 1.479 1.871 1.503 1.495 1.558 1.231 1.479 
1.254 1.427 1.615 1.417 2.178 2.58 3.483 2.888 2.976 2.629 
2.732 2.686 2.407 1.702 1.682 1.23 1.141 0.999 0.915 0.871 
0.898 0.867 0.986 1.168 1.908 2.848 3.767 5.292 3.392 4.02 
3.659 2.827 1.983 1.239 1.214 1.026 0.883 0.81 0.764 0.729 
0.799 0.807 0.919 1.109 1.232 1.836 2.169 2.161 2.58 3.116 
2.699 2.486 2.128 2.136 2.28 1.938 2.586 2.671 2.535 2.446 
2.19 2.668 4.523 5.118 7.551 9.028 13.606 12.629 13.716 15.0 
13.647 14.761 13.156 11.479 10.275 9.304 5.984 5.817 5.609 3.251 
3.215 2.39 2.522 3.117 2.939 4.206 4.173 6.976 7.887 6.031 
5.513 3.635 3.144 2.48 1.99 1.986 2.052 2.233 2.49 2.32 
2.488 1.184 1.578 1.504 1.241 1.015 0.893 0.807 0.739 0.733 
0.756 0.779 0.844 0.999 1.125 1.185 1.427 1.431 1.683 1.33 
1.708 1.609 1.33 1.45 1.455 1.294 1.195 1.265 2.265 2.397 
1.943 2.184 2.611 2.296 3.313 3.448 3.382 5.995 7.657 6.267 
6.498 3.334 3.145 1.441 1.321 0.971 1.173 1.297 1.209 1.107 
1.518 1.677 2.268 3.174 2.975 4.94 3.444 3.153 2.329 1.459 
1.089 1.004 0.947 0.999 0.806 1.059 1.097 1.389 2.118 2.924 
3.291 3.466 3.138 3.231 3.068 3.167 3.214 3.405 3.328 3.553 
3.8 3.793 3.943 4.649 4.612 
END
