PFRMAT local QA
AUTHOR LAW-CASP14
af2-standard_T1137s3_4.pdb local_accuracy_only 11.308 11.918 15.0 15.0 15.0 15.0 15.0 15.0 15.0 15.0 15.0 
15.0 15.0 15.0 15.0 15.0 15.0 15.0 15.0 15.0 15.0 
15.0 15.0 15.0 15.0 15.0 15.0 15.0 15.0 15.0 15.0 
15.0 7.798 5.049 3.077 3.041 2.668 2.007 1.305 0.994 0.76 
0.657 0.629 0.557 0.666 0.691 0.908 0.785 0.663 0.883 0.849 
0.681 0.771 0.786 0.815 0.619 0.72 0.517 0.67 0.723 0.869 
1.018 0.885 0.873 0.709 0.685 0.667 0.584 0.736 0.673 0.682 
0.73 1.0 1.015 1.268 1.269 0.882 0.688 0.647 0.556 0.579 
0.571 0.697 0.789 1.258 1.398 1.054 1.022 0.824 0.911 0.885 
0.803 0.665 0.686 0.614 0.695 0.656 0.745 0.943 0.968 1.145 
1.211 1.373 1.215 0.971 0.83 0.616 0.556 0.639 0.562 0.66 
0.715 0.821 1.103 1.255 1.149 1.198 1.027 1.4 1.053 1.063 
1.046 0.83 0.785 0.894 0.963 1.485 0.983 0.977 1.023 0.965 
1.1 1.756 1.617 1.72 1.701 1.673 1.66 1.635 1.817 1.748 
1.901 2.006 1.994 2.1 2.296 1.947 2.084 2.371 2.078 2.033 
1.769 1.719 1.755 1.625 1.625 1.56 1.515 1.677 1.673 1.662 
1.641 1.81 1.764 1.815 1.969 2.036 2.127 2.253 2.401 2.604 
2.177 2.556 3.281 2.961 3.135 3.637 3.621 3.387 4.992 4.269 
3.005 2.711 2.402 2.116 2.171 2.234 1.949 1.761 1.777 1.694 
1.59 1.641 1.63 1.775 1.633 1.758 1.799 1.956 1.587 1.732 
1.838 1.466 1.379 1.637 1.433 1.374 1.479 1.693 1.452 1.544 
1.787 1.562 1.568 1.796 1.827 1.964 2.069 2.319 2.44 2.494 
2.539 2.55 2.395 2.297 2.138 2.072 2.065 2.016 2.261 1.935 
1.938 1.93 1.788 1.725 1.88 2.088 1.994 1.932 2.372 2.314 
2.141 2.195 2.228 2.134 2.021 2.067 2.058 1.967 1.961 2.253 
2.387 2.268 2.298 2.585 2.579 2.699 2.855 2.281 2.503 2.381 
2.141 1.987 2.139 1.961 1.752 1.845 1.909 1.597 1.694 1.815 
1.687 1.699 1.954 1.827 1.799 1.988 1.852 1.814 1.839 1.986 
1.827 1.852 2.078 2.012 1.94 2.108 2.199 2.107 2.4 2.387 
2.348 2.215 2.275 2.18 2.343 2.468 2.528 2.49 2.719 2.597 
2.554 2.839 2.849 3.475 9.228 11.099 15.0 15.0 15.0 15.0 
15.0 15.0 15.0 15.0 15.0 15.0 15.0 15.0 15.0 15.0 
15.0 15.0 15.0 15.0 15.0 15.0 15.0 15.0 15.0 15.0 
15.0 15.0 15.0 15.0 15.0 15.0 13.945 13.265 15.0 12.538 
12.769 15.0 15.0 12.967 12.882 8.011 11.337 8.53 15.0 8.062 
5.301 7.568 4.906 4.15 5.679 4.392 3.877 4.177 7.987 12.648 
10.63 13.81 15.0 15.0 15.0 15.0 15.0 15.0 15.0 15.0 
15.0 15.0 15.0 15.0 15.0 15.0 15.0 15.0 15.0 15.0 
15.0 15.0 15.0 15.0 15.0 15.0 15.0 15.0 15.0 15.0 
15.0 15.0 15.0 15.0 15.0 15.0 13.965 15.0 15.0 15.0 
14.586 13.411 15.0 13.268 12.538 14.471 13.143 15.0 12.209 7.226 
9.889 6.183 15.0 13.352 15.0 14.328 15.0 15.0 15.0 15.0 
15.0 15.0 12.623 14.44 15.0 15.0 15.0 15.0 15.0 15.0 
15.0 15.0 15.0 15.0 15.0 15.0 15.0 15.0 15.0 15.0 
15.0 15.0 15.0 15.0 15.0 15.0 15.0 15.0 15.0 15.0 
15.0 15.0 15.0 15.0 15.0 15.0 15.0 15.0 15.0 15.0 
15.0 15.0 15.0 15.0 15.0 15.0 15.0 15.0 15.0 15.0 
15.0 15.0 15.0 15.0 15.0 15.0 15.0 15.0 15.0 15.0 
15.0 15.0 15.0 15.0 15.0 15.0 15.0 15.0 15.0 15.0 
15.0 15.0 15.0 15.0 15.0 15.0 15.0 15.0 15.0 15.0 
15.0 15.0 15.0 15.0 15.0 15.0 15.0 15.0 15.0 15.0 
15.0 15.0 15.0 15.0 15.0 15.0 15.0 15.0 15.0 15.0 
15.0 15.0 15.0 
END
