PFRMAT local QA
AUTHOR MASS-CASP14
af2-standard_T1137s3_4.pdb local_accuracy_only 15.0 15.0 15.0 15.0 15.0 15.0 15.0 15.0 15.0 15.0 15.0 
15.0 15.0 15.0 15.0 15.0 15.0 15.0 15.0 15.0 15.0 
15.0 15.0 15.0 15.0 15.0 14.896 12.904 10.468 10.384 10.335 
11.293 12.441 12.892 11.875 12.782 9.273 6.976 4.057 2.588 1.498 
1.17 1.021 0.521 0.928 0.294 1.079 1.064 0.946 1.159 1.254 
1.088 1.39 1.449 1.453 1.132 1.199 1.02 1.115 1.356 1.906 
2.364 2.051 1.68 1.349 1.322 1.154 1.094 1.299 1.349 1.218 
1.264 1.353 1.753 2.814 2.699 1.884 1.492 1.248 1.248 1.262 
1.282 1.333 1.488 2.156 2.994 2.564 2.306 1.624 1.837 1.897 
1.673 1.351 1.247 1.242 1.295 1.06 1.306 1.537 1.805 2.12 
3.002 2.783 2.309 1.697 1.575 1.302 1.191 1.035 1.083 1.264 
1.616 2.231 3.716 5.82 7.304 8.659 9.631 12.949 15.0 15.0 
15.0 12.555 10.678 14.045 15.0 15.0 15.0 11.897 11.505 10.599 
11.773 11.504 9.23 9.384 8.946 7.847 6.943 8.979 8.534 9.237 
9.422 8.22 8.491 8.608 7.997 8.659 10.01 7.898 6.688 6.694 
6.212 4.817 3.862 3.67 3.652 3.147 3.387 3.666 3.729 3.174 
3.244 3.64 3.766 3.85 4.491 4.958 4.129 3.985 3.832 3.779 
2.853 2.882 2.929 2.587 2.641 2.651 2.905 3.006 2.524 2.933 
2.609 2.589 2.607 3.142 3.186 3.698 3.711 3.546 3.418 3.806 
3.314 2.853 2.858 2.713 2.768 2.747 3.183 3.301 3.436 3.5 
3.123 3.31 3.025 3.542 3.562 3.473 4.115 4.219 5.186 4.291 
5.162 4.896 4.077 4.113 4.014 3.862 4.175 4.312 4.937 5.019 
5.116 4.884 4.89 4.862 4.885 5.145 4.928 4.981 5.75 5.805 
6.05 5.226 4.866 4.344 3.975 3.802 3.849 4.131 4.067 4.039 
3.733 3.669 3.486 3.317 3.197 3.43 3.903 4.446 4.489 4.975 
5.268 4.767 5.569 6.656 6.884 6.438 5.455 3.757 3.394 3.282 
3.11 3.059 3.075 3.476 3.58 3.615 3.391 3.601 3.527 3.763 
3.619 3.813 3.814 3.802 3.652 3.956 4.113 3.89 3.491 3.606 
3.929 3.953 3.868 4.108 4.767 4.994 5.284 5.855 5.615 5.133 
5.255 5.438 4.928 5.107 5.758 5.976 5.957 7.346 7.157 8.156 
7.561 8.478 9.345 10.796 12.554 13.139 13.526 14.048 15.0 15.0 
14.147 14.032 14.987 14.593 12.829 10.838 10.749 10.757 11.172 10.473 
10.695 12.041 12.341 10.593 11.218 12.925 12.39 12.472 10.955 10.771 
10.334 12.172 11.571 10.784 10.41 10.863 10.74 11.698 10.431 8.084 
7.177 7.055 6.37 6.707 6.486 6.892 7.491 7.885 7.652 8.038 
7.041 5.587 5.804 5.959 4.535 4.514 4.193 3.887 3.78 4.594 
4.563 4.186 4.405 4.882 4.987 4.468 4.008 3.914 4.717 4.896 
5.064 5.261 5.584 6.456 5.947 5.586 6.125 6.52 7.082 6.825 
8.401 9.643 10.087 8.572 8.958 9.047 9.732 10.943 10.756 10.721 
10.523 9.336 10.32 10.625 9.692 8.248 7.362 6.243 6.794 6.969 
8.684 10.36 9.817 10.58 9.374 8.533 9.292 9.911 10.304 9.954 
11.501 13.033 12.529 13.227 10.804 9.825 9.241 8.725 6.613 5.641 
5.325 5.444 6.584 7.847 8.553 8.006 8.543 7.588 7.318 7.045 
5.609 5.356 5.549 6.782 7.513 6.992 6.687 5.948 6.18 5.483 
5.584 5.628 5.787 5.994 6.015 5.819 6.158 6.277 5.763 5.371 
5.194 4.624 4.753 4.824 4.562 5.056 4.618 5.329 5.269 5.148 
4.883 5.21 5.175 5.582 6.769 5.946 6.117 6.993 7.255 8.797 
8.409 9.09 7.672 7.441 8.006 7.552 7.409 6.536 5.54 5.926 
5.666 5.266 5.726 5.184 5.499 5.652 5.662 6.516 5.997 5.426 
5.343 5.219 4.576 4.716 5.382 5.825 6.455 6.214 6.477 5.982 
6.722 7.212 7.585 8.125 8.457 8.67 9.421 9.615 8.25 8.515 
10.035 9.297 10.553 10.02 12.198 12.949 13.587 15.0 15.0 15.0 
15.0 15.0 15.0 
END
