PFRMAT local QA
AUTHOR LAW-CASP14
af2-standard_T1170_3.pdb local_accuracy_only 8.844 8.386 4.05 1.907 1.958 1.526 1.248 1.103 0.991 1.125 1.243 
1.219 1.148 0.895 0.966 0.94 1.437 1.443 0.991 1.245 1.454 
1.301 1.081 1.283 1.362 1.248 1.068 1.441 1.543 1.452 1.467 
1.999 2.06 2.031 1.558 1.139 0.964 0.805 0.603 0.597 0.572 
0.59 0.665 0.755 0.859 0.93 0.829 0.779 0.894 0.664 0.771 
0.849 0.691 0.603 0.706 0.716 0.675 0.637 0.751 0.781 0.758 
0.78 0.714 0.745 0.706 0.756 0.807 0.821 0.854 0.803 1.016 
1.161 1.022 1.262 1.194 1.173 1.276 1.183 0.994 1.059 1.109 
1.04 0.82 0.985 1.019 0.802 0.946 0.973 0.879 0.737 0.59 
0.626 0.599 0.608 0.739 0.728 0.657 0.75 0.78 0.844 1.028 
1.055 1.151 1.01 0.938 0.968 0.971 0.844 0.874 0.893 0.841 
0.728 0.888 0.951 0.989 0.968 0.987 1.423 1.614 3.563 3.927 
6.857 8.274 8.827 8.89 8.105 6.178 4.241 2.534 2.051 1.365 
1.11 1.057 0.884 0.946 0.86 0.75 0.611 0.537 0.479 0.521 
0.574 0.629 0.809 0.86 0.88 1.253 1.126 1.007 1.558 1.478 
1.468 1.093 1.051 1.196 0.92 0.775 0.885 0.717 0.711 0.656 
0.749 0.714 0.824 0.793 0.756 0.808 0.749 0.761 0.722 0.71 
0.684 0.688 0.69 0.68 0.725 0.705 0.755 0.796 0.856 0.979 
0.875 0.934 0.917 1.006 0.889 0.975 0.843 0.908 0.862 0.747 
0.75 0.776 0.7 0.685 0.743 0.737 0.709 0.723 0.768 0.734 
0.756 0.874 0.779 0.764 0.849 0.909 0.791 0.782 0.887 0.923 
0.891 0.927 1.063 1.133 1.223 1.718 2.212 2.36 1.98 2.276 
1.519 1.261 0.981 1.033 1.029 1.063 1.077 0.937 1.057 1.103 
1.038 0.962 1.103 1.142 1.08 0.961 0.878 0.848 0.835 0.804 
0.779 0.822 0.826 0.835 0.769 0.738 0.773 0.772 0.756 0.667 
0.734 0.745 0.762 0.791 0.891 0.88 0.928 1.001 0.892 0.96 
1.056 0.961 1.188 1.055 1.25 1.116 0.904 1.025 1.148 1.022 
0.854 1.16 1.08 1.243 1.175 1.341 1.233 1.119 1.221 1.139 
1.127 0.958 0.953 0.973 0.846 0.745 0.74 0.749 0.715 0.658 
0.635 0.645 0.686 0.86 1.037 1.291 1.217 1.1 0.848 0.795 
0.666 0.666 0.752 0.687 0.649 0.806 0.976 0.831 0.783 1.175 
1.269 1.698 1.55 3.645 5.458 6.904 8.595 
END
