PFRMAT local QA
AUTHOR MASS-CASP14
af2-standard_T1170_3.pdb local_accuracy_only 7.723 5.411 3.878 2.613 2.134 1.724 1.507 1.384 1.309 1.336 1.526 
1.481 1.171 1.205 1.277 1.388 1.434 1.415 1.118 1.305 1.546 
1.531 1.481 1.673 1.738 1.536 1.452 1.579 1.645 1.702 1.696 
1.847 2.305 2.571 2.062 1.729 1.626 1.405 1.03 0.893 0.739 
0.557 0.516 0.844 1.1 1.061 0.967 0.9 1.025 1.015 1.053 
1.037 0.87 0.91 0.99 1.039 0.96 1.05 1.163 1.344 1.382 
1.548 1.346 1.297 1.033 1.166 1.051 1.066 1.083 0.972 1.353 
1.417 1.16 1.508 1.558 1.456 1.836 1.393 1.164 1.239 1.453 
1.286 1.21 1.53 1.659 1.653 2.02 2.152 1.927 1.313 0.436 
0.003 0.0 0.0 0.0 0.022 0.812 1.15 1.229 1.187 1.342 
1.58 1.687 1.3 1.284 1.531 1.322 1.144 1.213 1.361 1.335 
1.344 1.671 1.879 1.802 1.416 1.551 1.945 2.191 2.595 3.659 
5.21 6.546 7.409 8.209 6.188 4.653 3.597 2.408 1.798 1.539 
1.512 1.489 1.44 1.5 1.373 1.081 0.866 0.778 0.791 1.063 
0.883 0.903 1.141 1.585 1.709 2.405 1.925 1.677 1.837 2.161 
1.777 1.397 1.485 1.68 1.505 1.41 1.396 1.257 1.368 1.58 
1.68 1.604 1.774 1.318 1.352 1.285 1.573 1.687 1.365 1.193 
1.46 1.55 1.411 1.237 1.451 1.469 1.403 1.668 1.851 1.901 
2.07 2.264 1.593 1.348 1.221 1.145 1.171 1.272 1.126 1.076 
1.091 1.146 1.037 1.048 1.243 1.163 1.173 1.295 1.337 1.033 
1.025 1.09 1.04 1.007 1.157 1.188 1.131 1.077 1.275 1.255 
1.224 1.458 1.456 1.436 1.548 1.98 2.522 2.725 3.408 2.928 
2.514 1.76 1.627 1.906 1.885 1.739 1.509 1.512 1.74 1.542 
1.387 1.257 1.469 1.639 1.68 1.515 1.29 1.504 1.739 1.585 
1.439 1.299 1.445 1.418 1.398 1.368 1.298 1.237 1.109 1.022 
1.088 1.187 1.144 1.152 1.466 1.671 1.801 2.052 2.021 1.899 
1.746 1.507 1.533 1.497 1.59 1.238 1.159 1.099 1.245 1.407 
1.446 1.722 1.801 1.79 1.682 1.924 1.915 1.763 1.835 1.988 
1.63 1.571 1.363 1.377 1.311 1.218 1.203 1.303 1.249 1.358 
1.125 1.063 1.211 1.634 1.959 2.069 1.933 1.737 1.233 1.168 
1.152 1.063 1.094 1.081 0.984 1.04 1.303 1.341 1.191 1.409 
1.514 1.734 1.962 2.863 3.645 4.978 5.723 
END
