PFRMAT local QA
AUTHOR LAW-CASP14
af2-standard_T1145_5.pdb local_accuracy_only 9.074 7.726 4.863 2.48 1.554 1.112 0.905 0.903 0.853 0.944 1.112 
1.412 2.737 2.58 2.824 3.274 1.818 1.761 1.147 0.942 0.945 
0.839 1.066 1.205 1.417 2.887 3.324 3.142 2.731 1.817 1.865 
2.267 2.325 1.504 1.41 1.132 1.09 0.962 1.105 1.319 1.555 
2.394 2.384 1.614 1.209 0.922 0.872 0.869 0.928 1.041 1.329 
1.886 1.922 1.75 2.646 1.43 1.248 1.062 0.901 0.903 0.889 
0.919 1.07 1.329 1.566 2.507 3.677 4.007 4.943 3.862 2.404 
1.206 1.107 1.323 1.816 3.113 5.402 4.19 1.991 1.118 1.238 
1.064 1.362 1.72 1.796 1.075 1.058 0.962 0.991 1.036 1.177 
1.547 1.374 1.357 1.234 1.134 1.114 1.105 1.143 1.154 1.247 
1.378 2.13 1.989 1.785 1.55 1.223 1.273 1.089 1.028 1.099 
1.109 1.156 1.026 0.943 0.962 0.988 0.861 0.968 0.86 0.797 
0.847 0.808 0.889 0.833 0.979 0.968 1.067 1.263 1.221 1.626 
1.449 1.57 1.345 1.189 1.021 0.886 0.834 0.754 0.781 0.91 
1.121 1.303 1.047 1.001 1.116 1.074 1.193 1.235 1.056 0.992 
0.936 0.867 0.849 0.704 0.743 0.793 0.796 0.855 0.874 0.946 
1.06 0.977 0.912 0.749 0.799 0.747 0.903 0.987 1.066 1.26 
1.577 1.845 2.107 2.093 2.033 1.906 1.495 1.434 1.147 1.117 
0.969 0.9 0.877 0.813 0.934 0.886 1.088 1.218 2.996 2.857 
5.465 3.491 4.216 2.923 5.107 2.404 2.905 2.588 4.211 1.66 
1.819 1.485 1.448 1.308 1.437 1.219 1.484 2.132 2.867 1.705 
1.244 1.332 1.101 1.017 1.18 1.99 1.673 1.104 1.035 1.015 
1.052 1.107 1.021 1.093 1.106 2.124 1.603 2.582 1.552 2.515 
1.907 1.96 1.832 1.264 1.291 1.314 1.189 0.995 0.924 0.822 
0.815 0.905 0.891 0.895 0.853 0.965 0.969 0.981 1.374 1.574 
1.934 3.416 4.813 5.705 7.871 2.893 2.276 7.254 1.897 2.53 
1.2 1.004 0.884 0.869 0.805 0.803 0.751 0.773 0.809 0.933 
0.964 0.973 1.028 1.03 0.903 0.839 0.793 0.746 0.75 0.737 
0.833 0.884 0.901 1.046 1.11 1.465 1.441 1.367 1.676 1.941 
1.896 3.267 2.327 6.265 6.058 2.052 2.614 5.335 5.305 6.255 
5.191 4.263 4.417 6.472 6.04 6.532 7.623 2.515 1.187 0.872 
0.748 0.625 0.608 0.632 0.811 0.818 1.098 1.545 3.126 1.776 
2.686 2.99 3.805 4.174 4.045 3.774 3.772 4.255 5.772 7.092 
7.203 7.16 7.193 7.068 6.745 5.344 4.749 4.556 4.74 5.037 
4.732 5.245 5.069 5.02 7.926 8.101 8.236 7.853 8.915 9.363 
10.667 9.82 5.175 4.509 3.358 3.473 2.224 1.445 2.705 1.021 
0.968 0.82 0.756 0.755 0.931 1.125 1.694 1.748 3.685 2.318 
6.728 5.738 4.462 3.39 1.717 1.405 1.231 1.331 1.682 2.644 
3.07 3.448 4.137 3.754 4.48 4.365 3.962 3.298 2.549 2.979 
2.091 2.766 2.673 3.245 2.266 2.065 1.823 2.576 3.438 4.289 
8.219 8.618 9.861 9.917 12.233 11.308 11.079 9.752 7.727 7.553 
5.178 3.116 2.49 1.246 1.173 1.19 1.297 1.24 1.653 1.643 
1.614 1.469 1.362 1.43 1.155 0.928 0.917 0.867 1.123 1.481 
3.404 2.844 3.599 5.76 6.888 6.984 8.704 9.034 7.403 5.902 
7.521 3.078 2.988 2.079 1.397 1.972 1.45 1.17 1.005 1.011 
1.059 1.244 1.156 1.189 1.381 1.331 2.024 2.638 2.414 1.405 
1.403 1.17 1.04 0.911 1.057 0.929 1.006 1.035 1.258 1.207 
1.657 1.896 1.555 2.011 1.587 1.371 1.052 1.133 1.161 1.12 
1.143 1.223 1.377 1.035 0.774 0.688 0.617 0.595 0.623 0.681 
0.858 1.244 1.642 4.336 4.071 7.616 2.0 1.179 0.958 0.82 
0.823 0.921 1.082 1.127 1.404 1.736 1.312 1.778 1.988 5.807 
5.49 9.986 10.548 14.421 13.553 15.0 15.0 15.0 15.0 14.408 
15.0 13.684 12.483 11.177 10.387 10.555 10.83 8.727 2.707 3.415 
1.623 1.492 1.236 1.341 1.443 0.809 0.958 0.916 1.159 1.716 
8.666 9.029 9.777 6.07 7.872 6.986 8.458 8.836 9.983 8.871 
8.574 2.266 1.791 1.188 1.001 0.896 0.833 0.911 1.025 1.435 
0.835 0.95 1.489 1.772 2.013 2.027 2.273 2.241 1.92 1.552 
1.289 1.07 1.001 1.067 1.148 1.361 1.425 3.187 2.219 2.405 
2.303 2.441 1.641 1.437 1.122 1.183 0.99 1.178 1.152 1.18 
1.53 1.692 1.8 1.472 1.489 1.899 2.775 3.099 2.974 1.612 
1.37 1.281 1.563 1.6 2.214 1.836 2.308 1.645 1.532 1.148 
1.076 0.976 1.017 0.905 0.854 0.858 0.876 0.959 1.017 1.393 
1.848 1.761 1.511 1.31 1.17 0.991 0.983 0.837 0.909 0.774 
0.944 0.875 1.04 1.171 
END
