PFRMAT local QA
AUTHOR MASS-CASP14
af2-standard_T1145_5.pdb local_accuracy_only 9.593 8.357 6.926 4.922 3.093 1.855 1.489 1.304 1.197 1.184 1.524 
1.954 2.644 2.891 2.54 2.286 2.284 2.501 1.979 1.377 1.227 
1.143 1.237 1.332 1.448 2.106 2.795 3.762 3.552 3.056 2.881 
2.701 2.19 2.034 2.26 2.236 2.549 2.654 2.933 3.636 3.793 
4.144 3.592 3.016 2.013 1.747 1.481 1.609 1.653 1.547 1.927 
2.503 3.17 3.329 3.916 3.613 2.387 1.671 1.262 0.998 0.928 
1.189 1.366 1.612 2.363 3.255 5.374 5.703 5.735 4.38 2.945 
2.15 1.853 1.526 1.899 2.532 3.311 2.365 1.884 1.594 1.643 
1.547 2.012 2.141 2.085 1.775 1.575 1.468 1.61 1.509 1.776 
2.554 3.031 2.726 1.92 1.445 1.715 1.831 1.513 1.675 2.142 
2.647 3.962 5.113 5.718 5.177 5.186 4.358 3.784 3.119 3.115 
3.379 4.454 3.437 3.153 2.48 2.001 1.841 2.364 2.446 2.206 
1.531 1.647 1.353 1.387 1.228 1.202 1.249 1.392 1.772 2.079 
2.186 2.436 1.797 1.345 0.992 1.035 1.053 1.09 1.391 1.866 
1.98 2.051 1.602 1.46 1.251 1.161 1.529 1.715 1.593 1.506 
1.371 1.22 1.205 1.163 1.251 1.383 1.118 1.452 1.31 1.948 
2.171 1.828 1.29 1.285 1.069 1.001 0.935 0.99 0.935 1.038 
1.263 2.159 4.105 5.758 6.793 8.119 7.924 7.846 7.793 5.174 
4.251 3.801 3.801 3.324 3.663 3.976 4.905 6.531 7.564 9.457 
7.365 7.315 6.314 5.247 4.7 5.53 5.728 7.056 8.278 10.064 
9.08 9.551 7.608 6.726 5.55 5.471 4.706 4.474 3.397 2.24 
2.008 1.848 2.094 2.285 2.845 4.067 4.499 4.132 4.399 4.287 
3.853 2.894 2.529 2.176 1.891 2.028 2.247 1.956 1.959 1.745 
1.724 1.927 1.916 1.125 1.556 1.439 1.414 1.234 1.189 1.168 
1.358 1.515 1.443 1.352 1.307 1.486 2.045 2.007 2.201 3.151 
3.872 4.122 5.73 7.201 6.884 6.614 5.597 4.415 3.801 2.833 
2.464 2.168 2.05 1.718 1.39 1.332 1.147 1.214 1.199 1.308 
1.492 1.869 2.23 2.171 1.838 1.6 1.813 1.998 1.733 1.655 
1.741 2.034 2.47 3.268 3.66 4.111 4.597 5.613 6.979 6.78 
7.341 7.682 8.006 8.569 7.285 6.846 5.651 5.942 6.241 4.534 
3.974 3.66 3.726 3.248 3.392 3.774 3.355 2.28 1.978 1.452 
1.292 1.275 1.09 1.135 1.227 1.454 2.17 4.226 6.164 6.759 
6.968 6.275 5.827 5.09 5.153 4.912 5.249 6.43 7.327 7.821 
10.237 9.132 6.578 3.985 3.436 2.328 2.499 2.191 1.978 1.854 
1.889 1.924 2.078 2.592 3.51 4.502 5.237 5.131 5.111 5.991 
7.202 6.375 6.693 5.82 5.358 4.257 4.085 3.325 2.555 2.117 
1.832 1.721 1.62 1.844 1.78 1.816 2.414 2.899 3.009 3.579 
3.721 3.122 2.176 1.93 1.506 1.246 1.124 1.204 1.527 2.122 
3.488 4.66 5.216 5.981 6.039 5.949 4.396 2.921 2.077 1.621 
1.38 1.26 1.343 1.509 1.3 1.221 1.135 1.162 1.085 1.262 
1.413 1.799 2.319 3.174 3.717 4.069 4.551 3.895 3.622 3.513 
2.915 2.442 1.556 1.231 1.251 1.232 1.107 1.234 1.549 1.677 
1.93 2.044 2.171 2.248 1.857 1.26 1.175 1.168 1.212 1.551 
2.333 2.79 3.694 4.074 3.78 3.898 3.834 4.688 3.897 3.935 
3.649 3.258 3.933 3.787 3.395 2.588 2.087 1.302 1.415 1.263 
1.326 1.67 1.853 2.099 2.401 2.177 3.272 3.684 3.902 2.895 
2.231 1.751 1.318 1.314 1.074 0.957 0.996 0.913 1.172 1.306 
1.729 1.555 1.366 1.494 1.416 1.742 1.815 1.857 1.706 1.282 
1.956 2.373 2.042 1.711 1.306 1.122 1.018 1.026 0.912 0.896 
1.073 1.322 1.683 2.756 3.032 2.699 2.573 1.874 1.674 1.299 
1.289 1.37 1.614 1.547 1.731 1.724 2.208 2.306 3.477 3.485 
3.817 4.02 4.585 5.861 5.675 7.284 7.961 8.698 9.699 9.864 
9.168 8.344 8.124 7.072 6.396 5.804 4.69 4.077 3.124 2.303 
1.633 1.555 1.481 1.687 1.349 1.195 1.316 1.321 1.601 2.028 
2.983 3.503 4.446 5.151 4.652 5.124 4.123 3.956 3.683 3.442 
2.537 1.839 1.341 1.462 1.178 1.163 1.142 1.244 1.613 2.152 
1.964 2.149 2.345 2.503 2.468 2.789 2.512 2.382 1.99 1.618 
1.408 1.215 1.263 1.283 1.28 1.478 1.508 1.919 2.574 3.292 
3.641 3.03 2.074 1.446 1.378 1.128 0.907 0.844 0.939 1.094 
1.497 1.623 1.681 1.436 1.913 2.538 2.722 3.126 2.878 2.302 
1.869 1.591 1.494 1.326 1.394 1.567 1.832 1.822 1.586 1.242 
1.178 1.202 1.186 1.052 0.866 0.881 0.856 0.84 0.896 1.173 
1.491 1.973 1.793 1.775 1.537 1.491 1.303 1.31 1.25 1.24 
1.103 1.025 1.206 1.355 
END
