PFRMAT local QA
AUTHOR MASS-CASP14
af2-standard_T1188_4.pdb local_accuracy_only 15.0 14.216 13.176 12.482 12.006 12.831 13.356 13.278 15.0 15.0 15.0 
15.0 15.0 15.0 15.0 15.0 15.0 15.0 15.0 15.0 15.0 
10.393 6.162 3.86 2.665 1.795 1.25 1.029 0.843 0.365 0.711 
0.854 1.101 1.22 1.158 1.389 1.486 1.722 2.463 2.798 2.606 
2.601 2.196 1.796 1.875 1.949 1.949 1.899 1.587 1.9 2.271 
2.204 1.686 1.262 1.348 1.087 0.5 0.628 0.907 1.017 0.945 
1.01 1.067 1.072 1.41 1.802 1.789 1.721 1.585 1.519 1.482 
1.455 1.965 2.404 2.808 3.154 3.003 2.79 3.014 3.228 3.076 
3.019 3.204 3.267 3.365 3.536 3.176 2.213 2.476 2.456 2.488 
2.43 2.452 2.409 1.855 1.733 1.335 1.429 1.591 1.592 1.473 
1.608 1.677 1.389 1.774 1.853 1.964 1.886 2.277 1.716 1.696 
1.331 1.226 1.188 1.099 1.061 1.091 1.212 1.386 1.812 2.367 
2.733 3.125 3.497 2.669 1.889 2.024 1.863 1.403 1.342 1.539 
1.522 1.496 1.798 1.475 1.363 1.477 1.351 1.239 1.125 1.259 
1.231 1.2 1.122 1.317 0.782 1.35 1.751 1.744 1.935 1.804 
1.493 1.481 1.227 1.286 1.136 1.193 1.345 1.366 1.754 2.071 
2.654 2.86 3.205 3.384 3.398 3.675 3.854 3.742 4.029 3.792 
3.71 3.886 4.702 4.005 3.454 3.11 2.881 2.589 2.909 2.911 
2.17 2.294 2.575 2.35 1.986 1.884 2.035 1.718 1.549 1.655 
1.67 1.547 1.361 1.549 1.476 1.325 1.558 1.705 1.637 1.555 
1.793 1.743 1.874 2.115 2.2 2.438 2.377 2.603 2.277 1.954 
1.514 1.053 0.9 0.919 1.059 1.449 1.346 1.981 2.462 2.662 
2.613 2.714 2.342 2.263 2.953 2.99 3.397 2.569 2.582 2.19 
2.113 1.749 1.312 1.253 1.46 1.466 1.376 1.278 1.376 1.332 
1.308 1.397 1.771 1.933 2.189 2.632 2.918 3.385 4.45 5.626 
5.46 7.048 6.584 7.337 7.778 7.077 6.195 5.253 5.685 4.554 
3.95 4.171 3.623 4.181 5.077 4.879 4.72 5.309 5.451 5.389 
3.744 3.715 3.71 2.593 1.84 1.573 1.712 1.739 1.356 1.208 
1.21 1.296 1.134 1.462 1.845 1.836 1.685 1.515 1.365 1.281 
1.244 1.128 0.974 0.934 1.022 1.193 1.319 1.311 1.389 1.3 
1.418 1.334 1.452 1.508 1.912 2.212 2.477 3.548 4.477 5.492 
5.74 5.221 6.139 5.932 6.827 6.133 6.45 6.255 6.5 6.095 
6.567 7.036 7.133 6.877 9.097 8.709 9.334 8.739 9.8 8.691 
7.779 7.573 6.685 6.02 5.945 5.072 4.906 4.418 3.756 3.316 
3.098 3.152 3.062 2.877 2.794 2.775 2.716 2.628 2.852 2.322 
2.461 2.377 2.052 1.932 1.578 1.512 1.454 1.586 1.84 1.916 
1.908 2.351 2.2 2.054 2.453 2.54 2.47 2.403 2.541 2.131 
1.692 1.792 1.686 1.555 1.554 1.687 1.696 1.682 1.283 1.126 
1.287 1.241 1.145 1.05 1.285 1.639 2.574 3.066 2.4 1.822 
1.199 0.009 0.0 0.0 0.0 0.048 0.899 1.184 1.285 1.178 
1.21 1.275 1.343 1.266 1.343 1.299 1.273 1.156 1.595 1.99 
1.633 1.357 0.02 0.0 0.0 0.0 0.0 0.0 0.004 0.508 
0.933 0.986 1.109 1.311 1.674 2.217 2.825 3.558 3.55 3.245 
2.909 2.62 2.844 2.149 1.786 1.855 1.992 1.816 1.506 1.468 
1.789 1.821 1.795 1.844 2.13 2.442 2.617 2.476 2.168 2.567 
2.433 2.231 2.489 2.602 2.681 2.956 3.375 3.262 2.717 2.016 
1.692 1.532 1.435 1.328 1.381 1.359 1.682 1.714 2.779 3.188 
5.009 4.624 4.892 4.839 3.609 2.246 1.527 1.387 1.274 0.96 
1.018 0.927 1.12 1.395 1.814 2.806 4.149 6.914 8.68 8.194 
7.399 7.169 6.159 4.978 4.64 5.969 5.06 4.902 5.428 6.35 
6.903 6.838 4.753 3.43 2.577 2.611 2.647 2.321 2.4 2.154 
2.284 2.263 2.89 3.511 3.788 3.862 3.062 2.892 2.414 2.771 
3.257 3.604 4.002 3.982 4.592 4.179 4.666 4.784 3.737 3.592 
3.864 4.164 3.997 2.837 2.139 1.712 1.352 1.337 1.461 1.446 
1.876 1.922 2.134 2.659 2.81 2.667 2.196 1.84 1.641 1.844 
2.068 1.754 1.531 1.485 1.475 1.436 1.37 1.248 1.17 1.256 
1.546 1.942 2.813 3.592 4.7 4.789 4.412 3.83 3.643 2.825 
1.999 1.947 1.473 1.089 1.004 1.032 1.104 1.137 1.253 1.353 
2.018 2.713 2.652 1.975 1.847 1.723 1.531 1.495 1.37 1.465 
1.198 1.011 1.043 1.55 2.165 3.49 4.123 5.383 6.812 9.584 
14.593 15.0 15.0 15.0 15.0 15.0 15.0 15.0 15.0 15.0 
15.0 15.0 15.0 15.0 15.0 15.0 15.0 15.0 15.0 15.0 
15.0 15.0 15.0 15.0 15.0 15.0 15.0 15.0 15.0 
END
