PFRMAT local QA
AUTHOR LAW-CASP14
af2-standard_T1188_4.pdb local_accuracy_only 15.0 15.0 15.0 15.0 15.0 15.0 15.0 15.0 15.0 15.0 15.0 
15.0 15.0 15.0 15.0 15.0 15.0 15.0 15.0 13.418 7.624 
3.709 2.259 1.864 1.29 0.995 0.602 0.62 0.528 0.548 0.593 
0.607 0.746 0.821 1.051 1.154 1.421 1.607 2.539 2.847 1.507 
1.924 1.966 1.318 1.357 1.129 1.232 1.185 1.009 0.85 0.74 
0.792 0.706 0.611 0.602 0.518 0.519 0.496 0.54 0.549 0.646 
0.592 0.684 0.759 0.83 0.925 0.872 0.787 0.86 0.808 0.879 
0.874 0.89 1.048 1.154 1.245 1.119 1.085 1.277 1.551 1.451 
2.109 1.914 3.685 3.242 5.084 4.171 2.356 1.849 1.914 1.597 
1.64 1.674 1.401 1.415 1.167 1.072 1.038 1.06 1.096 0.956 
1.138 1.097 1.02 0.849 1.143 0.998 0.858 0.903 0.821 0.659 
0.617 0.556 0.537 0.527 0.53 0.579 0.634 0.632 0.77 1.253 
0.892 0.852 1.195 1.054 0.873 0.939 0.977 0.868 0.723 0.828 
0.9 0.896 0.961 0.86 0.764 0.881 0.792 0.715 0.669 0.716 
0.706 0.667 0.717 0.813 0.878 0.691 0.917 1.182 1.034 1.003 
0.638 0.644 0.582 0.506 0.547 0.537 0.605 0.599 0.67 0.756 
0.715 0.897 0.899 1.132 1.071 1.353 1.375 2.336 4.544 5.062 
3.921 4.239 5.147 3.696 2.449 1.415 1.274 1.145 1.193 1.181 
0.918 0.963 0.987 0.865 0.745 0.782 0.767 0.677 0.622 0.758 
0.739 0.649 0.681 0.807 0.828 0.69 0.784 0.887 0.812 0.721 
0.91 0.937 0.883 0.96 1.07 1.06 1.084 1.174 1.031 0.985 
0.778 0.641 0.563 0.518 0.501 0.542 0.536 0.713 0.75 1.039 
1.09 1.183 0.947 0.92 1.063 0.983 0.911 0.87 0.967 1.048 
1.22 1.103 0.943 0.861 1.139 0.883 0.671 0.635 0.574 0.524 
0.522 0.523 0.584 0.674 0.678 0.646 0.71 0.778 0.818 1.31 
1.701 1.404 1.909 1.416 1.003 0.865 0.669 0.652 0.665 0.771 
0.722 0.874 1.376 1.272 2.32 3.485 2.896 3.131 3.021 3.013 
1.496 2.351 1.538 1.195 0.964 0.756 0.856 1.033 0.895 0.81 
0.91 0.953 0.913 0.955 1.038 1.102 1.049 0.906 0.842 0.93 
0.819 0.671 0.603 0.54 0.554 0.594 0.593 0.646 0.664 0.647 
0.658 0.678 0.782 0.865 1.257 1.17 1.138 1.509 1.683 2.958 
2.273 3.323 2.512 3.181 2.378 1.267 1.974 1.251 1.339 1.638 
1.564 1.849 1.366 1.89 2.823 2.907 3.38 4.745 4.767 6.832 
7.646 8.835 7.705 5.746 3.067 1.911 1.629 1.258 1.951 2.152 
2.026 3.658 3.735 4.099 6.376 10.485 11.624 6.854 6.047 4.604 
3.071 2.031 1.174 0.974 0.983 1.029 0.879 0.789 1.092 1.307 
1.41 2.114 2.412 2.051 2.397 2.899 2.84 2.166 2.792 1.992 
1.32 1.144 0.904 0.821 0.778 0.735 0.721 0.992 0.745 0.696 
0.608 0.643 0.598 0.745 0.863 1.152 1.504 1.813 1.339 1.088 
0.916 0.765 0.611 0.59 0.59 0.611 0.633 0.809 0.697 0.633 
0.727 0.855 0.749 0.677 0.866 0.947 1.019 0.887 1.265 1.439 
1.715 1.348 0.923 0.712 0.649 0.572 0.54 0.618 0.638 0.686 
0.722 0.929 0.791 0.934 1.079 1.688 1.952 3.023 2.271 2.255 
1.469 1.253 1.174 1.201 0.924 0.923 1.066 1.079 0.95 1.028 
1.429 1.214 1.053 1.517 1.705 1.904 1.875 1.536 0.935 1.168 
0.975 1.081 1.158 1.289 1.344 1.476 1.404 1.701 2.099 2.239 
1.772 1.837 1.717 3.129 7.748 10.254 15.0 15.0 15.0 15.0 
15.0 15.0 15.0 15.0 15.0 15.0 15.0 13.816 10.523 6.0 
3.005 2.516 2.375 2.756 2.45 2.488 5.726 11.721 12.192 11.084 
9.846 7.829 5.723 1.705 5.232 9.595 6.318 5.751 9.056 9.507 
9.528 9.701 8.327 5.904 4.676 4.065 6.08 5.502 2.035 1.723 
1.638 1.484 1.755 3.256 4.772 7.946 11.928 13.955 15.0 15.0 
15.0 14.219 13.911 15.0 12.796 10.411 10.515 8.722 7.882 3.647 
3.008 2.715 3.271 2.814 2.126 3.188 2.339 3.011 5.195 7.892 
8.864 10.271 10.968 11.75 13.923 11.109 8.599 10.361 7.752 7.049 
4.128 3.244 3.395 2.563 3.519 6.726 7.727 12.728 15.0 15.0 
15.0 15.0 15.0 15.0 15.0 15.0 12.79 10.521 6.802 7.655 
2.054 1.747 1.454 1.122 1.048 1.093 1.101 1.242 1.307 1.213 
2.164 4.999 2.053 1.585 1.276 1.159 1.212 1.335 1.113 0.98 
1.023 1.035 1.229 1.679 4.377 11.859 15.0 15.0 15.0 15.0 
15.0 15.0 15.0 15.0 15.0 15.0 15.0 15.0 15.0 15.0 
15.0 15.0 15.0 15.0 15.0 15.0 15.0 15.0 15.0 15.0 
15.0 15.0 15.0 15.0 15.0 15.0 15.0 15.0 15.0 
END
